1,0,0,0,-1,0,1,0,0,0,0,0,0,0,0,-1,2,1,1,0,2,5,0,-1,25,0,9223372036800000000,1e+75,0,10,0,2,2,1,0,1,0,0,1,1,0,0,0,0,0,-1,2,0,1,-1,-1,0,-1,0,10,-1,1,1,3,-1,-1,-1,0,0,1,0,0,10,0,0,0,8.18
1,0,0,0,-1,0,1,0,1,0,0,0,0,0,0,-1,2,1,1,0,2,5,0,-1,25,0,9223372036800000000,1e+75,0,10,0,0,2,1,0,1,0,0,1,1,0,0,0,0,0,-1,2,0,1,-1,-1,0,-1,0,10,-1,1,1,3,-1,-1,-1,0,0,1,0,0,10,0,0,0,18.98
1,0,0,0,-1,0,1,0,0,0,5,0,0,0,0,-1,2,1,1,0,2,5,0,-1,25,0,9223372036800000000,1e+75,0,10,0,0,2,1,0,1,0,0,1,1,0,0,0,0,0,-1,2,0,1,-1,-1,0,-1,0,10,-1,1,1,3,-1,-1,-1,0,0,1,0,0,10,0,0,0,8.94
1,0,0,0,-1,0,1,0,0,0,4,0,0,0,0,-1,2,1,1,0,2,5,0,-1,25,0,9223372036800000000,1e+75,0,10,0,0,2,1,0,1,0,0,1,1,0,0,0,0,0,-1,2,0,1,-1,-1,0,-1,0,10,-1,1,1,3,-1,-1,-1,0,0,1,0,0,10,0,0,0,8.94
1,0,0,0,-1,0,1,0,0,0,3,0,0,0,0,-1,2,1,1,0,2,5,0,-1,25,0,9223372036800000000,1e+75,0,10,0,0,2,1,0,1,0,0,1,1,0,0,0,0,0,-1,2,0,1,-1,-1,0,-1,0,10,-1,1,1,3,-1,-1,-1,0,0,1,0,0,10,0,0,0,8.94
1,0,0,0,-1,0,1,0,0,0,0,0,0,0,0,-1,2,1,1,0,2,5,0,-1,25,0,9223372036800000000,1e+75,0,10,0,0,2,1,0,1,0,0,1,1,0,0,0,0,0,-1,2,0,1,-1,-1,0,1,0,10,-1,1,1,3,-1,-1,-1,0,0,1,0,0,10,0,0,0,8.94
1,0,0,0,-1,0,1,0,0,0,0,0,0,0,0,-1,2,1,1,0,2,5,0,-1,25,0,9223372036800000000,1e+75,0,10,0,0,2,1,0,1,0,0,1,1,0,0,0,0,0,-1,2,0,1,-1,-1,0,0,0,10,-1,1,1,3,-1,-1,-1,0,0,1,0,0,10,0,0,0,8.94
1,0,0,0,-1,0,1,0,0,0,0,0,0,0,0,-1,2,1,1,0,2,5,0,-1,25,0,9223372036800000000,1e+75,0,10,0,0,2,1,0,1,0,0,1,1,0,0,0,0,0,-1,2,0,1,-1,-1,0,-1,0,10,-1,1,1,3,-1,-1,-1,0,0,0,0,0,10,0,0,0,8.94
1,0,0,0,-1,0,1,0,0,0,0,0,2,0,1,2,-1,2,-1,-1,-1,3,0,8,10,0,9223372036800000000,1e+75,0,10,0,0,7,-1,0,1,0,0,1,1,0,0,0,0,1,4,2,0,1,-1,-1,2,-1,0,10,-1,1,1,3,-1,-1,-1,0,0,1,0,0,10,0,0,0,41.93
1,0,0,0,-1,0,1,0,0,0,0,0,2,0,1,2,-1,2,-1,-1,-1,3,0,8,25,0,9223372036800000000,1e+75,0,10,0,0,7,-1,0,1,0,0,1,1,0,0,0,0,1,4,2,0,1,-1,-1,2,-1,0,10,-1,1,1,3,-1,-1,-1,0,0,1,0,0,10,0,0,0,42.01
1,0,0,0,-1,0,1,0,0,0,0,0,2,0,1,2,-1,2,-1,-1,-1,2,0,8,800,0,9223372036800000000,1e+75,0,10,0,0,7,-1,0,1,0,0,1,1,0,0,0,0,1,4,2,0,1,-1,-1,2,-1,0,10,-1,1,1,3,-1,-1,-1,0,0,1,0,0,10,0,0,0,47.9
1,0,0,0,-1,0,1,0,0,0,0,0,2,0,1,2,-1,2,-1,-1,-1,3,0,8,800,0,9223372036800000000,1e+75,0,10,0,0,7,-1,0,1,0,0,1,1,0,0,0,0,1,4,2,0,1,-1,-1,2,-1,0,10,-1,1,1,3,-1,-1,-1,0,0,1,0,0,10,0,0,0,41.79
1,0,0,0,-1,0,1,0,0,0,0,0,2,0,1,2,-1,2,1,-1,-1,3,0,-1,800,0,9223372036800000000,1e+75,0,10,0,0,7,-1,0,1,0,0,1,1,0,0,0,0,1,4,2,0,1,-1,-1,2,-1,0,10,-1,1,1,3,-1,-1,-1,0,0,1,0,0,10,0,0,0,42.17
1,0,0,0,-1,0,1,0,0,0,0,0,2,0,1,2,-1,2,1,-1,-1,3,0,8,800,0,9223372036800000000,1e+75,0,10,0,0,7,-1,0,1,0,0,1,1,0,0,0,0,1,4,2,0,1,-1,-1,-1,-1,0,10,-1,1,1,3,-1,-1,-1,0,0,1,0,0,10,0,0,0,42.17
1,0,0,0,-1,0,1,0,0,0,0,0,-1,0,-1,-1,-1,0,2,-1,1,0,0,4,800,0,9223372036800000000,1e+75,0,10,0,0,7,-1,0,1,0,0,1,1,0,0,0,0,5,4,2,0,1,-1,-1,-1,-1,0,10,-1,1,1,3,-1,-1,-1,0,0,1,0,0,10,0,0,0,91.43
1,0,0,0,-1,0,1,5,0,0,0,0,2,0,1,2,-1,0,1,0,2,10,0,4,150,0,9223372036800000000,1e+75,0,10,0,0,7,0,0,1,0,0,1,1,0,0,0,0,5,4,2,0,1,-1,0,-1,-1,0,10,-1,1,1,3,-1,-1,-1,0,0,1,0,0,10,0,0,0,88.04
1,0,0,0,-1,0,1,0,0,0,0,0,-1,0,0,-1,-1,2,-1,-1,1,1,0,16,150,0,9223372036800000000,1e+75,0,10,0,0,4,-1,0,1,0,0,1,1,0,0,0,0,0,4,2,0,1,-1,-1,1,-1,0,10,-1,1,1,3,-1,-1,-1,0,0,1,0,0,10,0,0,0,60.8
1,0,0,0,-1,0,1,0,0,0,0,0,-1,0,0,-1,-1,2,-1,0,1,1,0,16,150,0,9223372036800000000,1e+75,0,10,0,0,4,-1,0,1,0,0,1,1,0,0,0,0,1,4,2,0,1,-1,-1,1,-1,0,10,-1,1,1,3,-1,-1,-1,0,0,1,0,0,10,0,0,0,46.25
1,0,0,0,-1,0,1,0,0,0,0,0,-1,0,0,-1,-1,2,-1,-1,1,1,0,16,25,0,9223372036800000000,1e+75,0,10,0,0,4,-1,0,1,0,0,1,1,0,0,0,0,1,4,2,0,1,-1,-1,1,-1,0,10,-1,1,1,3,-1,-1,-1,0,0,1,0,0,10,0,0,0,66.52
1,0,0,0,-1,0,1,0,0,0,0,0,-1,0,0,-1,-1,2,-1,-1,2,1,0,16,150,0,9223372036800000000,1e+75,0,10,0,0,4,-1,0,1,0,0,1,1,0,0,0,0,1,4,2,0,1,-1,-1,2,-1,0,10,-1,1,1,3,-1,-1,-1,0,0,1,0,0,10,0,0,0,65.01
1,0,0,0,-1,0,1,0,0,0,0,0,-1,0,0,-1,-1,2,1,-1,1,1,0,16,150,0,9223372036800000000,1e+75,0,10,0,0,4,-1,0,1,0,0,1,1,0,0,0,0,1,4,2,0,1,-1,-1,2,-1,0,10,-1,1,1,3,-1,-1,-1,0,0,1,0,0,10,0,0,0,64.46
1,0,0,0,-1,0,1,0,0,0,0,0,-1,0,0,-1,-1,0,2,0,1,2,0,-1,800,0,9223372036800000000,1e+75,0,10,0,0,4,0,0,1,0,0,1,1,0,0,0,0,0,-1,2,0,1,-1,-1,0,-1,0,10,-1,1,1,3,-1,-1,-1,0,0,1,0,0,10,0,0,0,85.15
1,0,0,0,-1,0,1,5,0,0,0,0,2,0,0,-1,-1,0,2,-1,0,3,0,8,25,0,9223372036800000000,1e+75,0,10,0,0,4,0,0,1,0,0,1,1,0,0,0,0,1,-1,2,0,1,-1,-1,0,-1,0,10,-1,1,1,3,-1,-1,-1,0,0,1,0,0,10,0,0,0,90.34
1,0,0,0,-1,0,1,5,0,0,0,0,-1,0,-1,-1,-1,2,-1,-1,0,1,0,-1,800,0,9223372036800000000,1e+75,0,10,0,0,4,-1,0,1,0,0,1,1,0,0,0,0,4,-1,2,0,1,-1,1,3,-1,0,10,-1,1,1,3,-1,-1,-1,0,0,1,0,0,10,0,0,0,93.08
1,0,0,0,-1,0,1,5,0,0,0,0,2,0,-1,1,-1,2,2,1,0,2,0,8,25,0,9223372036800000000,1e+75,0,10,0,0,4,-1,0,1,0,0,1,1,0,0,0,0,4,4,2,0,1,-1,-1,1,-1,0,10,-1,1,1,3,-1,-1,-1,0,0,1,0,0,10,0,0,0,88.55
1,0,0,0,-1,0,1,3,0,0,0,0,2,0,1,2,-1,-1,1,2,2,5,0,8,100,0,9223372036800000000,1e+75,0,10,0,0,3,-1,0,1,0,0,1,1,0,0,0,0,4,0,2,0,1,-1,-1,1,-1,0,10,-1,1,1,3,-1,-1,-1,0,0,1,0,0,10,0,0,0,23.89
1,0,0,0,-1,0,1,3,0,0,0,0,2,0,1,2,-1,-1,1,2,2,5,0,8,100,0,9223372036800000000,1e+75,0,10,0,0,3,-1,0,1,0,0,1,1,0,0,0,0,4,-1,2,0,1,-1,1,1,-1,0,10,-1,1,1,3,-1,-1,-1,0,0,1,0,0,10,0,0,0,18.47
1,0,0,0,-1,0,1,3,0,0,0,0,2,0,1,2,-1,-1,1,0,2,5,0,8,100,0,9223372036800000000,1e+75,0,10,0,0,3,-1,0,1,0,0,1,1,0,0,0,0,4,0,2,0,1,-1,1,1,-1,0,10,-1,1,1,3,-1,-1,-1,0,0,1,0,0,10,0,0,0,18.47
1,0,0,0,-1,0,1,5,0,0,0,0,2,0,1,2,-1,2,1,-1,-1,3,0,8,800,0,9223372036800000000,1e+75,0,10,0,0,7,-1,0,1,0,0,1,1,0,0,0,0,1,4,2,0,1,-1,-1,2,-1,0,10,-1,1,1,3,-1,-1,-1,0,0,1,0,0,10,0,0,0,41.93
1,0,0,0,-1,0,1,3,0,0,0,0,2,0,1,2,-1,-1,1,2,2,2,0,8,100,0,9223372036800000000,1e+75,0,10,0,0,3,-1,0,1,0,0,1,1,0,0,0,0,4,0,2,0,1,-1,1,1,-1,0,10,-1,1,1,3,-1,-1,-1,0,0,1,0,0,10,0,0,0,1.79769e+308
1,0,0,0,-1,0,1,3,0,0,0,0,2,0,1,2,-1,-1,1,2,2,5,0,2,100,0,9223372036800000000,1e+75,0,10,0,0,3,-1,0,1,0,0,1,1,0,0,0,0,4,-1,2,0,1,-1,1,1,-1,0,10,-1,1,1,3,-1,-1,-1,0,0,1,0,0,10,0,0,0,20.52
1,0,0,0,-1,0,1,3,0,0,0,0,2,0,1,2,-1,-1,1,2,2,5,0,2,100,0,9223372036800000000,1e+75,0,10,0,0,3,-1,0,1,0,0,1,1,0,0,0,0,0,0,2,0,1,-1,1,1,-1,0,10,-1,1,1,3,-1,-1,-1,0,0,1,0,0,10,0,0,0,23.56
1,0,0,0,-1,0,1,3,0,0,0,0,2,0,1,-1,-1,-1,-1,-1,2,1,0,16,100,0,9223372036800000000,1e+75,0,10,0,0,3,-1,0,1,0,0,1,1,0,0,0,0,4,0,2,0,1,-1,1,0,-1,0,10,-1,1,1,3,-1,-1,-1,0,0,1,0,0,10,0,0,0,76.67
1,0,0,0,-1,0,1,1,0,0,0,0,-1,0,0,2,-1,-1,1,2,1,3,0,16,200,0,9223372036800000000,1e+75,0,10,0,0,7,0,0,1,0,0,1,1,0,0,0,0,0,0,2,0,1,-1,-1,-1,-1,0,10,-1,1,1,3,-1,-1,-1,0,0,1,0,0,10,0,0,0,13.65
1,0,0,0,-1,0,1,1,0,0,0,0,-1,0,0,2,-1,-1,1,2,1,1,0,-1,200,0,9223372036800000000,1e+75,0,10,0,0,7,0,0,1,0,0,1,1,0,0,0,0,0,0,2,0,1,-1,-1,-1,-1,0,10,-1,1,1,3,-1,-1,-1,0,0,1,0,0,10,0,0,0,44.13
1,0,0,0,-1,0,1,1,0,0,0,0,-1,0,0,2,-1,-1,1,2,1,3,0,-1,200,0,9223372036800000000,1e+75,0,10,0,0,7,0,0,1,0,0,1,1,0,0,0,0,0,0,2,0,1,-1,-1,2,-1,0,10,-1,1,1,3,-1,-1,-1,0,0,1,0,0,10,0,0,0,13.65
1,0,0,0,-1,0,1,0,0,0,0,0,0,0,0,-1,2,1,1,0,2,5,0,-1,25,0,9223372036800000000,1e+75,0,10,0,0,2,1,0,1,0,0,1,1,0,0,0,0,0,-1,2,0,1,-1,1,-1,-1,0,10,-1,1,1,3,-1,-1,-1,0,0,1,0,0,10,0,0,0,10.13
1,0,0,0,-1,3,1,0,0,0,0,0,0,0,0,-1,2,1,1,0,2,5,0,-1,25,0,9223372036800000000,1e+75,0,10,0,0,2,1,0,1,0,0,1,1,0,0,0,0,0,-1,2,0,1,-1,-1,-1,-1,0,10,-1,1,1,3,-1,-1,-1,0,0,1,0,0,10,0,0,0,10.13
1,0,0,0,-1,0,1,1,0,0,0,0,-1,0,0,2,-1,-1,1,2,1,3,0,-1,200,0,9223372036800000000,1e+75,0,10,0,0,7,0,0,1,0,0,1,1,0,0,0,0,0,0,2,0,1,-1,-1,0,-1,0,10,-1,1,1,3,-1,-1,-1,0,0,1,0,0,10,0,0,0,16.09
1,0,0,0,-1,2,1,0,0,0,0,0,0,0,0,-1,2,1,1,0,2,5,0,-1,25,0,9223372036800000000,1e+75,0,10,0,0,2,1,0,1,0,0,1,1,0,0,0,0,0,-1,2,0,1,-1,-1,-1,-1,0,10,-1,1,1,3,-1,-1,-1,0,0,1,0,0,10,0,0,0,10.13
1,0,0,0,-1,1,1,0,0,0,0,0,0,0,0,-1,2,1,1,0,2,5,0,-1,25,0,9223372036800000000,1e+75,0,10,0,0,2,1,0,1,0,0,1,1,0,0,0,0,0,-1,2,0,1,-1,-1,-1,-1,0,10,-1,1,1,3,-1,-1,-1,0,0,1,0,0,10,0,0,0,10.13
1,0,0,2,-1,0,1,0,0,0,0,0,0,0,0,-1,2,1,1,0,2,5,0,-1,25,0,9223372036800000000,1e+75,0,10,0,0,2,1,0,1,0,0,1,1,0,0,0,0,0,-1,2,0,1,-1,-1,-1,-1,0,10,-1,1,1,3,-1,-1,-1,0,0,1,0,0,10,0,0,0,10.13
1,0,0,0,-1,0,1,0,0,0,0,0,0,0,0,-1,2,1,1,0,2,5,0,-1,25,0,9223372036800000000,1e+75,0,10,0,0,2,1,0,1,0,0,1,1,0,0,0,0,0,-1,2,0,1,-1,-1,0,-1,0,10,-1,1,1,3,-1,-1,-1,0,0,1,0,0,10,0,0,0,8.94
1,0,0,0,-1,0,1,0,0,0,0,0,0,0,0,-1,2,1,1,0,2,5,0,-1,25,0,9223372036800000000,1e+75,0,10,0,0,2,1,0,1,0,0,1,1,0,0,0,0,0,-1,2,0,1,-1,-1,-1,-1,0,40,-1,1,1,3,-1,-1,-1,0,0,1,0,0,10,0,0,0,10.13
1,0,0,0,-1,0,1,0,0,0,0,0,0,0,0,-1,2,1,1,0,2,5,0,-1,25,0,9223372036800000000,1e+75,0,10,0,0,2,1,0,1,0,0,1,1,0,0,0,0,0,-1,2,0,1,-1,-1,-1,-1,0,20,-1,1,1,3,-1,-1,-1,0,0,1,0,0,10,0,0,0,10.13
1,0,0,0,-1,0,1,0,0,0,0,0,0,0,0,-1,2,1,1,0,2,5,0,-1,25,0,9223372036800000000,1e+75,0,10,0,0,2,1,0,1,0,0,1,1,0,0,0,0,0,-1,2,0,1,-1,-1,-1,-1,0,5,-1,1,1,3,-1,-1,-1,0,0,1,0,0,10,0,0,0,10.13
1,0,0,0,-1,0,1,0,0,0,0,0,3,0,0,1,1,1,2,-1,-1,5,0,2,800,0,9223372036800000000,1e+75,0,10,0,0,30,1,0,1,0,0,1,1,0,0,0,0,4,4,2,0,1,-1,-1,-1,-1,0,10,-1,1,1,3,-1,-1,-1,0,0,1,0,0,10,0,0,0,21.22
1,0,0,0,-1,0,1,0,0,0,0,0,2,0,1,-1,-1,2,-1,-1,-1,3,0,8,800,0,9223372036800000000,1e+75,0,10,0,0,7,-1,0,1,0,0,1,1,0,0,0,0,1,4,2,0,1,-1,-1,2,-1,0,10,-1,1,1,3,-1,-1,-1,0,0,1,0,0,10,0,0,0,64.13
1,0,0,0,-1,0,1,0,0,0,0,0,3,0,0,2,1,1,2,-1,-1,5,0,-1,800,0,9223372036800000000,1e+75,0,10,0,0,30,1,0,1,0,0,1,1,0,0,0,0,4,4,2,0,1,-1,-1,-1,-1,0,10,-1,1,1,3,-1,-1,-1,0,0,1,0,0,10,0,0,0,17.97
1,0,0,0,-1,0,1,0,0,0,0,0,0,0,0,-1,2,1,1,0,2,5,0,-1,25,0,9223372036800000000,1e+75,0,10,0,1,2,1,0,1,0,0,1,1,0,0,0,0,0,-1,2,0,1,-1,-1,0,-1,0,10,-1,1,1,3,-1,-1,-1,0,0,1,0,0,10,0,0,0,55.84
1,0,0,0,-1,0,1,0,0,0,0,0,3,0,0,1,1,1,2,-1,-1,5,0,16,800,0,9223372036800000000,1e+75,0,10,0,0,30,1,0,1,0,0,1,1,0,0,0,0,4,4,2,0,1,-1,-1,-1,-1,0,10,-1,1,1,3,-1,-1,-1,0,0,1,0,0,10,0,0,0,17.97
1,0,0,0,-1,0,1,0,0,0,0,0,3,0,0,1,1,2,2,-1,-1,5,0,-1,800,0,9223372036800000000,1e+75,0,10,0,0,30,1,0,1,0,0,1,1,0,0,0,0,4,4,2,0,1,-1,-1,-1,-1,0,10,-1,1,1,3,-1,-1,-1,0,0,1,0,0,10,0,0,0,26.22
1,0,0,0,-1,0,1,0,0,0,0,0,-1,0,0,0,2,1,1,0,1,3,0,4,400,0,9223372036800000000,1e+75,0,10,0,0,30,-1,0,1,0,0,1,1,0,0,0,0,0,-1,2,0,1,-1,-1,-1,-1,0,10,-1,1,1,3,-1,-1,-1,0,0,1,0,0,10,0,0,0,83.65
1,0,0,0,-1,0,1,3,0,0,0,0,0,0,-1,-1,-1,1,2,0,2,3,0,1,25,0,9223372036800000000,1e+75,0,10,0,0,30,1,0,1,0,0,1,1,0,0,0,0,0,4,2,0,1,-1,-1,-1,-1,0,10,-1,1,1,3,-1,-1,-1,0,0,1,0,0,10,0,0,0,72.8
1,0,0,0,-1,0,1,1,0,0,0,0,3,0,1,2,-1,-1,2,1,0,2,0,8,800,0,9223372036800000000,1e+75,0,10,0,0,10,1,0,1,0,0,1,1,0,0,0,0,0,1,2,0,1,-1,-1,-1,-1,0,10,-1,1,1,3,-1,-1,-1,0,0,1,0,0,10,0,0,0,44.71
1,0,0,0,-1,0,1,1,0,0,0,0,3,0,1,2,-1,-1,2,1,0,3,0,8,800,0,9223372036800000000,1e+75,0,10,0,0,10,1,0,1,0,0,1,1,0,0,0,0,0,-1,2,0,1,-1,-1,-1,-1,0,10,-1,1,1,3,-1,-1,-1,0,0,1,0,0,10,0,0,0,19.16
1,0,0,0,-1,0,1,3,0,0,0,0,2,0,1,2,-1,-1,1,2,2,5,0,2,100,0,9223372036800000000,1e+75,0,10,0,0,3,-1,0,1,0,0,1,1,0,0,0,0,4,0,2,0,1,-1,1,1,-1,0,10,-1,1,1,3,-1,-1,-1,0,0,1,0,0,10,0,0,0,20.52
1,0,0,0,-1,0,1,1,0,0,0,0,-1,0,0,2,-1,-1,1,2,1,3,0,-1,200,0,9223372036800000000,1e+75,0,10,0,0,7,0,0,1,0,0,1,1,0,0,0,0,0,0,2,0,1,-1,1,-1,-1,0,10,-1,1,1,3,-1,-1,-1,0,0,1,0,0,10,0,0,0,13.65
1,0,0,0,-1,0,1,1,0,0,0,0,3,0,1,2,-1,-1,2,1,-1,3,0,8,800,0,9223372036800000000,1e+75,0,10,0,0,10,1,0,1,0,0,1,1,0,0,0,0,0,1,2,0,1,-1,-1,-1,-1,0,10,-1,1,1,3,-1,-1,-1,0,0,1,0,0,10,0,0,0,25.79
1,0,0,0,-1,0,1,1,0,0,0,0,3,0,1,2,-1,-1,2,1,0,10,0,8,800,0,9223372036800000000,1e+75,0,10,0,0,10,1,0,1,0,0,1,1,0,0,0,0,0,1,2,0,1,-1,-1,-1,-1,0,10,-1,1,1,3,-1,-1,-1,0,0,1,0,0,10,0,0,0,20.61
1,0,0,0,-1,0,1,1,0,0,0,0,3,0,1,2,-1,-1,-1,1,0,3,0,8,800,0,9223372036800000000,1e+75,0,10,0,0,10,1,0,1,0,0,1,1,0,0,0,0,0,1,2,0,1,-1,-1,-1,-1,0,10,-1,1,1,3,-1,-1,-1,0,0,1,0,0,10,0,0,0,29.33
1,0,0,0,-1,0,1,1,0,0,0,0,3,0,1,2,-1,-1,2,1,0,3,0,16,800,0,9223372036800000000,1e+75,0,10,0,0,10,1,0,1,0,0,1,1,0,0,0,0,0,1,2,0,1,-1,-1,-1,-1,0,10,-1,1,1,3,-1,-1,-1,0,0,1,0,0,10,0,0,0,20.53
1,0,0,0,-1,0,1,1,0,0,0,0,3,0,1,2,-1,-1,2,1,0,0,0,8,800,0,9223372036800000000,1e+75,0,10,0,0,10,1,0,1,0,0,1,1,0,0,0,0,0,1,2,0,1,-1,-1,-1,-1,0,10,-1,1,1,3,-1,-1,-1,0,0,1,0,0,10,0,0,0,58.11
1,0,0,0,-1,0,1,0,0,0,0,0,-1,0,1,1,2,2,0,0,-1,10,0,1,800,0,9223372036800000000,1e+75,0,10,0,0,30,-1,0,1,0,0,1,1,0,0,0,0,1,-1,2,0,1,-1,-1,-1,-1,0,10,-1,1,1,3,-1,-1,-1,0,0,1,0,0,10,0,0,0,77.68
1,0,0,0,-1,0,1,1,0,0,0,0,3,0,1,2,-1,-1,2,1,0,1,0,8,800,0,9223372036800000000,1e+75,0,10,0,0,10,1,0,1,0,0,1,1,0,0,0,0,0,1,2,0,1,-1,-1,-1,-1,0,10,-1,1,1,3,-1,-1,-1,0,0,1,0,0,10,0,0,0,62.34
1,0,0,0,-1,0,1,5,0,0,0,0,3,0,1,2,0,1,0,0,-1,2,0,2,200,0,9223372036800000000,1e+75,0,10,0,0,30,-1,0,1,0,0,1,1,0,0,0,0,0,4,2,0,1,-1,-1,-1,-1,0,10,-1,1,1,3,-1,-1,-1,0,0,1,0,0,10,0,0,0,35.76
1,0,0,0,-1,0,1,1,0,0,0,0,3,0,1,2,-1,-1,2,1,0,3,0,8,800,0,9223372036800000000,1e+75,0,10,0,0,10,1,0,1,0,0,1,1,0,0,0,0,1,1,2,0,1,-1,-1,-1,-1,0,10,-1,1,1,3,-1,-1,-1,0,0,1,0,0,10,0,0,0,36
1,0,0,0,-1,0,1,5,0,0,0,0,3,0,-1,0,2,-1,-1,-1,1,1,0,-1,800,0,9223372036800000000,1e+75,0,10,0,0,10,-1,0,1,0,0,1,1,0,0,0,0,0,1,2,0,1,-1,-1,-1,-1,0,10,-1,1,1,3,-1,-1,-1,0,0,1,0,0,10,0,0,0,45
1,0,0,0,-1,0,1,0,0,0,0,0,0,0,0,0,2,0,-1,0,2,2,0,4,400,0,9223372036800000000,1e+75,0,10,0,0,10,1,0,1,0,0,1,1,0,0,0,0,0,-1,2,0,1,-1,-1,-1,-1,0,10,-1,1,1,3,-1,-1,-1,0,0,1,0,0,10,0,0,0,31.42
1,0,0,1,-1,0,1,0,0,0,0,0,0,0,0,-1,2,1,1,0,2,5,0,-1,25,0,9223372036800000000,1e+75,0,10,0,0,2,1,0,1,0,0,1,1,0,0,0,0,0,-1,2,0,1,-1,-1,-1,-1,0,10,-1,1,1,3,-1,-1,-1,0,0,1,0,0,10,0,0,0,10.13
1,0,0,0,-1,0,1,4,0,0,0,0,3,0,-1,0,2,1,1,0,2,1,0,1,25,0,9223372036800000000,1e+75,0,10,0,0,5,-1,0,1,0,0,1,1,0,0,0,0,1,-1,2,0,1,-1,-1,-1,-1,0,10,-1,1,1,3,-1,-1,-1,0,0,1,0,0,10,0,0,0,77.57
1,0,0,0,-1,0,1,4,0,0,0,0,3,0,-1,0,0,1,1,0,2,1,0,1,25,0,9223372036800000000,1e+75,0,10,0,0,5,1,0,1,0,0,1,1,0,0,0,0,1,-1,2,0,1,-1,-1,-1,-1,0,10,-1,1,1,3,-1,-1,-1,0,0,1,0,0,10,0,0,0,76.67
1,0,0,0,-1,0,1,4,0,0,0,0,3,0,-1,0,-1,1,1,0,2,1,0,1,25,0,9223372036800000000,1e+75,0,10,0,0,5,-1,0,1,0,0,1,1,0,0,0,0,1,-1,2,0,1,-1,-1,-1,-1,0,10,-1,1,1,3,-1,-1,-1,0,0,1,0,0,10,0,0,0,77.57
1,0,0,0,-1,0,1,4,0,0,0,0,3,0,-1,0,0,2,1,0,2,1,0,1,25,0,9223372036800000000,1e+75,0,10,0,0,5,-1,0,1,0,0,1,1,0,0,0,0,1,-1,2,0,1,-1,-1,-1,-1,0,10,-1,1,1,3,-1,-1,-1,0,0,1,0,0,10,0,0,0,77.57
1,0,0,0,-1,0,1,0,0,0,0,0,0,0,0,-1,2,1,1,0,2,5,0,-1,25,0,9223372036800000000,1e+75,0,10,0,0,2,1,0,1,0,0,1,1,0,0,0,0,0,-1,2,0,1,-1,-1,0,2,0,10,-1,1,1,3,-1,-1,-1,0,0,1,0,0,10,0,0,0,8.94
1,0,0,0,-1,0,1,4,0,0,0,0,3,0,-1,0,0,1,1,0,2,1,0,1,25,0,9223372036800000000,1e+75,0,10,0,0,5,-1,0,1,0,0,1,1,0,0,0,0,0,-1,2,0,1,-1,-1,-1,-1,0,10,-1,1,1,3,-1,-1,-1,0,0,1,0,0,10,0,0,0,77.93
1,0,0,0,-1,0,1,0,0,0,0,0,0,0,-1,0,2,0,-1,0,2,0,0,16,25,0,9223372036800000000,1e+75,0,10,0,0,5,-1,0,1,0,0,1,1,0,0,0,0,2,-1,2,0,1,-1,-1,-1,-1,0,10,-1,1,1,3,-1,-1,-1,0,0,1,0,0,10,0,0,0,88.44
1,0,0,0,-1,0,1,0,0,0,0,0,0,0,0,2,-1,2,2,0,-1,0,0,8,50,0,9223372036800000000,1e+75,0,10,0,0,5,1,0,1,0,0,1,1,0,0,0,0,1,-1,2,0,1,-1,-1,-1,-1,0,10,-1,1,1,3,-1,-1,-1,0,0,1,0,0,10,0,0,0,90.03
1,0,0,0,-1,0,1,5,0,0,0,0,0,0,-1,0,0,0,0,-1,0,0,0,-1,100,0,9223372036800000000,1e+75,0,10,0,0,10,1,0,1,0,0,1,1,0,0,0,0,0,-1,2,0,1,-1,-1,-1,-1,0,10,-1,1,1,3,-1,-1,-1,0,0,1,0,0,10,0,0,0,56.96
1,0,0,0,-1,0,1,3,0,0,0,0,0,0,1,1,2,2,2,-1,2,2,0,1,10,0,9223372036800000000,1e+75,0,10,0,0,5,1,0,1,0,0,1,1,0,0,0,0,1,-1,2,0,1,-1,-1,-1,-1,0,10,-1,1,1,3,-1,-1,-1,0,0,1,0,0,10,0,0,0,88.75
1,0,0,0,-1,0,1,0,0,0,0,0,-1,0,-1,-1,-1,-1,2,-1,2,0,0,16,150,0,9223372036800000000,1e+75,0,10,0,0,7,-1,0,1,0,0,1,1,0,0,0,0,0,4,2,0,1,-1,0,2,-1,0,10,-1,1,1,3,-1,-1,-1,0,0,1,0,0,10,0,0,0,57.1
1,0,0,0,-1,0,1,3,0,0,0,0,-1,0,1,2,-1,2,-1,-1,2,5,0,16,25,0,9223372036800000000,1e+75,0,10,0,0,3,0,0,1,0,0,1,1,0,0,0,0,0,-1,2,0,1,-1,1,0,-1,0,10,-1,1,1,3,-1,-1,-1,0,0,1,0,0,10,0,0,0,38.99
1,0,0,0,-1,0,1,1,0,0,0,0,-1,0,0,2,-1,-1,1,2,-1,3,0,-1,200,0,9223372036800000000,1e+75,0,10,0,0,7,0,0,1,0,0,1,1,0,0,0,0,0,0,2,0,1,-1,-1,-1,-1,0,10,-1,1,1,3,-1,-1,-1,0,0,1,0,0,10,0,0,0,18.05
1,0,0,0,-1,0,1,1,0,0,0,0,-1,0,0,2,-1,-1,1,2,1,3,0,-1,200,0,9223372036800000000,1e+75,0,10,0,0,7,0,0,1,0,0,1,1,0,0,0,0,1,0,2,0,1,-1,-1,-1,-1,0,10,-1,1,1,3,-1,-1,-1,0,0,1,0,0,10,0,0,0,79.65
1,0,0,0,-1,0,1,3,0,0,0,0,2,0,1,2,-1,-1,1,2,2,5,0,8,100,0,9223372036800000000,1e+75,0,10,0,0,3,-1,0,1,0,0,1,1,0,0,0,0,4,0,2,0,1,-1,1,1,-1,0,10,-1,1,1,3,-1,-1,-1,0,0,1,0,0,10,0,0,0,18.47
1,0,0,0,-1,0,1,1,0,0,0,0,-1,0,0,2,-1,-1,1,2,1,3,0,-1,200,0,9223372036800000000,1e+75,0,10,0,0,7,-1,0,1,0,0,1,1,0,0,0,0,0,0,2,0,1,-1,-1,-1,-1,0,10,-1,1,1,3,-1,-1,-1,0,0,1,0,0,10,0,0,0,38.09
1,0,0,0,-1,0,1,1,0,0,0,0,-1,0,0,2,-1,-1,1,2,1,10,0,-1,200,0,9223372036800000000,1e+75,0,10,0,0,7,0,0,1,0,0,1,1,0,0,0,0,0,0,2,0,1,-1,-1,-1,-1,0,10,-1,1,1,3,-1,-1,-1,0,0,1,0,0,10,0,0,0,17.39
1,0,0,0,-1,0,1,0,0,0,0,0,0,0,0,-1,2,1,1,0,2,5,0,-1,25,0,9223372036800000000,1e+75,0,10,0,0,2,1,0,1,0,0,1,1,0,0,0,0,0,-1,2,0,1,-1,-1,-1,-1,0,10,-1,1,1,3,-1,-1,-1,0,0,1,0,0,10,0,0,0,10.13
1,0,0,0,-1,0,1,0,0,0,0,0,0,0,0,-1,2,1,1,0,2,1,0,-1,25,0,9223372036800000000,1e+75,0,10,0,0,2,1,0,1,0,0,1,1,0,0,0,0,0,-1,2,0,1,-1,-1,-1,-1,0,10,-1,1,1,3,-1,-1,-1,0,0,1,0,0,10,0,0,0,51.09
1,0,0,0,-1,0,1,0,0,0,0,0,-1,0,0,-1,-1,2,-1,-1,1,1,0,16,150,0,9223372036800000000,1e+75,0,10,0,0,4,-1,0,1,0,0,1,1,0,0,0,0,1,4,2,0,1,-1,-1,1,-1,0,10,-1,1,1,3,-1,-1,-1,0,0,1,0,0,10,0,0,0,60.2
1,0,0,0,-1,0,1,0,0,0,0,0,0,0,0,-1,2,1,1,0,2,0,0,-1,25,0,9223372036800000000,1e+75,0,10,0,0,2,1,0,1,0,0,1,1,0,0,0,0,0,-1,2,0,1,-1,-1,-1,-1,0,10,-1,1,1,3,-1,-1,-1,0,0,1,0,0,10,0,0,0,53.26
2,0,0,0,-1,0,1,0,0,0,0,0,0,0,0,-1,2,1,1,0,2,3,0,-1,25,0,9223372036800000000,1e+75,0,10,0,0,2,1,0,1,0,0,1,1,0,0,0,0,0,-1,2,0,1,-1,-1,-1,-1,0,10,-1,1,1,3,-1,-1,-1,0,0,1,0,0,10,0,0,0,11.71
1,0,0,0,-1,0,1,1,0,0,0,0,-1,0,0,2,-1,-1,1,2,1,3,0,-1,200,0,9223372036800000000,240,0,10,0,0,7,0,0,1,0,0,1,1,0,0,0,0,0,0,2,0,1,-1,-1,-1,-1,0,10,-1,1,1,3,-1,-1,-1,0,0,1,0,0,10,0,0,0,13.65
1,0,0,0,-1,0,1,1,0,0,0,0,-1,0,0,2,-1,-1,1,2,1,3,0,-1,200,0,9223372036800000000,120,0,10,0,0,7,0,0,1,0,0,1,1,0,0,0,0,0,0,2,0,1,-1,-1,-1,-1,0,10,-1,1,1,3,-1,-1,-1,0,0,1,0,0,10,0,0,0,13.65
1,0,0,0,-1,0,1,1,0,0,0,0,-1,0,0,2,-1,-1,1,2,1,3,0,-1,200,0,9223372036800000000,1,0,10,0,0,7,0,0,1,0,0,1,1,0,0,0,0,0,0,2,0,1,-1,-1,-1,-1,0,10,-1,1,1,3,-1,-1,-1,0,0,1,0,0,10,0,0,0,13.65
1,0,0,0,-1,0,1,1,0,0,0,0,-1,0,0,2,-1,-1,1,2,1,3,0,-1,200,0,9223372036800000000,50,0,10,0,0,7,0,0,1,0,0,1,1,0,0,0,0,0,0,2,0,1,-1,-1,-1,-1,0,10,-1,1,1,3,-1,-1,-1,0,0,1,0,0,10,0,0,0,13.65
1,0,0,0,-1,0,1,0,0,0,0,0,0,0,0,-1,2,1,1,0,2,3,0,-1,25,0,9223372036800000000,1e+75,0,10,0,0,2,1,0,1,0,0,1,1,0,0,0,0,0,-1,2,0,1,-1,-1,-1,-1,0,10,-1,1,1,3,-1,-1,-1,0,0,1,0,0,10,0,0,0,11.71
1,0,0,0,-1,0,1,1,0,0,0,0,-1,1,0,2,-1,-1,1,2,1,3,0,-1,200,0,9223372036800000000,1e+75,0,10,0,0,7,0,0,1,0,0,1,1,0,0,0,0,0,0,2,0,1,-1,-1,-1,-1,0,10,-1,1,1,3,-1,-1,-1,0,0,1,0,0,10,0,0,0,20.2
1,0,0,0,-1,0,1,1,0,0,0,0,-1,0,0,2,-1,-1,1,2,1,3,0,-1,200,0,9223372036800000000,1e+75,0,10,0,0,7,0,2,1,0,0,1,1,0,0,0,0,0,0,2,0,1,-1,-1,-1,-1,0,10,-1,1,1,3,-1,-1,-1,0,0,1,0,0,10,0,0,0,16.56
1,0,0,0,-1,0,1,2,0,0,0,0,0,0,1,0,1,2,1,-1,2,3,0,-1,200,0,9223372036800000000,1e+75,0,10,0,0,4,0,0,1,0,0,1,1,0,0,0,0,0,2,2,0,1,-1,-1,-1,-1,0,10,-1,1,1,3,-1,-1,-1,0,0,1,0,0,10,0,0,0,55.33
1,0,0,0,-1,0,1,0,0,0,0,0,-1,0,0,2,-1,-1,1,2,1,3,0,-1,200,0,9223372036800000000,1e+75,0,10,0,0,7,0,0,1,0,0,1,1,0,0,0,0,0,0,2,0,1,-1,-1,-1,-1,0,10,-1,1,1,3,-1,-1,-1,0,0,1,0,0,10,0,0,0,30.44
1,0,0,0,-1,0,1,1,0,0,0,0,-1,0,0,2,-1,-1,1,2,1,3,0,-1,200,0,9223372036800000000,1e+75,0,10,0,0,7,0,1,1,0,0,1,1,0,0,0,0,0,0,2,0,1,-1,-1,-1,-1,0,10,-1,1,1,3,-1,-1,-1,0,0,1,0,0,10,0,0,0,14.21
1,0,0,0,-1,0,1,1,0,0,0,0,-1,0,0,2,-1,-1,1,2,1,3,0,-1,200,0,9223372036800000000,1e+75,0,10,0,0,7,0,0,1,0,0,1,1,0,3,0,0,0,0,2,0,1,-1,-1,-1,-1,0,10,-1,1,1,3,-1,-1,-1,0,0,1,0,0,10,0,0,0,21.04
1,0,0,0,-1,0,1,0,0,0,0,0,3,0,0,1,1,1,2,-1,-1,5,0,-1,800,0,9223372036800000000,1e+75,0,10,0,0,30,1,0,1,0,0,1,1,0,0,0,0,4,1,2,0,1,-1,-1,-1,-1,0,10,-1,1,1,3,-1,-1,-1,0,0,1,0,0,10,0,0,0,17.97
1,0,0,0,-1,0,1,5,0,0,0,0,-1,0,0,1,2,0,0,0,-1,3,0,-1,150,0,9223372036800000000,1e+75,0,10,0,0,30,-1,0,1,0,0,1,1,0,0,0,0,1,1,2,0,1,-1,-1,-1,-1,0,10,-1,1,1,3,-1,-1,-1,0,0,1,0,0,10,0,0,0,41.96
1,0,0,0,-1,0,1,1,0,0,0,0,2,0,0,-1,0,-1,1,1,0,3,0,-1,150,0,9223372036800000000,1e+75,0,10,0,0,7,0,0,1,0,0,1,1,0,0,0,0,0,0,2,0,1,-1,-1,-1,-1,0,10,-1,1,1,3,-1,-1,-1,0,0,1,0,0,10,0,0,0,30.55
1,0,0,0,-1,0,1,5,0,0,0,0,3,0,-1,0,0,1,1,0,2,1,0,1,25,0,9223372036800000000,1e+75,0,10,0,0,5,-1,0,1,0,0,1,1,0,0,0,0,1,-1,2,0,1,-1,-1,-1,-1,0,10,-1,1,1,3,-1,-1,-1,0,0,1,0,0,10,0,0,0,77.57
1,0,0,0,-1,0,1,1,0,0,0,0,-1,0,0,2,-1,-1,1,2,1,3,0,-1,200,0,9223372036800000000,1e+75,0,10,0,0,7,0,0,1,0,0,1,1,0,0,0,0,0,-1,2,0,1,-1,-1,-1,-1,0,10,-1,1,1,3,-1,-1,-1,0,0,1,0,0,10,0,0,0,21.2
1,0,0,0,-1,0,1,0,0,0,0,0,2,0,0,-1,2,-1,1,0,-1,3,0,-1,25,0,9223372036800000000,1e+75,0,10,0,0,7,0,0,1,0,0,1,1,0,0,0,0,0,0,2,0,1,-1,-1,-1,-1,0,10,-1,1,1,3,-1,-1,-1,0,0,1,0,0,10,0,0,0,21.16
1,0,0,0,-1,0,1,1,0,0,0,0,1,0,0,0,0,1,0,2,-1,3,0,4,10,0,9223372036800000000,1e+75,0,10,0,0,3,-1,0,1,0,0,1,1,0,0,0,0,0,-1,2,0,1,-1,-1,-1,-1,0,10,-1,1,1,3,-1,-1,-1,0,0,1,0,0,10,0,0,0,24.85
1,0,0,0,-1,0,1,0,0,0,0,0,0,0,0,-1,2,1,1,0,2,3,0,-1,25,0,9223372036800000000,1e+75,0,10,0,0,2,1,0,1,0,0,1,1,0,0,0,0,0,-1,2,0,1,-1,-1,-1,-1,0,10,-1,1,1,3,-1,-1,-1,0,0,1,3,0,10,0,0,0,14.52
1,0,0,0,-1,0,1,0,0,0,0,0,-1,0,0,-1,-1,2,-1,-1,1,3,0,16,150,0,9223372036800000000,1e+75,0,10,0,0,4,-1,0,1,0,0,1,1,0,0,0,0,1,4,2,0,1,-1,-1,1,-1,0,10,-1,1,1,3,-1,-1,-1,0,0,1,0,0,10,0,0,0,60.2
1,0,0,0,-1,0,1,1,0,0,0,0,-1,0,0,2,-1,-1,1,2,1,3,0,-1,200,0,9223372036800000000,1e+75,0,10,0,0,7,0,0,1,0,0,1,1,0,2,0,0,0,0,2,0,1,-1,-1,-1,-1,0,10,-1,1,1,3,-1,-1,-1,0,0,1,0,0,10,0,0,0,16.58
1,0,0,0,-1,0,1,4,0,0,0,0,0,0,0,-1,1,-1,-1,-1,2,3,0,-1,100,0,9223372036800000000,1e+75,0,10,0,0,7,0,0,1,0,0,1,1,0,0,0,0,0,0,2,0,1,-1,-1,-1,-1,0,10,-1,1,1,3,-1,-1,-1,0,0,1,0,0,10,0,0,0,59.3
1,0,0,0,-1,0,1,1,0,0,0,0,-1,0,0,2,-1,-1,1,2,1,3,0,-1,200,0,9223372036800000000,1e+75,0,10,0,0,7,0,0,1,0,0,3,1,0,0,0,0,0,0,2,0,1,-1,-1,-1,-1,0,10,-1,1,1,3,-1,-1,-1,0,0,1,0,0,10,0,0,0,21.33
1,0,0,0,-1,0,1,1,0,0,0,0,-1,0,0,2,-1,-1,1,2,1,3,0,-1,200,0,9223372036800000000,1e+75,0,10,0,0,7,0,0,1,0,0,1,1,0,-1,0,0,0,0,2,0,1,-1,-1,-1,-1,0,10,-1,1,1,3,-1,-1,-1,0,0,1,0,0,10,0,0,0,22.71
1,0,0,0,-1,0,1,1,0,0,0,0,-1,0,0,2,-1,-1,1,1,1,3,0,-1,200,0,9223372036800000000,1e+75,0,10,0,0,7,0,0,1,0,0,1,1,0,0,0,0,0,0,2,0,1,-1,-1,-1,-1,0,10,-1,1,1,3,-1,-1,-1,0,0,1,0,0,10,0,0,0,19.31
1,0,0,0,-1,0,1,1,0,0,0,0,-1,0,1,-1,2,-1,1,0,-1,3,0,-1,25,0,9223372036800000000,1e+75,0,10,0,0,7,0,0,1,0,0,1,1,0,0,0,0,0,0,2,0,1,-1,-1,-1,-1,0,10,-1,1,1,3,-1,-1,-1,0,0,1,0,0,10,0,0,0,28.96
1,0,0,0,-1,0,1,2,0,0,0,0,2,0,1,0,-1,0,1,2,-1,3,0,-1,100,0,9223372036800000000,1e+75,0,10,0,0,7,0,0,1,0,0,1,1,0,0,0,0,0,0,2,0,1,-1,-1,-1,-1,0,10,-1,1,1,3,-1,-1,-1,0,0,1,0,0,10,0,0,0,32.54
1,0,0,0,-1,0,1,1,0,0,0,0,-1,0,0,2,-1,-1,1,2,1,3,0,-1,200,0,9223372036800000000,10,0,10,0,0,7,0,0,1,0,0,1,1,0,0,0,0,0,0,2,0,1,-1,-1,-1,-1,0,10,-1,1,1,3,-1,-1,-1,0,0,1,0,0,10,0,0,0,13.65
1,0,0,0,-1,0,1,0,0,0,0,0,-1,0,1,-1,2,0,1,0,-1,3,0,-1,25,0,9223372036800000000,1e+75,0,10,0,0,7,0,0,1,0,0,1,1,0,0,0,0,0,0,2,0,1,-1,-1,-1,-1,0,10,-1,1,1,3,-1,-1,-1,0,0,1,0,0,10,0,0,0,27.43
1,0,0,0,-1,0,1,3,0,0,0,0,-1,0,0,-1,-1,-1,1,-1,2,3,0,-1,25,0,9223372036800000000,1e+75,0,10,0,0,7,0,0,1,0,0,1,1,0,0,0,0,0,0,2,0,1,-1,-1,-1,-1,0,10,-1,1,1,3,-1,-1,-1,0,0,1,0,0,10,0,0,0,64.44
1,0,0,0,-1,0,1,4,0,0,0,0,0,0,0,-1,0,-1,2,1,-1,3,0,-1,150,0,9223372036800000000,1e+75,0,10,0,0,7,0,0,1,0,0,1,1,0,0,0,0,0,0,2,0,1,-1,-1,-1,-1,0,10,-1,1,1,3,-1,-1,-1,0,0,1,0,0,10,0,0,0,22.59
1,0,0,0,-1,0,1,0,0,0,0,0,-1,0,0,-1,-1,2,-1,-1,1,1,0,16,150,0,9223372036800000000,1e+75,0,10,0,0,4,-1,0,1,0,0,1,1,0,0,0,0,1,4,2,0,1,-1,-1,-1,-1,0,10,-1,1,1,3,-1,-1,-1,0,0,1,0,0,10,0,0,0,65.01
1,0,0,0,-1,0,1,1,0,0,0,0,-1,0,0,2,-1,-1,1,2,1,3,0,-1,200,0,9223372036800000000,1e+75,0,10,0,0,7,0,0,1,0,0,1,1,0,0,0,0,0,3,2,0,1,-1,-1,-1,-1,0,10,-1,1,1,3,-1,-1,-1,0,0,1,0,0,10,0,0,0,87.17
1,0,0,0,-1,0,1,1,0,0,0,0,3,0,1,2,-1,-1,2,1,0,3,0,-1,800,0,9223372036800000000,1e+75,0,10,0,0,10,1,0,1,0,0,1,1,0,0,0,0,0,1,2,0,1,-1,-1,-1,-1,0,10,-1,1,1,3,-1,-1,-1,0,0,1,0,0,10,0,0,0,20.53
1,0,0,0,-1,0,1,1,0,0,0,0,-1,0,0,2,-1,-1,1,1,-1,3,0,-1,200,0,9223372036800000000,1e+75,0,10,0,0,7,0,0,1,0,0,1,1,0,0,0,0,0,0,2,0,1,-1,-1,-1,-1,0,10,-1,1,1,3,-1,-1,-1,0,0,1,0,0,10,0,0,0,17.58
1,0,0,0,-1,0,1,1,0,0,0,0,-1,0,0,2,-1,-1,1,2,1,3,0,-1,200,0,9223372036800000000,1e+75,0,10,0,0,2,0,0,1,0,0,1,1,2,0,0,0,0,0,2,0,1,-1,-1,-1,-1,0,10,-1,1,1,3,-1,-1,-1,0,0,1,0,0,10,0,0,0,16.11
1,0,0,0,-1,0,1,1,0,0,0,0,-1,0,0,2,-1,-1,1,2,1,3,0,-1,200,0,9223372036800000000,1e+75,0,10,0,0,2,0,0,1,0,0,1,1,0,0,0,0,0,0,2,0,1,-1,-1,-1,-1,0,10,-1,1,1,3,-1,-1,1,0,0,1,0,0,10,0,0,0,12.47
1,0,0,0,-1,0,1,1,0,0,0,0,3,0,1,2,-1,-1,2,1,0,3,0,8,800,0,9223372036800000000,1e+75,0,10,0,0,10,1,0,1,0,0,1,1,0,0,0,0,0,1,2,0,1,-1,-1,-1,-1,0,10,-1,1,1,3,-1,-1,-1,0,0,1,0,0,10,0,0,0,20.53
1,0,0,0,-1,0,1,0,0,0,0,0,-1,0,1,-1,2,-1,1,0,-1,3,0,-1,25,0,9223372036800000000,1e+75,0,10,0,0,7,0,0,1,0,0,1,1,0,0,0,0,0,0,2,0,1,-1,-1,-1,-1,0,10,-1,1,1,3,-1,-1,-1,0,0,1,0,0,10,0,0,0,15.14
1,0,0,0,-1,0,1,4,0,0,0,0,2,0,1,-1,2,-1,1,0,-1,3,0,-1,25,0,9223372036800000000,1e+75,0,10,0,0,7,0,0,1,0,0,1,1,0,0,0,0,0,0,2,0,1,-1,-1,-1,-1,0,10,-1,1,1,3,-1,-1,-1,0,0,1,0,0,10,0,0,0,30.62
1,0,0,0,-1,0,1,0,0,0,0,0,2,0,1,2,-1,2,1,-1,-1,3,0,8,800,0,9223372036800000000,1e+75,0,10,0,0,7,-1,0,1,0,0,1,1,0,0,0,0,1,4,2,0,1,-1,-1,2,-1,0,10,-1,1,1,3,-1,-1,-1,0,0,1,0,0,10,0,0,0,42.17
1,0,0,0,-1,0,1,0,0,0,0,0,-1,0,1,2,2,-1,1,0,-1,3,0,-1,25,0,9223372036800000000,1e+75,0,10,0,0,7,0,0,1,0,0,1,1,0,0,0,0,0,0,2,0,1,-1,-1,-1,-1,0,10,-1,1,1,3,-1,-1,-1,0,0,1,0,0,10,0,0,0,39.54
1,0,0,0,-1,0,1,1,0,0,0,0,-1,0,0,2,-1,-1,1,2,1,3,0,-1,200,0,9223372036800000000,1e+75,0,10,0,0,2,0,0,1,0,1,1,1,0,0,0,0,0,0,2,0,1,-1,-1,-1,-1,0,10,-1,1,1,3,-1,-1,-1,0,0,1,0,0,10,0,0,0,16.15
1,0,0,0,-1,0,1,0,0,0,0,0,-1,0,-1,2,-1,0,1,-1,-1,2,0,16,50,0,9223372036800000000,1e+75,0,10,0,0,7,-1,0,1,0,0,1,1,0,0,0,0,1,-1,2,0,1,-1,0,3,-1,0,10,-1,1,1,3,-1,-1,-1,0,0,1,0,0,10,0,0,0,86.48
1,0,0,0,-1,0,1,3,0,0,0,0,-1,0,1,-1,2,-1,1,0,-1,3,0,-1,25,0,9223372036800000000,1e+75,0,10,0,0,7,0,0,1,0,0,1,1,0,0,0,0,0,0,2,0,1,-1,-1,-1,-1,0,10,-1,1,1,3,-1,-1,-1,0,0,1,0,0,10,0,0,0,30.49
1,0,0,0,-1,0,1,0,0,0,0,0,2,0,1,-1,2,2,1,0,-1,3,0,-1,25,0,9223372036800000000,1e+75,0,10,0,0,7,0,0,1,0,0,1,1,0,0,0,0,0,0,2,0,1,-1,-1,-1,-1,0,10,-1,1,1,3,-1,-1,-1,0,0,1,0,0,10,0,0,0,21.77
1,0,0,0,-1,0,1,1,0,0,0,0,-1,0,0,2,-1,-1,1,2,1,3,0,-1,200,0,9223372036800000000,1e+75,0,10,0,0,2,0,0,1,20,0,1,1,0,0,0,0,0,0,2,0,1,-1,-1,-1,-1,0,10,-1,1,1,3,-1,-1,-1,0,0,1,0,0,10,0,0,0,16.09
1,0,0,0,-1,0,1,1,0,0,0,0,3,0,0,1,0,1,0,0,0,3,0,-1,100,0,9223372036800000000,1e+75,0,10,0,0,7,0,0,1,0,0,1,1,0,0,0,0,0,0,2,0,1,-1,-1,-1,-1,0,10,-1,1,1,3,-1,-1,-1,0,0,1,0,0,10,0,0,0,23.56
1,0,0,0,-1,0,1,1,0,0,0,0,0,0,0,-1,1,-1,2,2,0,3,0,-1,25,0,9223372036800000000,1e+75,0,10,0,0,7,0,0,1,0,0,1,1,0,0,0,0,0,0,2,0,1,-1,-1,-1,-1,0,10,-1,1,1,3,-1,-1,-1,0,0,1,0,0,10,0,0,0,22.86
1,0,0,0,-1,0,1,0,0,0,0,0,3,0,0,1,1,1,2,-1,-1,1,0,-1,800,0,9223372036800000000,1e+75,0,10,0,0,30,1,0,1,0,0,1,1,0,0,0,0,4,4,2,0,1,-1,-1,-1,-1,0,10,-1,1,1,3,-1,-1,-1,0,0,1,0,0,10,0,0,0,66.14
1,0,0,0,-1,0,1,1,0,0,0,0,-1,0,0,2,-1,-1,1,2,1,3,0,-1,200,0,9223372036800000000,1e+75,0,10,0,0,2,0,0,1,0,0,1,1,0,0,0,0,0,0,2,0,1,-1,-1,-1,-1,1,10,-1,1,1,3,-1,-1,-1,0,0,1,0,0,10,0,0,0,18.04
1,0,0,0,-1,0,1,0,0,0,0,0,3,0,0,1,1,1,2,-1,-1,5,0,-1,100,0,9223372036800000000,1e+75,0,10,0,0,30,1,0,1,0,0,1,1,0,0,0,0,4,4,2,0,1,-1,-1,-1,-1,0,10,-1,1,1,3,-1,-1,-1,0,0,1,0,0,10,0,0,0,39.6
1,0,0,0,-1,0,1,1,0,0,0,0,1,0,0,0,0,1,1,2,-1,3,0,4,10,0,9223372036800000000,1e+75,0,10,0,0,3,-1,0,1,0,0,1,1,0,0,0,0,0,-1,2,0,1,-1,-1,-1,-1,0,10,-1,1,1,3,-1,-1,-1,0,0,1,0,0,10,0,0,0,24.69
1,0,0,0,-1,0,1,1,0,0,0,0,-1,0,0,2,-1,-1,1,2,1,3,0,-1,200,0,9223372036800000000,1e+75,0,10,0,0,7,0,0,1,0,0,2,1,0,0,0,0,0,0,2,0,1,-1,-1,-1,-1,0,10,-1,1,1,3,-1,-1,-1,0,0,1,0,0,10,0,0,0,13.65
1,0,0,0,-1,0,1,4,0,0,0,0,0,0,0,-1,1,-1,0,0,2,3,0,-1,100,0,9223372036800000000,1e+75,0,10,0,0,7,0,0,1,0,0,1,1,0,0,0,0,0,0,2,0,1,-1,-1,-1,-1,0,10,-1,1,1,3,-1,-1,-1,0,0,1,0,0,10,0,0,0,30.55
1,0,0,0,-1,0,1,0,0,0,0,0,-1,0,0,-1,-1,2,-1,-1,1,2,0,16,150,0,9223372036800000000,1e+75,0,10,0,0,4,-1,0,1,0,0,1,1,0,0,0,0,1,4,2,0,1,-1,-1,2,-1,0,10,-1,1,1,3,-1,-1,-1,0,0,1,0,0,10,0,0,0,65.01
1,0,0,0,-1,0,1,1,0,0,0,0,-1,0,0,2,-1,-1,1,2,1,3,0,-1,200,0,9223372036800000000,40,0,10,0,0,7,0,0,1,0,0,1,1,0,0,0,0,0,0,2,0,1,-1,-1,-1,-1,0,10,-1,1,1,3,-1,-1,-1,0,0,1,0,0,10,0,0,0,13.65
1,0,0,0,-1,0,1,0,0,0,0,0,0,0,0,-1,2,1,1,0,2,5,0,-1,25,0,9223372036800000000,1e+75,0,10,0,0,2,1,0,1,0,0,1,1,0,0,0,0,0,-1,2,0,1,-1,0,-1,-1,0,10,-1,1,1,3,-1,-1,-1,0,0,1,0,0,10,0,0,0,12.46
1,0,0,0,-1,0,1,4,0,0,0,0,2,0,0,-1,1,-1,-1,0,2,3,0,-1,100,0,9223372036800000000,1e+75,0,10,0,0,7,0,0,1,0,0,1,1,0,0,0,0,0,0,2,0,1,-1,-1,-1,-1,0,10,-1,1,1,3,-1,-1,-1,0,0,1,0,0,10,0,0,0,20.17
1,0,0,0,-1,0,1,1,0,0,0,0,-1,0,0,2,-1,-1,1,2,1,2,0,-1,200,0,9223372036800000000,1e+75,0,10,0,0,7,0,0,1,0,0,1,1,0,0,0,0,0,0,2,0,1,-1,-1,-1,-1,0,10,-1,1,1,3,-1,-1,-1,0,0,1,0,0,10,0,0,0,31.41
1,0,0,0,-1,0,1,5,0,0,0,0,1,0,1,0,-1,2,1,-1,0,3,0,-1,200,0,9223372036800000000,1e+75,0,10,0,0,2,0,0,1,0,0,1,1,0,0,0,0,0,1,2,0,1,-1,-1,-1,-1,0,10,-1,1,1,3,-1,-1,-1,0,0,1,0,0,10,0,0,0,34.31
1,0,0,0,-1,0,1,0,0,0,0,0,-1,0,1,-1,2,-1,1,1,-1,3,0,-1,25,0,9223372036800000000,1e+75,0,10,0,0,7,0,0,1,0,0,1,1,0,0,0,0,0,0,2,0,1,-1,-1,-1,-1,0,10,-1,1,1,3,-1,-1,-1,0,0,1,0,0,10,0,0,0,26.35
1,0,0,0,-1,0,1,3,0,0,0,0,2,0,1,-1,-1,-1,1,2,2,5,0,2,100,0,9223372036800000000,1e+75,0,10,0,0,3,-1,0,1,0,0,1,1,0,0,0,0,4,0,2,0,1,-1,1,1,-1,0,10,-1,1,1,3,-1,-1,-1,0,0,1,0,0,10,0,0,0,1.79769e+308
1,0,0,0,-1,0,1,2,0,0,0,0,-1,0,1,-1,2,-1,1,0,-1,3,0,-1,25,0,9223372036800000000,1e+75,0,10,0,0,7,0,0,1,0,0,1,1,0,0,0,0,0,0,2,0,1,-1,-1,-1,-1,0,10,-1,1,1,3,-1,-1,-1,0,0,1,0,0,10,0,0,0,15.14
1,0,0,0,-1,0,1,1,0,0,0,0,-1,0,0,2,-1,-1,1,2,1,3,0,-1,200,0,9223372036800000000,1e+75,0,10,0,0,7,0,0,1,0,0,1,1,0,0,0,0,0,1,2,0,1,-1,-1,-1,-1,0,10,-1,1,1,3,-1,-1,-1,0,0,1,0,0,10,0,0,0,16.03
1,0,0,0,-1,0,1,4,0,0,0,0,0,0,0,1,1,-1,-1,0,2,3,0,-1,100,0,9223372036800000000,1e+75,0,10,0,0,7,0,0,1,0,0,1,1,0,0,0,0,0,0,2,0,1,-1,-1,-1,-1,0,10,-1,1,1,3,-1,-1,-1,0,0,1,0,0,10,0,0,0,38.08
1,0,0,0,-1,0,1,0,0,0,0,0,3,0,0,1,1,1,2,-1,-1,5,0,-1,400,0,9223372036800000000,1e+75,0,10,0,0,30,1,0,1,0,0,1,1,0,0,0,0,4,4,2,0,1,-1,-1,-1,-1,0,10,-1,1,1,3,-1,-1,-1,0,0,1,0,0,10,0,0,0,41.88
1,0,0,0,-1,0,1,1,0,0,0,0,-1,0,0,2,-1,-1,1,2,1,3,0,-1,200,0,9223372036800000000,1e+75,0,10,0,0,7,0,0,1,0,0,1,1,0,0,40,0,0,0,2,0,1,-1,-1,-1,-1,0,10,-1,1,1,3,-1,-1,-1,0,0,1,0,0,10,0,0,0,23.07
1,0,0,0,-1,0,1,0,0,0,0,0,-1,0,1,-1,2,1,1,0,-1,3,0,-1,25,0,9223372036800000000,1e+75,0,10,0,0,7,0,0,1,0,0,1,1,0,0,0,0,0,0,2,0,1,-1,-1,-1,-1,0,10,-1,1,1,3,-1,-1,-1,0,0,1,0,0,10,0,0,0,23.89
1,0,0,0,-1,0,1,0,0,0,0,0,-1,0,0,1,2,-1,2,-1,0,3,0,-1,200,0,9223372036800000000,1e+75,0,10,0,0,2,0,0,1,0,0,1,1,0,0,0,0,0,2,2,0,1,-1,-1,-1,-1,0,10,-1,1,1,3,-1,-1,-1,0,0,1,0,0,10,0,0,0,55.41
1,0,0,0,-1,0,1,1,0,0,0,0,-1,0,0,2,-1,-1,1,2,1,3,0,-1,200,0,9223372036800000000,1e+75,0,10,0,0,2,0,0,1,0,0,1,1,0,0,0,0,0,0,2,0,1,-1,-1,-1,-1,0,10,-1,0,1,3,-1,-1,-1,0,0,1,0,0,10,0,0,0,48.63
1,0,0,0,-1,0,1,0,0,0,0,0,2,0,0,2,2,1,1,-1,-1,3,0,2,400,0,9223372036800000000,1e+75,0,10,0,0,2,0,0,1,0,0,1,1,0,0,0,0,0,2,2,0,1,-1,-1,-1,-1,0,10,-1,1,1,3,-1,-1,-1,0,0,1,0,0,10,0,0,0,56.28
1,0,0,0,-1,0,1,4,0,0,0,0,0,0,0,-1,1,-1,-1,0,0,3,0,-1,100,0,9223372036800000000,1e+75,0,10,0,0,7,0,0,1,0,0,1,1,0,0,0,0,0,0,2,0,1,-1,-1,-1,-1,0,10,-1,1,1,3,-1,-1,-1,0,0,1,0,0,10,0,0,0,30.16
1,0,0,0,-1,0,1,1,0,0,0,0,-1,0,0,2,-1,-1,1,2,1,3,0,-1,200,0,9223372036800000000,2,0,10,0,0,7,0,0,1,0,0,1,1,0,0,0,0,0,0,2,0,1,-1,-1,-1,-1,0,10,-1,1,1,3,-1,-1,-1,0,0,1,0,0,10,0,0,0,13.65
1,0,0,0,-1,0,1,5,0,0,0,0,-1,0,-1,-1,2,0,0,-1,-1,5,0,-1,50,0,9223372036800000000,1e+75,0,10,0,0,5,0,0,1,0,0,1,1,0,0,0,0,1,-1,2,0,1,-1,-1,-1,-1,0,10,-1,1,1,3,-1,-1,-1,0,0,1,0,0,10,0,0,0,91.2
1,0,0,0,-1,0,1,1,0,0,0,0,-1,0,0,2,-1,-1,1,2,1,3,0,-1,200,0,9223372036800000000,1e+75,0,10,0,0,2,0,0,1,0,0,1,1,0,0,0,2,0,0,2,0,1,-1,-1,-1,-1,0,10,-1,1,1,3,-1,-1,-1,0,0,1,0,0,10,0,0,0,12.47
1,0,0,0,-1,0,1,4,0,0,0,0,0,0,0,-1,1,0,-1,0,2,3,0,-1,100,0,9223372036800000000,1e+75,0,10,0,0,7,0,0,1,0,0,1,1,0,0,0,0,0,0,2,0,1,-1,-1,-1,-1,0,10,-1,1,1,3,-1,-1,-1,0,0,1,0,0,10,0,0,0,30.23
1,0,0,0,-1,0,1,1,0,0,0,0,-1,0,0,2,-1,-1,1,2,1,3,0,-1,200,0,9223372036800000000,1e+75,0,10,0,0,2,0,0,1,0,0,1,0,0,0,0,0,0,0,2,0,1,-1,-1,-1,-1,0,10,-1,1,1,3,-1,-1,-1,0,0,1,0,0,10,0,0,0,12.47
1,0,0,0,-1,0,1,4,0,0,0,0,0,0,0,-1,1,-1,-1,1,2,3,0,-1,100,0,9223372036800000000,1e+75,0,10,0,0,7,0,0,1,0,0,1,1,0,0,0,0,0,0,2,0,1,-1,-1,-1,-1,0,10,-1,1,1,3,-1,-1,-1,0,0,1,0,0,10,0,0,0,28.64
1,0,0,0,-1,0,1,4,0,0,0,0,3,0,-1,0,0,1,1,0,2,0,0,1,25,0,9223372036800000000,1e+75,0,10,0,0,5,-1,0,1,0,0,1,1,0,0,0,0,1,-1,2,0,1,-1,-1,-1,-1,0,10,-1,1,1,3,-1,-1,-1,0,0,1,0,0,10,0,0,0,77.57
1,0,0,0,-1,0,1,1,0,0,0,0,-1,0,0,2,-1,-1,1,2,1,3,0,2,200,0,9223372036800000000,1e+75,0,10,0,0,2,0,0,1,0,0,1,1,0,0,0,0,0,0,2,0,1,-1,-1,-1,-1,0,10,-1,1,1,3,-1,-1,-1,0,0,1,0,0,10,0,0,0,23.88
1,0,0,0,-1,0,1,1,0,0,0,0,-1,0,0,2,-1,-1,1,2,1,3,0,-1,200,0,9223372036800000000,60,0,10,0,0,7,0,0,1,0,0,1,1,0,0,0,0,0,0,2,0,1,-1,-1,-1,-1,0,10,-1,1,1,3,-1,-1,-1,0,0,1,0,0,10,0,0,0,13.65
1,0,0,0,-1,0,1,0,0,0,0,0,0,0,0,-1,0,-1,0,1,-1,3,0,-1,150,0,9223372036800000000,1e+75,0,10,0,0,7,0,0,1,0,0,1,1,0,0,0,0,0,0,2,0,1,-1,-1,-1,-1,0,10,-1,1,1,3,-1,-1,-1,0,0,1,0,0,10,0,0,0,24.91
1,0,0,0,-1,0,1,4,0,0,0,0,0,0,0,-1,0,-1,0,1,2,3,0,-1,150,0,9223372036800000000,1e+75,0,10,0,0,7,0,0,1,0,0,1,1,0,0,0,0,0,0,2,0,1,-1,-1,-1,-1,0,10,-1,1,1,3,-1,-1,-1,0,0,1,0,0,10,0,0,0,31.17
1,0,0,0,-1,0,1,4,0,0,0,0,3,0,-1,0,0,1,1,0,2,1,0,1,25,0,9223372036800000000,1e+75,0,10,0,0,5,-1,0,1,0,0,1,1,0,0,0,0,1,-1,2,0,1,-1,-1,-1,-1,0,10,-1,1,1,3,-1,-1,-1,0,0,1,0,0,10,0,0,0,77.57
1,0,0,0,-1,0,1,1,0,0,0,0,-1,0,0,2,-1,-1,1,2,1,3,0,-1,200,0,9223372036800000000,1e+75,0,10,0,0,2,0,0,1,0,0,1,1,0,0,0,0,0,0,2,0,1,-1,-1,-1,-1,-1,10,-1,1,1,3,-1,-1,-1,0,0,1,0,0,10,0,0,0,12.47
1,0,0,0,-1,0,1,0,0,0,0,0,0,0,0,0,0,0,0,0,0,3,0,-1,200,0,9223372036800000000,1e+75,0,10,0,0,7,0,0,1,0,0,1,1,0,0,0,0,0,0,2,0,1,-1,-1,-1,-1,0,10,-1,1,1,3,-1,-1,-1,0,0,1,0,0,10,0,0,0,33.25
1,0,0,0,-1,0,1,0,0,0,0,0,0,0,0,-1,2,1,1,0,2,3,0,-1,25,0,9223372036800000000,1e+75,0,10,0,0,2,1,0,1,0,0,1,1,0,0,0,0,0,-1,2,0,1,-1,-1,-1,-1,0,10,-1,1,1,3,-1,-1,-1,0,0,1,0,0,10,1,0,0,11.71
1,0,0,0,-1,0,2,0,0,0,0,0,0,0,0,-1,2,1,1,0,2,5,0,-1,25,0,9223372036800000000,1e+75,0,10,0,0,2,1,0,1,0,0,1,1,0,0,0,0,0,-1,2,0,1,-1,-1,-1,-1,0,10,-1,1,1,3,-1,-1,-1,0,0,1,0,0,10,0,0,0,10.13
1,0,0,0,-1,0,1,4,0,0,0,0,-1,0,0,2,-1,-1,1,2,1,3,0,-1,200,0,9223372036800000000,1e+75,0,10,0,0,7,0,0,1,0,0,1,1,0,0,0,0,0,0,2,0,1,-1,-1,-1,-1,0,10,-1,1,1,3,-1,-1,-1,0,0,1,0,0,10,0,0,0,29.51
1,0,0,0,-1,0,1,1,0,0,0,0,2,0,0,2,-1,-1,1,2,1,3,0,-1,200,0,9223372036800000000,1e+75,0,10,0,0,7,0,0,1,0,0,1,1,0,0,0,0,0,0,2,0,1,-1,-1,-1,-1,0,10,-1,1,1,3,-1,-1,-1,0,0,1,0,0,10,0,0,0,17.53
1,0,0,0,-1,0,1,3,0,0,0,0,-1,0,0,-1,2,1,0,-1,-1,3,0,-1,150,0,9223372036800000000,1e+75,0,10,0,0,4,0,0,1,0,0,1,1,0,0,0,0,0,-1,2,0,1,-1,-1,-1,-1,0,10,-1,1,1,3,-1,-1,-1,0,0,1,0,0,10,0,0,0,68.9
1,0,0,0,-1,0,1,0,0,0,0,0,3,0,1,2,-1,-1,2,1,0,3,0,8,800,0,9223372036800000000,1e+75,0,10,0,0,10,1,0,1,0,0,1,1,0,0,0,0,0,1,2,0,1,-1,-1,-1,-1,0,10,-1,1,1,3,-1,-1,-1,0,0,1,0,0,10,0,0,0,30.28
1,0,0,0,-1,0,1,1,0,0,0,0,-1,0,0,2,0,-1,1,2,1,3,0,-1,200,0,9223372036800000000,1e+75,0,10,0,0,7,0,0,1,0,0,1,1,0,0,0,0,0,0,2,0,1,-1,-1,-1,-1,0,10,-1,1,1,3,-1,-1,-1,0,0,1,0,0,10,0,0,0,13.65
1,0,0,0,-1,0,1,1,0,0,0,0,-1,-1,0,2,-1,-1,1,2,1,3,0,-1,200,0,9223372036800000000,1e+75,0,10,0,0,7,0,0,1,0,0,1,1,0,0,0,0,0,0,2,0,1,-1,-1,-1,-1,0,10,-1,1,1,3,-1,-1,-1,0,0,1,0,0,10,0,0,0,20.24
1,0,0,0,-1,0,1,1,0,0,0,0,-1,0,0,2,-1,-1,1,2,1,3,0,-1,200,0,9223372036800000000,30,0,10,0,0,7,0,0,1,0,0,1,1,0,0,0,0,0,0,2,0,1,-1,-1,-1,-1,0,10,-1,1,1,3,-1,-1,-1,0,0,1,0,0,10,0,0,0,13.65
1,0,0,0,-1,0,1,1,0,0,0,0,-1,0,0,2,-1,1,1,1,1,3,0,-1,200,0,9223372036800000000,1e+75,0,10,0,0,7,0,0,1,0,0,1,1,0,0,0,0,0,0,2,0,1,-1,-1,-1,-1,0,10,-1,1,1,3,-1,-1,-1,0,0,1,0,0,10,0,0,0,21.82
1,0,0,0,-1,0,1,4,0,0,0,0,1,0,-1,0,0,2,0,1,-1,3,0,-1,10,0,9223372036800000000,1e+75,0,10,0,0,7,0,0,1,0,0,1,1,0,0,0,0,0,0,2,0,1,-1,-1,-1,-1,0,10,-1,1,1,3,-1,-1,-1,0,0,1,0,0,10,0,0,0,28.83
1,0,0,0,-1,0,1,5,0,0,0,0,-1,0,-1,2,-1,1,1,-1,2,3,0,-1,100,0,9223372036800000000,1e+75,0,10,0,0,3,0,0,1,0,0,1,1,0,0,0,0,0,-1,2,0,1,-1,-1,-1,-1,0,10,-1,1,1,3,-1,-1,-1,0,0,1,0,0,10,0,0,0,68.07
1,0,0,0,-1,0,1,4,0,0,0,0,0,0,0,-1,2,-1,0,1,-1,3,0,-1,150,0,9223372036800000000,1e+75,0,10,0,0,7,0,0,1,0,0,1,1,0,0,0,0,0,0,2,0,1,-1,-1,-1,-1,0,10,-1,1,1,3,-1,-1,-1,0,0,1,0,0,10,0,0,0,22.59
1,0,0,0,-1,0,1,0,0,0,0,0,-1,0,1,-1,2,-1,1,0,1,3,0,-1,25,0,9223372036800000000,1e+75,0,10,0,0,7,0,0,1,0,0,1,1,0,0,0,0,0,0,2,0,1,-1,-1,-1,-1,0,10,-1,1,1,3,-1,-1,-1,0,0,1,0,0,10,0,0,0,30.92
1,0,0,0,-1,0,1,4,0,0,0,0,-1,0,-1,0,0,1,0,0,2,0,0,8,800,0,9223372036800000000,1e+75,0,10,0,0,5,-1,0,1,0,0,1,1,0,0,0,0,2,-1,2,0,1,-1,-1,-1,-1,0,10,-1,1,1,3,-1,-1,-1,0,0,1,0,0,10,0,0,0,88.01
1,0,0,0,-1,0,1,3,0,0,0,0,-1,0,0,2,-1,-1,1,2,1,3,0,-1,200,0,9223372036800000000,1e+75,0,10,0,0,7,0,0,1,0,0,1,1,0,0,0,0,0,0,2,0,1,-1,-1,-1,-1,0,10,-1,1,1,3,-1,-1,-1,0,0,1,0,0,10,0,0,0,31.07
1,0,0,0,-1,0,1,5,0,0,0,0,1,0,0,1,-1,0,2,0,0,3,0,-1,50,0,9223372036800000000,1e+75,0,10,0,0,2,0,0,1,0,0,1,1,0,0,0,0,0,-1,2,0,1,-1,-1,-1,-1,0,10,-1,1,1,3,-1,-1,-1,0,0,1,0,0,10,0,0,0,39.36
1,0,0,0,-1,0,1,1,0,0,0,0,-1,0,0,2,-1,-1,1,2,1,3,0,-1,200,0,9223372036800000000,1e+75,0,10,0,0,7,0,0,1,0,0,1,1,0,0,0,0,0,4,2,0,1,-1,-1,-1,-1,0,10,-1,1,1,3,-1,-1,-1,0,0,1,0,0,10,0,0,0,13.65
1,0,0,0,-1,0,1,0,0,0,0,0,-1,0,0,-1,0,-1,0,1,-1,3,0,-1,150,0,9223372036800000000,1e+75,0,10,0,0,7,0,0,1,0,0,1,1,0,0,0,0,0,0,2,0,1,-1,-1,-1,-1,0,10,-1,1,1,3,-1,-1,-1,0,0,1,0,0,10,0,0,0,27.64
1,0,0,0,-1,0,1,4,0,0,0,0,0,0,0,-1,1,-1,-1,0,2,3,0,-1,100,0,9223372036800000000,1e+75,0,10,0,0,7,0,0,1,0,0,1,1,0,0,0,0,0,0,2,0,1,-1,-1,-1,-1,0,10,-1,1,1,3,-1,-1,-1,0,0,1,0,0,10,0,0,0,20.17
1,0,0,0,-1,0,1,3,0,0,0,0,1,0,0,2,-1,-1,1,1,1,3,0,-1,200,0,9223372036800000000,1e+75,0,10,0,0,7,0,0,1,0,0,1,1,0,0,0,0,0,0,2,0,1,-1,-1,-1,-1,0,10,-1,1,1,3,-1,-1,-1,0,0,1,0,0,10,0,0,0,28.85
1,0,0,0,-1,0,1,0,0,0,0,0,3,0,0,1,1,1,-1,-1,-1,5,0,-1,800,0,9223372036800000000,1e+75,0,10,0,0,30,1,0,1,0,0,1,1,0,0,0,0,4,4,2,0,1,-1,-1,-1,-1,0,10,-1,1,1,3,-1,-1,-1,0,0,1,0,0,10,0,0,0,42.58
1,0,0,0,-1,0,1,1,0,0,0,0,-1,0,0,2,-1,-1,1,2,1,3,0,-1,200,0,9223372036800000000,20,0,10,0,0,7,0,0,1,0,0,1,1,0,0,0,0,0,0,2,0,1,-1,-1,-1,-1,0,10,-1,1,1,3,-1,-1,-1,0,0,1,0,0,10,0,0,0,13.65
1,0,0,0,-1,0,1,0,0,0,0,0,0,0,0,-1,2,1,1,0,2,3,0,-1,25,0,9223372036800000000,1e+75,0,10,0,0,2,1,0,1,0,0,1,1,0,0,0,0,0,-1,2,0,1,-1,-1,-1,-1,0,10,-1,1,1,3,-1,-1,-1,0,0,1,1,0,10,0,0,0,18.88
1,0,0,0,-1,0,1,3,0,0,0,0,-1,0,-1,-1,1,2,2,1,1,3,0,-1,100,0,9223372036800000000,1e+75,0,10,0,0,7,0,0,1,0,0,1,1,0,0,0,0,0,0,2,0,1,-1,-1,-1,-1,0,10,-1,1,1,3,-1,-1,-1,0,0,1,0,0,10,0,0,0,31.54
1,0,0,0,-1,0,1,1,0,0,0,0,-1,2,0,2,-1,-1,1,2,1,3,0,-1,200,0,9223372036800000000,1e+75,0,10,0,0,7,0,0,1,0,0,1,1,0,0,0,0,0,0,2,0,1,-1,-1,-1,-1,0,10,-1,1,1,3,-1,-1,-1,0,0,1,0,0,10,0,0,0,13.65
1,0,0,0,-1,0,1,1,0,0,0,0,-1,0,0,2,-1,-1,1,2,1,3,0,-1,200,0,9223372036800000000,1e+75,0,10,0,0,7,1,0,1,0,0,1,1,0,0,0,0,0,0,2,0,1,-1,-1,-1,-1,0,10,-1,1,1,3,-1,-1,-1,0,0,1,0,0,10,0,0,0,33.93
1,0,0,0,-1,0,1,0,0,0,0,0,0,0,-1,-1,0,-1,0,1,-1,3,0,-1,150,0,9223372036800000000,1e+75,0,10,0,0,7,0,0,1,0,0,1,1,0,0,0,0,0,0,2,0,1,-1,-1,-1,-1,0,10,-1,1,1,3,-1,-1,-1,0,0,1,0,0,10,0,0,0,24.91
1,0,0,0,-1,0,1,3,0,0,0,0,2,0,1,2,-1,-1,1,-1,2,5,0,2,100,0,9223372036800000000,1e+75,0,10,0,0,3,-1,0,1,0,0,1,1,0,0,0,0,4,0,2,0,1,-1,1,1,-1,0,10,-1,1,1,3,-1,-1,-1,0,0,1,0,0,10,0,0,0,36.47
1,0,0,0,-1,0,1,0,0,0,0,0,2,0,1,1,2,-1,1,0,-1,3,0,-1,25,0,9223372036800000000,1e+75,0,10,0,0,7,0,0,1,0,0,1,1,0,0,0,0,0,0,2,0,1,-1,-1,-1,-1,0,10,-1,1,1,3,-1,-1,-1,0,0,1,0,0,10,0,0,0,39.74
1,0,0,0,-1,0,1,5,0,0,0,0,2,0,1,-1,2,0,2,0,2,3,0,4,400,0,9223372036800000000,1e+75,0,10,0,0,2,0,0,1,0,0,1,1,0,0,0,0,0,1,2,0,1,-1,-1,-1,-1,0,10,-1,1,1,3,-1,-1,-1,0,0,1,0,0,10,0,0,0,31.41
1,0,0,0,-1,0,1,3,0,0,0,0,-1,0,0,2,-1,-1,1,1,1,3,0,-1,200,0,9223372036800000000,1e+75,0,10,0,0,7,0,0,1,0,0,1,1,0,0,0,0,0,0,2,0,1,-1,-1,-1,-1,0,10,-1,1,1,3,-1,-1,-1,0,0,1,0,0,10,0,0,0,31.07
1,0,0,0,-1,0,1,2,0,0,0,0,0,0,-1,-1,2,1,1,-1,-1,3,0,-1,150,0,9223372036800000000,1e+75,0,10,0,0,7,0,0,1,0,0,1,1,0,0,0,0,0,0,2,0,1,-1,-1,-1,-1,0,10,-1,1,1,3,-1,-1,-1,0,0,1,0,0,10,0,0,0,59.18
1,0,0,0,-1,0,1,3,0,0,0,0,-1,0,-1,-1,-1,-1,-1,-1,2,0,0,2,100,0,9223372036800000000,1e+75,0,10,0,0,3,-1,0,1,0,0,1,1,0,0,0,0,4,-1,2,0,1,-1,-1,-1,-1,0,10,-1,1,1,3,-1,-1,-1,0,0,1,0,0,10,0,0,0,74.87
1,0,0,0,-1,0,1,0,0,0,0,0,0,0,0,-1,0,-1,0,0,-1,3,0,-1,150,0,9223372036800000000,1e+75,0,10,0,0,7,0,0,1,0,0,1,1,0,0,0,0,0,0,2,0,1,-1,-1,-1,-1,0,10,-1,1,1,3,-1,-1,-1,0,0,1,0,0,10,0,0,0,30.69
1,0,0,0,-1,0,1,1,0,0,0,0,-1,0,0,2,-1,-1,1,2,1,3,0,-1,200,0,9223372036800000000,5,0,10,0,0,7,0,0,1,0,0,1,1,0,0,0,0,0,0,2,0,1,-1,-1,-1,-1,0,10,-1,1,1,3,-1,-1,-1,0,0,1,0,0,10,0,0,0,13.65
1,0,0,0,-1,0,1,4,0,0,0,0,0,0,1,-1,1,-1,-1,0,2,3,0,-1,100,0,9223372036800000000,1e+75,0,10,0,0,7,0,0,1,0,0,1,1,0,0,0,0,0,0,2,0,1,-1,-1,-1,-1,0,10,-1,1,1,3,-1,-1,-1,0,0,1,0,0,10,0,0,0,20.17
1,0,0,0,-1,0,1,0,0,0,0,0,0,0,0,-1,2,1,1,0,2,2,0,-1,25,0,9223372036800000000,1e+75,0,10,0,0,2,1,0,1,0,0,1,1,0,0,0,0,0,-1,2,0,1,-1,-1,-1,-1,0,10,-1,1,1,3,-1,-1,-1,0,0,1,0,0,10,0,0,0,29
1,0,0,0,-1,0,1,0,0,0,0,0,0,0,0,-1,2,1,1,0,2,3,0,-1,10,0,9223372036800000000,1e+75,0,10,0,0,2,1,0,1,0,0,1,1,0,0,0,0,0,-1,2,0,1,-1,-1,-1,-1,0,10,-1,1,1,3,-1,-1,-1,0,0,1,0,0,10,0,0,0,16.15
1,0,0,0,-1,0,1,0,0,0,0,0,0,0,1,-1,2,-1,1,0,-1,3,0,-1,25,0,9223372036800000000,1e+75,0,10,0,0,7,0,0,1,0,0,1,1,0,0,0,0,0,0,2,0,1,-1,-1,-1,-1,0,10,-1,1,1,3,-1,-1,-1,0,0,1,0,0,10,0,0,0,21.16
1,0,0,0,-1,0,1,0,0,0,0,0,0,0,1,-1,2,2,0,0,0,3,0,-1,100,0,9223372036800000000,1e+75,0,10,0,0,2,0,0,1,0,0,1,1,0,0,0,0,0,1,2,0,1,-1,-1,-1,-1,0,10,-1,1,1,3,-1,-1,-1,0,0,1,0,0,10,0,0,0,32.27
1,0,0,0,-1,0,1,4,0,0,0,0,3,0,1,0,1,1,-1,-1,2,3,0,-1,800,0,9223372036800000000,1e+75,0,10,0,0,7,0,0,1,0,0,1,1,0,0,0,0,0,0,2,0,1,-1,-1,-1,-1,0,10,-1,1,1,3,-1,-1,-1,0,0,1,0,0,10,0,0,0,38.45
1,0,0,0,-1,0,1,4,0,0,0,0,0,0,-1,-1,1,-1,-1,0,2,3,0,-1,100,0,9223372036800000000,1e+75,0,10,0,0,7,0,0,1,0,0,1,1,0,0,0,0,0,0,2,0,1,-1,-1,-1,-1,0,10,-1,1,1,3,-1,-1,-1,0,0,1,0,0,10,0,0,0,20.17
1,0,0,0,-1,0,1,1,0,0,0,0,-1,0,0,2,-1,-1,1,2,1,3,0,-1,200,0,9223372036800000000,1e+75,0,10,0,0,2,0,0,1,0,0,1,1,0,0,0,0,0,0,2,0,1,-1,-1,-1,-1,0,10,-1,1,1,3,-1,-1,-1,0,0,1,0,0,10,0,0,0,12.47
1,0,0,0,-1,0,1,0,0,0,0,0,0,0,0,-1,2,1,1,0,2,5,0,-1,25,0,9223372036800000000,1e+75,0,10,0,0,2,1,0,1,0,0,1,1,0,0,0,0,0,-1,2,0,1,-1,-1,0,-1,0,10,-1,1,1,3,-1,-1,-1,0,0,-1,0,0,10,0,0,0,8.94
1,0,0,0,-1,0,1,0,0,0,0,0,2,0,1,-1,2,-1,1,0,-1,3,0,-1,25,0,9223372036800000000,1e+75,0,10,0,0,7,0,0,1,0,0,1,1,0,0,0,0,0,0,2,0,1,-1,-1,-1,-1,0,10,-1,1,1,3,-1,-1,-1,0,0,1,0,0,10,0,0,0,21.16
1,0,0,0,-1,0,1,1,0,0,0,0,-1,0,0,2,-1,-1,1,2,1,3,0,-1,200,0,9223372036800000000,1e+75,0,10,0,0,2,0,0,1,0,0,1,1,0,0,0,1,0,0,2,0,1,-1,-1,-1,-1,0,10,-1,1,1,3,-1,-1,-1,0,0,1,0,0,10,0,0,0,19.84
1,0,0,0,-1,0,1,4,0,0,0,0,0,0,0,0,0,-1,0,1,-1,3,0,-1,150,0,9223372036800000000,1e+75,0,10,0,0,7,0,0,1,0,0,1,1,0,0,0,0,0,0,2,0,1,-1,-1,-1,-1,0,10,-1,1,1,3,-1,-1,-1,0,0,1,0,0,10,0,0,0,22.59
1,0,0,0,-1,0,1,1,0,0,0,0,-1,0,0,2,-1,-1,1,2,1,3,0,-1,200,0,9223372036800000000,1e+75,0,10,0,0,7,0,3,1,0,0,1,1,0,0,0,0,0,0,2,0,1,-1,-1,-1,-1,0,10,-1,1,1,3,-1,-1,-1,0,0,1,0,0,10,0,0,0,24.21
1,0,0,0,-1,0,1,1,0,0,0,0,-1,0,-1,2,-1,-1,1,2,1,3,0,-1,200,0,9223372036800000000,1e+75,0,10,0,0,7,0,0,1,0,0,1,1,0,0,0,0,0,0,2,0,1,-1,-1,-1,-1,0,10,-1,1,1,3,-1,-1,-1,0,0,1,0,0,10,0,0,0,13.65
1,0,0,0,-1,0,1,0,0,0,0,0,-1,0,0,-1,-1,2,-1,-1,1,1,0,16,150,0,9223372036800000000,1e+75,0,10,0,0,4,-1,0,1,0,0,1,1,0,0,0,0,1,-1,2,0,1,-1,-1,1,-1,0,10,-1,1,1,3,-1,-1,-1,0,0,1,0,0,10,0,0,0,75.89
1,0,0,0,-1,0,1,0,0,0,0,0,-1,0,0,-1,-1,2,-1,-1,1,1,0,16,150,0,9223372036800000000,1e+75,0,10,0,0,4,-1,0,1,0,0,1,1,0,0,0,0,1,4,2,0,1,-1,-1,2,-1,0,10,-1,1,1,3,-1,-1,-1,0,0,1,0,0,10,0,0,0,65.01
1,0,0,0,-1,0,1,1,0,0,0,0,-1,0,0,2,-1,-1,1,2,1,3,0,-1,200,0,9223372036800000000,1e+75,0,10,0,0,7,0,0,1,0,0,1,1,0,0,0,0,0,0,2,0,1,-1,-1,3,-1,0,10,-1,1,1,3,-1,-1,-1,0,0,1,0,0,10,0,0,0,13.65
1,0,0,0,-1,0,1,5,0,0,0,0,3,0,-1,-1,2,0,1,-1,0,3,0,-1,800,0,9223372036800000000,1e+75,0,10,0,0,7,0,0,1,0,0,1,1,0,0,0,0,0,0,2,0,1,-1,-1,-1,-1,0,10,-1,1,1,3,-1,-1,-1,0,0,1,0,0,10,0,0,0,53.19
1,0,0,0,-1,0,1,0,0,0,0,0,0,0,1,-1,2,1,1,0,2,3,0,-1,25,0,9223372036800000000,1e+75,0,10,0,0,2,1,0,1,0,0,1,1,0,0,0,0,0,-1,2,0,1,-1,-1,-1,-1,0,10,-1,1,1,3,-1,-1,-1,0,0,1,0,0,10,0,0,0,11.71
1,0,0,0,-1,0,1,1,0,0,0,0,-1,0,0,2,-1,-1,1,2,1,3,0,-1,200,0,9223372036800000000,0,0,10,0,0,7,0,0,1,0,0,1,1,0,0,0,0,0,0,2,0,1,-1,-1,-1,-1,0,10,-1,1,1,3,-1,-1,-1,0,0,1,0,0,10,0,0,0,17.94
1,0,0,0,-1,0,1,1,0,0,0,0,-1,0,0,2,-1,-1,1,2,0,3,0,-1,200,0,9223372036800000000,1e+75,0,10,0,0,7,0,0,1,0,0,1,1,0,0,0,0,0,0,2,0,1,-1,-1,-1,-1,0,10,-1,1,1,3,-1,-1,-1,0,0,1,0,0,10,0,0,0,13.65
1,0,0,0,-1,0,1,3,0,0,0,0,-1,0,0,2,-1,-1,2,1,1,3,0,-1,200,0,9223372036800000000,1e+75,0,10,0,0,7,0,0,1,0,0,1,1,0,0,0,0,0,0,2,0,1,-1,-1,-1,-1,0,10,-1,1,1,3,-1,-1,-1,0,0,1,0,0,10,0,0,0,31.07
1,0,0,0,-1,0,1,3,0,0,0,0,-1,0,0,2,2,-1,1,0,1,3,0,8,800,0,9223372036800000000,1e+75,0,10,0,0,10,1,0,1,0,0,1,1,0,0,0,0,1,-1,2,0,1,-1,-1,-1,-1,0,10,-1,1,1,3,-1,-1,-1,0,0,1,0,0,10,0,0,0,49.62
1,0,0,0,-1,0,1,1,0,0,0,0,-1,0,0,2,-1,-1,1,2,1,3,0,-1,200,0,9223372036800000000,1e+75,0,10,0,0,2,-1,0,1,0,0,1,1,0,0,0,0,0,0,2,0,1,-1,-1,-1,-1,0,10,-1,1,1,3,-1,-1,-1,0,0,1,0,0,10,0,0,0,36.43
1,0,0,0,-1,0,1,1,0,0,0,0,3,0,0,2,-1,-1,1,2,1,3,0,-1,200,0,9223372036800000000,1e+75,0,10,0,0,7,0,0,1,0,0,1,1,0,0,0,0,0,0,2,0,1,-1,-1,-1,-1,0,10,-1,1,1,3,-1,-1,-1,0,0,1,0,0,10,0,0,0,17.53
1,0,0,0,-1,0,1,1,0,0,0,0,-1,0,0,2,-1,-1,1,2,1,0,0,-1,200,0,9223372036800000000,1e+75,0,10,0,0,7,0,0,1,0,0,1,1,0,0,0,0,0,0,2,0,1,-1,-1,-1,-1,0,10,-1,1,1,3,-1,-1,-1,0,0,1,0,0,10,0,0,0,53.61
1,0,0,0,-1,0,1,4,0,0,0,0,0,0,0,-1,0,-1,0,-1,-1,3,0,-1,150,0,9223372036800000000,1e+75,0,10,0,0,7,0,0,1,0,0,1,1,0,0,0,0,0,0,2,0,1,-1,-1,-1,-1,0,10,-1,1,1,3,-1,-1,-1,0,0,1,0,0,10,0,0,0,52.07
1,0,0,0,-1,0,1,0,0,0,0,0,-1,0,-1,2,-1,-1,2,-1,-1,0,0,16,100,0,9223372036800000000,1e+75,0,10,0,0,3,0,0,1,0,0,1,1,0,0,0,0,0,0,2,0,1,-1,-1,-1,-1,0,10,-1,1,1,3,-1,-1,-1,0,0,1,0,0,10,0,0,0,50.95
1,0,0,0,-1,0,1,1,0,0,0,0,-1,0,0,2,-1,-1,1,1,2,3,0,-1,200,0,9223372036800000000,1e+75,0,10,0,0,7,0,0,1,0,0,1,1,0,0,0,0,0,0,2,0,1,-1,-1,-1,-1,0,10,-1,1,1,3,-1,-1,-1,0,0,1,0,0,10,0,0,0,18.89
1,0,0,0,-1,0,1,5,0,0,0,0,-1,0,-1,2,2,1,1,1,-1,3,0,-1,150,0,9223372036800000000,1e+75,0,10,0,0,10,0,0,1,0,0,1,1,0,0,0,0,0,1,2,0,1,-1,-1,-1,-1,0,10,-1,1,1,3,-1,-1,-1,0,0,1,0,0,10,0,0,0,30.84
1,0,0,0,-1,0,1,1,0,0,0,0,-1,0,0,2,-1,-1,1,2,1,3,0,-1,200,0,9223372036800000000,1e+75,0,10,0,0,7,0,0,1,0,0,1,1,0,0,0,0,0,2,2,0,1,-1,-1,-1,-1,0,10,-1,1,1,3,-1,-1,-1,0,0,1,0,0,10,0,0,0,84.07
1,0,0,0,-1,0,1,5,0,0,0,0,2,0,1,-1,2,0,2,0,-1,3,0,4,400,0,9223372036800000000,1e+75,0,10,0,0,2,1,0,1,0,0,1,1,0,0,0,0,0,1,2,0,1,-1,-1,-1,-1,0,10,-1,1,1,3,-1,-1,-1,0,0,1,0,0,10,0,0,0,26.35
1,0,0,0,-1,0,1,4,0,0,0,0,0,0,0,2,1,-1,-1,0,2,3,0,-1,100,0,9223372036800000000,1e+75,0,10,0,0,7,0,0,1,0,0,1,1,0,0,0,0,0,0,2,0,1,-1,-1,-1,-1,0,10,-1,1,1,3,-1,-1,-1,0,0,1,0,0,10,0,0,0,38.08
1,0,0,0,-1,0,1,0,0,0,0,0,0,0,0,-1,2,-1,0,1,-1,3,0,-1,150,0,9223372036800000000,1e+75,0,10,0,0,7,0,0,1,0,0,1,1,0,0,0,0,0,0,2,0,1,-1,-1,-1,-1,0,10,-1,1,1,3,-1,-1,-1,0,0,1,0,0,10,0,0,0,24.91
1,0,0,0,-1,0,1,2,0,0,0,0,0,0,0,-1,1,-1,-1,0,2,3,0,-1,100,0,9223372036800000000,1e+75,0,10,0,0,7,0,0,1,0,0,1,1,0,0,0,0,0,0,2,0,1,-1,-1,-1,-1,0,10,-1,1,1,3,-1,-1,-1,0,0,1,0,0,10,0,0,0,30.67
1,0,0,0,-1,0,1,2,0,0,0,0,-1,0,0,2,-1,-1,1,1,1,3,0,-1,200,0,9223372036800000000,1e+75,0,10,0,0,7,0,0,1,0,0,1,1,0,0,0,0,0,0,2,0,1,-1,-1,-1,-1,0,10,-1,1,1,3,-1,-1,-1,0,0,1,0,0,10,0,0,0,30.44
1,0,0,0,-1,0,1,4,0,0,0,0,3,0,-1,0,0,1,1,0,2,1,0,8,25,0,9223372036800000000,1e+75,0,10,0,0,5,-1,0,1,0,0,1,1,0,0,0,0,1,-1,2,0,1,-1,-1,-1,-1,0,10,-1,1,1,3,-1,-1,-1,0,0,1,0,0,10,0,0,0,88.6
1,0,0,0,-1,0,1,3,0,0,0,0,0,0,-1,1,2,1,0,-1,1,3,0,16,800,0,9223372036800000000,1e+75,0,10,0,0,2,-1,0,1,0,0,1,1,0,0,0,0,0,2,2,0,1,-1,-1,-1,-1,0,10,-1,1,1,3,-1,-1,-1,0,0,1,0,0,10,0,0,0,85
1,0,0,0,-1,0,1,1,0,0,0,0,-1,0,0,2,-1,-1,1,2,1,3,0,-1,200,0,9223372036800000000,1e+75,0,10,0,0,7,0,0,1,0,0,0,1,0,0,0,0,0,0,2,0,1,-1,-1,-1,-1,0,10,-1,1,1,3,-1,-1,-1,0,0,1,0,0,10,0,0,0,23.34
1,0,0,0,-1,0,1,0,0,0,0,0,-1,0,1,-1,2,-1,1,2,-1,3,0,-1,25,0,9223372036800000000,1e+75,0,10,0,0,7,0,0,1,0,0,1,1,0,0,0,0,0,0,2,0,1,-1,-1,-1,-1,0,10,-1,1,1,3,-1,-1,-1,0,0,1,0,0,10,0,0,0,27.47
1,0,0,0,-1,0,1,0,0,0,0,0,0,0,0,-1,2,1,1,0,2,5,0,-1,25,0,9223372036800000000,1e+75,0,10,0,0,2,1,0,1,0,0,1,1,0,0,0,0,0,-1,2,0,1,-1,-1,-1,-1,0,2,-1,1,1,3,-1,-1,-1,0,0,1,0,0,10,0,0,0,10.13
1,0,0,0,-1,0,1,1,0,0,0,0,-1,0,0,2,-1,-1,1,2,1,3,0,-1,200,0,9223372036800000000,1e+75,0,10,0,0,2,0,0,1,40,0,1,1,0,0,0,0,0,0,2,0,1,-1,-1,-1,-1,0,10,-1,1,1,3,-1,-1,-1,0,0,1,0,0,10,0,0,0,17.3
1,0,0,0,-1,0,1,1,0,0,0,0,-1,0,0,2,-1,-1,-1,2,1,3,0,-1,200,0,9223372036800000000,1e+75,0,10,0,0,7,0,0,1,0,0,1,1,0,0,0,0,0,0,2,0,1,-1,-1,-1,-1,0,10,-1,1,1,3,-1,-1,-1,0,0,1,0,0,10,0,0,0,20.65
1,0,0,0,-1,0,1,4,0,0,0,0,0,0,0,-1,0,-1,-1,1,-1,3,0,-1,150,0,9223372036800000000,1e+75,0,10,0,0,7,0,0,1,0,0,1,1,0,0,0,0,0,0,2,0,1,-1,-1,-1,-1,0,10,-1,1,1,3,-1,-1,-1,0,0,1,0,0,10,0,0,0,31.47
1,0,0,0,-1,0,1,1,0,0,0,0,1,0,0,0,0,1,1,2,-1,3,0,4,800,0,9223372036800000000,1e+75,0,10,0,0,3,-1,0,1,0,0,1,1,0,0,0,0,0,-1,2,0,1,-1,-1,-1,-1,0,10,-1,1,1,3,-1,-1,-1,0,0,1,0,0,10,0,0,0,26.92
1,0,0,0,-1,0,1,1,0,0,0,0,-1,0,0,2,-1,-1,1,0,1,3,0,-1,200,0,9223372036800000000,1e+75,0,10,0,0,7,0,0,1,0,0,1,1,0,0,0,0,0,0,2,0,1,-1,-1,-1,-1,0,10,-1,1,1,3,-1,-1,-1,0,0,1,0,0,10,0,0,0,20.49
1,0,0,0,-1,0,1,0,0,0,0,0,2,0,-1,2,-1,2,-1,-1,-1,3,0,8,800,0,9223372036800000000,1e+75,0,10,0,0,7,-1,0,1,0,0,1,1,0,0,0,0,1,4,2,0,1,-1,-1,2,-1,0,10,-1,1,1,3,-1,-1,-1,0,0,1,0,0,10,0,0,0,41.79
1,0,0,0,-1,0,1,1,0,0,0,0,-1,0,0,2,-1,-1,1,2,1,5,0,-1,200,0,9223372036800000000,1e+75,0,10,0,0,7,0,0,1,0,0,1,1,0,0,0,0,0,0,2,0,1,-1,-1,-1,-1,0,10,-1,1,1,3,-1,-1,-1,0,0,1,0,0,10,0,0,0,16.36
1,0,0,0,-1,0,1,3,0,0,0,0,-1,0,1,2,-1,-1,1,1,1,3,0,-1,200,0,9223372036800000000,1e+75,0,10,0,0,7,0,0,1,0,0,1,1,0,0,0,0,0,0,2,0,1,-1,-1,-1,-1,0,10,-1,1,1,3,-1,-1,-1,0,0,1,0,0,10,0,0,0,31.07
1,0,0,0,-1,0,1,3,0,0,0,0,1,0,-1,2,0,2,2,-1,0,3,0,-1,100,0,9223372036800000000,1e+75,0,10,0,0,7,0,0,1,0,0,1,1,0,0,0,0,0,0,2,0,1,-1,-1,-1,-1,0,10,-1,1,1,3,-1,-1,-1,0,0,1,0,0,10,0,0,0,39.57
1,0,0,0,-1,0,1,0,0,0,0,0,2,0,1,2,-1,2,-1,-1,-1,3,0,-1,800,0,9223372036800000000,1e+75,0,10,0,0,7,-1,0,1,0,0,1,1,0,0,0,0,1,4,2,0,1,-1,-1,2,-1,0,10,-1,1,1,3,-1,-1,-1,0,0,1,0,0,10,0,0,0,41.79
1,0,0,0,-1,0,1,3,0,0,0,0,2,0,-1,2,-1,-1,1,2,2,5,0,8,100,0,9223372036800000000,1e+75,0,10,0,0,3,-1,0,1,0,0,1,1,0,0,0,0,4,0,2,0,1,-1,1,1,-1,0,10,-1,1,1,3,-1,-1,-1,0,0,1,0,0,10,0,0,0,18.47
1,0,0,0,-1,0,1,1,0,0,0,0,2,0,1,0,2,-1,-1,-1,0,3,0,-1,25,0,9223372036800000000,1e+75,0,10,0,0,7,0,0,1,0,0,1,1,0,0,0,0,0,0,2,0,1,-1,-1,-1,-1,0,10,-1,1,1,3,-1,-1,-1,0,0,1,0,0,10,0,0,0,24.47
1,0,0,0,-1,0,1,3,0,0,0,0,1,0,-1,0,2,-1,-1,-1,2,3,0,-1,200,0,9223372036800000000,1e+75,0,10,0,0,3,0,0,1,0,0,1,1,0,0,0,0,0,2,2,0,1,-1,-1,-1,-1,0,10,-1,1,1,3,-1,-1,-1,0,0,1,0,0,10,0,0,0,85.06
1,0,0,0,-1,0,1,4,0,0,0,0,0,0,0,-1,0,-1,0,2,-1,3,0,-1,150,0,9223372036800000000,1e+75,0,10,0,0,7,0,0,1,0,0,1,1,0,0,0,0,0,0,2,0,1,-1,-1,-1,-1,0,10,-1,1,1,3,-1,-1,-1,0,0,1,0,0,10,0,0,0,22.59
1,0,0,0,-1,0,1,0,0,0,0,0,-1,0,0,-1,-1,2,-1,-1,1,1,0,-1,150,0,9223372036800000000,1e+75,0,10,0,0,4,-1,0,1,0,0,1,1,0,0,0,0,1,4,2,0,1,-1,-1,2,-1,0,10,-1,1,1,3,-1,-1,-1,0,0,1,0,0,10,0,0,0,65.01
1,0,0,0,-1,0,1,1,0,0,0,0,-1,0,0,2,-1,-1,1,2,1,3,0,-1,200,0,9223372036800000000,1e+75,0,10,0,0,2,0,0,1,0,0,1,1,0,0,0,3,0,0,2,0,1,-1,-1,-1,-1,0,10,-1,1,1,3,-1,-1,-1,0,0,1,0,0,10,0,0,0,16.34
1,0,0,0,-1,0,1,4,0,0,0,0,-1,0,-1,1,-1,1,1,1,1,3,0,-1,400,0,9223372036800000000,1e+75,0,10,0,0,7,0,0,1,0,0,1,1,0,0,0,0,0,0,2,0,1,-1,-1,-1,-1,0,10,-1,1,1,3,-1,-1,-1,0,0,1,0,0,10,0,0,0,31.93
1,0,0,0,-1,0,1,4,0,0,0,0,0,0,0,-1,0,-1,0,0,-1,3,0,-1,150,0,9223372036800000000,1e+75,0,10,0,0,7,0,0,1,0,0,1,1,0,0,0,0,0,0,2,0,1,-1,-1,-1,-1,0,10,-1,1,1,3,-1,-1,-1,0,0,1,0,0,10,0,0,0,30.62
1,0,0,0,-1,0,1,1,0,0,0,0,-1,0,0,2,-1,-1,1,2,1,3,0,-1,200,0,9223372036800000000,1e+75,0,10,0,0,2,0,0,1,100,0,1,1,0,0,0,0,0,0,2,0,1,-1,-1,-1,-1,0,10,-1,1,1,3,-1,-1,-1,0,0,1,0,0,10,0,0,0,15.5
1,0,0,0,-1,0,1,1,0,0,0,0,-1,0,0,2,-1,-1,1,2,1,3,0,-1,200,0,9223372036800000000,1e+75,0,10,0,0,2,0,0,1,0,0,1,1,0,0,0,5,0,0,2,0,1,-1,-1,-1,-1,0,10,-1,1,1,3,-1,-1,-1,0,0,1,0,0,10,0,0,0,18.4
1,0,0,0,-1,0,1,1,0,0,0,0,1,0,0,0,0,1,-1,2,-1,3,0,4,10,0,9223372036800000000,1e+75,0,10,0,0,3,-1,0,1,0,0,1,1,0,0,0,0,0,-1,2,0,1,-1,-1,-1,-1,0,10,-1,1,1,3,-1,-1,-1,0,0,1,0,0,10,0,0,0,24.1
1,0,0,0,-1,0,1,1,0,0,0,0,-1,0,0,2,-1,-1,1,-1,1,3,0,-1,200,0,9223372036800000000,1e+75,0,10,0,0,7,0,0,1,0,0,1,1,0,0,0,0,0,0,2,0,1,-1,-1,-1,-1,0,10,-1,1,1,3,-1,-1,-1,0,0,1,0,0,10,0,0,0,21.38
1,0,0,0,-1,0,1,4,0,0,0,0,3,0,1,1,1,-1,0,0,2,3,0,-1,25,0,9223372036800000000,1e+75,0,10,0,0,7,0,0,1,0,0,1,1,0,0,0,0,0,0,2,0,1,-1,-1,-1,-1,0,10,-1,1,1,3,-1,-1,-1,0,0,1,0,0,10,0,0,0,37.63
1,0,0,0,-1,0,1,4,0,0,0,0,0,0,0,-1,-1,-1,-1,0,2,3,0,-1,100,0,9223372036800000000,1e+75,0,10,0,0,7,0,0,1,0,0,1,1,0,0,0,0,0,0,2,0,1,-1,-1,-1,-1,0,10,-1,1,1,3,-1,-1,-1,0,0,1,0,0,10,0,0,0,20.17
1,0,0,0,-1,0,1,4,0,0,0,0,-1,0,0,-1,0,-1,0,1,-1,3,0,-1,150,0,9223372036800000000,1e+75,0,10,0,0,7,0,0,1,0,0,1,1,0,0,0,0,0,0,2,0,1,-1,-1,-1,-1,0,10,-1,1,1,3,-1,-1,-1,0,0,1,0,0,10,0,0,0,31.24
1,0,0,0,-1,0,1,5,0,0,0,0,2,0,0,1,-1,0,2,1,0,0,0,4,25,0,9223372036800000000,1e+75,0,10,0,0,4,0,0,1,0,0,1,1,0,0,0,0,4,4,2,0,1,-1,-1,2,-1,0,10,-1,1,1,3,-1,-1,-1,0,0,1,0,0,10,0,0,0,90.11
1,0,0,0,-1,0,1,4,0,0,0,0,0,0,0,1,0,-1,0,1,-1,3,0,-1,150,0,9223372036800000000,1e+75,0,10,0,0,7,0,0,1,0,0,1,1,0,0,0,0,0,0,2,0,1,-1,-1,-1,-1,0,10,-1,1,1,3,-1,-1,-1,0,0,1,0,0,10,0,0,0,31.08
1,0,0,0,-1,0,1,0,0,0,0,0,0,0,0,-1,2,1,1,0,2,3,0,-1,25,0,9223372036800000000,1e+75,0,10,0,0,2,1,0,1,0,0,1,1,0,0,0,0,0,-1,2,0,1,-1,-1,-1,-1,0,10,-1,1,1,3,-1,-1,-1,0,0,1,0,0,10,4,0,0,11.71
1,0,0,0,-1,0,1,4,0,0,0,0,0,0,0,-1,1,-1,-1,2,2,3,0,-1,100,0,9223372036800000000,1e+75,0,10,0,0,7,0,0,1,0,0,1,1,0,0,0,0,0,0,2,0,1,-1,-1,-1,-1,0,10,-1,1,1,3,-1,-1,-1,0,0,1,0,0,10,0,0,0,28.64
1,0,0,0,-1,0,1,3,0,0,0,0,-1,0,0,-1,2,1,0,0,2,3,0,1,150,0,9223372036800000000,1e+75,0,10,0,0,3,-1,0,1,0,0,1,1,0,0,0,0,0,-1,2,0,1,-1,-1,-1,-1,0,10,-1,1,1,3,-1,-1,-1,0,0,1,0,0,10,0,0,0,76.83
1,0,0,0,-1,0,3,0,0,0,0,0,0,0,0,-1,2,1,1,0,2,5,0,-1,25,0,9223372036800000000,1e+75,0,10,0,0,2,1,0,1,0,0,1,1,0,0,0,0,0,-1,2,0,1,-1,-1,-1,-1,0,10,-1,1,1,3,-1,-1,-1,0,0,1,0,0,10,0,0,0,10.13
1,0,0,0,-1,0,1,4,0,0,0,0,-1,0,0,-1,1,-1,-1,0,2,3,0,-1,100,0,9223372036800000000,1e+75,0,10,0,0,7,0,0,1,0,0,1,1,0,0,0,0,0,0,2,0,1,-1,-1,-1,-1,0,10,-1,1,1,3,-1,-1,-1,0,0,1,0,0,10,0,0,0,29.79
1,0,0,0,-1,0,1,0,0,0,0,0,-1,0,0,1,-1,2,-1,-1,1,1,0,16,150,0,9223372036800000000,1e+75,0,10,0,0,4,-1,0,1,0,0,1,1,0,0,0,0,1,4,2,0,1,-1,-1,1,-1,0,10,-1,1,1,3,-1,-1,-1,0,0,1,0,0,10,0,0,0,45.55
1,0,0,0,-1,0,1,4,0,0,0,0,1,0,1,1,0,2,0,0,1,3,0,-1,400,0,9223372036800000000,1e+75,0,10,0,0,7,0,0,1,0,0,1,1,0,0,0,0,0,0,2,0,1,-1,-1,-1,-1,0,10,-1,1,1,3,-1,-1,-1,0,0,1,0,0,10,0,0,0,38.4
1,0,0,0,-1,0,1,0,0,0,0,0,3,0,1,1,1,1,2,-1,-1,5,0,-1,800,0,9223372036800000000,1e+75,0,10,0,0,30,1,0,1,0,0,1,1,0,0,0,0,4,4,2,0,1,-1,-1,-1,-1,0,10,-1,1,1,3,-1,-1,-1,0,0,1,0,0,10,0,0,0,17.97
1,0,0,0,-1,0,1,3,0,0,0,0,-1,0,0,2,-1,-1,1,-1,1,3,0,-1,200,0,9223372036800000000,1e+75,0,10,0,0,7,0,0,1,0,0,1,1,0,0,0,0,0,0,2,0,1,-1,-1,-1,-1,0,10,-1,1,1,3,-1,-1,-1,0,0,1,0,0,10,0,0,0,39.41
1,0,0,0,-1,0,1,5,0,0,0,0,0,0,0,-1,2,1,-1,2,2,3,0,2,200,0,9223372036800000000,1e+75,0,10,0,0,3,0,0,1,0,0,1,1,0,0,0,0,0,2,2,0,1,-1,-1,-1,-1,0,10,-1,1,1,3,-1,-1,-1,0,0,1,0,0,10,0,0,0,51.14
1,0,0,0,-1,0,1,4,0,0,0,0,3,0,-1,0,0,1,1,-1,2,1,0,1,25,0,9223372036800000000,1e+75,0,10,0,0,5,-1,0,1,0,0,1,1,0,0,0,0,1,-1,2,0,1,-1,-1,-1,-1,0,10,-1,1,1,3,-1,-1,-1,0,0,1,0,0,10,0,0,0,77.57
1,0,0,0,-1,0,1,0,0,0,0,0,2,0,0,2,-1,2,1,0,0,3,0,-1,400,0,9223372036800000000,1e+75,0,10,0,0,3,0,0,1,0,0,1,1,0,0,0,0,0,-1,2,0,1,-1,-1,-1,-1,0,10,-1,1,1,3,-1,-1,-1,0,0,1,0,0,10,0,0,0,59.63
1,0,0,0,-1,0,1,1,0,0,0,0,0,0,0,-1,1,-1,-1,0,2,3,0,-1,100,0,9223372036800000000,1e+75,0,10,0,0,7,0,0,1,0,0,1,1,0,0,0,0,0,0,2,0,1,-1,-1,-1,-1,0,10,-1,1,1,3,-1,-1,-1,0,0,1,0,0,10,0,0,0,27.87
1,0,0,0,-1,0,1,3,0,0,0,0,0,0,0,-1,1,-1,-1,0,2,3,0,-1,100,0,9223372036800000000,1e+75,0,10,0,0,7,0,0,1,0,0,1,1,0,0,0,0,0,0,2,0,1,-1,-1,-1,-1,0,10,-1,1,1,3,-1,-1,-1,0,0,1,0,0,10,0,0,0,30.17
1,0,0,0,-1,0,1,0,0,0,0,0,0,0,0,-1,2,1,1,0,2,3,0,-1,25,0,9223372036800000000,1e+75,0,10,0,0,2,1,0,1,0,0,1,1,0,0,0,0,0,-1,2,0,1,-1,-1,-1,-1,0,10,-1,1,1,3,-1,-1,-1,0,0,1,0,0,10,3,0,0,11.71
1,0,0,0,-1,0,1,1,0,0,0,0,-1,0,0,2,-1,-1,1,2,1,3,0,-1,200,0,9223372036800000000,1e+75,0,10,0,0,7,0,0,1,0,0,1,1,0,0,-1,0,0,0,2,0,1,-1,-1,-1,-1,0,10,-1,1,1,3,-1,-1,-1,0,0,1,0,0,10,0,0,0,16.41
1,0,0,0,-1,0,1,1,0,0,0,0,-1,0,0,2,-1,-1,1,2,1,3,0,-1,200,0,9223372036800000000,1e+75,0,10,0,0,7,0,0,1,0,0,1,1,0,0,20,0,0,0,2,0,1,-1,-1,-1,-1,0,10,-1,1,1,3,-1,-1,-1,0,0,1,0,0,10,0,0,0,23.07
1,0,0,0,-1,0,1,4,0,0,0,0,0,0,0,-1,2,-1,-1,0,2,3,0,-1,100,0,9223372036800000000,1e+75,0,10,0,0,7,0,0,1,0,0,1,1,0,0,0,0,0,0,2,0,1,-1,-1,-1,-1,0,10,-1,1,1,3,-1,-1,-1,0,0,1,0,0,10,0,0,0,20.17
1,0,0,0,-1,0,1,1,0,0,0,0,-1,0,0,2,-1,-1,1,2,1,3,0,-1,200,0,9223372036800000000,1e+75,0,10,0,0,7,0,0,1,0,0,1,1,0,0,100,0,0,0,2,0,1,-1,-1,-1,-1,0,10,-1,1,1,3,-1,-1,-1,0,0,1,0,0,10,0,0,0,23.07
1,0,0,0,-1,0,1,1,0,0,0,0,-1,0,0,2,-1,-1,1,2,1,3,0,-1,200,0,9223372036800000000,1e+75,0,10,0,0,2,0,0,1,0,0,1,1,3,0,0,0,0,0,2,0,1,-1,-1,-1,-1,0,10,-1,1,1,3,-1,-1,-1,0,0,1,0,0,10,0,0,0,25.06
1,0,0,0,-1,0,1,1,0,0,0,0,-1,0,0,2,-1,-1,1,2,1,3,0,-1,200,0,9223372036800000000,1e+75,0,10,0,0,7,0,0,1,0,0,1,1,0,0,60,0,0,0,2,0,1,-1,-1,-1,-1,0,10,-1,1,1,3,-1,-1,-1,0,0,1,0,0,10,0,0,0,23.07
1,0,0,0,-1,0,1,0,0,0,0,0,0,0,0,-1,2,1,1,0,2,3,0,-1,25,0,9223372036800000000,1e+75,0,10,0,0,2,1,0,1,0,0,1,1,0,0,0,0,1,-1,2,0,1,-1,-1,-1,-1,0,10,-1,1,1,3,-1,-1,-1,0,0,1,0,0,10,0,0,0,84.22
1,0,0,0,-1,0,1,0,0,0,0,0,-1,0,1,-1,2,2,1,0,-1,3,0,-1,25,0,9223372036800000000,1e+75,0,10,0,0,7,0,0,1,0,0,1,1,0,0,0,0,0,0,2,0,1,-1,-1,-1,-1,0,10,-1,1,1,3,-1,-1,-1,0,0,1,0,0,10,0,0,0,24.75
1,0,0,0,-1,0,1,1,0,0,0,0,-1,0,1,2,-1,-1,1,2,1,3,0,-1,200,0,9223372036800000000,1e+75,0,10,0,0,7,0,0,1,0,0,1,1,0,0,0,0,0,0,2,0,1,-1,-1,-1,-1,0,10,-1,1,1,3,-1,-1,-1,0,0,1,0,0,10,0,0,0,13.65
1,0,0,0,-1,0,1,1,0,0,0,0,-1,0,0,2,-1,-1,1,2,1,3,0,-1,200,0,9223372036800000000,1e+75,0,10,0,0,7,0,0,1,0,0,1,1,0,0,500,0,0,0,2,0,1,-1,-1,-1,-1,0,10,-1,1,1,3,-1,-1,-1,0,0,1,0,0,10,0,0,0,23.07
1,0,0,0,-1,0,1,1,0,0,0,0,-1,0,0,2,-1,-1,1,2,1,3,0,-1,200,0,9223372036800000000,1e+75,0,10,0,0,7,0,0,1,0,0,1,1,0,0,1000,0,0,0,2,0,1,-1,-1,-1,-1,0,10,-1,1,1,3,-1,-1,-1,0,0,1,0,0,10,0,0,0,23.07
1,0,0,0,-1,0,1,1,0,0,0,0,2,0,1,0,0,-1,0,-1,1,3,0,4,25,0,9223372036800000000,1e+75,0,10,0,0,2,-1,0,1,0,0,1,1,0,0,0,0,0,2,2,0,1,-1,-1,-1,-1,0,10,-1,1,1,3,-1,-1,-1,0,0,1,0,0,10,0,0,0,41.74
1,0,0,0,-1,0,1,1,0,0,0,0,-1,0,0,2,-1,-1,1,2,1,3,0,-1,200,0,9223372036800000000,1e+75,0,10,0,0,0,0,0,1,0,0,1,1,0,0,0,0,0,0,2,0,1,-1,-1,-1,-1,0,10,-1,1,1,3,-1,-1,-1,0,0,1,0,0,10,0,0,0,14.56
1,0,0,0,-1,0,1,2,0,0,0,0,0,0,0,2,0,1,-1,-1,1,3,0,-1,150,0,9223372036800000000,1e+75,0,10,0,0,7,0,0,1,0,0,1,1,0,0,0,0,0,0,2,0,1,-1,-1,-1,-1,0,10,-1,1,1,3,-1,-1,-1,0,0,1,0,0,10,0,0,0,39.29
1,0,0,0,-1,0,1,5,0,0,0,0,-1,0,0,2,-1,-1,1,2,1,3,0,-1,200,0,9223372036800000000,1e+75,0,10,0,0,7,0,0,1,0,0,1,1,0,0,0,0,0,0,2,0,1,-1,-1,-1,-1,0,10,-1,1,1,3,-1,-1,-1,0,0,1,0,0,10,0,0,0,24.21
1,0,0,0,-1,0,1,1,0,0,0,0,-1,0,0,2,-1,-1,1,2,1,3,0,-1,200,0,9223372036800000000,1e+75,0,10,0,0,7,0,0,1,0,0,1,1,0,1,0,0,0,0,2,0,1,-1,-1,-1,-1,0,10,-1,1,1,3,-1,-1,-1,0,0,1,0,0,10,0,0,0,19.02
1,0,0,0,-1,0,1,1,0,0,0,0,-1,0,0,2,1,-1,1,2,1,3,0,-1,200,0,9223372036800000000,1e+75,0,10,0,0,7,0,0,1,0,0,1,1,0,0,0,0,0,0,2,0,1,-1,-1,-1,-1,0,10,-1,1,1,3,-1,-1,-1,0,0,1,0,0,10,0,0,0,13.65
1,0,0,0,-1,0,1,1,0,0,0,0,-1,0,0,2,-1,-1,1,2,1,3,0,-1,200,0,9223372036800000000,1e+75,0,10,0,0,7,0,0,1,0,0,1,1,0,0,0,0,0,0,2,0,1,-1,-1,-1,-1,0,10,-1,1,1,3,-1,-1,-1,0,0,1,0,0,10,0,0,0,13.65
1,0,0,0,-1,0,1,1,0,0,0,0,-1,0,0,2,-1,-1,1,2,1,3,0,-1,200,0,9223372036800000000,1e+75,0,10,0,0,2,0,0,1,0,0,1,1,0,0,0,4,0,0,2,0,1,-1,-1,-1,-1,0,10,-1,1,1,3,-1,-1,-1,0,0,1,0,0,10,0,0,0,21.35
1,0,0,0,-1,0,1,1,0,0,0,0,3,0,1,2,-1,-1,2,1,0,3,0,2,800,0,9223372036800000000,1e+75,0,10,0,0,10,1,0,1,0,0,1,1,0,0,0,0,0,1,2,0,1,-1,-1,-1,-1,0,10,-1,1,1,3,-1,-1,-1,0,0,1,0,0,10,0,0,0,21.99
1,0,0,0,-1,0,1,4,0,0,0,0,3,0,-1,0,-1,0,-1,2,-1,3,0,-1,200,0,9223372036800000000,1e+75,0,10,0,0,3,0,0,1,0,0,1,1,0,0,0,0,0,1,2,0,1,-1,-1,-1,-1,0,10,-1,1,1,3,-1,-1,-1,0,0,1,0,0,10,0,0,0,32.26
1,0,0,0,-1,0,1,4,0,0,0,0,2,0,0,2,0,-1,-1,2,0,3,0,-1,200,0,9223372036800000000,1e+75,0,10,0,0,3,0,0,1,0,0,1,1,0,0,0,0,0,-1,2,0,1,-1,-1,-1,-1,0,10,-1,1,1,3,-1,-1,-1,0,0,1,0,0,10,0,0,0,83.47
1,0,0,0,-1,0,1,2,0,0,0,0,3,0,0,0,0,1,2,1,2,3,0,-1,800,0,9223372036800000000,1e+75,0,10,0,0,4,0,0,1,0,0,1,1,0,0,0,0,0,2,2,0,1,-1,-1,-1,-1,0,10,-1,1,1,3,-1,-1,-1,0,0,1,0,0,10,0,0,0,53.63
1,0,0,0,-1,0,1,0,0,0,0,0,0,0,0,-1,2,1,1,0,2,3,0,-1,25,0,9223372036800000000,1e+75,0,10,0,0,2,1,0,1,0,0,1,1,0,0,0,0,0,-1,2,0,1,-1,-1,-1,-1,0,10,-1,1,1,3,-1,-1,-1,0,0,1,5,0,10,0,0,0,15.15
1,0,0,0,-1,0,1,1,0,0,0,0,1,0,0,2,-1,-1,1,2,1,3,0,-1,200,0,9223372036800000000,1e+75,0,10,0,0,7,0,0,1,0,0,1,1,0,0,0,0,0,0,2,0,1,-1,-1,-1,-1,0,10,-1,1,1,3,-1,-1,-1,0,0,1,0,0,10,0,0,0,16.21
1,0,0,0,-1,0,1,5,0,0,0,0,0,0,-1,-1,2,2,1,1,-1,3,0,-1,25,0,9223372036800000000,1e+75,0,10,0,0,4,0,0,1,0,0,1,1,0,0,0,0,0,2,2,0,1,-1,-1,-1,-1,0,10,-1,1,1,3,-1,-1,-1,0,0,1,0,0,10,0,0,0,31.58
1,0,0,0,-1,0,1,0,0,0,0,0,-1,0,-1,-1,-1,-1,1,2,-1,3,0,2,100,0,9223372036800000000,1e+75,0,10,0,0,3,0,0,1,0,0,1,1,0,0,0,0,4,-1,2,0,1,-1,-1,3,-1,0,10,-1,1,1,3,-1,-1,-1,0,0,1,0,0,10,0,0,0,28.67
1,0,0,0,-1,0,1,0,0,0,0,0,1,0,-1,2,2,1,-1,-1,2,3,0,-1,50,0,9223372036800000000,1e+75,0,10,0,0,4,0,0,1,0,0,1,1,0,0,0,0,0,1,2,0,1,-1,-1,-1,-1,0,10,-1,1,1,3,-1,-1,-1,0,0,1,0,0,10,0,0,0,39.06
1,0,0,0,-1,0,1,5,0,0,0,0,0,0,-1,0,2,0,1,0,-1,3,0,-1,800,0,9223372036800000000,1e+75,0,10,0,0,2,0,0,1,0,0,1,1,0,0,0,0,0,-1,2,0,1,-1,-1,-1,-1,0,10,-1,1,1,3,-1,-1,-1,0,0,1,0,0,10,0,0,0,83.66
1,0,0,0,-1,0,1,1,0,0,0,0,-1,0,0,2,-1,-1,1,2,1,3,0,2,200,0,9223372036800000000,1e+75,0,10,0,0,7,0,0,1,0,0,1,1,0,0,0,0,0,0,2,0,1,-1,-1,-1,-1,0,10,-1,1,1,3,-1,-1,-1,0,0,1,0,0,10,0,0,0,23.88
1,0,0,0,-1,0,1,3,0,0,0,0,2,0,1,2,-1,-1,1,2,-1,5,0,8,100,0,9223372036800000000,1e+75,0,10,0,0,3,-1,0,1,0,0,1,1,0,0,0,0,4,0,2,0,1,-1,1,1,-1,0,10,-1,1,1,3,-1,-1,-1,0,0,1,0,0,10,0,0,0,27.58
1,0,0,0,-1,0,1,0,0,0,0,0,2,0,0,1,0,0,0,-1,2,3,0,4,400,0,9223372036800000000,1e+75,0,10,0,0,2,0,0,1,0,0,1,1,0,0,0,0,0,2,2,0,1,-1,-1,-1,-1,0,10,-1,1,1,3,-1,-1,-1,0,0,1,0,0,10,0,0,0,58.7
1,0,0,0,-1,0,1,5,0,0,0,0,1,0,-1,2,2,1,1,0,0,3,0,-1,800,0,9223372036800000000,1e+75,0,10,0,0,2,0,0,1,0,0,1,1,0,0,0,0,0,2,2,0,1,-1,-1,-1,-1,0,10,-1,1,1,3,-1,-1,-1,0,0,1,0,0,10,0,0,0,45.44
1,0,0,0,-1,0,4,0,0,0,0,0,0,0,0,-1,2,1,1,0,2,5,0,-1,25,0,9223372036800000000,1e+75,0,10,0,0,2,1,0,1,0,0,1,1,0,0,0,0,0,-1,2,0,1,-1,-1,-1,-1,0,10,-1,1,1,3,-1,-1,-1,0,0,1,0,0,10,0,0,0,10.13
1,0,0,0,-1,0,1,1,0,0,0,0,-1,0,0,2,-1,-1,1,2,1,3,0,-1,200,0,9223372036800000000,1e+75,0,10,0,0,2,1,0,1,0,0,1,1,0,0,0,0,0,0,2,0,1,-1,-1,-1,-1,0,10,-1,1,1,3,-1,-1,-1,0,0,1,0,0,10,0,0,0,40.22
1,0,0,0,-1,0,1,4,0,0,0,0,0,0,0,-1,1,1,-1,0,2,3,0,-1,100,0,9223372036800000000,1e+75,0,10,0,0,7,0,0,1,0,0,1,1,0,0,0,0,0,0,2,0,1,-1,-1,-1,-1,0,10,-1,1,1,3,-1,-1,-1,0,0,1,0,0,10,0,0,0,30.96
1,0,0,0,-1,0,1,5,0,0,0,0,3,0,0,-1,2,-1,1,-1,2,3,0,4,25,0,9223372036800000000,1e+75,0,10,0,0,2,1,0,1,0,0,1,1,0,0,0,0,0,-1,2,0,1,-1,-1,-1,-1,0,10,-1,1,1,3,-1,-1,-1,0,0,1,0,0,10,0,0,0,66.59
1,0,0,0,-1,0,1,1,0,0,0,0,-1,0,0,2,-1,-1,1,2,1,3,0,1,200,0,9223372036800000000,1e+75,0,10,0,0,2,0,0,1,0,0,1,1,0,0,0,0,0,0,2,0,1,-1,-1,-1,-1,0,10,-1,1,1,3,-1,-1,-1,0,0,1,0,0,10,0,0,0,76.67
0,0,0,0,-1,0,1,0,0,0,0,0,0,0,0,-1,2,1,1,0,2,3,0,-1,25,0,9223372036800000000,1e+75,0,10,0,0,2,1,0,1,0,0,1,1,0,0,0,0,0,-1,2,0,1,-1,-1,-1,-1,0,10,-1,1,1,3,-1,-1,-1,0,0,1,0,0,10,0,0,0,11.71
1,0,0,0,-1,0,1,1,0,0,0,0,-1,0,0,2,-1,-1,1,2,1,3,0,4,200,0,9223372036800000000,1e+75,0,10,0,0,2,0,0,1,0,0,1,1,0,0,0,0,0,0,2,0,1,-1,-1,-1,-1,0,10,-1,1,1,3,-1,-1,-1,0,0,1,0,0,10,0,0,0,12.47
1,0,0,0,-1,0,1,1,0,0,0,0,-1,0,0,2,-1,-1,1,2,1,3,0,-1,200,0,9223372036800000000,1e+75,0,10,0,0,7,0,0,1,0,0,1,1,0,0,200,0,0,0,2,0,1,-1,-1,-1,-1,0,10,-1,1,1,3,-1,-1,-1,0,0,1,0,0,10,0,0,0,23.07
1,0,0,0,-1,0,1,0,0,0,0,0,0,0,0,-1,2,1,1,0,2,3,0,-1,25,0,9223372036800000000,1e+75,0,10,0,0,2,1,0,1,0,0,1,1,0,0,0,0,4,-1,2,0,1,-1,-1,-1,-1,0,10,-1,1,1,3,-1,-1,-1,0,0,1,0,0,10,0,0,0,1.79769e+308
1,0,0,0,-1,0,1,0,0,0,0,0,0,0,0,-1,0,-1,-1,1,-1,3,0,-1,150,0,9223372036800000000,1e+75,0,10,0,0,7,0,0,1,0,0,1,1,0,0,0,0,0,0,2,0,1,-1,-1,-1,-1,0,10,-1,1,1,3,-1,-1,-1,0,0,1,0,0,10,0,0,0,27
1,0,0,0,-1,0,1,1,0,0,0,0,-1,0,0,2,-1,-1,1,2,1,3,0,8,200,0,9223372036800000000,1e+75,0,10,0,0,2,0,0,1,0,0,1,1,0,0,0,0,0,0,2,0,1,-1,-1,-1,-1,0,10,-1,1,1,3,-1,-1,-1,0,0,1,0,0,10,0,0,0,12.47
1,0,0,0,-1,0,1,1,0,0,0,0,-1,0,0,2,-1,-1,1,2,1,3,0,-1,200,0,9223372036800000000,1e+75,0,10,0,0,2,0,0,1,0,0,1,1,0,0,0,0,0,0,2,0,1,-1,-1,-1,-1,0,10,-1,1,1,3,-1,-1,2,0,0,1,0,0,10,0,0,0,12.47
1,0,0,0,-1,0,1,4,0,0,0,0,3,0,0,0,0,-1,2,-1,-1,3,0,-1,150,0,9223372036800000000,1e+75,0,10,0,0,7,0,0,1,0,0,1,1,0,0,0,0,0,0,2,0,1,-1,-1,-1,-1,0,10,-1,1,1,3,-1,-1,-1,0,0,1,0,0,10,0,0,0,39.31
1,0,0,0,-1,0,1,1,0,0,0,0,-1,0,0,2,-1,-1,1,2,1,3,0,16,200,0,9223372036800000000,1e+75,0,10,0,0,2,0,0,1,0,0,1,1,0,0,0,0,0,0,2,0,1,-1,-1,-1,-1,0,10,-1,1,1,3,-1,-1,-1,0,0,1,0,0,10,0,0,0,12.47
1,0,0,0,-1,0,1,0,0,0,0,0,-1,0,-1,-1,0,0,2,0,-1,3,0,8,25,0,9223372036800000000,1e+75,0,10,0,0,2,0,0,1,0,0,1,1,0,0,0,0,0,-1,2,0,1,-1,-1,-1,-1,0,10,-1,1,1,3,-1,-1,-1,0,0,1,0,0,10,0,0,0,83.01
1,0,0,0,-1,0,1,0,0,0,2,0,0,0,0,-1,2,1,1,0,2,5,0,-1,25,0,9223372036800000000,1e+75,0,10,0,0,2,1,0,1,0,0,1,1,0,0,0,0,0,-1,2,0,1,-1,-1,0,-1,0,10,-1,1,1,3,-1,-1,-1,0,0,1,0,0,10,0,0,0,8.94
1,0,0,0,-1,0,1,1,0,0,0,0,-1,3,0,2,-1,-1,1,2,1,3,0,-1,200,0,9223372036800000000,1e+75,0,10,0,0,7,0,0,1,0,0,1,1,0,0,0,0,0,0,2,0,1,-1,-1,-1,-1,0,10,-1,1,1,3,-1,-1,-1,0,0,1,0,0,10,0,0,0,13.65
1,0,0,0,-1,0,1,3,0,0,0,0,0,0,0,-1,0,-1,0,1,-1,3,0,-1,150,0,9223372036800000000,1e+75,0,10,0,0,7,0,0,1,0,0,1,1,0,0,0,0,0,0,2,0,1,-1,-1,-1,-1,0,10,-1,1,1,3,-1,-1,-1,0,0,1,0,0,10,0,0,0,31.36
1,0,0,0,-1,0,1,4,0,0,0,0,0,0,0,-1,0,-1,0,1,-1,3,0,-1,150,0,9223372036800000000,1e+75,0,10,0,0,7,0,0,1,0,0,1,1,0,0,0,0,0,0,2,0,1,-1,-1,-1,-1,0,10,-1,1,1,3,-1,-1,-1,0,0,1,0,0,10,0,0,0,22.59
1,0,0,0,-1,0,1,0,0,0,0,0,0,0,0,-1,2,1,1,0,2,3,0,-1,25,0,9223372036800000000,1e+75,0,10,0,0,2,1,0,1,0,0,1,1,0,0,0,0,3,-1,2,0,1,-1,-1,-1,-1,0,10,-1,1,1,3,-1,-1,-1,0,0,1,0,0,10,0,0,0,91.22
1,0,0,0,-1,0,1,1,0,0,0,0,-1,0,0,2,-1,-1,1,2,1,3,0,-1,200,0,9223372036800000000,1e+75,0,10,0,0,2,0,0,1,0,0,1,1,-1,0,0,0,0,0,2,0,1,-1,-1,-1,-1,0,10,-1,1,1,3,-1,-1,-1,0,0,1,0,0,10,0,0,0,16
1,0,0,0,-1,0,1,1,0,0,0,0,-1,0,0,2,-1,-1,1,2,1,3,0,-1,200,0,9223372036800000000,1e+75,0,10,0,0,2,0,0,1,0,0,1,1,1,0,0,0,0,0,2,0,1,-1,-1,-1,-1,0,10,-1,1,1,3,-1,-1,-1,0,0,1,0,0,10,0,0,0,20.54
1,0,0,0,-1,0,1,1,0,0,0,0,-1,0,0,2,-1,-1,1,2,1,3,0,-1,200,0,9223372036800000000,1e+75,0,10,0,0,2,0,0,1,0,0,1,1,0,0,0,0,0,0,2,0,1,-1,-1,-1,-1,0,10,-1,1,1,3,-1,-1,0,0,0,1,0,0,10,0,0,0,12.47
1,0,0,0,-1,0,1,4,0,0,0,0,3,0,-1,0,0,1,1,0,2,1,0,1,25,0,9223372036800000000,1e+75,0,10,0,0,5,-1,0,1,0,0,1,1,0,0,0,0,2,-1,2,0,1,-1,-1,-1,-1,0,10,-1,1,1,3,-1,-1,-1,0,0,1,0,0,10,0,0,0,77.93
1,0,0,0,-1,0,1,1,0,0,0,0,-1,0,0,2,-1,-1,1,2,1,3,0,-1,200,0,9223372036800000000,1e+75,0,10,0,0,2,0,0,1,0,0,1,1,0,0,0,0,0,0,2,0,1,-1,-1,-1,-1,0,10,-1,1,1,3,-1,-1,3,0,0,1,0,0,10,0,0,0,12.47
1,0,0,0,-1,0,1,1,0,0,0,0,1,0,-1,0,0,1,1,2,-1,3,0,4,10,0,9223372036800000000,1e+75,0,10,0,0,3,-1,0,1,0,0,1,1,0,0,0,0,0,-1,2,0,1,-1,-1,-1,-1,0,10,-1,1,1,3,-1,-1,-1,0,0,1,0,0,10,0,0,0,24.69
1,0,0,0,-1,0,1,0,0,0,0,0,0,0,0,-1,2,1,1,0,2,3,0,-1,25,0,9223372036800000000,1e+75,0,10,0,0,2,1,0,1,0,0,1,1,0,0,0,0,5,-1,2,0,1,-1,-1,-1,-1,0,10,-1,1,1,3,-1,-1,-1,0,0,1,0,0,10,0,0,0,91.34
1,0,0,0,-1,0,1,1,0,0,0,0,-1,0,0,2,-1,-1,1,2,1,3,0,-1,200,0,9223372036800000000,1e+75,0,10,0,0,2,0,0,1,0,0,1,1,0,0,0,0,0,0,2,0,1,-1,-1,-1,-1,0,10,-1,1,1,3,-1,-1,5,0,0,1,0,0,10,0,0,0,12.47
1,0,0,0,-1,0,1,1,0,0,0,0,-1,0,-1,2,2,1,1,-1,2,3,0,-1,800,0,9223372036800000000,1e+75,0,10,0,0,7,0,0,1,0,0,1,1,0,0,0,0,0,0,2,0,1,-1,-1,-1,-1,0,10,-1,1,1,3,-1,-1,-1,0,0,1,0,0,10,0,0,0,25.21
1,0,0,0,-1,0,1,1,0,0,0,0,-1,0,0,2,-1,-1,1,2,1,3,0,-1,200,0,9223372036800000000,1e+75,0,10,0,0,2,0,0,1,-1,0,1,1,0,0,0,0,0,0,2,0,1,-1,-1,-1,-1,0,10,-1,1,1,3,-1,-1,-1,0,0,1,0,0,10,0,0,0,17.62
1,0,0,0,-1,0,1,3,0,0,0,0,0,0,-1,-1,2,-1,-1,0,1,3,0,1,800,0,9223372036800000000,1e+75,0,10,0,0,3,-1,0,1,0,0,1,1,0,0,0,0,0,-1,2,0,1,-1,-1,-1,-1,0,10,-1,1,1,3,-1,-1,-1,0,0,1,0,0,10,0,0,0,76.83
1,0,0,0,-1,0,1,0,0,0,0,0,2,0,1,2,-1,2,1,-1,-1,2,0,8,800,0,9223372036800000000,1e+75,0,10,0,0,7,-1,0,1,0,0,1,1,0,0,0,0,1,4,2,0,1,-1,-1,2,-1,0,10,-1,1,1,3,-1,-1,-1,0,0,1,0,0,10,0,0,0,46.31
1,0,0,0,-1,0,1,1,0,0,0,0,-1,0,0,2,-1,-1,1,2,1,3,0,-1,200,0,9223372036800000000,1e+75,0,10,0,0,2,0,0,1,500,0,1,1,0,0,0,0,0,0,2,0,1,-1,-1,-1,-1,0,10,-1,1,1,3,-1,-1,-1,0,0,1,0,0,10,0,0,0,18.38
1,0,0,0,-1,0,1,5,0,0,0,0,-1,0,1,-1,-1,2,-1,0,-1,1,0,8,25,0,9223372036800000000,1e+75,0,10,0,0,7,0,0,1,0,0,1,1,0,0,0,0,0,-1,2,0,1,-1,1,0,-1,0,10,-1,1,1,3,-1,-1,-1,0,0,1,0,0,10,0,0,0,51.05
1,0,0,0,-1,0,1,1,0,0,0,0,-1,0,0,2,-1,-1,1,2,1,3,0,-1,200,0,9223372036800000000,1e+75,0,10,0,0,2,0,0,1,1000,0,1,1,0,0,0,0,0,0,2,0,1,-1,-1,-1,-1,0,10,-1,1,1,3,-1,-1,-1,0,0,1,0,0,10,0,0,0,18.38
1,0,0,0,-1,0,1,0,0,0,0,0,2,0,1,-1,2,-1,1,0,0,3,0,-1,25,0,9223372036800000000,1e+75,0,10,0,0,7,0,0,1,0,0,1,1,0,0,0,0,0,0,2,0,1,-1,-1,-1,-1,0,10,-1,1,1,3,-1,-1,-1,0,0,1,0,0,10,0,0,0,30.63
1,0,0,0,-1,0,1,1,0,0,0,0,-1,0,0,2,-1,-1,0,1,1,3,0,-1,200,0,9223372036800000000,1e+75,0,10,0,0,7,0,0,1,0,0,1,1,0,0,0,0,0,0,2,0,1,-1,-1,-1,-1,0,10,-1,1,1,3,-1,-1,-1,0,0,1,0,0,10,0,0,0,20.07
1,0,0,0,-1,0,1,0,0,0,0,0,0,0,0,-1,2,1,1,0,2,3,0,-1,25,0,9223372036800000000,1e+75,0,10,0,0,2,1,0,1,0,0,1,1,0,0,0,0,0,-1,2,0,1,-1,-1,-1,-1,0,10,-1,1,1,3,-1,-1,-1,0,0,1,0,0,10,2,0,0,11.71
1,0,0,0,-1,0,1,1,0,0,0,0,-1,0,0,2,-1,-1,1,2,1,3,0,-1,200,0,9223372036800000000,1e+75,0,10,0,0,2,0,0,1,0,0,1,1,0,0,0,6,0,0,2,0,1,-1,-1,-1,-1,0,10,-1,1,1,3,-1,-1,-1,0,0,1,0,0,10,0,0,0,12.47
1,0,0,0,-1,0,1,5,0,0,0,0,2,0,1,-1,2,0,1,0,2,3,0,4,400,0,9223372036800000000,1e+75,0,10,0,0,2,1,0,1,0,0,1,1,0,0,0,0,0,1,2,0,1,-1,-1,-1,-1,0,10,-1,1,1,3,-1,-1,-1,0,0,1,0,0,10,0,0,0,31.41
1,0,0,0,-1,0,1,0,0,0,0,0,0,0,0,-1,2,1,1,-1,2,3,0,-1,25,0,9223372036800000000,1e+75,0,10,0,0,2,1,0,1,0,0,1,1,0,0,0,0,0,-1,2,0,1,-1,-1,-1,-1,0,10,-1,1,1,3,-1,-1,-1,0,0,1,0,0,10,0,0,0,60.37
1,0,0,0,-1,0,1,0,0,0,0,0,0,0,0,-1,2,1,1,0,2,3,0,-1,25,0,9223372036800000000,1e+75,0,10,0,0,2,1,0,1,0,0,1,1,0,0,0,0,0,-1,2,0,1,-1,-1,-1,-1,0,10,-1,1,1,3,-1,-1,-1,0,0,1,4,0,10,0,0,0,18.21
1,0,0,0,-1,0,1,1,0,0,0,0,-1,0,0,2,-1,1,1,2,1,3,0,-1,200,0,9223372036800000000,1e+75,0,10,0,0,7,0,0,1,0,0,1,1,0,0,0,0,0,0,2,0,1,-1,-1,-1,-1,0,10,-1,1,1,3,-1,-1,-1,0,0,1,0,0,10,0,0,0,21.27
1,0,0,0,-1,0,1,1,0,0,0,0,-1,0,0,2,-1,-1,1,2,1,3,0,4,200,0,9223372036800000000,1e+75,0,10,0,0,7,0,0,1,0,0,1,1,0,0,0,0,0,0,2,0,1,-1,-1,-1,-1,0,10,-1,1,1,3,-1,-1,-1,0,0,1,0,0,10,0,0,0,13.65
1,0,0,0,-1,0,1,1,0,0,0,0,-1,0,0,2,-1,-1,1,2,1,3,0,8,200,0,9223372036800000000,1e+75,0,10,0,0,7,0,0,1,0,0,1,1,0,0,0,0,0,0,2,0,1,-1,-1,-1,-1,0,10,-1,1,1,3,-1,-1,-1,0,0,1,0,0,10,0,0,0,13.65
1,0,0,0,-1,0,1,1,0,0,0,0,1,0,0,0,0,1,1,2,-1,3,0,4,25,0,9223372036800000000,1e+75,0,10,0,0,3,-1,0,1,0,0,1,1,0,0,0,0,0,-1,2,0,1,-1,-1,-1,-1,0,10,-1,1,1,3,-1,-1,-1,0,0,1,0,0,10,0,0,0,21.11
1,0,0,0,-1,0,1,0,0,0,0,0,0,0,0,-1,2,1,1,0,2,3,0,-1,25,0,9223372036800000000,1e+75,0,10,0,0,2,1,0,1,0,0,1,1,0,0,0,0,2,-1,2,0,1,-1,-1,-1,-1,0,10,-1,1,1,3,-1,-1,-1,0,0,1,0,0,10,0,0,0,11.71
1,0,0,0,-1,0,1,0,0,0,0,0,3,0,0,1,1,1,2,-1,2,5,0,-1,800,0,9223372036800000000,1e+75,0,10,0,0,30,1,0,1,0,0,1,1,0,0,0,0,4,4,2,0,1,-1,-1,-1,-1,0,10,-1,1,1,3,-1,-1,-1,0,0,1,0,0,10,0,0,0,40.86
1,0,0,0,-1,0,1,1,0,0,0,0,-1,0,0,2,-1,-1,1,2,1,3,0,1,200,0,9223372036800000000,1e+75,0,10,0,0,7,0,0,1,0,0,1,1,0,0,0,0,0,0,2,0,1,-1,-1,-1,-1,0,10,-1,1,1,3,-1,-1,-1,0,0,1,0,0,10,0,0,0,76.68
1,0,0,0,-1,0,1,1,0,0,0,0,-1,0,0,2,-1,-1,0,2,1,3,0,-1,200,0,9223372036800000000,1e+75,0,10,0,0,7,0,0,1,0,0,1,1,0,0,0,0,0,0,2,0,1,-1,-1,-1,-1,0,10,-1,1,1,3,-1,-1,-1,0,0,1,0,0,10,0,0,0,20.15
1,0,0,0,-1,0,1,0,0,0,0,0,0,0,0,-1,2,1,1,0,2,5,0,-1,25,0,9223372036800000000,1e+75,0,10,0,0,2,1,0,1,0,0,1,1,0,0,0,0,0,-1,2,0,1,-1,-1,0,3,0,10,-1,1,1,3,-1,-1,-1,0,0,1,0,0,10,0,0,0,8.94
1,0,0,0,-1,0,1,1,0,0,0,0,-1,0,0,-1,-1,-1,1,2,1,3,0,-1,200,0,9223372036800000000,1e+75,0,10,0,0,7,0,0,1,0,0,1,1,0,0,0,0,0,0,2,0,1,-1,-1,-1,-1,0,10,-1,1,1,3,-1,-1,-1,0,0,1,0,0,10,0,0,0,21.92
1,0,0,0,-1,0,1,0,0,0,1,0,0,0,0,-1,2,1,1,0,2,5,0,-1,25,0,9223372036800000000,1e+75,0,10,0,0,2,1,0,1,0,0,1,1,0,0,0,0,0,-1,2,0,1,-1,-1,0,-1,0,10,-1,1,1,3,-1,-1,-1,0,0,1,0,0,10,0,0,0,8.94
1,0,0,0,-1,0,1,5,0,0,0,0,2,0,1,-1,2,0,2,0,2,3,0,4,400,0,9223372036800000000,1e+75,0,10,0,0,2,1,0,1,0,0,1,1,0,0,0,0,0,1,2,0,1,-1,-1,-1,-1,0,10,-1,1,1,3,-1,-1,-1,0,0,1,0,0,10,0,0,0,31.41
1,0,0,0,-1,0,1,5,0,0,0,0,3,0,1,-1,2,0,2,0,2,3,0,4,400,0,9223372036800000000,1e+75,0,10,0,0,2,1,0,1,0,0,1,1,0,0,0,0,0,1,2,0,1,-1,-1,-1,-1,0,10,-1,1,1,3,-1,-1,-1,0,0,1,0,0,10,0,0,0,31.41
1,0,0,0,-1,0,1,0,0,0,0,0,3,0,0,1,1,1,1,-1,-1,5,0,-1,800,0,9223372036800000000,1e+75,0,10,0,0,30,1,0,1,0,0,1,1,0,0,0,0,4,4,2,0,1,-1,-1,-1,-1,0,10,-1,1,1,3,-1,-1,-1,0,0,1,0,0,10,0,0,0,17.97
1,0,0,0,-1,0,1,5,0,0,0,0,-1,0,1,2,0,1,-1,2,0,3,0,-1,400,0,9223372036800000000,1e+75,0,10,0,0,3,0,0,1,0,0,1,1,0,0,0,0,0,2,2,0,1,-1,-1,-1,-1,0,10,-1,1,1,3,-1,-1,-1,0,0,1,0,0,10,0,0,0,28.9
1,0,0,0,-1,0,1,5,0,0,0,0,2,0,1,-1,2,0,2,0,2,3,0,4,25,0,9223372036800000000,1e+75,0,10,0,0,2,1,0,1,0,0,1,1,0,0,0,0,0,1,2,0,1,-1,-1,-1,-1,0,10,-1,1,1,3,-1,-1,-1,0,0,1,0,0,10,0,0,0,23.55
1,0,0,0,-1,0,1,0,0,0,0,0,2,0,1,2,-1,2,1,-1,-1,0,0,8,800,0,9223372036800000000,1e+75,0,10,0,0,7,-1,0,1,0,0,1,1,0,0,0,0,1,4,2,0,1,-1,-1,2,-1,0,10,-1,1,1,3,-1,-1,-1,0,0,1,0,0,10,0,0,0,55.07
1,0,0,0,-1,0,1,5,0,0,0,0,0,0,1,-1,2,0,2,0,2,3,0,4,400,0,9223372036800000000,1e+75,0,10,0,0,2,1,0,1,0,0,1,1,0,0,0,0,0,1,2,0,1,-1,-1,-1,-1,0,10,-1,1,1,3,-1,-1,-1,0,0,1,0,0,10,0,0,0,31.41
1,0,0,0,-1,0,1,3,0,0,0,0,2,0,1,2,-1,-1,1,2,-1,5,0,2,100,0,9223372036800000000,1e+75,0,10,0,0,3,-1,0,1,0,0,1,1,0,0,0,0,4,0,2,0,1,-1,1,1,-1,0,10,-1,1,1,3,-1,-1,-1,0,0,1,0,0,10,0,0,0,1.79769e+308
1,0,0,0,-1,0,1,4,0,0,0,0,3,0,1,0,0,1,1,0,2,1,0,1,25,0,9223372036800000000,1e+75,0,10,0,0,5,-1,0,1,0,0,1,1,0,0,0,0,1,-1,2,0,1,-1,-1,-1,-1,0,10,-1,1,1,3,-1,-1,-1,0,0,1,0,0,10,0,0,0,77.57
1,0,0,0,-1,0,1,0,0,0,0,0,0,0,1,1,0,2,-1,-1,-1,3,0,4,100,0,9223372036800000000,1e+75,0,10,0,0,3,1,0,1,0,0,1,1,0,0,0,0,0,2,2,0,1,-1,-1,-1,-1,0,10,-1,1,1,3,-1,-1,-1,0,0,1,0,0,10,0,0,0,58
1,0,0,0,-1,0,1,1,0,0,0,0,1,0,0,0,0,-1,-1,2,-1,3,0,1,800,0,9223372036800000000,1e+75,0,10,0,0,3,-1,0,1,0,0,1,1,0,0,0,0,0,2,2,0,1,-1,-1,-1,-1,0,10,-1,1,1,3,-1,-1,-1,0,0,1,0,0,10,0,0,0,76.51
1,0,0,0,-1,0,1,0,0,0,0,0,3,0,-1,1,-1,-1,1,0,1,3,0,1,25,0,9223372036800000000,1e+75,0,10,0,0,2,1,0,1,0,0,1,1,0,0,0,0,0,1,2,0,1,-1,-1,-1,-1,0,10,-1,1,1,3,-1,-1,-1,0,0,1,0,0,10,0,0,0,85.04
1,0,0,0,-1,0,1,0,0,0,0,0,-1,0,0,-1,2,-1,1,0,-1,3,0,-1,25,0,9223372036800000000,1e+75,0,10,0,0,7,0,0,1,0,0,1,1,0,0,0,0,0,0,2,0,1,-1,-1,-1,-1,0,10,-1,1,1,3,-1,-1,-1,0,0,1,0,0,10,0,0,0,15.14
1,0,0,0,-1,0,1,1,0,0,0,0,-1,0,0,2,-1,-1,1,2,1,3,0,-1,200,0,9223372036800000000,1e+75,0,10,0,0,2,0,0,1,0,0,1,1,0,0,0,0,0,0,2,0,1,-1,-1,-1,-1,0,10,-1,1,1,3,-1,-1,4,0,0,1,0,0,10,0,0,0,12.47
1,0,0,0,-1,0,1,1,0,0,0,0,1,0,0,0,0,1,1,2,-1,3,0,4,400,0,9223372036800000000,1e+75,0,10,0,0,3,-1,0,1,0,0,1,1,0,0,0,0,0,-1,2,0,1,-1,-1,-1,-1,0,10,-1,1,1,3,-1,-1,-1,0,0,1,0,0,10,0,0,0,26.87
1,0,0,0,-1,0,1,5,0,0,0,0,0,0,-1,-1,2,-1,0,1,0,3,0,-1,800,0,9223372036800000000,1e+75,0,10,0,0,4,0,0,1,0,0,1,1,0,0,0,0,0,2,2,0,1,-1,-1,-1,-1,0,10,-1,1,1,3,-1,-1,-1,0,0,1,0,0,10,0,0,0,44.28
1,0,0,0,-1,0,1,5,0,0,0,0,1,0,0,2,-1,-1,0,0,-1,3,0,16,25,0,9223372036800000000,1e+75,0,10,0,0,2,1,0,1,0,0,1,1,0,0,0,0,0,0,2,0,1,-1,-1,-1,-1,0,10,-1,1,1,3,-1,-1,-1,0,0,1,0,0,10,0,0,0,26.96
1,0,0,0,-1,0,1,1,0,0,0,0,0,0,0,-1,0,-1,0,1,-1,3,0,-1,150,0,9223372036800000000,1e+75,0,10,0,0,7,0,0,1,0,0,1,1,0,0,0,0,0,0,2,0,1,-1,-1,-1,-1,0,10,-1,1,1,3,-1,-1,-1,0,0,1,0,0,10,0,0,0,30.66
1,0,0,0,-1,0,1,0,0,0,0,0,0,0,0,0,-1,-1,0,-1,-1,3,0,-1,25,0,9223372036800000000,1e+75,0,10,0,0,2,1,0,1,0,0,1,1,0,0,0,0,0,0,2,0,1,-1,-1,-1,-1,0,10,-1,1,1,3,-1,-1,-1,0,0,1,0,0,10,0,0,0,34.66
1,0,0,0,-1,0,1,0,0,0,0,0,3,0,0,1,1,1,2,-1,-1,5,0,-1,800,0,9223372036800000000,1e+75,0,10,0,0,30,1,0,1,0,0,1,1,0,0,0,0,4,4,2,0,1,-1,-1,-1,-1,0,10,-1,1,1,3,-1,-1,-1,0,0,1,0,0,10,0,0,0,17.97
1,0,0,0,-1,0,1,0,0,0,0,0,-1,0,0,2,0,1,-1,0,2,3,0,-1,800,0,9223372036800000000,1e+75,0,10,0,0,2,-1,0,1,0,0,1,1,0,0,0,0,0,0,2,0,1,-1,-1,-1,-1,0,10,-1,1,1,3,-1,-1,-1,0,0,1,0,0,10,0,0,0,35.23
1,0,0,0,-1,0,1,0,0,0,0,0,0,0,0,-1,2,1,1,0,2,3,0,-1,25,0,9223372036800000000,1e+75,0,10,0,0,2,1,0,1,0,0,1,1,0,0,0,0,0,-1,2,0,1,-1,-1,-1,-1,0,10,-1,1,1,3,-1,-1,-1,0,0,1,2,0,10,0,0,0,15.11
1,0,0,0,-1,0,1,4,0,0,0,0,3,0,-1,0,0,1,1,0,2,1,0,1,100,0,9223372036800000000,1e+75,0,10,0,0,5,-1,0,1,0,0,1,1,0,0,0,0,1,-1,2,0,1,-1,-1,-1,-1,0,10,-1,1,1,3,-1,-1,-1,0,0,1,0,0,10,0,0,0,77.57
1,0,0,0,-1,0,1,1,0,0,0,0,-1,0,0,2,-1,-1,2,2,1,3,0,-1,200,0,9223372036800000000,1e+75,0,10,0,0,7,0,0,1,0,0,1,1,0,0,0,0,0,0,2,0,1,-1,-1,-1,-1,0,10,-1,1,1,3,-1,-1,-1,0,0,1,0,0,10,0,0,0,20.15
1,0,0,0,-1,0,1,0,0,0,0,0,0,0,0,-1,2,1,1,0,2,3,0,8,25,0,9223372036800000000,1e+75,0,10,0,0,2,1,0,1,0,0,1,1,0,0,0,0,0,-1,2,0,1,-1,-1,-1,-1,0,10,-1,1,1,3,-1,-1,-1,0,0,1,0,0,10,0,0,0,11.71
1,0,0,0,-1,0,1,0,0,0,0,0,0,0,0,-1,2,1,1,0,2,3,0,-1,25,0,9223372036800000000,1e+75,0,10,0,0,2,1,0,1,0,0,1,1,0,0,0,0,0,0,2,0,1,-1,-1,-1,-1,0,10,-1,1,1,3,-1,-1,-1,0,0,1,0,0,10,0,0,0,30.95
1,0,0,0,-1,0,1,0,0,0,0,0,3,0,0,1,2,1,1,0,1,3,0,-1,100,0,9223372036800000000,1e+75,0,10,0,0,7,0,0,1,0,0,1,1,0,0,0,0,0,0,2,0,1,-1,-1,-1,-1,0,10,-1,1,1,3,-1,-1,-1,0,0,1,0,0,10,0,0,0,38.96
1,0,0,0,-1,0,1,0,0,0,0,0,0,0,0,0,2,1,1,0,2,3,0,-1,25,0,9223372036800000000,1e+75,0,10,0,0,2,1,0,1,0,0,1,1,0,0,0,0,0,-1,2,0,1,-1,-1,-1,-1,0,10,-1,1,1,3,-1,-1,-1,0,0,1,0,0,10,0,0,0,20.49
1,0,0,0,-1,0,1,0,0,0,0,0,0,0,0,-1,2,1,1,0,2,3,0,-1,25,0,9223372036800000000,1e+75,0,10,0,0,2,1,0,1,0,0,1,1,0,0,0,0,0,-1,2,0,1,-1,-1,-1,-1,0,10,-1,1,1,3,-1,-1,-1,0,0,1,0,0,10,-1,0,0,11.71
