1,0,0,0,-1,0,1,0,0,0,0,0,-1,0,0,1,-1,-1,0,-1,1,3,0,2,400,0,9223372036800000000,1e+75,0,10,0,0,7,-1,0,1,0,0,1,1,-1,0,200,0,0,0,2,0,1,-1,-1,-1,-1,0,10,-1,1,1,3,-1,-1,-1,0,0,1,0,0,10,2,0,0,88.26
1,0,0,0,-1,0,1,0,0,0,0,0,-1,0,0,1,-1,-1,0,-1,1,3,0,2,400,0,9223372036800000000,1e+75,0,10,0,0,7,-1,0,1,0,0,1,1,-1,0,200,0,0,0,2,0,1,-1,-1,-1,-1,0,10,-1,1,1,3,-1,-1,-1,0,0,1,0,0,10,1,0,0,44.78
1,0,0,0,-1,0,1,0,0,0,0,0,-1,0,0,1,-1,-1,0,-1,1,3,0,2,400,0,9223372036800000000,1e+75,0,10,0,0,7,-1,0,1,0,0,1,1,-1,0,200,0,0,0,2,0,1,-1,-1,-1,-1,0,10,-1,1,1,3,-1,-1,-1,0,0,1,0,0,10,-1,0,0,88.26
1,0,0,0,-1,0,1,0,0,0,0,0,-1,0,0,1,-1,-1,0,-1,1,3,0,2,400,0,9223372036800000000,1e+75,0,10,0,0,7,-1,0,1,0,0,1,1,-1,0,200,0,0,0,2,0,1,-1,-1,-1,-1,0,10,-1,1,1,3,-1,-1,-1,0,0,1,5,0,10,0,0,0,88.26
1,0,0,0,-1,0,1,0,0,0,0,0,-1,0,0,1,-1,-1,0,-1,1,3,0,2,400,0,9223372036800000000,1e+75,0,10,0,0,7,-1,0,1,0,0,1,1,-1,0,200,0,0,0,2,0,1,-1,-1,-1,-1,0,10,-1,1,1,3,-1,-1,-1,0,0,1,4,0,10,0,0,0,94.88
1,0,0,0,-1,0,1,0,0,0,0,0,-1,0,0,1,-1,-1,0,-1,1,3,0,2,400,0,9223372036800000000,1e+75,0,10,0,0,7,-1,0,1,0,0,1,1,-1,0,200,0,0,0,2,0,1,-1,-1,-1,-1,0,10,-1,1,1,3,-1,-1,-1,0,0,1,2,0,10,0,0,0,88.26
1,0,0,0,-1,0,1,0,0,0,0,0,-1,0,0,1,-1,-1,0,-1,1,3,0,2,400,0,9223372036800000000,1e+75,0,10,0,0,7,-1,0,1,0,0,1,1,-1,0,200,0,0,0,2,0,1,-1,-1,-1,-1,0,10,-1,1,1,3,-1,-1,-1,0,0,1,1,0,10,0,0,0,94.88
1,0,0,0,-1,0,1,0,0,0,0,0,-1,0,0,1,-1,-1,0,-1,1,3,0,2,400,0,9223372036800000000,1e+75,0,10,0,0,7,-1,0,1,0,0,1,1,-1,0,200,0,5,0,2,0,1,-1,-1,-1,-1,0,10,-1,1,1,3,-1,-1,-1,0,0,1,0,0,10,0,0,0,96.75
1,0,0,0,-1,0,1,0,0,0,0,0,-1,0,0,1,-1,-1,0,-1,1,3,0,2,400,0,9223372036800000000,1e+75,0,10,0,0,7,-1,0,1,0,0,1,1,-1,0,200,0,2,0,2,0,1,-1,-1,-1,-1,0,10,-1,1,1,3,-1,-1,-1,0,0,1,0,0,10,0,0,0,44.78
1,0,0,0,-1,0,1,0,0,0,0,0,-1,0,0,1,-1,-1,0,-1,1,3,0,2,400,0,9223372036800000000,1e+75,0,10,0,0,7,-1,0,1,0,0,1,1,-1,0,200,0,1,0,2,0,1,-1,-1,-1,-1,0,10,-1,1,1,3,-1,-1,-1,0,0,1,0,0,10,0,0,0,88.26
1,0,0,0,-1,0,1,0,0,0,0,0,-1,0,0,1,-1,-1,0,-1,1,3,0,2,400,0,9223372036800000000,1e+75,0,10,0,0,7,-1,0,1,0,0,1,1,-1,0,200,5,0,0,2,0,1,-1,-1,-1,-1,0,10,-1,1,1,3,-1,-1,-1,0,0,1,0,0,10,0,0,0,94.88
1,0,0,0,-1,0,1,0,0,0,0,0,-1,0,0,1,-1,-1,0,-1,1,3,0,2,400,0,9223372036800000000,1e+75,0,10,0,0,7,-1,0,1,0,0,1,1,-1,0,200,2,0,0,2,0,1,-1,-1,-1,-1,0,10,-1,1,1,3,-1,-1,-1,0,0,1,0,0,10,0,0,0,94.69
1,0,0,0,-1,0,1,0,0,0,0,0,-1,0,0,1,-1,-1,0,-1,1,3,0,2,400,0,9223372036800000000,1e+75,0,10,0,0,7,-1,0,1,0,0,1,1,-1,0,200,1,0,0,2,0,1,-1,-1,-1,-1,0,10,-1,1,1,3,-1,-1,-1,0,0,1,0,0,10,0,0,0,88.26
1,0,0,0,-1,0,1,0,0,0,0,0,-1,0,0,1,-1,-1,0,-1,1,3,0,2,400,0,9223372036800000000,1e+75,0,10,0,0,7,-1,0,1,1000,0,1,1,-1,0,200,0,0,0,2,0,1,-1,-1,-1,-1,0,10,-1,1,1,3,-1,-1,-1,0,0,1,0,0,10,0,0,0,88.26
1,0,0,0,-1,0,1,0,0,0,0,0,-1,0,0,1,-1,-1,0,-1,1,3,0,2,400,0,9223372036800000000,1e+75,0,10,0,0,7,-1,0,1,40,0,1,1,-1,0,200,0,0,0,2,0,1,-1,-1,-1,-1,0,10,-1,1,1,3,-1,-1,-1,0,0,1,0,0,10,0,0,0,94.88
1,0,0,0,-1,0,1,0,0,0,0,0,-1,0,0,1,-1,-1,0,-1,1,3,0,2,400,0,9223372036800000000,1e+75,0,10,0,0,7,-1,0,1,20,0,1,1,-1,0,200,0,0,0,2,0,1,-1,-1,-1,-1,0,10,-1,1,1,3,-1,-1,-1,0,0,1,0,0,10,0,0,0,88.26
1,0,0,0,-1,0,1,0,0,0,0,0,-1,0,0,1,-1,-1,0,-1,1,3,0,2,400,0,9223372036800000000,1e+75,0,10,0,0,7,-1,0,1,-1,0,1,1,-1,0,200,0,0,0,2,0,1,-1,-1,-1,-1,0,10,-1,1,1,3,-1,-1,-1,0,0,1,0,0,10,0,0,0,88.26
1,0,0,0,-1,0,1,0,0,0,0,0,-1,0,0,1,-1,-1,0,-1,1,3,0,2,400,0,9223372036800000000,1e+75,0,10,0,0,7,-1,0,1,0,0,1,1,-1,0,200,0,0,0,2,0,1,-1,-1,-1,-1,-1,10,-1,1,1,3,-1,-1,-1,0,0,1,0,0,10,0,0,0,44.78
1,0,0,0,-1,0,1,0,0,0,0,0,-1,0,0,1,-1,-1,0,-1,1,3,0,2,400,0,9223372036800000000,1e+75,0,10,0,0,7,-1,0,1,500,0,1,1,-1,0,200,0,0,0,2,0,1,-1,-1,-1,-1,0,10,-1,1,1,3,-1,-1,-1,0,0,1,0,0,10,0,0,0,88.26
1,0,0,0,-1,0,1,0,0,0,0,0,-1,0,0,1,-1,-1,0,-1,1,3,0,2,400,0,9223372036800000000,1e+75,0,10,0,0,7,-1,0,1,0,0,1,1,-1,0,200,0,0,0,2,0,1,-1,-1,-1,-1,0,10,-1,1,1,3,-1,-1,5,0,0,1,0,0,10,0,0,0,88.26
1,0,0,0,-1,0,1,0,0,0,0,0,-1,0,0,1,-1,-1,0,-1,1,3,0,2,400,0,9223372036800000000,1e+75,0,10,0,0,7,-1,0,1,0,0,1,1,-1,0,200,0,0,0,2,0,1,-1,-1,-1,-1,0,10,-1,1,1,3,-1,-1,4,0,0,1,0,0,10,0,0,0,44.78
1,0,0,0,-1,0,1,0,0,0,0,0,-1,0,0,1,-1,-1,0,-1,1,3,0,2,400,0,9223372036800000000,1e+75,0,10,0,0,7,-1,0,1,0,0,1,1,-1,0,200,0,0,0,2,0,1,-1,-1,-1,-1,0,10,-1,1,1,3,-1,-1,2,0,0,1,0,0,10,0,0,0,44.78
1,0,0,0,-1,0,1,0,0,0,0,0,-1,0,0,1,-1,-1,0,-1,1,3,0,2,400,0,9223372036800000000,1e+75,0,10,0,0,7,-1,0,1,0,0,1,1,-1,0,200,0,0,0,2,0,1,-1,-1,-1,-1,0,10,-1,1,1,3,-1,-1,1,0,0,1,0,0,10,0,0,0,88.26
1,0,0,0,-1,0,1,0,0,0,0,0,-1,0,0,1,-1,-1,0,-1,1,3,0,2,400,0,9223372036800000000,1e+75,0,10,0,0,7,-1,0,1,0,0,1,1,-1,0,200,0,0,0,2,0,1,-1,-1,-1,-1,0,10,-1,1,1,3,-1,-1,0,0,0,1,0,0,10,0,0,0,88.26
1,0,0,0,-1,0,1,0,0,0,0,0,-1,0,0,1,-1,-1,0,-1,1,3,0,2,400,0,9223372036800000000,1e+75,0,10,0,0,7,-1,0,1,0,0,1,1,-1,0,200,0,0,0,2,0,1,-1,-1,-1,-1,0,10,-1,0,1,3,-1,-1,-1,0,0,1,0,0,10,0,0,0,88.26
1,0,0,0,-1,0,1,0,0,0,0,0,2,0,1,1,-1,2,-1,0,-1,3,0,16,400,0,9223372036800000000,1e+75,0,10,0,0,7,-1,0,1,0,0,1,1,2,2,1000,0,0,0,2,0,1,-1,-1,-1,-1,0,10,-1,1,1,3,-1,-1,-1,0,0,1,0,0,10,0,0,0,86.09
1,0,0,0,-1,0,1,0,0,0,0,0,2,0,1,1,-1,2,-1,2,-1,3,0,16,400,0,9223372036800000000,1e+75,0,10,0,0,7,-1,0,1,0,0,1,1,2,2,500,0,0,0,2,0,1,-1,-1,-1,-1,0,10,-1,1,1,3,-1,-1,-1,0,0,1,0,0,10,0,0,0,86.96
1,0,0,0,-1,0,1,0,0,0,0,0,2,0,1,1,-1,2,-1,2,-1,3,0,16,400,0,9223372036800000000,1e+75,0,10,0,0,7,-1,0,1,0,0,1,1,0,2,500,0,0,0,2,0,1,-1,-1,-1,-1,0,10,-1,1,1,3,-1,-1,-1,0,0,1,0,0,10,0,0,0,86.81
1,0,0,0,-1,0,1,0,0,0,0,0,2,0,1,1,-1,2,-1,0,-1,3,0,16,400,0,9223372036800000000,1e+75,0,10,0,0,7,-1,0,1,0,0,1,1,2,2,500,0,0,0,2,0,1,-1,-1,-1,-1,0,10,-1,1,1,3,-1,-1,-1,0,0,1,0,0,10,0,0,0,86.52
1,0,0,0,-1,0,1,0,0,0,0,0,2,0,-1,1,-1,2,-1,0,-1,3,0,16,400,0,9223372036800000000,1e+75,0,10,0,0,7,-1,0,1,0,0,1,1,0,2,500,0,0,0,2,0,1,-1,-1,-1,-1,0,10,-1,1,1,3,-1,-1,-1,0,0,1,0,0,10,0,0,0,87.39
1,0,0,0,-1,0,1,0,0,0,0,0,2,0,1,1,-1,0,-1,0,-1,3,0,16,400,0,9223372036800000000,1e+75,0,10,0,0,7,-1,0,1,0,0,1,1,0,2,500,0,0,0,2,0,1,-1,-1,-1,-1,0,10,-1,1,1,3,-1,-1,-1,0,0,1,0,0,10,0,0,0,87.39
1,0,0,0,-1,0,1,0,0,0,0,0,2,0,1,1,-1,2,-1,0,-1,3,0,2,400,0,9223372036800000000,1e+75,0,10,0,0,7,-1,0,1,0,0,1,1,0,2,500,0,0,0,2,0,1,-1,-1,-1,-1,0,10,-1,1,1,3,-1,-1,-1,0,0,1,0,0,10,0,0,0,87.39
1,0,0,0,-1,0,1,0,0,0,0,0,2,0,1,1,-1,2,-1,0,-1,3,0,8,400,0,9223372036800000000,1e+75,0,10,0,0,7,-1,0,1,0,0,1,1,0,2,500,0,0,0,2,0,1,-1,-1,-1,-1,0,10,-1,1,1,3,-1,-1,-1,0,0,1,0,0,10,0,0,0,87.39
1,0,0,0,-1,0,1,0,0,0,0,0,0,0,-1,-1,0,2,-1,1,1,3,0,4,200,0,9223372036800000000,1e+75,0,10,0,0,7,0,0,1,0,0,1,1,1,0,200,0,0,0,2,0,1,-1,-1,-1,-1,0,10,-1,1,1,3,-1,-1,-1,0,0,1,0,0,10,0,0,0,94.88
1,0,0,0,-1,0,1,0,0,0,0,0,2,0,1,1,-1,2,-1,0,-1,3,0,16,400,0,9223372036800000000,1e+75,0,10,0,0,7,-1,0,1,0,0,1,1,0,2,500,0,0,0,2,0,1,-1,-1,-1,-1,0,10,-1,1,1,3,-1,-1,-1,0,0,1,0,0,10,0,0,0,87.39
1,0,0,0,-1,0,1,1,0,0,0,0,3,0,1,2,0,-1,-1,0,-1,3,0,4,50,0,9223372036800000000,1e+75,0,10,0,0,7,1,0,1,0,0,1,1,2,-1,200,0,0,0,2,0,1,-1,-1,-1,-1,0,10,-1,1,1,3,-1,-1,-1,0,0,1,0,0,10,0,0,0,88.26
1,0,0,0,-1,0,1,2,0,0,0,0,3,0,-1,1,0,-1,0,1,2,3,0,16,100,0,9223372036800000000,1e+75,0,10,0,0,7,0,0,1,0,0,1,1,1,2,200,0,0,0,2,0,1,-1,-1,-1,-1,0,10,-1,1,1,3,-1,-1,-1,0,0,1,0,0,10,0,0,0,88.26
1,0,0,0,-1,0,1,2,0,0,0,0,3,0,-1,1,0,-1,0,1,-1,3,0,16,100,0,9223372036800000000,1e+75,0,10,0,0,7,-1,0,1,0,0,1,1,1,2,200,0,0,0,2,0,1,-1,-1,-1,-1,0,10,-1,1,1,3,-1,-1,-1,0,0,1,0,0,10,0,0,0,87.17
1,0,0,0,-1,0,1,0,0,0,0,0,-1,0,0,1,-1,-1,0,-1,1,3,0,2,400,0,9223372036800000000,1e+75,0,10,0,0,7,-1,0,1,0,0,1,1,-1,0,200,4,0,0,2,0,1,-1,-1,-1,-1,0,10,-1,1,1,3,-1,-1,-1,0,0,1,0,0,10,0,0,0,94.88
1,0,0,0,-1,0,1,2,0,0,0,0,3,0,-1,1,0,0,0,1,2,3,0,16,400,0,9223372036800000000,1e+75,0,10,0,0,7,-1,0,1,0,0,1,1,1,2,200,0,0,0,2,0,1,-1,-1,-1,-1,0,10,-1,1,1,3,-1,-1,-1,0,0,1,0,0,10,0,0,0,87.34
1,0,0,0,-1,0,1,2,0,0,0,0,3,0,-1,1,0,0,0,1,2,3,0,16,100,0,9223372036800000000,1e+75,0,10,0,0,7,-1,0,1,0,0,1,1,2,2,200,0,0,0,2,0,1,-1,-1,-1,-1,0,10,-1,1,1,3,-1,-1,-1,0,0,1,0,0,10,0,0,0,87.36
1,0,0,0,-1,0,1,1,0,0,0,0,2,0,1,1,-1,2,-1,0,-1,3,0,16,400,0,9223372036800000000,1e+75,0,10,0,0,7,-1,0,1,0,0,1,1,2,2,500,0,0,0,2,0,1,-1,-1,-1,-1,0,10,-1,1,1,3,-1,-1,-1,0,0,1,0,0,10,0,0,0,88.26
1,0,0,0,-1,0,1,2,0,0,0,0,3,0,-1,1,0,0,0,1,2,3,0,16,25,0,9223372036800000000,1e+75,0,10,0,0,7,-1,0,1,0,0,1,1,1,-1,200,0,0,0,2,0,1,-1,-1,-1,-1,0,10,-1,1,1,3,-1,-1,-1,0,0,1,0,0,10,0,0,0,88.26
1,0,0,0,-1,0,1,2,0,0,0,0,3,0,-1,1,0,0,0,1,2,3,0,16,100,0,9223372036800000000,1e+75,0,10,0,0,7,-1,0,1,0,0,1,1,1,2,200,0,0,0,2,0,1,-1,-1,-1,-1,0,10,-1,1,1,3,-1,-1,-1,0,0,1,0,0,10,0,0,0,87.34
1,0,0,0,-1,0,1,2,0,0,0,0,3,0,-1,1,0,0,0,1,2,3,0,16,100,0,9223372036800000000,1e+75,0,10,0,0,7,-1,0,1,0,0,1,1,1,-1,-1,0,0,0,2,0,1,-1,-1,-1,-1,0,10,-1,1,1,3,-1,-1,-1,0,0,1,0,0,10,0,0,0,94.88
1,0,0,0,-1,0,1,5,0,0,0,0,2,0,-1,2,2,1,1,0,2,3,0,8,100,0,9223372036800000000,1e+75,0,10,0,0,7,1,0,1,0,0,1,1,-1,3,200,0,0,0,2,0,1,-1,-1,-1,-1,0,10,-1,1,1,3,-1,-1,-1,0,0,1,0,0,10,0,0,0,88.26
1,0,0,0,-1,0,1,5,0,0,0,0,0,0,-1,1,2,-1,-1,-1,-1,3,0,1,100,0,9223372036800000000,1e+75,0,10,0,0,7,0,0,1,0,0,1,1,3,-1,0,0,0,0,2,0,1,-1,-1,-1,-1,0,10,-1,1,1,3,-1,-1,-1,0,0,1,0,0,10,0,0,0,94.88
1,0,0,0,-1,0,1,0,0,0,0,0,-1,0,0,1,-1,-1,0,-1,1,3,0,2,400,0,9223372036800000000,1e+75,0,10,0,0,7,-1,0,1,0,0,1,1,-1,0,200,0,0,0,2,0,1,-1,-1,-1,-1,0,10,-1,1,1,3,-1,-1,-1,0,0,1,0,0,10,0,0,0,44.78
1,0,0,0,-1,0,1,1,0,0,0,0,-1,0,0,1,-1,-1,0,-1,1,3,0,2,400,0,9223372036800000000,1e+75,0,10,0,0,7,1,0,1,0,0,1,1,-1,0,200,0,0,0,2,0,1,-1,-1,-1,-1,0,10,-1,1,1,3,-1,-1,-1,0,0,1,0,0,10,0,0,0,88.26
1,0,0,0,-1,0,1,1,0,0,0,0,-1,0,0,-1,-1,-1,0,-1,1,3,0,2,400,0,9223372036800000000,1e+75,0,10,0,0,7,-1,0,1,0,0,1,1,-1,0,200,0,0,0,2,0,1,-1,-1,-1,-1,0,10,-1,1,1,3,-1,-1,-1,0,0,1,0,0,10,0,0,0,88.26
1,0,0,0,-1,0,1,1,0,0,0,0,-1,0,0,1,-1,-1,0,-1,1,3,0,2,400,0,9223372036800000000,1e+75,0,10,0,0,7,-1,0,1,0,0,1,1,-1,0,500,0,0,0,2,0,1,-1,-1,-1,-1,0,10,-1,1,1,3,-1,-1,-1,0,0,1,0,0,10,0,0,0,88.26
1,0,0,0,-1,0,1,0,0,0,0,0,-1,0,0,1,-1,-1,0,-1,1,3,0,2,400,0,9223372036800000000,1e+75,0,10,0,0,7,-1,0,1,0,1,1,1,-1,0,200,0,0,0,2,0,1,-1,-1,-1,-1,0,10,-1,1,1,3,-1,-1,-1,0,0,1,0,0,10,0,0,0,88.26
1,0,0,0,-1,0,1,0,0,0,0,0,-1,0,0,1,-1,-1,0,-1,1,3,0,2,400,0,9223372036800000000,1e+75,0,10,0,0,7,-1,0,1,0,0,1,1,-1,0,200,0,0,0,2,0,1,-1,-1,-1,-1,0,10,-1,1,1,3,-1,-1,3,0,0,1,0,0,10,0,0,0,44.78
1,0,0,0,-1,0,1,1,0,0,0,0,-1,0,0,1,-1,-1,0,-1,-1,3,0,2,400,0,9223372036800000000,1e+75,0,10,0,0,7,-1,0,1,0,0,1,1,-1,0,200,0,0,0,2,0,1,-1,-1,-1,-1,0,10,-1,1,1,3,-1,-1,-1,0,0,1,0,0,10,0,0,0,88.26
1,0,0,0,-1,0,1,1,0,0,0,0,-1,0,0,1,-1,-1,0,-1,1,3,0,2,400,0,9223372036800000000,1e+75,0,10,0,0,7,-1,0,1,0,0,1,1,-1,0,20,0,0,0,2,0,1,-1,-1,-1,-1,0,10,-1,1,1,3,-1,-1,-1,0,0,1,0,0,10,0,0,0,88.26
1,0,0,0,-1,0,1,1,0,0,0,0,-1,0,0,1,-1,-1,0,0,1,3,0,2,400,0,9223372036800000000,1e+75,0,10,0,0,7,-1,0,1,0,0,1,1,-1,0,200,0,0,0,2,0,1,-1,-1,-1,-1,0,10,-1,1,1,3,-1,-1,-1,0,0,1,0,0,10,0,0,0,88.26
1,0,0,0,-1,0,1,1,0,0,0,0,1,0,0,2,1,1,0,-1,1,3,0,4,150,0,9223372036800000000,1e+75,0,10,0,0,7,1,0,1,0,0,1,1,1,2,1000,0,0,0,2,0,1,-1,-1,-1,-1,0,10,-1,1,1,3,-1,-1,-1,0,0,1,0,0,10,0,0,0,88.26
1,0,0,0,-1,0,1,0,0,0,0,0,0,0,1,1,0,2,-1,0,-1,3,0,4,100,0,9223372036800000000,1e+75,0,10,0,0,7,1,0,1,0,0,1,1,2,3,500,0,0,0,2,0,1,-1,-1,-1,-1,0,10,-1,1,1,3,-1,-1,-1,0,0,1,0,0,10,0,0,0,88.26
1,0,0,0,-1,0,1,5,0,0,0,0,2,0,-1,-1,-1,-1,0,1,1,3,0,-1,50,0,9223372036800000000,1e+75,0,10,0,0,7,1,0,1,0,0,1,1,0,2,200,0,0,0,2,0,1,-1,-1,-1,-1,0,10,-1,1,1,3,-1,-1,-1,0,0,1,0,0,10,0,0,0,88.26
1,0,0,0,-1,0,1,5,0,0,0,0,0,0,-1,-1,-1,0,0,1,1,3,0,-1,50,0,9223372036800000000,1e+75,0,10,0,0,7,1,0,1,0,0,1,1,0,2,200,0,0,0,2,0,1,-1,-1,-1,-1,0,10,-1,1,1,3,-1,-1,-1,0,0,1,0,0,10,0,0,0,88.26
1,0,0,0,-1,0,1,3,0,0,0,0,3,3,1,0,0,0,2,2,-1,3,0,-1,50,0,9223372036800000000,1e+75,0,10,0,0,7,0,0,1,0,0,1,1,0,0,0,0,0,0,2,0,1,-1,-1,-1,-1,0,10,-1,1,1,3,-1,-1,-1,0,0,1,0,0,10,0,0,0,84.57
1,0,0,0,-1,0,1,3,0,0,0,0,3,2,1,0,0,0,2,2,-1,3,0,-1,50,0,9223372036800000000,1e+75,0,10,0,0,7,0,0,1,0,0,1,1,0,0,0,0,0,0,2,0,1,-1,-1,-1,-1,0,10,-1,1,1,3,-1,-1,-1,0,0,1,0,0,10,0,0,0,84.57
1,0,0,0,-1,0,1,3,0,0,0,0,3,0,1,2,1,-1,-1,2,0,3,0,-1,800,0,9223372036800000000,1e+75,0,10,0,0,7,0,0,1,0,0,1,1,0,0,0,0,0,0,2,0,1,-1,-1,-1,-1,0,10,-1,1,1,3,-1,-1,-1,0,0,1,0,0,10,0,0,0,85
1,0,0,0,-1,0,1,3,0,0,0,0,3,0,1,0,0,0,2,2,-1,3,0,-1,50,0,9223372036800000000,1e+75,0,10,0,0,7,0,0,1,0,0,1,1,0,3,0,0,0,0,2,0,1,-1,-1,-1,-1,0,10,-1,1,1,3,-1,-1,-1,0,0,1,0,0,10,0,0,0,84.57
1,0,0,0,-1,0,1,2,0,0,0,0,-1,0,0,2,-1,-1,1,1,1,3,0,-1,200,0,9223372036800000000,1e+75,0,10,0,0,7,0,0,1,0,0,1,1,0,0,0,0,0,0,2,0,1,-1,-1,-1,-1,0,10,-1,1,1,3,-1,-1,-1,0,0,1,0,0,10,0,0,0,94.88
1,0,0,0,-1,0,1,2,0,0,0,0,3,0,-1,1,0,2,0,1,2,3,0,16,100,0,9223372036800000000,1e+75,0,10,0,0,7,-1,0,1,0,0,1,1,1,2,200,0,0,0,2,0,1,-1,-1,-1,-1,0,10,-1,1,1,3,-1,-1,-1,0,0,1,0,0,10,0,0,0,87.34
1,0,0,0,-1,0,1,3,0,0,0,0,-1,0,0,2,-1,-1,0,0,1,3,0,16,200,0,9223372036800000000,1e+75,0,10,0,0,7,0,0,1,0,0,1,1,0,0,-1,0,0,0,2,0,1,-1,-1,-1,-1,0,10,-1,1,1,3,-1,-1,-1,0,0,1,0,0,10,0,0,0,84.35
1,0,0,0,-1,0,1,3,0,0,0,0,3,0,1,0,0,0,2,2,-1,3,0,-1,50,0,9223372036800000000,1e+75,0,10,0,0,7,0,0,1,0,0,1,1,0,2,0,0,0,0,2,0,1,-1,-1,-1,-1,0,10,-1,1,1,3,-1,-1,-1,0,0,1,0,0,10,0,0,0,84.57
1,0,0,0,-1,0,1,3,0,0,0,0,-1,0,0,-1,0,1,1,0,-1,3,0,-1,800,0,9223372036800000000,1e+75,0,10,0,0,7,0,0,1,0,0,1,1,0,0,0,0,0,0,2,0,1,-1,-1,-1,-1,0,10,-1,1,1,3,-1,-1,-1,0,0,1,0,0,10,0,0,0,85.65
1,0,0,0,-1,0,1,3,0,0,0,0,3,0,1,0,0,0,2,2,-1,3,0,-1,50,0,9223372036800000000,1e+75,0,10,0,0,7,0,0,1,0,0,1,1,0,1,0,0,0,0,2,0,1,-1,-1,-1,-1,0,10,-1,1,1,3,-1,-1,-1,0,0,1,0,0,10,0,0,0,85.54
1,0,0,0,-1,0,1,1,0,0,0,0,-1,0,0,1,-1,-1,0,-1,1,3,0,2,400,0,9223372036800000000,1e+75,0,10,0,0,7,-1,0,1,0,0,1,1,-1,0,200,0,0,0,2,0,1,-1,-1,-1,-1,0,10,-1,1,1,3,-1,-1,-1,0,0,1,0,0,10,0,0,0,88.26
1,0,0,0,-1,0,1,3,0,0,0,0,2,0,1,1,1,-1,0,2,0,3,0,-1,800,0,9223372036800000000,1e+75,0,10,0,0,7,0,0,1,0,0,1,1,0,0,0,0,0,0,2,0,1,-1,-1,-1,-1,0,10,-1,1,1,3,-1,-1,-1,0,0,1,0,0,10,0,0,0,85.65
1,0,0,0,-1,0,1,0,0,0,0,0,2,0,-1,1,-1,-1,1,0,-1,3,0,8,50,0,9223372036800000000,1e+75,0,10,0,0,7,1,0,1,0,0,1,1,0,3,60,0,0,0,2,0,1,-1,-1,-1,-1,0,10,-1,1,1,3,-1,-1,-1,0,0,1,0,0,10,0,0,0,88.26
1,0,0,0,-1,0,1,3,0,0,0,0,0,0,1,2,1,-1,0,2,0,3,0,-1,800,0,9223372036800000000,1e+75,0,10,0,0,7,0,0,1,0,0,1,1,0,0,0,0,0,0,2,0,1,-1,-1,-1,-1,0,10,-1,1,1,3,-1,-1,-1,0,0,1,0,0,10,0,0,0,84.78
1,0,0,0,-1,0,1,3,0,0,0,0,3,0,1,0,0,2,2,2,-1,3,0,-1,400,0,9223372036800000000,1e+75,0,10,0,0,7,0,0,1,0,0,1,1,0,0,0,0,0,0,2,0,1,-1,-1,-1,-1,0,10,-1,1,1,3,-1,-1,-1,0,0,1,0,0,10,0,0,0,84.78
1,0,0,0,-1,0,1,3,0,0,0,0,2,0,1,2,1,-1,0,2,1,3,0,-1,800,0,9223372036800000000,1e+75,0,10,0,0,7,0,0,1,0,0,1,1,0,0,0,0,0,0,2,0,1,-1,-1,-1,-1,0,10,-1,1,1,3,-1,-1,-1,0,0,1,0,0,10,0,0,0,84.78
1,0,0,0,-1,0,1,3,0,0,0,0,2,0,1,2,-1,-1,0,2,0,3,0,-1,800,0,9223372036800000000,1e+75,0,10,0,0,7,0,0,1,0,0,1,1,0,0,0,0,0,0,2,0,1,-1,-1,-1,-1,0,10,-1,1,1,3,-1,-1,-1,0,0,1,0,0,10,0,0,0,84.78
1,0,0,0,-1,0,1,3,0,0,0,0,2,0,-1,1,2,1,0,0,-1,3,0,-1,10,0,9223372036800000000,1e+75,0,10,0,0,7,0,0,1,0,0,1,1,0,0,-1,0,0,0,2,0,1,-1,-1,-1,-1,0,10,-1,1,1,3,-1,-1,-1,0,0,1,0,0,10,0,0,0,84.48
1,0,0,0,-1,0,1,3,0,0,0,0,2,0,1,2,1,-1,0,0,0,3,0,-1,800,0,9223372036800000000,1e+75,0,10,0,0,7,0,0,1,0,0,1,1,0,0,0,0,0,0,2,0,1,-1,-1,-1,-1,0,10,-1,1,1,3,-1,-1,-1,0,0,1,0,0,10,0,0,0,84.78
1,0,0,0,-1,0,1,3,0,0,0,0,1,0,1,2,1,-1,0,2,0,3,0,-1,800,0,9223372036800000000,1e+75,0,10,0,0,7,0,0,1,0,0,1,1,0,0,0,0,0,0,2,0,1,-1,-1,-1,-1,0,10,-1,1,1,3,-1,-1,-1,0,0,1,0,0,10,0,0,0,84.78
1,0,0,0,-1,0,1,3,0,0,0,0,2,0,1,2,1,-1,0,2,0,3,0,-1,800,0,9223372036800000000,1e+75,0,10,0,0,7,0,0,1,0,0,1,1,0,0,0,0,0,0,2,0,1,-1,-1,-1,-1,0,10,-1,1,1,3,-1,-1,-1,0,0,1,0,0,10,0,0,0,84.78
1,0,0,0,-1,0,1,3,0,0,0,0,3,0,1,0,0,0,2,-1,-1,3,0,-1,400,0,9223372036800000000,1e+75,0,10,0,0,7,0,0,1,0,0,1,1,0,0,0,0,0,0,2,0,1,-1,-1,-1,-1,0,10,-1,1,1,3,-1,-1,-1,0,0,1,0,0,10,0,0,0,86.74
1,0,0,0,-1,0,1,2,0,0,0,0,3,0,-1,-1,0,0,0,0,2,3,0,-1,25,0,9223372036800000000,1e+75,0,10,0,0,7,0,0,1,0,0,1,1,0,2,20,0,0,0,2,0,1,-1,-1,-1,-1,0,10,-1,1,1,3,-1,-1,-1,0,0,1,0,0,10,0,0,0,87.17
1,0,0,0,-1,0,1,4,0,0,0,0,2,0,0,2,2,1,-1,2,-1,3,0,-1,100,0,9223372036800000000,1e+75,0,10,0,0,7,0,0,1,0,0,1,1,0,0,0,0,0,0,2,0,1,-1,-1,-1,-1,0,10,-1,1,1,3,-1,-1,-1,0,0,1,0,0,10,0,0,0,94.87
1,0,0,0,-1,0,1,3,0,0,0,0,3,0,1,0,0,0,1,1,-1,3,0,-1,400,0,9223372036800000000,1e+75,0,10,0,0,7,0,0,1,0,0,1,1,0,0,0,0,0,0,2,0,1,-1,-1,-1,-1,0,10,-1,1,1,3,-1,-1,-1,0,0,1,0,0,10,0,0,0,86.52
1,0,0,0,-1,0,1,5,0,0,0,0,3,0,-1,1,2,1,2,1,-1,3,0,-1,800,0,9223372036800000000,1e+75,0,10,0,0,7,0,0,1,0,0,1,1,0,0,0,0,0,0,2,0,1,-1,-1,-1,-1,0,10,-1,1,1,3,-1,-1,-1,0,0,1,0,0,10,0,0,0,94.88
1,0,0,0,-1,0,1,3,0,0,0,0,0,0,-1,2,2,1,0,-1,2,3,0,-1,50,0,9223372036800000000,1e+75,0,10,0,0,7,0,0,1,0,0,1,1,0,0,0,0,0,0,2,0,1,-1,-1,-1,-1,0,10,-1,1,1,3,-1,-1,-1,0,0,1,0,0,10,0,0,0,86.74
1,0,0,0,-1,0,1,0,0,0,0,0,0,0,0,2,0,2,0,2,1,3,0,-1,50,0,9223372036800000000,1e+75,0,10,0,0,7,0,0,1,0,0,1,1,0,0,0,0,0,0,2,0,1,-1,-1,-1,-1,0,10,-1,1,1,3,-1,-1,-1,0,0,1,0,0,10,0,0,0,94.69
1,0,0,0,-1,0,1,3,0,0,0,0,0,0,0,2,2,1,0,-1,-1,3,0,-1,50,0,9223372036800000000,1e+75,0,10,0,0,7,0,0,1,0,0,1,1,0,0,0,0,0,0,2,0,1,-1,-1,-1,-1,0,10,-1,1,1,3,-1,-1,-1,0,0,1,0,0,10,0,0,0,86.74
1,0,0,0,-1,0,1,3,0,0,0,0,0,0,0,2,2,1,0,-1,2,3,0,-1,200,0,9223372036800000000,1e+75,0,10,0,0,7,0,0,1,0,0,1,1,0,0,0,0,0,0,2,0,1,-1,-1,-1,-1,0,10,-1,1,1,3,-1,-1,-1,0,0,1,0,0,10,0,0,0,86.74
1,0,0,0,-1,0,1,5,0,0,0,0,2,0,-1,-1,-1,0,0,1,1,3,0,1,50,0,9223372036800000000,1e+75,0,10,0,0,7,1,0,1,0,0,1,1,0,2,200,0,0,0,2,0,1,-1,-1,-1,-1,0,10,-1,1,1,3,-1,-1,-1,0,0,1,0,0,10,0,0,0,88.26
1,0,0,0,-1,0,1,3,0,0,0,0,2,0,0,2,2,1,0,-1,2,3,0,-1,50,0,9223372036800000000,1e+75,0,10,0,0,7,0,0,1,0,0,1,1,0,0,0,0,0,0,2,0,1,-1,-1,-1,-1,0,10,-1,1,1,3,-1,-1,-1,0,0,1,0,0,10,0,0,0,86.74
1,0,0,0,-1,0,1,2,0,0,0,0,0,0,0,2,2,1,0,-1,2,3,0,-1,50,0,9223372036800000000,1e+75,0,10,0,0,7,0,0,1,0,0,1,1,0,0,0,0,0,0,2,0,1,-1,-1,-1,-1,0,10,-1,1,1,3,-1,-1,-1,0,0,1,0,0,10,0,0,0,94.88
1,0,0,0,-1,0,1,4,0,0,0,0,2,0,-1,1,0,2,1,1,-1,3,0,-1,150,0,9223372036800000000,1e+75,0,10,0,0,7,0,0,1,0,0,1,1,0,1,-1,0,0,0,2,0,1,-1,-1,-1,-1,0,10,-1,1,1,3,-1,-1,-1,0,0,1,0,0,10,0,0,0,94.88
1,0,0,0,-1,0,1,1,0,0,0,0,2,0,-1,2,0,-1,0,-1,-1,3,0,2,150,0,9223372036800000000,1e+75,0,10,0,0,7,1,0,1,0,0,1,1,-1,3,500,0,0,0,2,0,1,-1,-1,-1,-1,0,10,-1,1,1,3,-1,-1,-1,0,0,1,0,0,10,0,0,0,88.26
1,0,0,0,-1,0,1,0,0,0,0,0,0,0,0,2,2,1,0,-1,2,3,0,-1,50,0,9223372036800000000,1e+75,0,10,0,0,7,0,0,1,0,0,1,1,0,0,0,0,0,0,2,0,1,-1,-1,-1,-1,0,10,-1,1,1,3,-1,-1,-1,0,0,1,0,0,10,0,0,0,94.88
1,0,0,0,-1,0,1,3,0,0,0,0,3,0,1,0,0,0,-1,1,-1,3,0,-1,400,0,9223372036800000000,1e+75,0,10,0,0,7,0,0,1,0,0,1,1,0,0,0,0,0,0,2,0,1,-1,-1,-1,-1,0,10,-1,1,1,3,-1,-1,-1,0,0,1,0,0,10,0,0,0,86.52
1,0,0,0,-1,0,1,5,0,0,0,0,2,0,-1,-1,-1,0,0,1,1,3,0,-1,200,0,9223372036800000000,1e+75,0,10,0,0,7,1,0,1,0,0,1,1,0,2,200,0,0,0,2,0,1,-1,-1,-1,-1,0,10,-1,1,1,3,-1,-1,-1,0,0,1,0,0,10,0,0,0,88.26
1,0,0,0,-1,0,1,3,0,0,0,0,3,1,1,0,0,0,2,2,-1,3,0,-1,50,0,9223372036800000000,1e+75,0,10,0,0,7,0,0,1,0,0,1,1,0,0,0,0,0,0,2,0,1,-1,-1,-1,-1,0,10,-1,1,1,3,-1,-1,-1,0,0,1,0,0,10,0,0,0,84.78
1,0,0,0,-1,0,1,0,0,0,0,0,3,0,0,1,2,-1,1,0,1,3,0,-1,100,0,9223372036800000000,1e+75,0,10,0,0,7,0,0,1,0,0,1,1,0,0,0,0,0,0,2,0,1,-1,-1,-1,-1,0,10,-1,1,1,3,-1,-1,-1,0,0,1,0,0,10,0,0,0,88.26
1,0,0,0,-1,0,1,0,0,0,0,0,2,0,1,1,2,2,-1,0,-1,3,0,16,400,0,9223372036800000000,1e+75,0,10,0,0,7,-1,0,1,0,0,1,1,2,2,500,0,0,0,2,0,1,-1,-1,-1,-1,0,10,-1,1,1,3,-1,-1,-1,0,0,1,0,0,10,0,0,0,86.52
1,0,0,0,-1,0,1,0,0,0,0,0,-1,0,0,1,2,1,1,0,1,3,0,-1,100,0,9223372036800000000,1e+75,0,10,0,0,7,0,0,1,0,0,1,1,0,0,0,0,0,0,2,0,1,-1,-1,-1,-1,0,10,-1,1,1,3,-1,-1,-1,0,0,1,0,0,10,0,0,0,88.26
1,0,0,0,-1,0,1,0,0,0,0,0,-1,0,0,1,-1,-1,0,-1,1,3,0,2,400,0,9223372036800000000,1e+75,0,10,0,0,7,-1,0,1,0,0,1,1,-1,0,200,0,0,0,2,0,1,-1,-1,-1,-1,1,10,-1,1,1,3,-1,-1,-1,0,0,1,0,0,10,0,0,0,88.26
1,0,0,0,-1,0,1,2,0,0,0,0,-1,0,-1,2,1,0,-1,-1,2,3,0,-1,100,0,9223372036800000000,1e+75,0,10,0,0,7,0,0,1,0,0,1,1,0,0,0,0,0,0,2,0,1,-1,-1,-1,-1,0,10,-1,1,1,3,-1,-1,-1,0,0,1,0,0,10,0,0,0,94.88
1,0,0,0,-1,0,1,5,0,0,0,0,2,0,-1,-1,-1,0,0,1,1,3,0,-1,400,0,9223372036800000000,1e+75,0,10,0,0,7,1,0,1,0,0,1,1,0,2,200,0,0,0,2,0,1,-1,-1,-1,-1,0,10,-1,1,1,3,-1,-1,-1,0,0,1,0,0,10,0,0,0,88.26
1,0,0,0,-1,0,1,0,0,0,0,0,3,0,1,1,2,1,1,0,1,3,0,-1,100,0,9223372036800000000,1e+75,0,10,0,0,7,0,0,1,0,0,1,1,0,0,0,0,0,0,2,0,1,-1,-1,-1,-1,0,10,-1,1,1,3,-1,-1,-1,0,0,1,0,0,10,0,0,0,88.26
1,0,0,0,-1,0,1,3,0,0,0,0,0,0,0,2,2,1,0,-1,2,3,0,-1,150,0,9223372036800000000,1e+75,0,10,0,0,7,0,0,1,0,0,1,1,0,0,0,0,0,0,2,0,1,-1,-1,-1,-1,0,10,-1,1,1,3,-1,-1,-1,0,0,1,0,0,10,0,0,0,86.74
1,0,0,0,-1,0,1,3,0,0,0,0,3,0,1,0,0,0,2,2,-1,3,0,16,50,0,9223372036800000000,1e+75,0,10,0,0,7,0,0,1,0,0,1,1,0,0,-1,0,0,0,2,0,1,-1,-1,-1,-1,0,10,-1,1,1,3,-1,-1,-1,0,0,1,0,0,10,0,0,0,84.17
1,0,0,0,-1,0,1,5,0,0,0,0,3,0,0,1,2,1,1,0,1,3,0,-1,100,0,9223372036800000000,1e+75,0,10,0,0,7,0,0,1,0,0,1,1,0,0,0,0,0,0,2,0,1,-1,-1,-1,-1,0,10,-1,1,1,3,-1,-1,-1,0,0,1,0,0,10,0,0,0,94.88
1,0,0,0,-1,0,1,5,0,0,0,0,3,0,-1,-1,2,0,1,-1,0,3,0,-1,800,0,9223372036800000000,1e+75,0,10,0,0,7,0,0,1,0,0,1,1,0,0,0,0,0,0,2,0,1,-1,-1,-1,-1,0,10,-1,1,1,3,-1,-1,-1,0,0,1,0,0,10,0,0,0,94.88
1,0,0,0,-1,0,1,3,0,0,0,0,2,0,1,2,1,-1,-1,2,0,3,0,-1,800,0,9223372036800000000,1e+75,0,10,0,0,7,0,0,1,0,0,1,1,0,0,0,0,0,0,2,0,1,-1,-1,-1,-1,0,10,-1,1,1,3,-1,-1,-1,0,0,1,0,0,10,0,0,0,85
1,0,0,0,-1,0,1,5,0,0,0,0,2,0,-1,-1,-1,0,0,1,1,3,0,-1,150,0,9223372036800000000,1e+75,0,10,0,0,7,1,0,1,0,0,1,1,0,2,200,0,0,0,2,0,1,-1,-1,-1,-1,0,10,-1,1,1,3,-1,-1,-1,0,0,1,0,0,10,0,0,0,88.26
1,0,0,0,-1,0,1,0,0,0,0,0,3,0,0,1,2,1,1,0,-1,3,0,-1,100,0,9223372036800000000,1e+75,0,10,0,0,7,0,0,1,0,0,1,1,0,0,0,0,0,0,2,0,1,-1,-1,-1,-1,0,10,-1,1,1,3,-1,-1,-1,0,0,1,0,0,10,0,0,0,88.26
1,0,0,0,-1,0,1,3,0,0,0,0,3,0,1,0,0,0,2,2,-1,3,0,-1,50,0,9223372036800000000,5,0,10,0,0,7,0,0,1,0,0,1,1,0,0,0,0,0,0,2,0,1,-1,-1,-1,-1,0,10,-1,1,1,3,-1,-1,-1,0,0,1,0,0,10,0,0,0,84.57
1,0,0,0,-1,0,1,0,0,0,0,0,3,0,0,1,0,1,1,0,1,3,0,-1,100,0,9223372036800000000,1e+75,0,10,0,0,7,0,0,1,0,0,1,1,0,0,0,0,0,0,2,0,1,-1,-1,-1,-1,0,10,-1,1,1,3,-1,-1,-1,0,0,1,0,0,10,0,0,0,88.26
1,0,0,0,-1,0,1,0,0,0,0,0,2,0,1,1,-1,2,-1,0,-1,3,0,16,50,0,9223372036800000000,1e+75,0,10,0,0,7,-1,0,1,0,0,1,1,0,2,500,0,0,0,2,0,1,-1,-1,-1,-1,0,10,-1,1,1,3,-1,-1,-1,0,0,1,0,0,10,0,0,0,87.39
1,0,0,0,-1,0,1,3,0,0,0,0,2,0,1,2,1,-1,0,2,-1,3,0,-1,800,0,9223372036800000000,1e+75,0,10,0,0,7,0,0,1,0,0,1,1,0,0,0,0,0,0,2,0,1,-1,-1,-1,-1,0,10,-1,1,1,3,-1,-1,-1,0,0,1,0,0,10,0,0,0,84.78
1,0,0,0,-1,0,1,0,0,0,0,0,3,0,0,1,2,1,1,0,1,3,0,-1,200,0,9223372036800000000,1e+75,0,10,0,0,7,0,0,1,0,0,1,1,0,0,0,0,0,0,2,0,1,-1,-1,-1,-1,0,10,-1,1,1,3,-1,-1,-1,0,0,1,0,0,10,0,0,0,88.26
1,0,0,0,-1,0,1,3,0,0,0,0,3,0,1,0,0,0,2,2,-1,3,0,-1,50,0,9223372036800000000,1e+75,0,10,0,0,7,-1,0,1,0,0,1,1,0,0,-1,0,0,0,2,0,1,-1,-1,-1,-1,0,10,-1,1,1,3,-1,-1,-1,0,0,1,0,0,10,0,0,0,85
1,0,0,0,-1,0,1,0,0,0,0,0,2,0,1,1,2,2,-1,0,-1,3,0,16,400,0,9223372036800000000,1e+75,0,10,0,0,7,-1,0,1,0,0,1,1,0,2,500,0,0,0,2,0,1,-1,-1,-1,-1,0,10,-1,1,1,3,-1,-1,-1,0,0,1,0,0,10,0,0,0,87.39
1,0,0,0,-1,0,1,2,0,0,0,0,2,0,1,0,-1,0,1,2,-1,3,0,-1,100,0,9223372036800000000,1e+75,0,10,0,0,7,0,0,1,0,0,1,1,0,0,0,0,0,0,2,0,1,-1,-1,-1,-1,0,10,-1,1,1,3,-1,-1,-1,0,0,1,0,0,10,0,0,0,94.87
1,0,0,0,-1,0,1,1,0,0,0,0,2,0,-1,1,-1,0,0,0,2,3,0,-1,50,0,9223372036800000000,1e+75,0,10,0,0,7,0,0,1,0,0,1,1,2,3,100,0,0,0,2,0,1,-1,-1,-1,-1,0,10,-1,1,1,3,-1,-1,-1,0,0,1,0,0,10,0,0,0,88.26
1,0,0,0,-1,0,1,1,0,0,0,0,3,0,0,1,2,1,1,0,1,3,0,-1,100,0,9223372036800000000,1e+75,0,10,0,0,7,0,0,1,0,0,1,1,0,0,0,0,0,0,2,0,1,-1,-1,-1,-1,0,10,-1,1,1,3,-1,-1,-1,0,0,1,0,0,10,0,0,0,88.26
1,0,0,0,-1,0,1,1,0,0,0,0,1,0,-1,2,0,-1,0,-1,-1,3,0,4,150,0,9223372036800000000,1e+75,0,10,0,0,7,1,0,1,0,0,1,1,-1,3,500,0,0,0,2,0,1,-1,-1,-1,-1,0,10,-1,1,1,3,-1,-1,-1,0,0,1,0,0,10,0,0,0,88.26
1,0,0,0,-1,0,1,4,0,0,0,0,1,0,-1,0,0,2,0,1,-1,3,0,-1,10,0,9223372036800000000,1e+75,0,10,0,0,7,0,0,1,0,0,1,1,0,0,0,0,0,0,2,0,1,-1,-1,-1,-1,0,10,-1,1,1,3,-1,-1,-1,0,0,1,0,0,10,0,0,0,88.26
1,0,0,0,-1,0,1,2,0,0,0,0,3,0,-1,1,0,0,0,1,2,3,0,16,100,0,9223372036800000000,1e+75,0,10,0,0,7,-1,0,1,0,0,1,1,1,-1,200,0,0,0,2,0,1,-1,-1,-1,-1,0,10,-1,1,1,3,-1,-1,-1,0,0,1,0,0,10,0,0,0,88.26
1,0,0,0,-1,0,1,3,0,0,0,0,2,0,0,-1,0,1,1,-1,-1,3,0,-1,800,0,9223372036800000000,1e+75,0,10,0,0,7,0,0,1,0,0,1,1,0,0,0,0,0,0,2,0,1,-1,-1,-1,-1,0,10,-1,1,1,3,-1,-1,-1,0,0,1,0,0,10,0,0,0,86.52
1,0,0,0,-1,0,1,5,0,0,0,0,2,0,-1,-1,-1,0,0,1,1,3,0,2,50,0,9223372036800000000,1e+75,0,10,0,0,7,1,0,1,0,0,1,1,0,2,200,0,0,0,2,0,1,-1,-1,-1,-1,0,10,-1,1,1,3,-1,-1,-1,0,0,1,0,0,10,0,0,0,88.26
1,0,0,0,-1,0,1,5,0,0,0,0,2,0,-1,-1,-1,0,-1,1,1,3,0,-1,50,0,9223372036800000000,1e+75,0,10,0,0,7,1,0,1,0,0,1,1,0,2,200,0,0,0,2,0,1,-1,-1,-1,-1,0,10,-1,1,1,3,-1,-1,-1,0,0,1,0,0,10,0,0,0,88.26
1,0,0,0,-1,0,1,3,0,0,0,0,3,0,1,2,0,0,2,1,-1,3,0,-1,400,0,9223372036800000000,1e+75,0,10,0,0,7,0,0,1,0,0,1,1,0,0,0,0,0,0,2,0,1,-1,-1,-1,-1,0,10,-1,1,1,3,-1,-1,-1,0,0,1,0,0,10,0,0,0,86.74
1,0,0,0,-1,0,1,0,0,0,0,0,1,0,0,-1,2,0,-1,0,1,3,0,-1,100,0,9223372036800000000,1e+75,0,10,0,0,7,0,0,1,0,0,1,1,0,0,0,0,0,0,2,0,1,-1,-1,-1,-1,0,10,-1,1,1,3,-1,-1,-1,0,0,1,0,0,10,0,0,0,88.26
1,0,0,0,-1,0,1,3,0,0,0,0,3,-1,1,0,0,0,2,2,-1,3,0,-1,50,0,9223372036800000000,1e+75,0,10,0,0,7,0,0,1,0,0,1,1,0,0,0,0,0,0,2,0,1,-1,-1,-1,-1,0,10,-1,1,1,3,-1,-1,-1,0,0,1,0,0,10,0,0,0,84.78
1,0,0,0,-1,0,1,5,0,0,0,0,2,0,-1,-1,-1,0,0,1,1,3,0,-1,50,0,9223372036800000000,1e+75,0,10,0,0,7,1,0,1,0,0,1,1,0,2,0,0,0,0,2,0,1,-1,-1,-1,-1,0,10,-1,1,1,3,-1,-1,-1,0,0,1,0,0,10,0,0,0,87.17
1,0,0,0,-1,0,1,3,0,0,0,0,0,0,0,2,2,1,0,-1,0,3,0,-1,50,0,9223372036800000000,1e+75,0,10,0,0,7,0,0,1,0,0,1,1,0,0,0,0,0,0,2,0,1,-1,-1,-1,-1,0,10,-1,1,1,3,-1,-1,-1,0,0,1,0,0,10,0,0,0,86.74
1,0,0,0,-1,0,1,3,0,0,0,0,3,0,-1,-1,1,1,0,2,2,3,0,-1,150,0,9223372036800000000,1e+75,0,10,0,0,7,0,0,1,0,0,1,1,0,0,0,0,0,0,2,0,1,-1,-1,-1,-1,0,10,-1,1,1,3,-1,-1,-1,0,0,1,0,0,10,0,0,0,85.65
1,0,0,0,-1,0,1,3,0,0,0,0,-1,0,0,2,-1,-1,0,0,1,3,0,-1,200,0,9223372036800000000,1e+75,0,10,0,0,7,0,0,1,0,0,1,1,0,0,0,0,0,0,2,0,1,-1,-1,-1,-1,0,10,-1,1,1,3,-1,-1,-1,0,0,1,0,0,10,0,0,0,84.78
1,0,0,0,-1,0,1,3,0,0,0,0,0,0,0,1,2,1,0,-1,2,3,0,-1,50,0,9223372036800000000,1e+75,0,10,0,0,7,0,0,1,0,0,1,1,0,0,0,0,0,0,2,0,1,-1,-1,-1,-1,0,10,-1,1,1,3,-1,-1,-1,0,0,1,0,0,10,0,0,0,86.74
1,0,0,0,-1,0,1,3,0,0,0,0,-1,0,1,0,0,0,2,1,-1,3,0,-1,400,0,9223372036800000000,1e+75,0,10,0,0,7,0,0,1,0,0,1,1,0,0,0,0,0,0,2,0,1,-1,-1,-1,-1,0,10,-1,1,1,3,-1,-1,-1,0,0,1,0,0,10,0,0,0,86.74
1,0,0,0,-1,0,1,2,0,0,0,0,2,0,-1,1,0,-1,0,2,-1,3,0,-1,400,0,9223372036800000000,1e+75,0,10,0,0,7,0,0,1,0,0,1,1,0,0,0,0,0,0,2,0,1,-1,-1,-1,-1,0,10,-1,1,1,3,-1,-1,-1,0,0,1,0,0,10,0,0,0,94.55
1,0,0,0,-1,0,1,4,0,0,0,0,2,0,1,2,1,-1,0,2,0,3,0,-1,800,0,9223372036800000000,1e+75,0,10,0,0,7,0,0,1,0,0,1,1,0,0,0,0,0,0,2,0,1,-1,-1,-1,-1,0,10,-1,1,1,3,-1,-1,-1,0,0,1,0,0,10,0,0,0,94.87
1,0,0,0,-1,0,1,3,0,0,0,0,3,0,1,0,0,0,1,2,-1,3,0,-1,400,0,9223372036800000000,1e+75,0,10,0,0,7,0,0,1,0,0,1,1,0,0,0,0,0,0,2,0,1,-1,-1,-1,-1,0,10,-1,1,1,3,-1,-1,-1,0,0,1,0,0,10,0,0,0,85
1,0,0,0,-1,0,1,3,0,0,0,0,-1,0,0,2,-1,-1,1,1,0,3,0,-1,200,0,9223372036800000000,1e+75,0,10,0,0,7,0,0,1,0,0,1,1,0,0,0,0,0,0,2,0,1,-1,-1,-1,-1,0,10,-1,1,1,3,-1,-1,-1,0,0,1,0,0,10,0,0,0,86.52
1,0,0,0,-1,0,1,0,0,0,0,0,2,0,0,-1,-1,1,1,0,-1,3,0,-1,800,0,9223372036800000000,1e+75,0,10,0,0,7,0,0,1,0,0,1,1,0,0,0,0,0,0,2,0,1,-1,-1,-1,-1,0,10,-1,1,1,3,-1,-1,-1,0,0,1,0,0,10,0,0,0,88.26
1,0,0,0,-1,0,1,0,0,0,0,0,-1,0,0,1,-1,-1,0,-1,1,3,0,2,400,0,9223372036800000000,1e+75,0,10,0,0,7,-1,0,1,0,0,1,1,-1,0,200,0,4,0,2,0,1,-1,-1,-1,-1,0,10,-1,1,1,3,-1,-1,-1,0,0,1,0,0,10,0,0,0,94.88
1,0,0,0,-1,0,1,3,0,0,0,0,-1,0,0,2,-1,-1,1,0,1,3,0,-1,200,0,9223372036800000000,1e+75,0,10,0,0,7,0,0,1,0,0,1,1,0,0,0,0,0,0,2,0,1,-1,-1,-1,-1,0,10,-1,1,1,3,-1,-1,-1,0,0,1,0,0,10,0,0,0,85
1,0,0,0,-1,0,1,1,0,0,0,0,-1,0,0,1,-1,-1,0,-1,1,3,0,-1,400,0,9223372036800000000,1e+75,0,10,0,0,7,-1,0,1,0,0,1,1,-1,0,200,0,0,0,2,0,1,-1,-1,-1,-1,0,10,-1,1,1,3,-1,-1,-1,0,0,1,0,0,10,0,0,0,88.26
1,0,0,0,-1,0,1,0,0,0,0,0,0,0,0,0,0,0,0,0,0,3,0,-1,200,0,9223372036800000000,1e+75,0,10,0,0,7,0,0,1,0,0,1,1,0,0,0,0,0,0,2,0,1,-1,-1,-1,-1,0,10,-1,1,1,3,-1,-1,-1,0,0,1,0,0,10,0,0,0,94.88
1,0,0,0,-1,0,1,3,0,0,0,0,3,0,1,0,0,0,2,2,-1,3,0,-1,50,0,9223372036800000000,1e+75,0,10,0,0,7,0,0,1,0,0,1,1,0,-1,0,0,0,0,2,0,1,-1,-1,-1,-1,0,10,-1,1,1,3,-1,-1,-1,0,0,1,0,0,10,0,0,0,94.88
1,0,0,0,-1,0,1,3,0,0,0,0,3,0,1,0,0,0,2,2,-1,3,0,-1,50,0,9223372036800000000,30,0,10,0,0,7,0,0,1,0,0,1,1,0,0,0,0,0,0,2,0,1,-1,-1,-1,-1,0,10,-1,1,1,3,-1,-1,-1,0,0,1,0,0,10,0,0,0,84.57
1,0,0,0,-1,0,1,3,0,0,0,0,-1,0,0,2,-1,-1,0,0,1,3,0,-1,200,0,9223372036800000000,1e+75,0,10,0,0,7,0,0,1,0,0,1,1,0,0,1000,0,0,0,2,0,1,-1,-1,-1,-1,0,10,-1,1,1,3,-1,-1,-1,0,0,1,0,0,10,0,0,0,85.21
1,0,0,0,-1,0,1,0,0,0,0,0,3,0,1,2,0,1,2,2,0,3,0,-1,800,0,9223372036800000000,1e+75,0,10,0,0,7,0,0,1,0,0,1,1,0,2,60,0,0,0,2,0,1,-1,-1,-1,-1,0,10,-1,1,1,3,-1,-1,-1,0,0,1,0,0,10,0,0,0,86.97
1,0,0,0,-1,0,1,0,0,0,0,0,-1,0,0,1,-1,-1,0,-1,1,3,0,2,400,0,9223372036800000000,1e+75,0,10,0,0,7,-1,0,1,0,0,1,1,-1,0,200,0,0,0,2,0,1,-1,-1,-1,-1,0,10,-1,1,1,3,-1,-1,-1,0,0,1,0,0,10,3,0,0,44.78
1,0,0,0,-1,0,1,0,0,0,0,0,2,0,0,-1,0,1,1,0,2,3,0,-1,800,0,9223372036800000000,1e+75,0,10,0,0,7,0,0,1,0,0,1,1,0,0,0,0,0,0,2,0,1,-1,-1,-1,-1,0,10,-1,1,1,3,-1,-1,-1,0,0,1,0,0,10,0,0,0,88.26
1,0,0,0,-1,0,1,5,0,0,0,0,3,0,1,0,0,0,2,1,-1,3,0,-1,400,0,9223372036800000000,1e+75,0,10,0,0,7,0,0,1,0,0,1,1,0,0,0,0,0,0,2,0,1,-1,-1,-1,-1,0,10,-1,1,1,3,-1,-1,-1,0,0,1,0,0,10,0,0,0,94.88
1,0,0,0,-1,0,1,3,0,0,0,0,0,0,0,2,-1,-1,1,0,1,3,0,-1,200,0,9223372036800000000,1e+75,0,10,0,0,7,0,0,1,0,0,1,1,0,0,0,0,0,0,2,0,1,-1,-1,-1,-1,0,10,-1,1,1,3,-1,-1,-1,0,0,1,0,0,10,0,0,0,85
1,0,0,0,-1,0,1,3,0,0,0,0,-1,0,0,2,1,-1,1,1,1,3,0,-1,200,0,9223372036800000000,1e+75,0,10,0,0,7,0,0,1,0,0,1,1,0,0,0,0,0,0,2,0,1,-1,-1,-1,-1,0,10,-1,1,1,3,-1,-1,-1,0,0,1,0,0,10,0,0,0,86.52
1,0,0,0,-1,0,1,3,0,0,0,0,-1,0,0,2,-1,-1,1,1,2,3,0,-1,200,0,9223372036800000000,1e+75,0,10,0,0,7,0,0,1,0,0,1,1,0,0,0,0,0,0,2,0,1,-1,-1,-1,-1,0,10,-1,1,1,3,-1,-1,-1,0,0,1,0,0,10,0,0,0,86.52
1,0,0,0,-1,0,1,0,0,0,0,0,-1,0,0,1,-1,-1,0,-1,1,3,0,2,400,0,9223372036800000000,1e+75,0,10,0,0,7,-1,0,1,0,0,1,1,-1,0,200,0,0,0,2,0,1,-1,-1,-1,-1,0,10,-1,1,1,3,-1,-1,-1,0,0,1,0,0,10,4,0,0,88.26
1,0,0,0,-1,0,1,3,0,0,0,0,3,0,1,0,0,0,2,2,-1,3,0,-1,50,0,9223372036800000000,1e+75,0,10,0,0,2,0,0,1,0,0,1,1,0,0,-1,0,0,0,2,0,1,-1,-1,-1,-1,0,10,-1,1,1,3,-1,-1,-1,0,0,1,0,0,10,0,0,0,84.17
1,0,0,0,-1,0,1,3,0,0,0,0,-1,0,0,2,-1,-1,0,0,1,3,0,-1,200,0,9223372036800000000,1e+75,0,10,0,0,7,0,0,1,0,0,1,1,0,0,200,0,0,0,2,0,1,-1,-1,-1,-1,0,10,-1,1,1,3,-1,-1,-1,0,0,1,0,0,10,0,0,0,85.65
1,0,0,0,-1,0,1,0,0,0,0,0,3,0,0,2,2,1,1,0,1,3,0,-1,100,0,9223372036800000000,1e+75,0,10,0,0,7,0,0,1,0,0,1,1,0,0,0,0,0,0,2,0,1,-1,-1,-1,-1,0,10,-1,1,1,3,-1,-1,-1,0,0,1,0,0,10,0,0,0,88.26
1,0,0,0,-1,0,1,3,0,0,0,0,1,0,1,0,0,0,2,1,-1,3,0,-1,400,0,9223372036800000000,1e+75,0,10,0,0,7,0,0,1,0,0,1,1,0,0,0,0,0,0,2,0,1,-1,-1,-1,-1,0,10,-1,1,1,3,-1,-1,-1,0,0,1,0,0,10,0,0,0,86.74
1,0,0,0,-1,0,1,3,0,0,0,0,-1,0,0,2,-1,1,1,1,1,3,0,-1,200,0,9223372036800000000,1e+75,0,10,0,0,7,0,0,1,0,0,1,1,0,0,0,0,0,0,2,0,1,-1,-1,-1,-1,0,10,-1,1,1,3,-1,-1,-1,0,0,1,0,0,10,0,0,0,86.52
1,0,0,0,-1,0,1,3,0,0,0,0,3,0,1,0,0,0,2,1,0,3,0,-1,400,0,9223372036800000000,1e+75,0,10,0,0,7,0,0,1,0,0,1,1,0,0,0,0,0,0,2,0,1,-1,-1,-1,-1,0,10,-1,1,1,3,-1,-1,-1,0,0,1,0,0,10,0,0,0,86.74
1,0,0,0,-1,0,1,3,0,0,0,0,-1,0,0,2,-1,-1,1,1,-1,3,0,-1,200,0,9223372036800000000,1e+75,0,10,0,0,7,0,0,1,0,0,1,1,0,0,0,0,0,0,2,0,1,-1,-1,-1,-1,0,10,-1,1,1,3,-1,-1,-1,0,0,1,0,0,10,0,0,0,86.52
1,0,0,0,-1,0,1,0,0,0,0,0,3,0,0,1,2,1,1,0,1,3,0,-1,150,0,9223372036800000000,1e+75,0,10,0,0,7,0,0,1,0,0,1,1,0,0,0,0,0,0,2,0,1,-1,-1,-1,-1,0,10,-1,1,1,3,-1,-1,-1,0,0,1,0,0,10,0,0,0,88.26
1,0,0,0,-1,0,1,3,0,0,0,0,-1,0,0,1,-1,-1,1,1,1,3,0,-1,200,0,9223372036800000000,1e+75,0,10,0,0,7,0,0,1,0,0,1,1,0,0,0,0,0,0,2,0,1,-1,-1,-1,-1,0,10,-1,1,1,3,-1,-1,-1,0,0,1,0,0,10,0,0,0,86.52
1,0,0,0,-1,0,1,1,0,0,0,0,-1,0,0,-1,2,0,1,-1,1,3,0,-1,10,0,9223372036800000000,1e+75,0,10,0,0,7,0,0,1,0,0,1,1,0,0,0,0,0,0,2,0,1,-1,-1,-1,-1,0,10,-1,1,1,3,-1,-1,-1,0,0,1,0,0,10,0,0,0,88.26
1,0,0,0,-1,0,1,3,0,0,0,0,2,0,0,2,1,-1,0,2,0,3,0,-1,800,0,9223372036800000000,1e+75,0,10,0,0,7,0,0,1,0,0,1,1,0,0,0,0,0,0,2,0,1,-1,-1,-1,-1,0,10,-1,1,1,3,-1,-1,-1,0,0,1,0,0,10,0,0,0,84.78
1,0,0,0,-1,0,1,3,0,0,0,0,0,0,0,2,2,1,0,-1,2,3,0,-1,400,0,9223372036800000000,1e+75,0,10,0,0,7,0,0,1,0,0,1,1,0,0,0,0,0,0,2,0,1,-1,-1,-1,-1,0,10,-1,1,1,3,-1,-1,-1,0,0,1,0,0,10,0,0,0,86.74
1,0,0,0,-1,0,1,1,0,0,0,0,2,0,-1,2,-1,-1,0,-1,-1,3,0,4,150,0,9223372036800000000,1e+75,0,10,0,0,7,1,0,1,0,0,1,1,-1,3,500,0,0,0,2,0,1,-1,-1,-1,-1,0,10,-1,1,1,3,-1,-1,-1,0,0,1,0,0,10,0,0,0,88.26
1,0,0,0,-1,0,1,3,0,0,0,0,-1,0,-1,-1,1,2,2,1,1,3,0,-1,100,0,9223372036800000000,1e+75,0,10,0,0,7,0,0,1,0,0,1,1,0,0,0,0,0,0,2,0,1,-1,-1,-1,-1,0,10,-1,1,1,3,-1,-1,-1,0,0,1,0,0,10,0,0,0,86.74
1,0,0,0,-1,0,1,3,0,0,0,0,-1,0,0,2,-1,-1,0,1,1,3,0,-1,200,0,9223372036800000000,1e+75,0,10,0,0,7,0,0,1,0,0,1,1,0,0,-1,0,0,0,2,0,1,-1,-1,-1,-1,0,10,-1,1,1,3,-1,-1,-1,0,0,1,0,0,10,0,0,0,85.65
1,0,0,0,-1,0,1,1,0,0,0,0,1,0,0,2,1,-1,-1,0,-1,3,0,-1,50,0,9223372036800000000,1e+75,0,10,0,0,7,0,0,1,0,0,1,1,0,0,0,0,0,0,2,0,1,-1,-1,-1,-1,0,10,-1,1,1,3,-1,-1,-1,0,0,1,0,0,10,0,0,0,88.26
1,0,0,0,-1,0,1,5,0,0,0,0,3,0,-1,2,0,-1,2,-1,-1,3,0,8,50,0,9223372036800000000,1e+75,0,10,0,0,7,1,0,1,0,0,1,1,3,3,100,0,0,0,2,0,1,-1,-1,-1,-1,0,10,-1,1,1,3,-1,-1,-1,0,0,1,0,0,10,0,0,0,88.26
1,0,0,0,-1,0,1,3,0,0,0,0,3,0,0,1,2,1,1,0,1,3,0,-1,100,0,9223372036800000000,1e+75,0,10,0,0,7,0,0,1,0,0,1,1,0,0,0,0,0,0,2,0,1,-1,-1,-1,-1,0,10,-1,1,1,3,-1,-1,-1,0,0,1,0,0,10,0,0,0,85.65
1,0,0,0,-1,0,1,0,0,0,0,0,3,0,0,-1,0,1,1,0,-1,3,0,-1,800,0,9223372036800000000,1e+75,0,10,0,0,7,0,0,1,0,0,1,1,0,0,0,0,0,0,2,0,1,-1,-1,-1,-1,0,10,-1,1,1,3,-1,-1,-1,0,0,1,0,0,10,0,0,0,88.26
1,0,0,0,-1,0,1,3,0,0,0,0,0,0,0,0,2,1,0,-1,2,3,0,-1,50,0,9223372036800000000,1e+75,0,10,0,0,7,0,0,1,0,0,1,1,0,0,0,0,0,0,2,0,1,-1,-1,-1,-1,0,10,-1,1,1,3,-1,-1,-1,0,0,1,0,0,10,0,0,0,86.74
1,0,0,0,-1,0,1,0,0,0,0,0,2,0,0,-1,1,1,1,0,-1,3,0,-1,800,0,9223372036800000000,1e+75,0,10,0,0,7,0,0,1,0,0,1,1,0,0,0,0,0,0,2,0,1,-1,-1,-1,-1,0,10,-1,1,1,3,-1,-1,-1,0,0,1,0,0,10,0,0,0,88.26
1,0,0,0,-1,0,1,5,0,0,0,0,1,0,-1,2,0,0,0,-1,0,3,0,-1,10,0,9223372036800000000,1e+75,0,10,0,0,7,0,0,1,0,0,1,1,0,0,500,0,0,0,2,0,1,-1,-1,-1,-1,0,10,-1,1,1,3,-1,-1,-1,0,0,1,0,0,10,0,0,0,88.26
1,0,0,0,-1,0,1,3,0,0,0,0,3,0,1,0,0,0,2,2,-1,3,0,-1,400,0,9223372036800000000,1e+75,0,10,0,0,7,0,0,1,0,0,1,1,0,0,0,0,0,0,2,0,1,-1,-1,-1,-1,0,10,-1,1,1,3,-1,-1,-1,0,0,1,0,0,10,0,0,0,84.78
1,0,0,0,-1,0,1,0,0,0,0,0,2,0,0,-1,0,1,1,-1,-1,3,0,-1,800,0,9223372036800000000,1e+75,0,10,0,0,7,0,0,1,0,0,1,1,0,0,0,0,0,0,2,0,1,-1,-1,-1,-1,0,10,-1,1,1,3,-1,-1,-1,0,0,1,0,0,10,0,0,0,88.26
1,0,0,0,-1,0,1,2,0,0,0,0,2,0,0,-1,0,1,1,0,-1,3,0,-1,800,0,9223372036800000000,1e+75,0,10,0,0,7,0,0,1,0,0,1,1,0,0,0,0,0,0,2,0,1,-1,-1,-1,-1,0,10,-1,1,1,3,-1,-1,-1,0,0,1,0,0,10,0,0,0,94.88
1,0,0,0,-1,0,1,3,0,0,0,0,3,0,1,0,-1,0,2,2,-1,3,0,-1,400,0,9223372036800000000,1e+75,0,10,0,0,7,0,0,1,0,0,1,1,0,0,0,0,0,0,2,0,1,-1,-1,-1,-1,0,10,-1,1,1,3,-1,-1,-1,0,0,1,0,0,10,0,0,0,84.78
1,0,0,0,-1,0,1,5,0,0,0,0,2,0,-1,-1,-1,0,0,-1,1,3,0,-1,50,0,9223372036800000000,1e+75,0,10,0,0,7,1,0,1,0,0,1,1,0,2,200,0,0,0,2,0,1,-1,-1,-1,-1,0,10,-1,1,1,3,-1,-1,-1,0,0,1,0,0,10,0,0,0,88.26
1,0,0,0,-1,0,1,0,0,0,0,0,3,0,0,1,2,1,1,0,2,3,0,-1,100,0,9223372036800000000,1e+75,0,10,0,0,7,0,0,1,0,0,1,1,0,0,0,0,0,0,2,0,1,-1,-1,-1,-1,0,10,-1,1,1,3,-1,-1,-1,0,0,1,0,0,10,0,0,0,88.26
1,0,0,0,-1,0,1,0,0,0,0,0,1,0,-1,1,0,0,0,2,-1,3,0,-1,200,0,9223372036800000000,1e+75,0,10,0,0,7,0,0,1,0,0,1,1,0,0,0,0,0,0,2,0,1,-1,-1,-1,-1,0,10,-1,1,1,3,-1,-1,-1,0,0,1,0,0,10,0,0,0,94.69
1,0,0,0,-1,0,1,1,0,0,0,0,2,0,-1,2,0,-1,0,-1,-1,3,0,4,150,0,9223372036800000000,1e+75,0,10,0,0,7,0,0,1,0,0,1,1,-1,3,500,0,0,0,2,0,1,-1,-1,-1,-1,0,10,-1,1,1,3,-1,-1,-1,0,0,1,0,0,10,0,0,0,88.26
1,0,0,0,-1,0,1,3,0,0,0,0,3,0,1,0,0,0,2,2,-1,3,0,-1,50,0,9223372036800000000,1e+75,0,10,0,0,7,0,0,1,0,0,1,1,0,0,0,0,0,0,2,0,1,-1,-1,-1,-1,0,10,-1,1,1,3,-1,-1,-1,0,0,1,0,0,10,0,0,0,84.57
1,0,0,0,-1,0,1,4,0,0,0,0,3,0,1,0,0,0,2,2,-1,3,0,-1,400,0,9223372036800000000,1e+75,0,10,0,0,7,0,0,1,0,0,1,1,0,0,0,0,0,0,2,0,1,-1,-1,-1,-1,0,10,-1,1,1,3,-1,-1,-1,0,0,1,0,0,10,0,0,0,94.87
1,0,0,0,-1,0,1,3,0,0,0,0,3,0,1,0,0,0,2,2,-1,3,0,-1,50,0,9223372036800000000,20,0,10,0,0,7,0,0,1,0,0,1,1,0,0,0,0,0,0,2,0,1,-1,-1,-1,-1,0,10,-1,1,1,3,-1,-1,-1,0,0,1,0,0,10,0,0,0,84.57
1,0,0,0,-1,0,1,0,0,0,0,0,3,0,0,1,2,1,1,-1,1,3,0,-1,100,0,9223372036800000000,1e+75,0,10,0,0,7,0,0,1,0,0,1,1,0,0,0,0,0,0,2,0,1,-1,-1,-1,-1,0,10,-1,1,1,3,-1,-1,-1,0,0,1,0,0,10,0,0,0,88.26
1,0,0,0,-1,0,1,0,0,0,0,0,2,0,0,-1,0,1,1,0,-1,3,0,-1,800,0,9223372036800000000,1e+75,0,10,0,0,7,0,0,1,0,0,1,1,0,0,0,0,0,0,2,0,1,-1,-1,-1,-1,0,10,-1,1,1,3,-1,-1,-1,0,0,1,0,0,10,0,0,0,88.26
1,0,0,0,-1,0,1,2,0,0,0,0,-1,0,-1,-1,0,0,0,0,2,3,0,-1,800,0,9223372036800000000,1e+75,0,10,0,0,7,0,0,1,0,0,1,1,0,2,20,0,0,0,2,0,1,-1,-1,-1,-1,0,10,-1,1,1,3,-1,-1,-1,0,0,1,0,0,10,0,0,0,87.17
1,0,0,0,-1,0,1,3,0,0,0,0,-1,0,-1,2,-1,-1,1,0,1,3,0,-1,200,0,9223372036800000000,1e+75,0,10,0,0,7,0,0,1,0,0,1,1,0,0,0,0,0,0,2,0,1,-1,-1,-1,-1,0,10,-1,1,1,3,-1,-1,-1,0,0,1,0,0,10,0,0,0,85
1,0,0,0,-1,0,1,3,0,0,0,0,0,0,0,2,-1,1,0,-1,2,3,0,-1,50,0,9223372036800000000,1e+75,0,10,0,0,7,0,0,1,0,0,1,1,0,0,0,0,0,0,2,0,1,-1,-1,-1,-1,0,10,-1,1,1,3,-1,-1,-1,0,0,1,0,0,10,0,0,0,86.74
1,0,0,0,-1,0,1,2,0,0,0,0,3,0,0,-1,2,0,0,1,0,3,0,-1,10,0,9223372036800000000,1e+75,0,10,0,0,7,0,0,1,0,0,1,1,0,0,0,0,0,0,2,0,1,-1,-1,-1,-1,0,10,-1,1,1,3,-1,-1,-1,0,0,1,0,0,10,0,0,0,94.88
1,0,0,0,-1,0,1,3,0,0,0,0,0,0,0,2,2,1,0,-1,2,3,0,-1,50,0,9223372036800000000,1e+75,0,10,0,0,7,0,0,1,0,0,1,1,0,0,0,0,0,0,2,0,1,-1,-1,-1,-1,0,10,-1,1,1,3,-1,-1,-1,0,0,1,0,0,10,0,0,0,86.74
1,0,0,0,-1,0,1,0,0,0,0,0,3,0,0,1,1,1,1,0,1,3,0,-1,100,0,9223372036800000000,1e+75,0,10,0,0,7,0,0,1,0,0,1,1,0,0,0,0,0,0,2,0,1,-1,-1,-1,-1,0,10,-1,1,1,3,-1,-1,-1,0,0,1,0,0,10,0,0,0,88.26
1,0,0,0,-1,0,1,2,0,0,0,0,3,0,-1,1,-1,-1,1,1,2,3,0,-1,150,0,9223372036800000000,1e+75,0,10,0,0,7,0,0,1,0,0,1,1,0,1,200,0,0,0,2,0,1,-1,-1,-1,-1,0,10,-1,1,1,3,-1,-1,-1,0,0,1,0,0,10,0,0,0,94.88
1,0,0,0,-1,0,1,4,0,0,0,0,2,0,0,-1,2,0,0,2,1,3,0,-1,10,0,9223372036800000000,1e+75,0,10,0,0,7,0,0,1,0,0,1,1,0,0,0,0,0,0,2,0,1,-1,-1,-1,-1,0,10,-1,1,1,3,-1,-1,-1,0,0,1,0,0,10,0,0,0,94.87
1,0,0,0,-1,0,1,0,0,0,0,0,2,0,0,-1,0,1,-1,0,-1,3,0,-1,800,0,9223372036800000000,1e+75,0,10,0,0,7,0,0,1,0,0,1,1,0,0,0,0,0,0,2,0,1,-1,-1,-1,-1,0,10,-1,1,1,3,-1,-1,-1,0,0,1,0,0,10,0,0,0,88.26
1,0,0,0,-1,0,1,3,0,0,0,0,-1,0,0,2,-1,-1,0,0,1,3,0,-1,200,0,9223372036800000000,1e+75,0,10,0,0,7,0,0,1,0,0,1,1,0,0,100,0,0,0,2,0,1,-1,-1,-1,-1,0,10,-1,1,1,3,-1,-1,-1,0,0,1,0,0,10,0,0,0,85.65
1,0,0,0,-1,0,1,1,0,0,0,0,-1,0,0,1,-1,-1,0,-1,1,3,0,2,400,0,9223372036800000000,1e+75,0,10,0,0,7,-1,0,1,0,0,1,1,-1,0,-1,0,0,0,2,0,1,-1,-1,-1,-1,0,10,-1,1,1,3,-1,-1,-1,0,0,1,0,0,10,0,0,0,88.26
1,0,0,0,-1,0,1,3,0,0,0,0,3,0,1,0,0,-1,2,2,-1,3,0,-1,400,0,9223372036800000000,1e+75,0,10,0,0,7,0,0,1,0,0,1,1,0,0,0,0,0,0,2,0,1,-1,-1,-1,-1,0,10,-1,1,1,3,-1,-1,-1,0,0,1,0,0,10,0,0,0,84.78
1,0,0,0,-1,0,1,0,0,0,0,0,3,0,0,1,2,1,1,0,1,3,0,-1,100,0,9223372036800000000,1e+75,0,10,0,0,7,0,0,1,0,0,1,1,0,0,0,0,0,0,2,0,1,-1,-1,-1,-1,0,10,-1,1,1,3,-1,-1,-1,0,0,1,0,0,10,0,0,0,88.26
1,0,0,0,-1,0,1,3,0,0,0,0,2,0,0,-1,0,1,1,2,-1,3,0,-1,800,0,9223372036800000000,1e+75,0,10,0,0,7,0,0,1,0,0,1,1,0,0,0,0,0,0,2,0,1,-1,-1,-1,-1,0,10,-1,1,1,3,-1,-1,-1,0,0,1,0,0,10,0,0,0,85.65
1,0,0,0,-1,0,1,2,0,0,0,0,2,0,1,2,1,-1,-1,2,0,3,0,-1,800,0,9223372036800000000,1e+75,0,10,0,0,7,0,0,1,0,0,1,1,0,0,0,0,0,0,2,0,1,-1,-1,-1,-1,0,10,-1,1,1,3,-1,-1,-1,0,0,1,0,0,10,0,0,0,94.87
1,0,0,0,-1,0,1,3,0,0,0,0,3,0,1,0,0,0,2,2,-1,3,0,-1,50,0,9223372036800000000,1e+75,0,10,0,0,3,0,0,1,0,0,1,1,0,0,-1,0,0,0,2,0,1,-1,-1,-1,-1,0,10,-1,1,1,3,-1,-1,-1,0,0,1,0,0,10,0,0,0,84.17
1,0,0,0,-1,0,1,0,0,0,0,0,-1,0,0,1,-1,-1,0,-1,1,3,0,2,400,0,9223372036800000000,1e+75,0,10,0,0,7,-1,0,1,0,0,1,0,-1,0,200,0,0,0,2,0,1,-1,-1,-1,-1,0,10,-1,1,1,3,-1,-1,-1,0,0,1,0,0,10,0,0,0,44.78
1,0,0,0,-1,0,1,1,0,0,0,0,2,0,1,2,1,-1,0,2,0,3,0,-1,800,0,9223372036800000000,1e+75,0,10,0,0,7,0,0,1,0,0,1,1,0,0,0,0,0,0,2,0,1,-1,-1,-1,-1,0,10,-1,1,1,3,-1,-1,-1,0,0,1,0,0,10,0,0,0,94.88
1,0,0,0,-1,0,1,3,0,0,0,0,3,0,1,0,0,0,2,2,-1,3,0,-1,50,0,9223372036800000000,1e+75,0,10,0,0,7,1,0,1,0,0,1,1,0,0,-1,0,0,0,2,0,1,-1,-1,-1,-1,0,10,-1,1,1,3,-1,-1,-1,0,0,1,0,0,10,0,0,0,86.09
1,0,0,0,-1,0,1,1,0,0,0,0,-1,0,-1,2,2,1,1,-1,2,3,0,-1,800,0,9223372036800000000,1e+75,0,10,0,0,7,0,0,1,0,0,1,1,0,0,0,0,0,0,2,0,1,-1,-1,-1,-1,0,10,-1,1,1,3,-1,-1,-1,0,0,1,0,0,10,0,0,0,94.88
1,0,0,0,-1,0,1,5,0,0,0,0,2,0,-1,-1,2,-1,2,1,0,3,0,-1,100,0,9223372036800000000,1e+75,0,10,0,0,7,0,0,1,0,0,1,1,0,2,0,0,0,0,2,0,1,-1,-1,-1,-1,0,10,-1,1,1,3,-1,-1,-1,0,0,1,0,0,10,0,0,0,88.26
1,0,0,0,-1,0,1,0,0,0,0,0,-1,0,0,1,-1,-1,0,-1,1,3,0,2,400,0,9223372036800000000,1e+75,0,10,0,0,7,-1,0,1,0,0,1,1,-1,0,200,6,0,0,2,0,1,-1,-1,-1,-1,0,10,-1,1,1,3,-1,-1,-1,0,0,1,0,0,10,0,0,0,44.78
1,0,0,0,-1,0,1,2,0,0,0,0,3,0,-1,1,2,0,1,0,2,3,0,-1,50,0,9223372036800000000,1e+75,0,10,0,0,7,0,0,1,0,0,1,1,0,0,1000,0,0,0,2,0,1,-1,-1,-1,-1,0,10,-1,1,1,3,-1,-1,-1,0,0,1,0,0,10,0,0,0,94.88
1,0,0,0,-1,0,1,3,0,0,0,0,2,0,0,-1,0,1,1,0,-1,3,0,-1,800,0,9223372036800000000,1e+75,0,10,0,0,7,0,0,1,0,0,1,1,0,0,0,0,0,0,2,0,1,-1,-1,-1,-1,0,10,-1,1,1,3,-1,-1,-1,0,0,1,0,0,10,0,0,0,85.65
1,0,0,0,-1,0,1,0,0,0,0,0,1,0,0,-1,0,1,1,0,-1,3,0,-1,800,0,9223372036800000000,1e+75,0,10,0,0,7,0,0,1,0,0,1,1,0,0,0,0,0,0,2,0,1,-1,-1,-1,-1,0,10,-1,1,1,3,-1,-1,-1,0,0,1,0,0,10,0,0,0,88.26
1,0,0,0,-1,0,1,3,0,0,0,0,1,0,0,-1,0,1,1,0,-1,3,0,-1,800,0,9223372036800000000,1e+75,0,10,0,0,7,0,0,1,0,0,1,1,0,0,0,0,0,0,2,0,1,-1,-1,-1,-1,0,10,-1,1,1,3,-1,-1,-1,0,0,1,0,0,10,0,0,0,85.65
1,0,0,0,-1,0,1,5,0,0,0,0,0,0,-1,-1,2,2,1,2,-1,3,0,-1,25,0,9223372036800000000,1e+75,0,10,0,0,7,0,0,1,0,0,1,1,0,0,0,0,0,0,2,0,1,-1,-1,-1,-1,0,10,-1,1,1,3,-1,-1,-1,0,0,1,0,0,10,0,0,0,94.88
1,0,0,0,-1,0,1,3,0,0,0,0,-1,0,0,2,-1,-1,0,1,1,3,0,-1,200,0,9223372036800000000,1e+75,0,10,0,0,7,0,0,1,0,0,1,1,0,0,0,0,0,0,2,0,1,-1,-1,-1,-1,0,10,-1,1,1,3,-1,-1,-1,0,0,1,0,0,10,0,0,0,86.52
1,0,0,0,-1,0,1,1,0,0,0,0,2,0,-1,2,0,1,0,-1,-1,3,0,4,150,0,9223372036800000000,1e+75,0,10,0,0,7,1,0,1,0,0,1,1,-1,3,500,0,0,0,2,0,1,-1,-1,-1,-1,0,10,-1,1,1,3,-1,-1,-1,0,0,1,0,0,10,0,0,0,88.26
1,0,0,0,-1,0,1,5,0,0,0,0,2,0,-1,2,-1,0,0,1,1,3,0,-1,50,0,9223372036800000000,1e+75,0,10,0,0,7,1,0,1,0,0,1,1,0,2,200,0,0,0,2,0,1,-1,-1,-1,-1,0,10,-1,1,1,3,-1,-1,-1,0,0,1,0,0,10,0,0,0,88.26
1,0,0,0,-1,0,1,3,0,0,0,0,-1,0,0,2,-1,-1,0,-1,1,3,0,-1,200,0,9223372036800000000,1e+75,0,10,0,0,7,0,0,1,0,0,1,1,0,0,0,0,0,0,2,0,1,-1,-1,-1,-1,0,10,-1,1,1,3,-1,-1,-1,0,0,1,0,0,10,0,0,0,86.52
1,0,0,0,-1,0,1,3,0,0,0,0,3,0,0,-1,0,1,1,0,-1,3,0,-1,800,0,9223372036800000000,1e+75,0,10,0,0,7,0,0,1,0,0,1,1,0,0,0,0,0,0,2,0,1,-1,-1,-1,-1,0,10,-1,1,1,3,-1,-1,-1,0,0,1,0,0,10,0,0,0,85.65
1,0,0,0,-1,0,1,3,0,0,0,0,3,0,1,0,0,0,2,2,-1,3,0,-1,50,0,9223372036800000000,1e+75,0,10,0,0,7,0,0,1,0,0,1,1,0,0,0,0,0,-1,2,0,1,-1,-1,-1,-1,0,10,-1,1,1,3,-1,-1,-1,0,0,1,0,0,10,0,0,0,88.26
1,0,0,0,-1,0,1,2,0,0,0,0,-1,0,-1,-1,0,0,0,0,2,3,0,-1,25,0,9223372036800000000,1e+75,0,10,0,0,7,0,0,1,0,0,1,1,0,2,20,0,0,0,2,0,1,-1,-1,-1,-1,0,10,-1,1,1,3,-1,-1,-1,0,0,1,0,0,10,0,0,0,87.17
1,0,0,0,-1,0,1,3,0,0,0,0,3,0,1,0,0,0,2,2,-1,3,0,-1,50,0,9223372036800000000,1e+75,0,10,0,0,7,0,0,1,0,0,1,1,0,0,0,0,0,1,2,0,1,-1,-1,-1,-1,0,10,-1,1,1,3,-1,-1,-1,0,0,1,0,0,10,0,0,0,94.12
1,0,0,0,-1,0,1,3,0,0,0,0,3,0,1,0,0,0,2,2,-1,3,0,8,50,0,9223372036800000000,1e+75,0,10,0,0,7,0,0,1,0,0,1,1,0,0,-1,0,0,0,2,0,1,-1,-1,-1,-1,0,10,-1,1,1,3,-1,-1,-1,0,0,1,0,0,10,0,0,0,84.17
1,0,0,0,-1,0,1,3,0,0,0,0,-1,0,0,0,-1,-1,0,0,1,3,0,-1,200,0,9223372036800000000,1e+75,0,10,0,0,7,0,0,1,0,0,1,1,0,0,0,0,0,0,2,0,1,-1,-1,-1,-1,0,10,-1,1,1,3,-1,-1,-1,0,0,1,0,0,10,0,0,0,84.78
1,0,0,0,-1,0,1,3,0,0,0,0,3,0,1,0,0,0,2,2,-1,3,0,-1,50,0,9223372036800000000,1e+75,0,10,0,0,7,0,3,1,0,0,1,1,0,0,0,0,0,0,2,0,1,-1,-1,-1,-1,0,10,-1,1,1,3,-1,-1,-1,0,0,1,0,0,10,0,0,0,85.52
1,0,0,0,-1,0,1,3,0,0,0,0,3,0,1,0,0,0,2,2,-1,3,0,-1,50,0,9223372036800000000,1e+75,0,10,0,0,10,0,0,1,0,0,1,1,0,0,-1,0,0,0,2,0,1,-1,-1,-1,-1,0,10,-1,1,1,3,-1,-1,-1,0,0,1,0,0,10,0,0,0,84.17
1,0,0,0,-1,0,1,3,0,0,0,0,3,0,1,0,0,0,2,2,-1,3,0,-1,50,0,9223372036800000000,1e+75,0,10,0,0,7,0,0,1,0,0,0,1,0,0,0,0,0,0,2,0,1,-1,-1,-1,-1,0,10,-1,1,1,3,-1,-1,-1,0,0,1,0,0,10,0,0,0,88.26
1,0,0,0,-1,0,1,3,0,0,0,0,3,0,1,0,0,0,2,2,-1,3,0,-1,50,0,9223372036800000000,1e+75,0,10,0,0,7,0,0,1,0,0,2,1,0,0,0,0,0,0,2,0,1,-1,-1,-1,-1,0,10,-1,1,1,3,-1,-1,-1,0,0,1,0,0,10,0,0,0,88.26
1,0,0,0,-1,0,1,2,0,0,0,0,3,0,-1,1,0,0,0,1,2,3,0,16,100,0,9223372036800000000,1e+75,0,10,0,0,7,-1,0,1,0,0,1,1,1,1,200,0,0,0,2,0,1,-1,-1,-1,-1,0,10,-1,1,1,3,-1,-1,-1,0,0,1,0,0,10,0,0,0,94.56
1,0,0,0,-1,0,1,3,0,0,0,0,3,0,1,0,0,0,2,2,-1,3,0,-1,50,0,9223372036800000000,1e+75,0,10,0,0,7,0,1,1,0,0,1,1,0,0,0,0,0,0,2,0,1,-1,-1,-1,-1,0,10,-1,1,1,3,-1,-1,-1,0,0,1,0,0,10,0,0,0,85
1,0,0,0,-1,0,1,3,0,0,0,0,-1,0,0,2,-1,-1,1,0,1,3,0,-1,200,0,9223372036800000000,1e+75,0,10,0,0,7,0,0,1,0,0,1,1,0,0,-1,0,0,0,2,0,1,-1,-1,-1,-1,0,10,-1,1,1,3,-1,-1,-1,0,0,1,0,0,10,0,0,0,84.35
1,0,0,0,-1,0,1,1,0,0,0,0,2,0,-1,2,0,-1,0,-1,1,3,0,4,150,0,9223372036800000000,1e+75,0,10,0,0,7,1,0,1,0,0,1,1,-1,3,500,0,0,0,2,0,1,-1,-1,-1,-1,0,10,-1,1,1,3,-1,-1,-1,0,0,1,0,0,10,0,0,0,88.26
1,0,0,0,-1,0,1,3,0,0,0,0,0,0,0,2,2,2,0,-1,2,3,0,-1,50,0,9223372036800000000,1e+75,0,10,0,0,7,0,0,1,0,0,1,1,0,0,0,0,0,0,2,0,1,-1,-1,-1,-1,0,10,-1,1,1,3,-1,-1,-1,0,0,1,0,0,10,0,0,0,86.74
1,0,0,0,-1,0,1,2,0,0,0,0,1,0,-1,-1,-1,2,1,0,0,3,0,-1,200,0,9223372036800000000,1e+75,0,10,0,0,7,0,0,1,0,0,1,1,0,-1,200,0,0,0,2,0,1,-1,-1,-1,-1,0,10,-1,1,1,3,-1,-1,-1,0,0,1,0,0,10,0,0,0,88.26
1,0,0,0,-1,0,1,5,0,0,0,0,2,0,-1,-1,0,0,0,1,1,3,0,-1,50,0,9223372036800000000,1e+75,0,10,0,0,7,1,0,1,0,0,1,1,0,2,200,0,0,0,2,0,1,-1,-1,-1,-1,0,10,-1,1,1,3,-1,-1,-1,0,0,1,0,0,10,0,0,0,88.26
1,0,0,0,-1,0,1,3,0,0,0,0,3,0,1,0,0,0,2,2,-1,3,0,-1,50,0,9223372036800000000,2,0,10,0,0,7,0,0,1,0,0,1,1,0,0,0,0,0,0,2,0,1,-1,-1,-1,-1,0,10,-1,1,1,3,-1,-1,-1,0,0,1,0,0,10,0,0,0,84.57
1,0,0,0,-1,0,1,3,0,0,0,0,3,0,1,0,0,0,2,2,-1,3,0,-1,50,0,9223372036800000000,10,0,10,0,0,7,0,0,1,0,0,1,1,0,0,0,0,0,0,2,0,1,-1,-1,-1,-1,0,10,-1,1,1,3,-1,-1,-1,0,0,1,0,0,10,0,0,0,84.57
1,0,0,0,-1,0,1,0,0,0,0,0,2,0,1,0,1,0,0,2,1,3,0,16,200,0,9223372036800000000,1e+75,0,10,0,0,7,0,0,1,0,0,1,1,3,0,1000,0,0,0,2,0,1,-1,-1,-1,-1,0,10,-1,1,1,3,-1,-1,-1,0,0,1,0,0,10,0,0,0,94.87
1,0,0,0,-1,0,1,3,0,0,0,0,3,0,1,0,0,0,2,2,-1,3,0,-1,50,0,9223372036800000000,40,0,10,0,0,7,0,0,1,0,0,1,1,0,0,0,0,0,0,2,0,1,-1,-1,-1,-1,0,10,-1,1,1,3,-1,-1,-1,0,0,1,0,0,10,0,0,0,84.57
1,0,0,0,-1,0,1,1,0,0,0,0,-1,0,0,1,-1,-1,0,-1,1,3,0,4,400,0,9223372036800000000,1e+75,0,10,0,0,7,-1,0,1,0,0,1,1,-1,0,200,0,0,0,2,0,1,-1,-1,-1,-1,0,10,-1,1,1,3,-1,-1,-1,0,0,1,0,0,10,0,0,0,88.26
1,0,0,0,-1,0,1,3,0,0,0,0,3,0,1,0,0,0,2,2,-1,3,0,-1,50,0,9223372036800000000,50,0,10,0,0,7,0,0,1,0,0,1,1,0,0,0,0,0,0,2,0,1,-1,-1,-1,-1,0,10,-1,1,1,3,-1,-1,-1,0,0,1,0,0,10,0,0,0,84.57
1,0,0,0,-1,0,1,3,0,0,0,0,3,0,1,0,0,0,2,2,-1,3,0,-1,50,0,9223372036800000000,60,0,10,0,0,7,0,0,1,0,0,1,1,0,0,0,0,0,0,2,0,1,-1,-1,-1,-1,0,10,-1,1,1,3,-1,-1,-1,0,0,1,0,0,10,0,0,0,84.57
1,0,0,0,-1,0,1,2,0,0,0,0,1,0,-1,0,0,0,2,2,2,3,0,-1,400,0,9223372036800000000,1e+75,0,10,0,0,7,0,0,1,0,0,1,1,0,1,0,0,0,0,2,0,1,-1,-1,-1,-1,0,10,-1,1,1,3,-1,-1,-1,0,0,1,0,0,10,0,0,0,94.5
1,0,0,0,-1,0,1,3,0,0,0,0,2,0,-1,2,0,1,2,-1,0,3,0,-1,150,0,9223372036800000000,1e+75,0,10,0,0,7,0,0,1,0,0,1,1,0,2,0,0,0,0,2,0,1,-1,-1,-1,-1,0,10,-1,1,1,3,-1,-1,-1,0,0,1,0,0,10,0,0,0,86.74
1,0,0,0,-1,0,1,3,0,0,0,0,3,0,1,0,0,0,2,2,-1,3,0,-1,50,0,9223372036800000000,1e+75,0,10,0,0,7,0,0,1,0,0,1,1,0,0,-1,0,0,0,2,0,1,-1,-1,-1,-1,0,10,-1,1,1,3,-1,-1,-1,0,0,1,0,0,10,0,0,0,84.17
1,0,0,0,-1,0,1,3,0,0,0,0,3,0,1,0,0,0,2,2,-1,3,0,-1,50,0,9223372036800000000,240,0,10,0,0,7,0,0,1,0,0,1,1,0,0,0,0,0,0,2,0,1,-1,-1,-1,-1,0,10,-1,1,1,3,-1,-1,-1,0,0,1,0,0,10,0,0,0,84.57
1,0,0,0,-1,0,1,3,0,0,0,0,-1,0,-1,2,-1,-1,0,0,1,3,0,-1,200,0,9223372036800000000,1e+75,0,10,0,0,7,0,0,1,0,0,1,1,0,0,0,0,0,0,2,0,1,-1,-1,-1,-1,0,10,-1,1,1,3,-1,-1,-1,0,0,1,0,0,10,0,0,0,84.78
1,0,0,0,-1,0,1,3,0,0,0,0,-1,0,0,2,2,1,0,-1,2,3,0,-1,50,0,9223372036800000000,1e+75,0,10,0,0,7,0,0,1,0,0,1,1,0,0,0,0,0,0,2,0,1,-1,-1,-1,-1,0,10,-1,1,1,3,-1,-1,-1,0,0,1,0,0,10,0,0,0,86.74
1,0,0,0,-1,0,1,2,0,0,0,0,-1,0,-1,-1,0,2,0,0,2,3,0,-1,25,0,9223372036800000000,1e+75,0,10,0,0,7,0,0,1,0,0,1,1,0,2,20,0,0,0,2,0,1,-1,-1,-1,-1,0,10,-1,1,1,3,-1,-1,-1,0,0,1,0,0,10,0,0,0,87.17
1,0,0,0,-1,0,1,3,0,0,0,0,3,0,1,0,0,0,2,2,-1,3,0,-1,50,0,9223372036800000000,1,0,10,0,0,7,0,0,1,0,0,1,1,0,0,0,0,0,0,2,0,1,-1,-1,-1,-1,0,10,-1,1,1,3,-1,-1,-1,0,0,1,0,0,10,0,0,0,84.57
1,0,0,0,-1,0,1,3,0,0,0,0,-1,0,0,2,-1,-1,0,0,1,3,0,-1,200,0,9223372036800000000,1e+75,0,10,0,0,7,0,0,1,0,0,1,1,0,0,20,0,0,0,2,0,1,-1,-1,-1,-1,0,10,-1,1,1,3,-1,-1,-1,0,0,1,0,0,10,0,0,0,85.43
1,0,0,0,-1,0,1,3,0,0,0,0,-1,0,0,2,0,-1,0,0,1,3,0,-1,200,0,9223372036800000000,1e+75,0,10,0,0,7,0,0,1,0,0,1,1,0,0,0,0,0,0,2,0,1,-1,-1,-1,-1,0,10,-1,1,1,3,-1,-1,-1,0,0,1,0,0,10,0,0,0,84.78
1,0,0,0,-1,0,1,1,0,0,0,0,-1,0,0,2,-1,-1,1,1,1,3,0,-1,200,0,9223372036800000000,1e+75,0,10,0,0,7,0,0,1,0,0,1,1,0,0,0,0,0,0,2,0,1,-1,-1,-1,-1,0,10,-1,1,1,3,-1,-1,-1,0,0,1,0,0,10,0,0,0,88.26
1,0,0,0,-1,0,1,3,0,0,0,0,-1,0,0,2,-1,-1,0,0,1,3,0,-1,200,0,9223372036800000000,1e+75,0,10,0,0,7,0,0,1,0,0,1,1,0,0,-1,0,0,0,2,0,1,-1,-1,-1,-1,0,10,-1,1,1,3,-1,-1,-1,0,0,1,0,0,10,0,0,0,84.35
1,0,0,0,-1,0,1,3,0,0,0,0,3,0,1,0,0,0,2,2,-1,3,0,1,50,0,9223372036800000000,1e+75,0,10,0,0,7,0,0,1,0,0,1,1,0,0,-1,0,0,0,2,0,1,-1,-1,-1,-1,0,10,-1,1,1,3,-1,-1,-1,0,0,1,0,0,10,0,0,0,85.65
1,0,0,0,-1,0,1,0,0,0,0,0,3,0,0,1,2,2,1,0,1,3,0,-1,100,0,9223372036800000000,1e+75,0,10,0,0,7,0,0,1,0,0,1,1,0,0,0,0,0,0,2,0,1,-1,-1,-1,-1,0,10,-1,1,1,3,-1,-1,-1,0,0,1,0,0,10,0,0,0,88.26
1,0,0,0,-1,0,1,4,0,0,0,0,3,0,1,0,2,2,-1,0,1,3,0,-1,150,0,9223372036800000000,1e+75,0,10,0,0,7,0,0,1,0,0,1,1,0,0,200,0,0,0,2,0,1,-1,-1,-1,-1,0,10,-1,1,1,3,-1,-1,-1,0,0,1,0,0,10,0,0,0,88.26
1,0,0,0,-1,0,1,3,0,0,0,0,3,0,1,0,0,0,2,2,-1,3,0,-1,50,0,9223372036800000000,1e+75,0,10,0,0,0,0,0,1,0,0,1,1,0,0,-1,0,0,0,2,0,1,-1,-1,-1,-1,0,10,-1,1,1,3,-1,-1,-1,0,0,1,0,0,10,0,0,0,84.17
1,0,0,0,-1,0,1,4,0,0,0,0,1,0,-1,-1,-1,-1,-1,1,1,3,0,-1,150,0,9223372036800000000,1e+75,0,10,0,0,7,0,0,1,0,0,1,1,0,2,100,0,0,0,2,0,1,-1,-1,-1,-1,0,10,-1,1,1,3,-1,-1,-1,0,0,1,0,0,10,0,0,0,88.26
1,0,0,0,-1,0,1,4,0,0,0,0,1,0,1,-1,-1,1,2,-1,-1,3,0,-1,200,0,9223372036800000000,1e+75,0,10,0,0,7,0,0,1,0,0,1,1,0,3,1000,0,0,0,2,0,1,-1,-1,-1,-1,0,10,-1,1,1,3,-1,-1,-1,0,0,1,0,0,10,0,0,0,87.82
1,0,0,0,-1,0,1,2,0,0,0,0,3,0,-1,1,0,-1,0,1,2,3,0,16,100,0,9223372036800000000,1e+75,0,10,0,0,7,-1,0,1,0,0,1,1,1,2,200,0,0,0,2,0,1,-1,-1,-1,-1,0,10,-1,1,1,3,-1,-1,-1,0,0,1,0,0,10,0,0,0,87.17
1,0,0,0,-1,0,1,2,0,0,0,0,-1,0,-1,1,0,0,0,0,2,3,0,-1,25,0,9223372036800000000,1e+75,0,10,0,0,7,0,0,1,0,0,1,1,0,2,20,0,0,0,2,0,1,-1,-1,-1,-1,0,10,-1,1,1,3,-1,-1,-1,0,0,1,0,0,10,0,0,0,87.17
1,0,0,0,-1,0,1,0,0,0,0,0,3,0,-1,2,-1,-1,1,0,2,3,0,-1,150,0,9223372036800000000,1e+75,0,10,0,0,7,0,0,1,0,0,1,1,0,3,0,0,0,0,2,0,1,-1,-1,-1,-1,0,10,-1,1,1,3,-1,-1,-1,0,0,1,0,0,10,0,0,0,87.39
1,0,0,0,-1,0,1,3,0,0,0,0,1,0,0,2,-1,-1,0,0,1,3,0,-1,200,0,9223372036800000000,1e+75,0,10,0,0,7,0,0,1,0,0,1,1,0,0,0,0,0,0,2,0,1,-1,-1,-1,-1,0,10,-1,1,1,3,-1,-1,-1,0,0,1,0,0,10,0,0,0,84.78
1,0,0,0,-1,0,1,3,0,0,0,0,2,0,-1,2,0,1,2,-1,0,3,0,-1,150,0,9223372036800000000,1e+75,0,10,0,0,7,0,0,1,0,0,1,1,0,2,500,0,0,0,2,0,1,-1,-1,-1,-1,0,10,-1,1,1,3,-1,-1,-1,0,0,1,0,0,10,0,0,0,86.16
1,0,0,0,-1,0,1,3,0,0,0,0,-1,0,-1,2,-1,-1,1,1,1,3,0,-1,200,0,9223372036800000000,1e+75,0,10,0,0,7,0,0,1,0,0,1,1,0,0,0,0,0,0,2,0,1,-1,-1,-1,-1,0,10,-1,1,1,3,-1,-1,-1,0,0,1,0,0,10,0,0,0,86.52
1,0,0,0,-1,0,1,3,0,0,0,0,3,0,1,0,0,0,2,2,-1,3,0,4,50,0,9223372036800000000,1e+75,0,10,0,0,7,0,0,1,0,0,1,1,0,0,-1,0,0,0,2,0,1,-1,-1,-1,-1,0,10,-1,1,1,3,-1,-1,-1,0,0,1,0,0,10,0,0,0,84.17
1,0,0,0,-1,0,1,3,0,0,0,0,-1,0,0,2,-1,-1,2,0,1,3,0,-1,200,0,9223372036800000000,1e+75,0,10,0,0,7,0,0,1,0,0,1,1,0,0,-1,0,0,0,2,0,1,-1,-1,-1,-1,0,10,-1,1,1,3,-1,-1,-1,0,0,1,0,0,10,0,0,0,84.35
1,0,0,0,-1,0,1,3,0,0,0,0,2,0,0,-1,-1,1,1,0,-1,3,0,-1,800,0,9223372036800000000,1e+75,0,10,0,0,7,0,0,1,0,0,1,1,0,0,0,0,0,0,2,0,1,-1,-1,-1,-1,0,10,-1,1,1,3,-1,-1,-1,0,0,1,0,0,10,0,0,0,85.65
1,0,0,0,-1,0,1,3,0,0,0,0,-1,0,0,2,-1,-1,1,1,1,3,0,-1,200,0,9223372036800000000,1e+75,0,10,0,0,7,0,0,1,0,0,1,1,0,0,0,0,0,0,2,0,1,-1,-1,-1,-1,0,10,-1,1,1,3,-1,-1,-1,0,0,1,0,0,10,0,0,0,86.52
1,0,0,0,-1,0,1,3,0,0,0,0,2,0,-1,2,0,2,2,-1,0,3,0,-1,150,0,9223372036800000000,1e+75,0,10,0,0,7,0,0,1,0,0,1,1,0,2,0,0,0,0,2,0,1,-1,-1,-1,-1,0,10,-1,1,1,3,-1,-1,-1,0,0,1,0,0,10,0,0,0,86.74
1,0,0,0,-1,0,1,3,0,0,0,0,2,0,1,2,1,-1,-1,-1,0,3,0,-1,800,0,9223372036800000000,1e+75,0,10,0,0,7,0,0,1,0,0,1,1,0,0,0,0,0,0,2,0,1,-1,-1,-1,-1,0,10,-1,1,1,3,-1,-1,-1,0,0,1,0,0,10,0,0,0,86.52
1,0,0,0,-1,0,1,3,0,0,0,0,2,0,-1,2,0,1,2,-1,0,3,0,-1,150,0,9223372036800000000,1e+75,0,10,0,0,7,0,0,1,0,0,1,1,0,2,-1,0,0,0,2,0,1,-1,-1,-1,-1,0,10,-1,1,1,3,-1,-1,-1,0,0,1,0,0,10,0,0,0,85.65
1,0,0,0,-1,0,1,3,0,0,0,0,2,0,-1,2,0,1,2,-1,0,3,0,-1,150,0,9223372036800000000,1e+75,0,10,0,0,7,0,0,1,0,0,1,1,0,0,0,0,0,0,2,0,1,-1,-1,-1,-1,0,10,-1,1,1,3,-1,-1,-1,0,0,1,0,0,10,0,0,0,86.74
1,0,0,0,-1,0,1,0,0,0,0,0,-1,0,0,1,-1,-1,0,-1,1,3,0,2,400,0,9223372036800000000,1e+75,0,10,0,0,7,-1,0,1,100,0,1,1,-1,0,200,0,0,0,2,0,1,-1,-1,-1,-1,0,10,-1,1,1,3,-1,-1,-1,0,0,1,0,0,10,0,0,0,94.88
1,0,0,0,-1,0,1,3,0,0,0,0,3,0,1,0,0,0,2,2,-1,3,0,-1,50,0,9223372036800000000,1e+75,0,10,0,0,7,0,0,1,0,0,1,1,0,0,0,0,0,3,2,0,1,-1,-1,-1,-1,0,10,-1,1,1,3,-1,-1,-1,0,0,1,0,0,10,0,0,0,88.12
1,0,0,0,-1,0,1,4,0,0,0,0,0,0,-1,0,0,2,-1,1,2,3,0,-1,100,0,9223372036800000000,1e+75,0,10,0,0,7,0,0,1,0,0,1,1,0,0,100,0,0,0,2,0,1,-1,-1,-1,-1,0,10,-1,1,1,3,-1,-1,-1,0,0,1,0,0,10,0,0,0,88.26
1,0,0,0,-1,0,1,0,0,0,0,0,1,0,-1,-1,-1,0,-1,1,-1,3,0,-1,400,0,9223372036800000000,1e+75,0,10,0,0,7,0,0,1,0,0,1,1,0,3,-1,0,0,0,2,0,1,-1,-1,-1,-1,0,10,-1,1,1,3,-1,-1,-1,0,0,1,0,0,10,0,0,0,88.26
1,0,0,0,-1,0,1,4,0,0,0,0,2,0,-1,-1,2,-1,2,1,0,3,0,-1,100,0,9223372036800000000,1e+75,0,10,0,0,7,0,0,1,0,0,1,1,0,2,0,0,0,0,2,0,1,-1,-1,-1,-1,0,10,-1,1,1,3,-1,-1,-1,0,0,1,0,0,10,0,0,0,87.83
1,0,0,0,-1,0,1,0,0,0,0,0,1,0,1,2,2,1,1,1,0,3,0,-1,400,0,9223372036800000000,1e+75,0,10,0,0,7,0,0,1,0,0,1,1,1,0,-1,0,0,0,2,0,1,-1,-1,-1,-1,0,10,-1,1,1,3,-1,-1,-1,0,0,1,0,0,10,0,0,0,88.26
1,0,0,0,-1,0,1,3,0,0,0,0,2,0,1,2,2,-1,0,2,0,3,0,-1,800,0,9223372036800000000,1e+75,0,10,0,0,7,0,0,1,0,0,1,1,0,0,0,0,0,0,2,0,1,-1,-1,-1,-1,0,10,-1,1,1,3,-1,-1,-1,0,0,1,0,0,10,0,0,0,84.78
1,0,0,0,-1,0,1,4,0,0,0,0,2,0,-1,-1,2,-1,2,1,0,3,0,-1,100,0,9223372036800000000,1e+75,0,10,0,0,7,0,0,1,0,0,1,1,0,2,-1,0,0,0,2,0,1,-1,-1,-1,-1,0,10,-1,1,1,3,-1,-1,-1,0,0,1,0,0,10,0,0,0,87.39
1,0,0,0,-1,0,1,3,0,0,0,0,3,0,1,0,0,0,2,2,-1,3,0,-1,50,0,9223372036800000000,1e+75,0,10,0,0,7,0,0,1,0,0,1,1,-1,0,-1,0,0,0,2,0,1,-1,-1,-1,-1,0,10,-1,1,1,3,-1,-1,-1,0,0,1,0,0,10,0,0,0,85.48
1,0,0,0,-1,0,1,1,0,0,0,0,-1,0,0,1,-1,-1,0,-1,1,3,0,2,400,0,9223372036800000000,1e+75,0,10,0,0,7,-1,0,1,0,0,1,1,3,0,200,0,0,0,2,0,1,-1,-1,-1,-1,0,10,-1,1,1,3,-1,-1,-1,0,0,1,0,0,10,0,0,0,88.26
1,0,0,0,-1,0,1,3,0,0,0,0,0,0,0,2,2,1,2,-1,2,3,0,-1,50,0,9223372036800000000,1e+75,0,10,0,0,7,0,0,1,0,0,1,1,0,0,0,0,0,0,2,0,1,-1,-1,-1,-1,0,10,-1,1,1,3,-1,-1,-1,0,0,1,0,0,10,0,0,0,86.74
1,0,0,0,-1,0,1,4,0,0,0,0,2,0,-1,-1,2,-1,2,1,0,3,0,-1,100,0,9223372036800000000,1e+75,0,10,0,0,7,0,0,1,0,0,1,1,0,2,1000,0,0,0,2,0,1,-1,-1,-1,-1,0,10,-1,1,1,3,-1,-1,-1,0,0,1,0,0,10,0,0,0,87.82
1,0,0,0,-1,0,1,4,0,0,0,0,-1,0,-1,-1,2,-1,2,1,0,3,0,-1,100,0,9223372036800000000,1e+75,0,10,0,0,7,0,0,1,0,0,1,1,0,2,0,0,0,0,2,0,1,-1,-1,-1,-1,0,10,-1,1,1,3,-1,-1,-1,0,0,1,0,0,10,0,0,0,88.26
1,0,0,0,-1,0,1,2,0,0,0,0,2,0,-1,2,1,-1,-1,-1,2,3,0,-1,150,0,9223372036800000000,1e+75,0,10,0,0,7,0,0,1,0,0,1,1,0,3,200,0,0,0,2,0,1,-1,-1,-1,-1,0,10,-1,1,1,3,-1,-1,-1,0,0,1,0,0,10,0,0,0,87.07
1,0,0,0,-1,0,1,3,0,0,0,0,2,0,-1,1,2,1,0,0,-1,3,0,-1,10,0,9223372036800000000,1e+75,0,10,0,0,7,0,0,1,0,0,1,1,0,0,500,0,0,0,2,0,1,-1,-1,-1,-1,0,10,-1,1,1,3,-1,-1,-1,0,0,1,0,0,10,0,0,0,84.5
1,0,0,0,-1,0,1,3,0,0,0,0,0,0,-1,1,2,1,0,0,-1,3,0,-1,10,0,9223372036800000000,1e+75,0,10,0,0,7,0,0,1,0,0,1,1,0,0,500,0,0,0,2,0,1,-1,-1,-1,-1,0,10,-1,1,1,3,-1,-1,-1,0,0,1,0,0,10,0,0,0,84.5
1,0,0,0,-1,0,1,3,0,0,0,0,1,0,0,2,-1,-1,1,1,1,3,0,-1,200,0,9223372036800000000,1e+75,0,10,0,0,7,0,0,1,0,0,1,1,0,0,0,0,0,0,2,0,1,-1,-1,-1,-1,0,10,-1,1,1,3,-1,-1,-1,0,0,1,0,0,10,0,0,0,86.52
1,0,0,0,-1,0,1,3,0,0,0,0,2,0,-1,1,2,1,0,0,-1,3,0,-1,10,0,9223372036800000000,1e+75,0,10,0,0,7,0,0,1,0,0,1,1,0,0,40,0,0,0,2,0,1,-1,-1,-1,-1,0,10,-1,1,1,3,-1,-1,-1,0,0,1,0,0,10,0,0,0,85
1,0,0,0,-1,0,1,0,0,0,0,0,0,0,-1,0,2,1,1,2,1,3,0,-1,150,0,9223372036800000000,1e+75,0,10,0,0,7,0,0,1,0,0,1,1,0,2,1000,0,0,0,2,0,1,-1,-1,-1,-1,0,10,-1,1,1,3,-1,-1,-1,0,0,1,0,0,10,0,0,0,87.61
1,0,0,0,-1,0,1,5,0,0,0,0,2,0,-1,-1,-1,0,0,1,1,3,0,-1,50,0,9223372036800000000,1e+75,0,10,0,0,7,1,0,1,0,0,1,1,0,2,200,0,0,0,2,0,1,-1,-1,-1,-1,0,10,-1,1,1,3,-1,-1,-1,0,0,1,0,0,10,0,0,0,88.26
1,0,0,0,-1,0,1,0,0,0,0,0,3,0,1,2,0,1,2,2,0,3,0,-1,800,0,9223372036800000000,1e+75,0,10,0,0,7,0,0,1,0,0,1,1,0,2,200,0,0,0,2,0,1,-1,-1,-1,-1,0,10,-1,1,1,3,-1,-1,-1,0,0,1,0,0,10,0,0,0,86.96
1,0,0,0,-1,0,1,3,0,0,0,0,3,0,0,2,-1,-1,0,0,1,3,0,-1,200,0,9223372036800000000,1e+75,0,10,0,0,7,0,0,1,0,0,1,1,0,0,-1,0,0,0,2,0,1,-1,-1,-1,-1,0,10,-1,1,1,3,-1,-1,-1,0,0,1,0,0,10,0,0,0,84.35
1,0,0,0,-1,0,1,0,0,0,0,0,3,0,1,2,-1,1,2,2,0,3,0,-1,800,0,9223372036800000000,1e+75,0,10,0,0,7,0,0,1,0,0,1,1,0,2,200,0,0,0,2,0,1,-1,-1,-1,-1,0,10,-1,1,1,3,-1,-1,-1,0,0,1,0,0,10,0,0,0,86.96
1,0,0,0,-1,0,1,3,0,0,0,0,2,0,-1,1,2,1,0,0,1,3,0,-1,10,0,9223372036800000000,1e+75,0,10,0,0,7,0,0,1,0,0,1,1,0,0,500,0,0,0,2,0,1,-1,-1,-1,-1,0,10,-1,1,1,3,-1,-1,-1,0,0,1,0,0,10,0,0,0,84.5
1,0,0,0,-1,0,1,0,0,0,0,0,0,0,1,2,0,1,2,2,0,3,0,-1,800,0,9223372036800000000,1e+75,0,10,0,0,7,0,0,1,0,0,1,1,0,2,200,0,0,0,2,0,1,-1,-1,-1,-1,0,10,-1,1,1,3,-1,-1,-1,0,0,1,0,0,10,0,0,0,86.96
1,0,0,0,-1,0,1,3,0,0,0,0,3,0,1,0,0,0,2,2,-1,3,0,-1,50,0,9223372036800000000,1e+75,0,10,0,0,7,0,0,1,0,0,3,1,0,0,0,0,0,0,2,0,1,-1,-1,-1,-1,0,10,-1,1,1,3,-1,-1,-1,0,0,1,0,0,10,0,0,0,88.26
1,0,0,0,-1,0,1,3,0,0,0,0,3,0,1,0,0,0,2,2,-1,3,0,-1,50,0,9223372036800000000,1e+75,0,10,0,0,7,0,0,1,0,0,1,1,0,0,0,0,0,4,2,0,1,-1,-1,-1,-1,0,10,-1,1,1,3,-1,-1,-1,0,0,1,0,0,10,0,0,0,84.57
1,0,0,0,-1,0,1,0,0,0,0,0,3,0,1,2,0,1,2,2,0,3,0,-1,10,0,9223372036800000000,1e+75,0,10,0,0,7,0,0,1,0,0,1,1,0,2,200,0,0,0,2,0,1,-1,-1,-1,-1,0,10,-1,1,1,3,-1,-1,-1,0,0,1,0,0,10,0,0,0,86.96
1,0,0,0,-1,0,1,3,0,0,0,0,3,0,1,0,0,0,2,2,-1,3,0,-1,50,0,9223372036800000000,1e+75,0,10,0,0,4,0,0,1,0,0,1,1,0,0,-1,0,0,0,2,0,1,-1,-1,-1,-1,0,10,-1,1,1,3,-1,-1,-1,0,0,1,0,0,10,0,0,0,84.17
1,0,0,0,-1,0,1,0,0,0,0,0,-1,0,0,1,-1,-1,0,-1,1,3,0,2,400,0,9223372036800000000,1e+75,0,10,0,0,7,-1,0,1,0,0,1,1,-1,0,200,0,3,0,2,0,1,-1,-1,-1,-1,0,10,-1,1,1,3,-1,-1,-1,0,0,1,0,0,10,0,0,0,96.76
1,0,0,0,-1,0,1,0,0,0,0,0,3,0,-1,-1,2,0,0,0,0,3,0,1,400,0,9223372036800000000,1e+75,0,10,0,0,7,1,0,1,0,0,1,1,3,1,1000,0,0,0,2,0,1,-1,-1,-1,-1,0,10,-1,1,1,3,-1,-1,-1,0,0,1,0,0,10,0,0,0,94.88
1,0,0,0,-1,0,1,3,0,0,0,0,3,0,1,0,0,0,2,2,-1,3,0,-1,50,0,9223372036800000000,1e+75,0,10,0,0,5,0,0,1,0,0,1,1,0,0,-1,0,0,0,2,0,1,-1,-1,-1,-1,0,10,-1,1,1,3,-1,-1,-1,0,0,1,0,0,10,0,0,0,84.17
1,0,0,0,-1,0,1,0,0,0,0,0,-1,0,0,1,-1,-1,0,-1,1,3,0,2,400,0,9223372036800000000,1e+75,0,10,0,0,7,-1,0,1,0,0,1,1,-1,0,200,3,0,0,2,0,1,-1,-1,-1,-1,0,10,-1,1,1,3,-1,-1,-1,0,0,1,0,0,10,0,0,0,88.56
1,0,0,0,-1,0,1,3,0,0,0,0,3,0,1,0,0,0,2,2,-1,3,0,-1,50,0,9223372036800000000,1e+75,0,10,0,0,15,0,0,1,0,0,1,1,0,0,-1,0,0,0,2,0,1,-1,-1,-1,-1,0,10,-1,1,1,3,-1,-1,-1,0,0,1,0,0,10,0,0,0,84.17
1,0,0,0,-1,0,1,0,0,0,0,0,-1,0,0,1,-1,-1,0,-1,1,3,0,2,400,0,9223372036800000000,1e+75,0,10,0,0,7,-1,0,1,0,0,1,1,-1,0,200,0,0,0,2,0,1,-1,-1,-1,-1,0,10,-1,1,1,3,-1,-1,-1,0,0,1,3,0,10,0,0,0,88.26
1,0,0,0,-1,0,1,3,0,0,0,0,3,0,1,0,0,0,2,2,-1,3,0,-1,50,0,9223372036800000000,1e+75,0,10,0,0,30,0,0,1,0,0,1,1,0,0,-1,0,0,0,2,0,1,-1,-1,-1,-1,0,10,-1,1,1,3,-1,-1,-1,0,0,1,0,0,10,0,0,0,84.17
1,0,0,0,-1,0,1,3,0,0,0,0,3,0,1,0,0,0,2,2,-1,3,0,2,50,0,9223372036800000000,1e+75,0,10,0,0,7,0,0,1,0,0,1,1,0,0,-1,0,0,0,2,0,1,-1,-1,-1,-1,0,10,-1,1,1,3,-1,-1,-1,0,0,1,0,0,10,0,0,0,84.17
1,0,0,0,-1,0,1,2,0,0,0,0,3,0,-1,1,0,-1,0,1,2,3,0,16,100,0,9223372036800000000,1e+75,0,10,0,0,7,-1,0,1,0,0,1,1,1,1,200,0,0,0,2,0,1,-1,-1,-1,-1,0,10,-1,1,1,3,-1,-1,-1,0,0,1,0,0,10,0,0,0,94.69
1,0,0,0,-1,0,1,3,0,0,0,0,-1,0,0,2,0,-1,1,0,1,3,0,-1,200,0,9223372036800000000,1e+75,0,10,0,0,7,0,0,1,0,0,1,1,0,0,0,0,0,0,2,0,1,-1,-1,-1,-1,0,10,-1,1,1,3,-1,-1,-1,0,0,1,0,0,10,0,0,0,85
1,0,0,0,-1,0,1,0,0,0,0,0,-1,0,0,2,-1,-1,0,0,1,3,0,-1,200,0,9223372036800000000,1e+75,0,10,0,0,7,0,0,1,0,0,1,1,0,0,-1,0,0,0,2,0,1,-1,-1,-1,-1,0,10,-1,1,1,3,-1,-1,-1,0,0,1,0,0,10,0,0,0,88.56
1,0,0,0,-1,0,1,3,0,0,0,0,0,0,0,-1,2,1,0,-1,2,3,0,-1,50,0,9223372036800000000,1e+75,0,10,0,0,7,0,0,1,0,0,1,1,0,0,0,0,0,0,2,0,1,-1,-1,-1,-1,0,10,-1,1,1,3,-1,-1,-1,0,0,1,0,0,10,0,0,0,86.74
1,0,0,0,-1,0,1,0,0,0,0,0,2,0,0,1,2,1,1,0,1,3,0,-1,100,0,9223372036800000000,1e+75,0,10,0,0,7,0,0,1,0,0,1,1,0,0,0,0,0,0,2,0,1,-1,-1,-1,-1,0,10,-1,1,1,3,-1,-1,-1,0,0,1,0,0,10,0,0,0,88.26
1,0,0,0,-1,0,1,3,0,0,0,0,3,0,1,0,0,0,2,2,-1,3,0,-1,50,0,9223372036800000000,1e+75,0,10,0,0,7,0,0,1,0,0,1,1,1,0,-1,0,0,0,2,0,1,-1,-1,-1,-1,0,10,-1,1,1,3,-1,-1,-1,0,0,1,0,0,10,0,0,0,83.04
1,0,0,0,-1,0,1,3,0,0,0,0,-1,0,0,2,-1,-1,0,0,1,3,0,-1,200,0,9223372036800000000,1e+75,0,10,0,0,7,0,0,1,0,0,1,1,0,-1,-1,0,0,0,2,0,1,-1,-1,-1,-1,0,10,-1,1,1,3,-1,-1,-1,0,0,1,0,0,10,0,0,0,94.88
1,0,0,0,-1,0,1,1,0,0,0,0,2,0,-1,2,0,-1,0,-1,-1,3,0,4,150,0,9223372036800000000,1e+75,0,10,0,0,7,1,0,1,0,0,1,1,-1,3,500,0,0,0,2,0,1,-1,-1,-1,-1,0,10,-1,1,1,3,-1,-1,-1,0,0,1,0,0,10,0,0,0,88.26
1,0,0,0,-1,0,1,3,0,0,0,0,-1,0,0,2,-1,-1,0,0,-1,3,0,-1,200,0,9223372036800000000,1e+75,0,10,0,0,7,0,0,1,0,0,1,1,0,0,-1,0,0,0,2,0,1,-1,-1,-1,-1,0,10,-1,1,1,3,-1,-1,-1,0,0,1,0,0,10,0,0,0,84.35
1,0,0,0,-1,0,1,1,0,0,0,0,-1,0,0,1,-1,-1,0,-1,1,3,0,2,400,0,9223372036800000000,1e+75,0,10,0,0,7,-1,0,1,0,0,1,1,0,0,200,0,0,0,2,0,1,-1,-1,-1,-1,0,10,-1,1,1,3,-1,-1,-1,0,0,1,0,0,10,0,0,0,88.26
1,0,0,0,-1,0,1,3,0,0,0,0,3,0,1,0,0,0,2,2,-1,3,0,-1,50,0,9223372036800000000,1e+75,0,10,0,0,7,0,0,1,0,0,1,1,0,0,0,0,0,2,2,0,1,-1,-1,-1,-1,0,10,-1,1,1,3,-1,-1,-1,0,0,1,0,0,10,0,0,0,86.86
1,0,0,0,-1,0,1,3,0,0,0,0,-1,0,0,2,-1,-1,0,0,1,3,0,-1,200,0,9223372036800000000,1e+75,0,10,0,0,7,0,0,1,0,0,1,1,3,0,-1,0,0,0,2,0,1,-1,-1,-1,-1,0,10,-1,1,1,3,-1,-1,-1,0,0,1,0,0,10,0,0,0,85.22
1,0,0,0,-1,0,1,3,0,0,0,0,3,0,1,0,0,0,2,2,-1,3,0,-1,50,0,9223372036800000000,120,0,10,0,0,7,0,0,1,0,0,1,1,0,0,0,0,0,0,2,0,1,-1,-1,-1,-1,0,10,-1,1,1,3,-1,-1,-1,0,0,1,0,0,10,0,0,0,84.57
1,0,0,0,-1,0,1,3,0,0,0,0,-1,0,0,2,-1,-1,0,0,1,3,0,-1,200,0,9223372036800000000,1e+75,0,10,0,0,7,0,0,1,0,0,1,1,2,0,-1,0,0,0,2,0,1,-1,-1,-1,-1,0,10,-1,1,1,3,-1,-1,-1,0,0,1,0,0,10,0,0,0,85.43
1,0,0,0,-1,0,1,0,0,0,0,0,3,0,-1,1,0,-1,0,1,2,3,0,16,100,0,9223372036800000000,1e+75,0,10,0,0,7,-1,0,1,0,0,1,1,1,2,200,0,0,0,2,0,1,-1,-1,-1,-1,0,10,-1,1,1,3,-1,-1,-1,0,0,1,0,0,10,0,0,0,87.39
1,0,0,0,-1,0,1,3,0,0,0,0,0,0,0,2,-1,-1,0,0,1,3,0,-1,200,0,9223372036800000000,1e+75,0,10,0,0,7,0,0,1,0,0,1,1,0,0,-1,0,0,0,2,0,1,-1,-1,-1,-1,0,10,-1,1,1,3,-1,-1,-1,0,0,1,0,0,10,0,0,0,84.35
1,0,0,0,-1,0,1,3,0,0,0,0,2,0,0,-1,1,1,1,0,-1,3,0,-1,800,0,9223372036800000000,1e+75,0,10,0,0,7,0,0,1,0,0,1,1,0,0,0,0,0,0,2,0,1,-1,-1,-1,-1,0,10,-1,1,1,3,-1,-1,-1,0,0,1,0,0,10,0,0,0,85.65
1,0,0,0,-1,0,1,3,0,0,0,0,-1,0,0,2,-1,1,0,0,1,3,0,-1,200,0,9223372036800000000,1e+75,0,10,0,0,7,0,0,1,0,0,1,1,0,0,-1,0,0,0,2,0,1,-1,-1,-1,-1,0,10,-1,1,1,3,-1,-1,-1,0,0,1,0,0,10,0,0,0,84.35
1,0,0,0,-1,0,1,3,0,0,0,0,-1,0,0,2,-1,-1,0,0,1,3,0,1,200,0,9223372036800000000,1e+75,0,10,0,0,7,0,0,1,0,0,1,1,0,0,-1,0,0,0,2,0,1,-1,-1,-1,-1,0,10,-1,1,1,3,-1,-1,-1,0,0,1,0,0,10,0,0,0,85.65
1,0,0,0,-1,0,1,0,0,0,0,0,2,0,-1,-1,2,1,2,2,-1,3,0,1,200,0,9223372036800000000,1e+75,0,10,0,0,7,1,0,1,0,0,1,1,-1,0,-1,0,0,0,2,0,1,-1,-1,-1,-1,0,10,-1,1,1,3,-1,-1,-1,0,0,1,0,0,10,0,0,0,94.88
1,0,0,0,-1,0,1,0,0,0,0,0,2,0,-1,1,1,1,-1,0,1,3,0,1,200,0,9223372036800000000,1e+75,0,10,0,0,7,0,0,1,0,0,1,1,3,-1,500,0,0,0,2,0,1,-1,-1,-1,-1,0,10,-1,1,1,3,-1,-1,-1,0,0,1,0,0,10,0,0,0,94.88
1,0,0,0,-1,0,1,3,0,0,0,0,2,0,1,2,1,-1,1,2,0,3,0,-1,800,0,9223372036800000000,1e+75,0,10,0,0,7,0,0,1,0,0,1,1,0,0,0,0,0,0,2,0,1,-1,-1,-1,-1,0,10,-1,1,1,3,-1,-1,-1,0,0,1,0,0,10,0,0,0,85
1,0,0,0,-1,0,1,3,0,0,0,0,3,0,1,0,0,0,2,1,-1,3,0,-1,400,0,9223372036800000000,1e+75,0,10,0,0,7,0,0,1,0,0,1,1,0,0,0,0,0,0,2,0,1,-1,-1,-1,-1,0,10,-1,1,1,3,-1,-1,-1,0,0,1,0,0,10,0,0,0,86.74
1,0,0,0,-1,0,1,1,0,0,0,0,2,0,-1,2,0,-1,0,-1,-1,3,0,4,150,0,9223372036800000000,1e+75,0,10,0,0,7,1,0,1,0,0,1,1,-1,0,500,0,0,0,2,0,1,-1,-1,-1,-1,0,10,-1,1,1,3,-1,-1,-1,0,0,1,0,0,10,0,0,0,88.26
1,0,0,0,-1,0,1,1,0,0,0,0,2,0,-1,2,0,-1,0,-1,-1,3,0,16,150,0,9223372036800000000,1e+75,0,10,0,0,7,1,0,1,0,0,1,1,-1,3,500,0,0,0,2,0,1,-1,-1,-1,-1,0,10,-1,1,1,3,-1,-1,-1,0,0,1,0,0,10,0,0,0,88.26
1,0,0,0,-1,0,1,1,0,0,0,0,2,0,-1,2,2,-1,0,-1,-1,3,0,4,150,0,9223372036800000000,1e+75,0,10,0,0,7,1,0,1,0,0,1,1,-1,3,500,0,0,0,2,0,1,-1,-1,-1,-1,0,10,-1,1,1,3,-1,-1,-1,0,0,1,0,0,10,0,0,0,88.26
1,0,0,0,-1,0,1,1,0,0,0,0,2,0,-1,2,0,-1,0,-1,-1,3,0,8,150,0,9223372036800000000,1e+75,0,10,0,0,7,1,0,1,0,0,1,1,-1,3,500,0,0,0,2,0,1,-1,-1,-1,-1,0,10,-1,1,1,3,-1,-1,-1,0,0,1,0,0,10,0,0,0,88.26
1,0,0,0,-1,0,1,3,0,0,0,0,3,0,1,0,0,0,2,2,-1,3,0,-1,50,0,9223372036800000000,1e+75,0,10,0,0,7,0,2,1,0,0,1,1,0,0,0,0,0,0,2,0,1,-1,-1,-1,-1,0,10,-1,1,1,3,-1,-1,-1,0,0,1,0,0,10,0,0,0,85
1,0,0,0,-1,0,1,3,0,0,0,0,3,0,1,0,0,0,2,2,-1,3,0,-1,50,0,9223372036800000000,0,0,10,0,0,7,0,0,1,0,0,1,1,0,0,0,0,0,0,2,0,1,-1,-1,-1,-1,0,10,-1,1,1,3,-1,-1,-1,0,0,1,0,0,10,0,0,0,94.88
1,0,0,0,-1,0,1,1,0,0,0,0,2,0,-1,2,0,-1,0,-1,-1,3,0,-1,150,0,9223372036800000000,1e+75,0,10,0,0,7,1,0,1,0,0,1,1,-1,3,500,0,0,0,2,0,1,-1,-1,-1,-1,0,10,-1,1,1,3,-1,-1,-1,0,0,1,0,0,10,0,0,0,88.26
1,0,0,0,-1,0,1,1,0,0,0,0,-1,0,-1,2,0,-1,0,-1,-1,3,0,4,150,0,9223372036800000000,1e+75,0,10,0,0,7,1,0,1,0,0,1,1,-1,3,500,0,0,0,2,0,1,-1,-1,-1,-1,0,10,-1,1,1,3,-1,-1,-1,0,0,1,0,0,10,0,0,0,88.26
1,0,0,0,-1,0,1,5,0,0,0,0,0,0,-1,0,0,1,0,2,2,3,0,16,25,0,9223372036800000000,1e+75,0,10,0,0,7,0,0,1,0,0,1,1,-1,2,100,0,0,0,2,0,1,-1,-1,-1,-1,0,10,-1,1,1,3,-1,-1,-1,0,0,1,0,0,10,0,0,0,88.26
