ConfigID,UseMipStart,Configuration
1807558836452156119,0,CPXPARAM_Advance=1;CPXPARAM_Barrier_Algorithm=0;CPXPARAM_Barrier_ColNonzeros=0;CPXPARAM_Barrier_Crossover=0;CPXPARAM_Barrier_Limits_Corrections=-1;CPXPARAM_Barrier_Ordering=0;CPXPARAM_Barrier_StartAlg=1;CPXPARAM_Emphasis_MIP=4;CPXPARAM_Emphasis_Memory=0;CPXPARAM_Emphasis_Numerical=0;CPXPARAM_Feasopt_Mode=0;CPXPARAM_LPMethod=0;CPXPARAM_MIP_Cuts_Cliques=-1;CPXPARAM_MIP_Cuts_Covers=0;CPXPARAM_MIP_Cuts_Disjunctive=-1;CPXPARAM_MIP_Cuts_FlowCovers=1;CPXPARAM_MIP_Cuts_GUBCovers=0;CPXPARAM_MIP_Cuts_Gomory=0;CPXPARAM_MIP_Cuts_Implied=0;CPXPARAM_MIP_Cuts_MIRCut=2;CPXPARAM_MIP_Cuts_PathCut=-1;CPXPARAM_MIP_Limits_AggForCut=3;CPXPARAM_MIP_Limits_CutPasses=0;CPXPARAM_MIP_Limits_CutsFactor=-1;CPXPARAM_MIP_Limits_GomoryCand=150;CPXPARAM_MIP_Limits_GomoryPass=0;CPXPARAM_MIP_Limits_Nodes=9223372036800000000;CPXPARAM_MIP_Limits_ProbeTime=1e+75;CPXPARAM_MIP_Limits_RepairTries=0;CPXPARAM_MIP_Limits_StrongCand=10;CPXPARAM_MIP_Limits_StrongIt=0;CPXPARAM_MIP_OrderType=0;CPXPARAM_MIP_Strategy_BBInterval=7;CPXPARAM_MIP_Strategy_Branch=0;CPXPARAM_MIP_Strategy_Dive=0;CPXPARAM_MIP_Strategy_File=1;CPXPARAM_MIP_Strategy_HeuristicFreq=0;CPXPARAM_MIP_Strategy_LBHeur=0;CPXPARAM_MIP_Strategy_NodeSelect=1;CPXPARAM_MIP_Strategy_Order=1;CPXPARAM_MIP_Strategy_PresolveNode=0;CPXPARAM_MIP_Strategy_Probe=-1;CPXPARAM_MIP_Strategy_RINSHeur=0;CPXPARAM_MIP_Strategy_StartAlgorithm=0;CPXPARAM_MIP_Strategy_SubAlgorithm=4;CPXPARAM_MIP_Strategy_VariableSelect=0;CPXPARAM_Network_NetFind=2;CPXPARAM_Network_Pricing=0;CPXPARAM_Parallel=1;CPXPARAM_Preprocessing_Aggregator=-1;CPXPARAM_Preprocessing_BoundStrength=-1;CPXPARAM_Preprocessing_CoeffReduce=-1;CPXPARAM_Preprocessing_Dependency=3;CPXPARAM_Preprocessing_Dual=0;CPXPARAM_Preprocessing_Fill=10;CPXPARAM_Preprocessing_NumPass=-1;CPXPARAM_Preprocessing_Presolve=1;CPXPARAM_Preprocessing_QPMakePSD=1;CPXPARAM_Preprocessing_Reduce=3;CPXPARAM_Preprocessing_Relax=-1;CPXPARAM_Preprocessing_RepeatPresolve=-1;CPXPARAM_Preprocessing_Symmetry=-1;CPXPARAM_Read_Scale=0;CPXPARAM_Sifting_Algorithm=0;CPXPARAM_Simplex_Crash=1;CPXPARAM_Simplex_DGradient=0;CPXPARAM_Simplex_Limits_Perturbation=0;CPXPARAM_Simplex_Limits_Singularity=10;CPXPARAM_Simplex_PGradient=0;CPXPARAM_Simplex_Pricing=0;CPXPARAM_Simplex_Refactor=0
6575919652928037467,0,CPXPARAM_Advance=1;CPXPARAM_Barrier_Algorithm=0;CPXPARAM_Barrier_ColNonzeros=0;CPXPARAM_Barrier_Crossover=0;CPXPARAM_Barrier_Limits_Corrections=-1;CPXPARAM_Barrier_Ordering=0;CPXPARAM_Barrier_StartAlg=1;CPXPARAM_Emphasis_MIP=4;CPXPARAM_Emphasis_Memory=0;CPXPARAM_Emphasis_Numerical=0;CPXPARAM_Feasopt_Mode=0;CPXPARAM_LPMethod=0;CPXPARAM_MIP_Cuts_Cliques=-1;CPXPARAM_MIP_Cuts_Covers=0;CPXPARAM_MIP_Cuts_Disjunctive=-1;CPXPARAM_MIP_Cuts_FlowCovers=2;CPXPARAM_MIP_Cuts_GUBCovers=0;CPXPARAM_MIP_Cuts_Gomory=0;CPXPARAM_MIP_Cuts_Implied=0;CPXPARAM_MIP_Cuts_MIRCut=2;CPXPARAM_MIP_Cuts_PathCut=-1;CPXPARAM_MIP_Limits_AggForCut=3;CPXPARAM_MIP_Limits_CutPasses=0;CPXPARAM_MIP_Limits_CutsFactor=-1;CPXPARAM_MIP_Limits_GomoryCand=150;CPXPARAM_MIP_Limits_GomoryPass=0;CPXPARAM_MIP_Limits_Nodes=9223372036800000000;CPXPARAM_MIP_Limits_ProbeTime=1e+75;CPXPARAM_MIP_Limits_RepairTries=0;CPXPARAM_MIP_Limits_StrongCand=10;CPXPARAM_MIP_Limits_StrongIt=0;CPXPARAM_MIP_OrderType=0;CPXPARAM_MIP_Strategy_BBInterval=7;CPXPARAM_MIP_Strategy_Branch=0;CPXPARAM_MIP_Strategy_Dive=0;CPXPARAM_MIP_Strategy_File=1;CPXPARAM_MIP_Strategy_HeuristicFreq=0;CPXPARAM_MIP_Strategy_LBHeur=0;CPXPARAM_MIP_Strategy_NodeSelect=1;CPXPARAM_MIP_Strategy_Order=1;CPXPARAM_MIP_Strategy_PresolveNode=0;CPXPARAM_MIP_Strategy_Probe=-1;CPXPARAM_MIP_Strategy_RINSHeur=0;CPXPARAM_MIP_Strategy_StartAlgorithm=0;CPXPARAM_MIP_Strategy_SubAlgorithm=0;CPXPARAM_MIP_Strategy_VariableSelect=0;CPXPARAM_Network_NetFind=2;CPXPARAM_Network_Pricing=0;CPXPARAM_Parallel=1;CPXPARAM_Preprocessing_Aggregator=-1;CPXPARAM_Preprocessing_BoundStrength=-1;CPXPARAM_Preprocessing_CoeffReduce=-1;CPXPARAM_Preprocessing_Dependency=3;CPXPARAM_Preprocessing_Dual=0;CPXPARAM_Preprocessing_Fill=10;CPXPARAM_Preprocessing_NumPass=-1;CPXPARAM_Preprocessing_Presolve=1;CPXPARAM_Preprocessing_QPMakePSD=1;CPXPARAM_Preprocessing_Reduce=3;CPXPARAM_Preprocessing_Relax=-1;CPXPARAM_Preprocessing_RepeatPresolve=-1;CPXPARAM_Preprocessing_Symmetry=-1;CPXPARAM_Read_Scale=0;CPXPARAM_Sifting_Algorithm=0;CPXPARAM_Simplex_Crash=1;CPXPARAM_Simplex_DGradient=0;CPXPARAM_Simplex_Limits_Perturbation=0;CPXPARAM_Simplex_Limits_Singularity=10;CPXPARAM_Simplex_PGradient=0;CPXPARAM_Simplex_Pricing=0;CPXPARAM_Simplex_Refactor=0
16456682669793995420,0,CPXPARAM_Advance=1;CPXPARAM_Barrier_Algorithm=0;CPXPARAM_Barrier_ColNonzeros=0;CPXPARAM_Barrier_Crossover=0;CPXPARAM_Barrier_Limits_Corrections=-1;CPXPARAM_Barrier_Ordering=0;CPXPARAM_Barrier_StartAlg=1;CPXPARAM_Emphasis_MIP=4;CPXPARAM_Emphasis_Memory=0;CPXPARAM_Emphasis_Numerical=0;CPXPARAM_Feasopt_Mode=0;CPXPARAM_LPMethod=0;CPXPARAM_MIP_Cuts_Cliques=-1;CPXPARAM_MIP_Cuts_Covers=0;CPXPARAM_MIP_Cuts_Disjunctive=-1;CPXPARAM_MIP_Cuts_FlowCovers=1;CPXPARAM_MIP_Cuts_GUBCovers=0;CPXPARAM_MIP_Cuts_Gomory=0;CPXPARAM_MIP_Cuts_Implied=0;CPXPARAM_MIP_Cuts_MIRCut=2;CPXPARAM_MIP_Cuts_PathCut=-1;CPXPARAM_MIP_Limits_AggForCut=3;CPXPARAM_MIP_Limits_CutPasses=0;CPXPARAM_MIP_Limits_CutsFactor=-1;CPXPARAM_MIP_Limits_GomoryCand=25;CPXPARAM_MIP_Limits_GomoryPass=0;CPXPARAM_MIP_Limits_Nodes=9223372036800000000;CPXPARAM_MIP_Limits_ProbeTime=1e+75;CPXPARAM_MIP_Limits_RepairTries=0;CPXPARAM_MIP_Limits_StrongCand=10;CPXPARAM_MIP_Limits_StrongIt=0;CPXPARAM_MIP_OrderType=0;CPXPARAM_MIP_Strategy_BBInterval=7;CPXPARAM_MIP_Strategy_Branch=0;CPXPARAM_MIP_Strategy_Dive=0;CPXPARAM_MIP_Strategy_File=1;CPXPARAM_MIP_Strategy_HeuristicFreq=0;CPXPARAM_MIP_Strategy_LBHeur=0;CPXPARAM_MIP_Strategy_NodeSelect=1;CPXPARAM_MIP_Strategy_Order=1;CPXPARAM_MIP_Strategy_PresolveNode=0;CPXPARAM_MIP_Strategy_Probe=-1;CPXPARAM_MIP_Strategy_RINSHeur=0;CPXPARAM_MIP_Strategy_StartAlgorithm=0;CPXPARAM_MIP_Strategy_SubAlgorithm=0;CPXPARAM_MIP_Strategy_VariableSelect=0;CPXPARAM_Network_NetFind=2;CPXPARAM_Network_Pricing=0;CPXPARAM_Parallel=1;CPXPARAM_Preprocessing_Aggregator=-1;CPXPARAM_Preprocessing_BoundStrength=-1;CPXPARAM_Preprocessing_CoeffReduce=-1;CPXPARAM_Preprocessing_Dependency=3;CPXPARAM_Preprocessing_Dual=0;CPXPARAM_Preprocessing_Fill=10;CPXPARAM_Preprocessing_NumPass=-1;CPXPARAM_Preprocessing_Presolve=1;CPXPARAM_Preprocessing_QPMakePSD=1;CPXPARAM_Preprocessing_Reduce=3;CPXPARAM_Preprocessing_Relax=-1;CPXPARAM_Preprocessing_RepeatPresolve=-1;CPXPARAM_Preprocessing_Symmetry=-1;CPXPARAM_Read_Scale=0;CPXPARAM_Sifting_Algorithm=0;CPXPARAM_Simplex_Crash=1;CPXPARAM_Simplex_DGradient=0;CPXPARAM_Simplex_Limits_Perturbation=0;CPXPARAM_Simplex_Limits_Singularity=10;CPXPARAM_Simplex_PGradient=0;CPXPARAM_Simplex_Pricing=0;CPXPARAM_Simplex_Refactor=0
5043755963915113389,0,CPXPARAM_Advance=1;CPXPARAM_Barrier_Algorithm=0;CPXPARAM_Barrier_ColNonzeros=0;CPXPARAM_Barrier_Crossover=0;CPXPARAM_Barrier_Limits_Corrections=-1;CPXPARAM_Barrier_Ordering=0;CPXPARAM_Barrier_StartAlg=1;CPXPARAM_Emphasis_MIP=4;CPXPARAM_Emphasis_Memory=0;CPXPARAM_Emphasis_Numerical=0;CPXPARAM_Feasopt_Mode=0;CPXPARAM_LPMethod=0;CPXPARAM_MIP_Cuts_Cliques=-1;CPXPARAM_MIP_Cuts_Covers=0;CPXPARAM_MIP_Cuts_Disjunctive=-1;CPXPARAM_MIP_Cuts_FlowCovers=1;CPXPARAM_MIP_Cuts_GUBCovers=0;CPXPARAM_MIP_Cuts_Gomory=0;CPXPARAM_MIP_Cuts_Implied=0;CPXPARAM_MIP_Cuts_MIRCut=2;CPXPARAM_MIP_Cuts_PathCut=-1;CPXPARAM_MIP_Limits_AggForCut=3;CPXPARAM_MIP_Limits_CutPasses=0;CPXPARAM_MIP_Limits_CutsFactor=-1;CPXPARAM_MIP_Limits_GomoryCand=150;CPXPARAM_MIP_Limits_GomoryPass=0;CPXPARAM_MIP_Limits_Nodes=9223372036800000000;CPXPARAM_MIP_Limits_ProbeTime=1e+75;CPXPARAM_MIP_Limits_RepairTries=0;CPXPARAM_MIP_Limits_StrongCand=10;CPXPARAM_MIP_Limits_StrongIt=0;CPXPARAM_MIP_OrderType=0;CPXPARAM_MIP_Strategy_BBInterval=7;CPXPARAM_MIP_Strategy_Branch=0;CPXPARAM_MIP_Strategy_Dive=0;CPXPARAM_MIP_Strategy_File=1;CPXPARAM_MIP_Strategy_HeuristicFreq=0;CPXPARAM_MIP_Strategy_LBHeur=0;CPXPARAM_MIP_Strategy_NodeSelect=1;CPXPARAM_MIP_Strategy_Order=1;CPXPARAM_MIP_Strategy_PresolveNode=0;CPXPARAM_MIP_Strategy_Probe=-1;CPXPARAM_MIP_Strategy_RINSHeur=0;CPXPARAM_MIP_Strategy_StartAlgorithm=0;CPXPARAM_MIP_Strategy_SubAlgorithm=0;CPXPARAM_MIP_Strategy_VariableSelect=0;CPXPARAM_Network_NetFind=2;CPXPARAM_Network_Pricing=0;CPXPARAM_Parallel=1;CPXPARAM_Preprocessing_Aggregator=-1;CPXPARAM_Preprocessing_BoundStrength=1;CPXPARAM_Preprocessing_CoeffReduce=-1;CPXPARAM_Preprocessing_Dependency=3;CPXPARAM_Preprocessing_Dual=0;CPXPARAM_Preprocessing_Fill=10;CPXPARAM_Preprocessing_NumPass=-1;CPXPARAM_Preprocessing_Presolve=1;CPXPARAM_Preprocessing_QPMakePSD=1;CPXPARAM_Preprocessing_Reduce=3;CPXPARAM_Preprocessing_Relax=-1;CPXPARAM_Preprocessing_RepeatPresolve=-1;CPXPARAM_Preprocessing_Symmetry=-1;CPXPARAM_Read_Scale=0;CPXPARAM_Sifting_Algorithm=0;CPXPARAM_Simplex_Crash=1;CPXPARAM_Simplex_DGradient=0;CPXPARAM_Simplex_Limits_Perturbation=0;CPXPARAM_Simplex_Limits_Singularity=10;CPXPARAM_Simplex_PGradient=0;CPXPARAM_Simplex_Pricing=0;CPXPARAM_Simplex_Refactor=0
18388181181756323768,0,CPXPARAM_Advance=1;CPXPARAM_Barrier_Algorithm=0;CPXPARAM_Barrier_ColNonzeros=0;CPXPARAM_Barrier_Crossover=0;CPXPARAM_Barrier_Limits_Corrections=-1;CPXPARAM_Barrier_Ordering=0;CPXPARAM_Barrier_StartAlg=1;CPXPARAM_Emphasis_MIP=4;CPXPARAM_Emphasis_Memory=0;CPXPARAM_Emphasis_Numerical=0;CPXPARAM_Feasopt_Mode=0;CPXPARAM_LPMethod=0;CPXPARAM_MIP_Cuts_Cliques=-1;CPXPARAM_MIP_Cuts_Covers=0;CPXPARAM_MIP_Cuts_Disjunctive=-1;CPXPARAM_MIP_Cuts_FlowCovers=1;CPXPARAM_MIP_Cuts_GUBCovers=0;CPXPARAM_MIP_Cuts_Gomory=0;CPXPARAM_MIP_Cuts_Implied=0;CPXPARAM_MIP_Cuts_MIRCut=2;CPXPARAM_MIP_Cuts_PathCut=-1;CPXPARAM_MIP_Limits_AggForCut=0;CPXPARAM_MIP_Limits_CutPasses=0;CPXPARAM_MIP_Limits_CutsFactor=-1;CPXPARAM_MIP_Limits_GomoryCand=150;CPXPARAM_MIP_Limits_GomoryPass=0;CPXPARAM_MIP_Limits_Nodes=9223372036800000000;CPXPARAM_MIP_Limits_ProbeTime=1e+75;CPXPARAM_MIP_Limits_RepairTries=0;CPXPARAM_MIP_Limits_StrongCand=10;CPXPARAM_MIP_Limits_StrongIt=0;CPXPARAM_MIP_OrderType=0;CPXPARAM_MIP_Strategy_BBInterval=7;CPXPARAM_MIP_Strategy_Branch=0;CPXPARAM_MIP_Strategy_Dive=0;CPXPARAM_MIP_Strategy_File=1;CPXPARAM_MIP_Strategy_HeuristicFreq=0;CPXPARAM_MIP_Strategy_LBHeur=0;CPXPARAM_MIP_Strategy_NodeSelect=1;CPXPARAM_MIP_Strategy_Order=1;CPXPARAM_MIP_Strategy_PresolveNode=0;CPXPARAM_MIP_Strategy_Probe=-1;CPXPARAM_MIP_Strategy_RINSHeur=0;CPXPARAM_MIP_Strategy_StartAlgorithm=0;CPXPARAM_MIP_Strategy_SubAlgorithm=0;CPXPARAM_MIP_Strategy_VariableSelect=0;CPXPARAM_Network_NetFind=2;CPXPARAM_Network_Pricing=0;CPXPARAM_Parallel=1;CPXPARAM_Preprocessing_Aggregator=-1;CPXPARAM_Preprocessing_BoundStrength=-1;CPXPARAM_Preprocessing_CoeffReduce=-1;CPXPARAM_Preprocessing_Dependency=3;CPXPARAM_Preprocessing_Dual=0;CPXPARAM_Preprocessing_Fill=10;CPXPARAM_Preprocessing_NumPass=-1;CPXPARAM_Preprocessing_Presolve=1;CPXPARAM_Preprocessing_QPMakePSD=1;CPXPARAM_Preprocessing_Reduce=3;CPXPARAM_Preprocessing_Relax=-1;CPXPARAM_Preprocessing_RepeatPresolve=-1;CPXPARAM_Preprocessing_Symmetry=-1;CPXPARAM_Read_Scale=0;CPXPARAM_Sifting_Algorithm=0;CPXPARAM_Simplex_Crash=1;CPXPARAM_Simplex_DGradient=0;CPXPARAM_Simplex_Limits_Perturbation=0;CPXPARAM_Simplex_Limits_Singularity=10;CPXPARAM_Simplex_PGradient=0;CPXPARAM_Simplex_Pricing=0;CPXPARAM_Simplex_Refactor=0
6409893267527911902,0,CPXPARAM_Advance=1;CPXPARAM_Barrier_Algorithm=0;CPXPARAM_Barrier_ColNonzeros=0;CPXPARAM_Barrier_Crossover=0;CPXPARAM_Barrier_Limits_Corrections=-1;CPXPARAM_Barrier_Ordering=0;CPXPARAM_Barrier_StartAlg=1;CPXPARAM_Emphasis_MIP=4;CPXPARAM_Emphasis_Memory=0;CPXPARAM_Emphasis_Numerical=0;CPXPARAM_Feasopt_Mode=0;CPXPARAM_LPMethod=0;CPXPARAM_MIP_Cuts_Cliques=-1;CPXPARAM_MIP_Cuts_Covers=0;CPXPARAM_MIP_Cuts_Disjunctive=-1;CPXPARAM_MIP_Cuts_FlowCovers=1;CPXPARAM_MIP_Cuts_GUBCovers=0;CPXPARAM_MIP_Cuts_Gomory=0;CPXPARAM_MIP_Cuts_Implied=-1;CPXPARAM_MIP_Cuts_MIRCut=2;CPXPARAM_MIP_Cuts_PathCut=-1;CPXPARAM_MIP_Limits_AggForCut=3;CPXPARAM_MIP_Limits_CutPasses=0;CPXPARAM_MIP_Limits_CutsFactor=-1;CPXPARAM_MIP_Limits_GomoryCand=150;CPXPARAM_MIP_Limits_GomoryPass=0;CPXPARAM_MIP_Limits_Nodes=9223372036800000000;CPXPARAM_MIP_Limits_ProbeTime=1e+75;CPXPARAM_MIP_Limits_RepairTries=0;CPXPARAM_MIP_Limits_StrongCand=10;CPXPARAM_MIP_Limits_StrongIt=0;CPXPARAM_MIP_OrderType=0;CPXPARAM_MIP_Strategy_BBInterval=7;CPXPARAM_MIP_Strategy_Branch=0;CPXPARAM_MIP_Strategy_Dive=0;CPXPARAM_MIP_Strategy_File=1;CPXPARAM_MIP_Strategy_HeuristicFreq=0;CPXPARAM_MIP_Strategy_LBHeur=0;CPXPARAM_MIP_Strategy_NodeSelect=1;CPXPARAM_MIP_Strategy_Order=1;CPXPARAM_MIP_Strategy_PresolveNode=0;CPXPARAM_MIP_Strategy_Probe=-1;CPXPARAM_MIP_Strategy_RINSHeur=0;CPXPARAM_MIP_Strategy_StartAlgorithm=0;CPXPARAM_MIP_Strategy_SubAlgorithm=0;CPXPARAM_MIP_Strategy_VariableSelect=0;CPXPARAM_Network_NetFind=2;CPXPARAM_Network_Pricing=0;CPXPARAM_Parallel=1;CPXPARAM_Preprocessing_Aggregator=-1;CPXPARAM_Preprocessing_BoundStrength=-1;CPXPARAM_Preprocessing_CoeffReduce=-1;CPXPARAM_Preprocessing_Dependency=3;CPXPARAM_Preprocessing_Dual=0;CPXPARAM_Preprocessing_Fill=10;CPXPARAM_Preprocessing_NumPass=-1;CPXPARAM_Preprocessing_Presolve=1;CPXPARAM_Preprocessing_QPMakePSD=1;CPXPARAM_Preprocessing_Reduce=3;CPXPARAM_Preprocessing_Relax=-1;CPXPARAM_Preprocessing_RepeatPresolve=-1;CPXPARAM_Preprocessing_Symmetry=-1;CPXPARAM_Read_Scale=0;CPXPARAM_Sifting_Algorithm=0;CPXPARAM_Simplex_Crash=1;CPXPARAM_Simplex_DGradient=0;CPXPARAM_Simplex_Limits_Perturbation=0;CPXPARAM_Simplex_Limits_Singularity=10;CPXPARAM_Simplex_PGradient=0;CPXPARAM_Simplex_Pricing=0;CPXPARAM_Simplex_Refactor=0
8884806523327459057,0,CPXPARAM_Advance=1;CPXPARAM_Barrier_Algorithm=0;CPXPARAM_Barrier_ColNonzeros=0;CPXPARAM_Barrier_Crossover=0;CPXPARAM_Barrier_Limits_Corrections=-1;CPXPARAM_Barrier_Ordering=0;CPXPARAM_Barrier_StartAlg=1;CPXPARAM_Emphasis_MIP=4;CPXPARAM_Emphasis_Memory=0;CPXPARAM_Emphasis_Numerical=0;CPXPARAM_Feasopt_Mode=0;CPXPARAM_LPMethod=0;CPXPARAM_MIP_Cuts_Cliques=3;CPXPARAM_MIP_Cuts_Covers=0;CPXPARAM_MIP_Cuts_Disjunctive=-1;CPXPARAM_MIP_Cuts_FlowCovers=1;CPXPARAM_MIP_Cuts_GUBCovers=0;CPXPARAM_MIP_Cuts_Gomory=0;CPXPARAM_MIP_Cuts_Implied=0;CPXPARAM_MIP_Cuts_MIRCut=2;CPXPARAM_MIP_Cuts_PathCut=-1;CPXPARAM_MIP_Limits_AggForCut=3;CPXPARAM_MIP_Limits_CutPasses=0;CPXPARAM_MIP_Limits_CutsFactor=-1;CPXPARAM_MIP_Limits_GomoryCand=150;CPXPARAM_MIP_Limits_GomoryPass=0;CPXPARAM_MIP_Limits_Nodes=9223372036800000000;CPXPARAM_MIP_Limits_ProbeTime=1e+75;CPXPARAM_MIP_Limits_RepairTries=0;CPXPARAM_MIP_Limits_StrongCand=10;CPXPARAM_MIP_Limits_StrongIt=0;CPXPARAM_MIP_OrderType=0;CPXPARAM_MIP_Strategy_BBInterval=7;CPXPARAM_MIP_Strategy_Branch=0;CPXPARAM_MIP_Strategy_Dive=0;CPXPARAM_MIP_Strategy_File=1;CPXPARAM_MIP_Strategy_HeuristicFreq=0;CPXPARAM_MIP_Strategy_LBHeur=0;CPXPARAM_MIP_Strategy_NodeSelect=1;CPXPARAM_MIP_Strategy_Order=1;CPXPARAM_MIP_Strategy_PresolveNode=0;CPXPARAM_MIP_Strategy_Probe=-1;CPXPARAM_MIP_Strategy_RINSHeur=0;CPXPARAM_MIP_Strategy_StartAlgorithm=0;CPXPARAM_MIP_Strategy_SubAlgorithm=0;CPXPARAM_MIP_Strategy_VariableSelect=0;CPXPARAM_Network_NetFind=2;CPXPARAM_Network_Pricing=0;CPXPARAM_Parallel=1;CPXPARAM_Preprocessing_Aggregator=-1;CPXPARAM_Preprocessing_BoundStrength=-1;CPXPARAM_Preprocessing_CoeffReduce=-1;CPXPARAM_Preprocessing_Dependency=3;CPXPARAM_Preprocessing_Dual=0;CPXPARAM_Preprocessing_Fill=10;CPXPARAM_Preprocessing_NumPass=-1;CPXPARAM_Preprocessing_Presolve=1;CPXPARAM_Preprocessing_QPMakePSD=1;CPXPARAM_Preprocessing_Reduce=3;CPXPARAM_Preprocessing_Relax=-1;CPXPARAM_Preprocessing_RepeatPresolve=-1;CPXPARAM_Preprocessing_Symmetry=-1;CPXPARAM_Read_Scale=0;CPXPARAM_Sifting_Algorithm=0;CPXPARAM_Simplex_Crash=1;CPXPARAM_Simplex_DGradient=0;CPXPARAM_Simplex_Limits_Perturbation=0;CPXPARAM_Simplex_Limits_Singularity=10;CPXPARAM_Simplex_PGradient=0;CPXPARAM_Simplex_Pricing=0;CPXPARAM_Simplex_Refactor=0
16318213765645063674,0,CPXPARAM_Advance=1;CPXPARAM_Barrier_Algorithm=0;CPXPARAM_Barrier_ColNonzeros=0;CPXPARAM_Barrier_Crossover=0;CPXPARAM_Barrier_Limits_Corrections=-1;CPXPARAM_Barrier_Ordering=0;CPXPARAM_Barrier_StartAlg=1;CPXPARAM_Emphasis_MIP=4;CPXPARAM_Emphasis_Memory=0;CPXPARAM_Emphasis_Numerical=0;CPXPARAM_Feasopt_Mode=0;CPXPARAM_LPMethod=0;CPXPARAM_MIP_Cuts_Cliques=-1;CPXPARAM_MIP_Cuts_Covers=0;CPXPARAM_MIP_Cuts_Disjunctive=-1;CPXPARAM_MIP_Cuts_FlowCovers=1;CPXPARAM_MIP_Cuts_GUBCovers=0;CPXPARAM_MIP_Cuts_Gomory=0;CPXPARAM_MIP_Cuts_Implied=0;CPXPARAM_MIP_Cuts_MIRCut=2;CPXPARAM_MIP_Cuts_PathCut=-1;CPXPARAM_MIP_Limits_AggForCut=3;CPXPARAM_MIP_Limits_CutPasses=0;CPXPARAM_MIP_Limits_CutsFactor=-1;CPXPARAM_MIP_Limits_GomoryCand=150;CPXPARAM_MIP_Limits_GomoryPass=0;CPXPARAM_MIP_Limits_Nodes=9223372036800000000;CPXPARAM_MIP_Limits_ProbeTime=1e+75;CPXPARAM_MIP_Limits_RepairTries=0;CPXPARAM_MIP_Limits_StrongCand=10;CPXPARAM_MIP_Limits_StrongIt=0;CPXPARAM_MIP_OrderType=0;CPXPARAM_MIP_Strategy_BBInterval=7;CPXPARAM_MIP_Strategy_Branch=0;CPXPARAM_MIP_Strategy_Dive=0;CPXPARAM_MIP_Strategy_File=1;CPXPARAM_MIP_Strategy_HeuristicFreq=0;CPXPARAM_MIP_Strategy_LBHeur=0;CPXPARAM_MIP_Strategy_NodeSelect=1;CPXPARAM_MIP_Strategy_Order=1;CPXPARAM_MIP_Strategy_PresolveNode=0;CPXPARAM_MIP_Strategy_Probe=-1;CPXPARAM_MIP_Strategy_RINSHeur=0;CPXPARAM_MIP_Strategy_StartAlgorithm=0;CPXPARAM_MIP_Strategy_SubAlgorithm=0;CPXPARAM_MIP_Strategy_VariableSelect=0;CPXPARAM_Network_NetFind=2;CPXPARAM_Network_Pricing=0;CPXPARAM_Parallel=1;CPXPARAM_Preprocessing_Aggregator=-1;CPXPARAM_Preprocessing_BoundStrength=-1;CPXPARAM_Preprocessing_CoeffReduce=-1;CPXPARAM_Preprocessing_Dependency=3;CPXPARAM_Preprocessing_Dual=0;CPXPARAM_Preprocessing_Fill=2;CPXPARAM_Preprocessing_NumPass=-1;CPXPARAM_Preprocessing_Presolve=1;CPXPARAM_Preprocessing_QPMakePSD=1;CPXPARAM_Preprocessing_Reduce=3;CPXPARAM_Preprocessing_Relax=-1;CPXPARAM_Preprocessing_RepeatPresolve=-1;CPXPARAM_Preprocessing_Symmetry=-1;CPXPARAM_Read_Scale=0;CPXPARAM_Sifting_Algorithm=0;CPXPARAM_Simplex_Crash=1;CPXPARAM_Simplex_DGradient=0;CPXPARAM_Simplex_Limits_Perturbation=0;CPXPARAM_Simplex_Limits_Singularity=10;CPXPARAM_Simplex_PGradient=0;CPXPARAM_Simplex_Pricing=0;CPXPARAM_Simplex_Refactor=0
697988824071969300,0,CPXPARAM_Advance=1;CPXPARAM_Barrier_Algorithm=0;CPXPARAM_Barrier_ColNonzeros=0;CPXPARAM_Barrier_Crossover=0;CPXPARAM_Barrier_Limits_Corrections=-1;CPXPARAM_Barrier_Ordering=0;CPXPARAM_Barrier_StartAlg=1;CPXPARAM_Emphasis_MIP=4;CPXPARAM_Emphasis_Memory=0;CPXPARAM_Emphasis_Numerical=0;CPXPARAM_Feasopt_Mode=0;CPXPARAM_LPMethod=0;CPXPARAM_MIP_Cuts_Cliques=-1;CPXPARAM_MIP_Cuts_Covers=0;CPXPARAM_MIP_Cuts_Disjunctive=-1;CPXPARAM_MIP_Cuts_FlowCovers=1;CPXPARAM_MIP_Cuts_GUBCovers=0;CPXPARAM_MIP_Cuts_Gomory=0;CPXPARAM_MIP_Cuts_Implied=0;CPXPARAM_MIP_Cuts_MIRCut=2;CPXPARAM_MIP_Cuts_PathCut=-1;CPXPARAM_MIP_Limits_AggForCut=3;CPXPARAM_MIP_Limits_CutPasses=0;CPXPARAM_MIP_Limits_CutsFactor=-1;CPXPARAM_MIP_Limits_GomoryCand=150;CPXPARAM_MIP_Limits_GomoryPass=0;CPXPARAM_MIP_Limits_Nodes=0;CPXPARAM_MIP_Limits_ProbeTime=1e+75;CPXPARAM_MIP_Limits_RepairTries=0;CPXPARAM_MIP_Limits_StrongCand=10;CPXPARAM_MIP_Limits_StrongIt=0;CPXPARAM_MIP_OrderType=0;CPXPARAM_MIP_Strategy_BBInterval=7;CPXPARAM_MIP_Strategy_Branch=0;CPXPARAM_MIP_Strategy_Dive=0;CPXPARAM_MIP_Strategy_File=1;CPXPARAM_MIP_Strategy_HeuristicFreq=0;CPXPARAM_MIP_Strategy_LBHeur=0;CPXPARAM_MIP_Strategy_NodeSelect=1;CPXPARAM_MIP_Strategy_Order=1;CPXPARAM_MIP_Strategy_PresolveNode=0;CPXPARAM_MIP_Strategy_Probe=-1;CPXPARAM_MIP_Strategy_RINSHeur=0;CPXPARAM_MIP_Strategy_StartAlgorithm=0;CPXPARAM_MIP_Strategy_SubAlgorithm=0;CPXPARAM_MIP_Strategy_VariableSelect=0;CPXPARAM_Network_NetFind=2;CPXPARAM_Network_Pricing=0;CPXPARAM_Parallel=1;CPXPARAM_Preprocessing_Aggregator=-1;CPXPARAM_Preprocessing_BoundStrength=-1;CPXPARAM_Preprocessing_CoeffReduce=-1;CPXPARAM_Preprocessing_Dependency=3;CPXPARAM_Preprocessing_Dual=0;CPXPARAM_Preprocessing_Fill=10;CPXPARAM_Preprocessing_NumPass=-1;CPXPARAM_Preprocessing_Presolve=1;CPXPARAM_Preprocessing_QPMakePSD=1;CPXPARAM_Preprocessing_Reduce=3;CPXPARAM_Preprocessing_Relax=-1;CPXPARAM_Preprocessing_RepeatPresolve=-1;CPXPARAM_Preprocessing_Symmetry=-1;CPXPARAM_Read_Scale=0;CPXPARAM_Sifting_Algorithm=0;CPXPARAM_Simplex_Crash=1;CPXPARAM_Simplex_DGradient=0;CPXPARAM_Simplex_Limits_Perturbation=0;CPXPARAM_Simplex_Limits_Singularity=10;CPXPARAM_Simplex_PGradient=0;CPXPARAM_Simplex_Pricing=0;CPXPARAM_Simplex_Refactor=0
326670738702434078,0,CPXPARAM_Advance=1;CPXPARAM_Barrier_Algorithm=0;CPXPARAM_Barrier_ColNonzeros=0;CPXPARAM_Barrier_Crossover=0;CPXPARAM_Barrier_Limits_Corrections=-1;CPXPARAM_Barrier_Ordering=0;CPXPARAM_Barrier_StartAlg=1;CPXPARAM_Emphasis_MIP=4;CPXPARAM_Emphasis_Memory=0;CPXPARAM_Emphasis_Numerical=0;CPXPARAM_Feasopt_Mode=0;CPXPARAM_LPMethod=0;CPXPARAM_MIP_Cuts_Cliques=-1;CPXPARAM_MIP_Cuts_Covers=0;CPXPARAM_MIP_Cuts_Disjunctive=-1;CPXPARAM_MIP_Cuts_FlowCovers=1;CPXPARAM_MIP_Cuts_GUBCovers=0;CPXPARAM_MIP_Cuts_Gomory=0;CPXPARAM_MIP_Cuts_Implied=0;CPXPARAM_MIP_Cuts_MIRCut=2;CPXPARAM_MIP_Cuts_PathCut=-1;CPXPARAM_MIP_Limits_AggForCut=3;CPXPARAM_MIP_Limits_CutPasses=0;CPXPARAM_MIP_Limits_CutsFactor=-1;CPXPARAM_MIP_Limits_GomoryCand=150;CPXPARAM_MIP_Limits_GomoryPass=0;CPXPARAM_MIP_Limits_Nodes=9223372036800000000;CPXPARAM_MIP_Limits_ProbeTime=1e+75;CPXPARAM_MIP_Limits_RepairTries=0;CPXPARAM_MIP_Limits_StrongCand=20;CPXPARAM_MIP_Limits_StrongIt=0;CPXPARAM_MIP_OrderType=0;CPXPARAM_MIP_Strategy_BBInterval=7;CPXPARAM_MIP_Strategy_Branch=0;CPXPARAM_MIP_Strategy_Dive=0;CPXPARAM_MIP_Strategy_File=1;CPXPARAM_MIP_Strategy_HeuristicFreq=0;CPXPARAM_MIP_Strategy_LBHeur=0;CPXPARAM_MIP_Strategy_NodeSelect=1;CPXPARAM_MIP_Strategy_Order=1;CPXPARAM_MIP_Strategy_PresolveNode=0;CPXPARAM_MIP_Strategy_Probe=-1;CPXPARAM_MIP_Strategy_RINSHeur=0;CPXPARAM_MIP_Strategy_StartAlgorithm=0;CPXPARAM_MIP_Strategy_SubAlgorithm=0;CPXPARAM_MIP_Strategy_VariableSelect=0;CPXPARAM_Network_NetFind=2;CPXPARAM_Network_Pricing=0;CPXPARAM_Parallel=1;CPXPARAM_Preprocessing_Aggregator=-1;CPXPARAM_Preprocessing_BoundStrength=-1;CPXPARAM_Preprocessing_CoeffReduce=-1;CPXPARAM_Preprocessing_Dependency=3;CPXPARAM_Preprocessing_Dual=0;CPXPARAM_Preprocessing_Fill=10;CPXPARAM_Preprocessing_NumPass=-1;CPXPARAM_Preprocessing_Presolve=1;CPXPARAM_Preprocessing_QPMakePSD=1;CPXPARAM_Preprocessing_Reduce=3;CPXPARAM_Preprocessing_Relax=-1;CPXPARAM_Preprocessing_RepeatPresolve=-1;CPXPARAM_Preprocessing_Symmetry=-1;CPXPARAM_Read_Scale=0;CPXPARAM_Sifting_Algorithm=0;CPXPARAM_Simplex_Crash=1;CPXPARAM_Simplex_DGradient=0;CPXPARAM_Simplex_Limits_Perturbation=0;CPXPARAM_Simplex_Limits_Singularity=10;CPXPARAM_Simplex_PGradient=0;CPXPARAM_Simplex_Pricing=0;CPXPARAM_Simplex_Refactor=0
8481921730148941405,0,CPXPARAM_Advance=1;CPXPARAM_Barrier_Algorithm=3;CPXPARAM_Barrier_ColNonzeros=0;CPXPARAM_Barrier_Crossover=0;CPXPARAM_Barrier_Limits_Corrections=-1;CPXPARAM_Barrier_Ordering=0;CPXPARAM_Barrier_StartAlg=1;CPXPARAM_Emphasis_MIP=4;CPXPARAM_Emphasis_Memory=0;CPXPARAM_Emphasis_Numerical=0;CPXPARAM_Feasopt_Mode=0;CPXPARAM_LPMethod=0;CPXPARAM_MIP_Cuts_Cliques=-1;CPXPARAM_MIP_Cuts_Covers=0;CPXPARAM_MIP_Cuts_Disjunctive=-1;CPXPARAM_MIP_Cuts_FlowCovers=1;CPXPARAM_MIP_Cuts_GUBCovers=0;CPXPARAM_MIP_Cuts_Gomory=0;CPXPARAM_MIP_Cuts_Implied=0;CPXPARAM_MIP_Cuts_MIRCut=2;CPXPARAM_MIP_Cuts_PathCut=-1;CPXPARAM_MIP_Limits_AggForCut=3;CPXPARAM_MIP_Limits_CutPasses=0;CPXPARAM_MIP_Limits_CutsFactor=-1;CPXPARAM_MIP_Limits_GomoryCand=150;CPXPARAM_MIP_Limits_GomoryPass=0;CPXPARAM_MIP_Limits_Nodes=9223372036800000000;CPXPARAM_MIP_Limits_ProbeTime=1e+75;CPXPARAM_MIP_Limits_RepairTries=0;CPXPARAM_MIP_Limits_StrongCand=10;CPXPARAM_MIP_Limits_StrongIt=0;CPXPARAM_MIP_OrderType=0;CPXPARAM_MIP_Strategy_BBInterval=7;CPXPARAM_MIP_Strategy_Branch=0;CPXPARAM_MIP_Strategy_Dive=0;CPXPARAM_MIP_Strategy_File=1;CPXPARAM_MIP_Strategy_HeuristicFreq=0;CPXPARAM_MIP_Strategy_LBHeur=0;CPXPARAM_MIP_Strategy_NodeSelect=1;CPXPARAM_MIP_Strategy_Order=1;CPXPARAM_MIP_Strategy_PresolveNode=0;CPXPARAM_MIP_Strategy_Probe=-1;CPXPARAM_MIP_Strategy_RINSHeur=0;CPXPARAM_MIP_Strategy_StartAlgorithm=0;CPXPARAM_MIP_Strategy_SubAlgorithm=0;CPXPARAM_MIP_Strategy_VariableSelect=0;CPXPARAM_Network_NetFind=2;CPXPARAM_Network_Pricing=0;CPXPARAM_Parallel=1;CPXPARAM_Preprocessing_Aggregator=-1;CPXPARAM_Preprocessing_BoundStrength=-1;CPXPARAM_Preprocessing_CoeffReduce=-1;CPXPARAM_Preprocessing_Dependency=3;CPXPARAM_Preprocessing_Dual=0;CPXPARAM_Preprocessing_Fill=10;CPXPARAM_Preprocessing_NumPass=-1;CPXPARAM_Preprocessing_Presolve=1;CPXPARAM_Preprocessing_QPMakePSD=1;CPXPARAM_Preprocessing_Reduce=3;CPXPARAM_Preprocessing_Relax=-1;CPXPARAM_Preprocessing_RepeatPresolve=-1;CPXPARAM_Preprocessing_Symmetry=-1;CPXPARAM_Read_Scale=0;CPXPARAM_Sifting_Algorithm=0;CPXPARAM_Simplex_Crash=1;CPXPARAM_Simplex_DGradient=0;CPXPARAM_Simplex_Limits_Perturbation=0;CPXPARAM_Simplex_Limits_Singularity=10;CPXPARAM_Simplex_PGradient=0;CPXPARAM_Simplex_Pricing=0;CPXPARAM_Simplex_Refactor=0
5369489898063368997,0,CPXPARAM_Advance=1;CPXPARAM_Barrier_Algorithm=2;CPXPARAM_Barrier_ColNonzeros=0;CPXPARAM_Barrier_Crossover=0;CPXPARAM_Barrier_Limits_Corrections=-1;CPXPARAM_Barrier_Ordering=0;CPXPARAM_Barrier_StartAlg=1;CPXPARAM_Emphasis_MIP=4;CPXPARAM_Emphasis_Memory=0;CPXPARAM_Emphasis_Numerical=0;CPXPARAM_Feasopt_Mode=0;CPXPARAM_LPMethod=0;CPXPARAM_MIP_Cuts_Cliques=-1;CPXPARAM_MIP_Cuts_Covers=0;CPXPARAM_MIP_Cuts_Disjunctive=-1;CPXPARAM_MIP_Cuts_FlowCovers=1;CPXPARAM_MIP_Cuts_GUBCovers=0;CPXPARAM_MIP_Cuts_Gomory=0;CPXPARAM_MIP_Cuts_Implied=0;CPXPARAM_MIP_Cuts_MIRCut=2;CPXPARAM_MIP_Cuts_PathCut=-1;CPXPARAM_MIP_Limits_AggForCut=3;CPXPARAM_MIP_Limits_CutPasses=0;CPXPARAM_MIP_Limits_CutsFactor=-1;CPXPARAM_MIP_Limits_GomoryCand=150;CPXPARAM_MIP_Limits_GomoryPass=0;CPXPARAM_MIP_Limits_Nodes=9223372036800000000;CPXPARAM_MIP_Limits_ProbeTime=1e+75;CPXPARAM_MIP_Limits_RepairTries=0;CPXPARAM_MIP_Limits_StrongCand=10;CPXPARAM_MIP_Limits_StrongIt=0;CPXPARAM_MIP_OrderType=0;CPXPARAM_MIP_Strategy_BBInterval=7;CPXPARAM_MIP_Strategy_Branch=0;CPXPARAM_MIP_Strategy_Dive=0;CPXPARAM_MIP_Strategy_File=1;CPXPARAM_MIP_Strategy_HeuristicFreq=0;CPXPARAM_MIP_Strategy_LBHeur=0;CPXPARAM_MIP_Strategy_NodeSelect=1;CPXPARAM_MIP_Strategy_Order=1;CPXPARAM_MIP_Strategy_PresolveNode=0;CPXPARAM_MIP_Strategy_Probe=-1;CPXPARAM_MIP_Strategy_RINSHeur=0;CPXPARAM_MIP_Strategy_StartAlgorithm=0;CPXPARAM_MIP_Strategy_SubAlgorithm=0;CPXPARAM_MIP_Strategy_VariableSelect=0;CPXPARAM_Network_NetFind=2;CPXPARAM_Network_Pricing=0;CPXPARAM_Parallel=1;CPXPARAM_Preprocessing_Aggregator=-1;CPXPARAM_Preprocessing_BoundStrength=-1;CPXPARAM_Preprocessing_CoeffReduce=-1;CPXPARAM_Preprocessing_Dependency=3;CPXPARAM_Preprocessing_Dual=0;CPXPARAM_Preprocessing_Fill=10;CPXPARAM_Preprocessing_NumPass=-1;CPXPARAM_Preprocessing_Presolve=1;CPXPARAM_Preprocessing_QPMakePSD=1;CPXPARAM_Preprocessing_Reduce=3;CPXPARAM_Preprocessing_Relax=-1;CPXPARAM_Preprocessing_RepeatPresolve=-1;CPXPARAM_Preprocessing_Symmetry=-1;CPXPARAM_Read_Scale=0;CPXPARAM_Sifting_Algorithm=0;CPXPARAM_Simplex_Crash=1;CPXPARAM_Simplex_DGradient=0;CPXPARAM_Simplex_Limits_Perturbation=0;CPXPARAM_Simplex_Limits_Singularity=10;CPXPARAM_Simplex_PGradient=0;CPXPARAM_Simplex_Pricing=0;CPXPARAM_Simplex_Refactor=0
13308282245582218019,0,CPXPARAM_Advance=1;CPXPARAM_Barrier_Algorithm=1;CPXPARAM_Barrier_ColNonzeros=0;CPXPARAM_Barrier_Crossover=0;CPXPARAM_Barrier_Limits_Corrections=-1;CPXPARAM_Barrier_Ordering=0;CPXPARAM_Barrier_StartAlg=1;CPXPARAM_Emphasis_MIP=4;CPXPARAM_Emphasis_Memory=0;CPXPARAM_Emphasis_Numerical=0;CPXPARAM_Feasopt_Mode=0;CPXPARAM_LPMethod=0;CPXPARAM_MIP_Cuts_Cliques=-1;CPXPARAM_MIP_Cuts_Covers=0;CPXPARAM_MIP_Cuts_Disjunctive=-1;CPXPARAM_MIP_Cuts_FlowCovers=1;CPXPARAM_MIP_Cuts_GUBCovers=0;CPXPARAM_MIP_Cuts_Gomory=0;CPXPARAM_MIP_Cuts_Implied=0;CPXPARAM_MIP_Cuts_MIRCut=2;CPXPARAM_MIP_Cuts_PathCut=-1;CPXPARAM_MIP_Limits_AggForCut=3;CPXPARAM_MIP_Limits_CutPasses=0;CPXPARAM_MIP_Limits_CutsFactor=-1;CPXPARAM_MIP_Limits_GomoryCand=150;CPXPARAM_MIP_Limits_GomoryPass=0;CPXPARAM_MIP_Limits_Nodes=9223372036800000000;CPXPARAM_MIP_Limits_ProbeTime=1e+75;CPXPARAM_MIP_Limits_RepairTries=0;CPXPARAM_MIP_Limits_StrongCand=10;CPXPARAM_MIP_Limits_StrongIt=0;CPXPARAM_MIP_OrderType=0;CPXPARAM_MIP_Strategy_BBInterval=7;CPXPARAM_MIP_Strategy_Branch=0;CPXPARAM_MIP_Strategy_Dive=0;CPXPARAM_MIP_Strategy_File=1;CPXPARAM_MIP_Strategy_HeuristicFreq=0;CPXPARAM_MIP_Strategy_LBHeur=0;CPXPARAM_MIP_Strategy_NodeSelect=1;CPXPARAM_MIP_Strategy_Order=1;CPXPARAM_MIP_Strategy_PresolveNode=0;CPXPARAM_MIP_Strategy_Probe=-1;CPXPARAM_MIP_Strategy_RINSHeur=0;CPXPARAM_MIP_Strategy_StartAlgorithm=0;CPXPARAM_MIP_Strategy_SubAlgorithm=0;CPXPARAM_MIP_Strategy_VariableSelect=0;CPXPARAM_Network_NetFind=2;CPXPARAM_Network_Pricing=0;CPXPARAM_Parallel=1;CPXPARAM_Preprocessing_Aggregator=-1;CPXPARAM_Preprocessing_BoundStrength=-1;CPXPARAM_Preprocessing_CoeffReduce=-1;CPXPARAM_Preprocessing_Dependency=3;CPXPARAM_Preprocessing_Dual=0;CPXPARAM_Preprocessing_Fill=10;CPXPARAM_Preprocessing_NumPass=-1;CPXPARAM_Preprocessing_Presolve=1;CPXPARAM_Preprocessing_QPMakePSD=1;CPXPARAM_Preprocessing_Reduce=3;CPXPARAM_Preprocessing_Relax=-1;CPXPARAM_Preprocessing_RepeatPresolve=-1;CPXPARAM_Preprocessing_Symmetry=-1;CPXPARAM_Read_Scale=0;CPXPARAM_Sifting_Algorithm=0;CPXPARAM_Simplex_Crash=1;CPXPARAM_Simplex_DGradient=0;CPXPARAM_Simplex_Limits_Perturbation=0;CPXPARAM_Simplex_Limits_Singularity=10;CPXPARAM_Simplex_PGradient=0;CPXPARAM_Simplex_Pricing=0;CPXPARAM_Simplex_Refactor=0
1912829721813843188,0,CPXPARAM_Advance=1;CPXPARAM_Barrier_Algorithm=0;CPXPARAM_Barrier_ColNonzeros=0;CPXPARAM_Barrier_Crossover=0;CPXPARAM_Barrier_Limits_Corrections=-1;CPXPARAM_Barrier_Ordering=0;CPXPARAM_Barrier_StartAlg=1;CPXPARAM_Emphasis_MIP=4;CPXPARAM_Emphasis_Memory=0;CPXPARAM_Emphasis_Numerical=0;CPXPARAM_Feasopt_Mode=0;CPXPARAM_LPMethod=0;CPXPARAM_MIP_Cuts_Cliques=-1;CPXPARAM_MIP_Cuts_Covers=0;CPXPARAM_MIP_Cuts_Disjunctive=-1;CPXPARAM_MIP_Cuts_FlowCovers=1;CPXPARAM_MIP_Cuts_GUBCovers=0;CPXPARAM_MIP_Cuts_Gomory=0;CPXPARAM_MIP_Cuts_Implied=0;CPXPARAM_MIP_Cuts_MIRCut=2;CPXPARAM_MIP_Cuts_PathCut=-1;CPXPARAM_MIP_Limits_AggForCut=3;CPXPARAM_MIP_Limits_CutPasses=0;CPXPARAM_MIP_Limits_CutsFactor=-1;CPXPARAM_MIP_Limits_GomoryCand=150;CPXPARAM_MIP_Limits_GomoryPass=0;CPXPARAM_MIP_Limits_Nodes=9223372036800000000;CPXPARAM_MIP_Limits_ProbeTime=1e+75;CPXPARAM_MIP_Limits_RepairTries=0;CPXPARAM_MIP_Limits_StrongCand=10;CPXPARAM_MIP_Limits_StrongIt=0;CPXPARAM_MIP_OrderType=0;CPXPARAM_MIP_Strategy_BBInterval=7;CPXPARAM_MIP_Strategy_Branch=0;CPXPARAM_MIP_Strategy_Dive=0;CPXPARAM_MIP_Strategy_File=1;CPXPARAM_MIP_Strategy_HeuristicFreq=0;CPXPARAM_MIP_Strategy_LBHeur=0;CPXPARAM_MIP_Strategy_NodeSelect=1;CPXPARAM_MIP_Strategy_Order=1;CPXPARAM_MIP_Strategy_PresolveNode=0;CPXPARAM_MIP_Strategy_Probe=-1;CPXPARAM_MIP_Strategy_RINSHeur=0;CPXPARAM_MIP_Strategy_StartAlgorithm=0;CPXPARAM_MIP_Strategy_SubAlgorithm=0;CPXPARAM_MIP_Strategy_VariableSelect=0;CPXPARAM_Network_NetFind=2;CPXPARAM_Network_Pricing=0;CPXPARAM_Parallel=1;CPXPARAM_Preprocessing_Aggregator=-1;CPXPARAM_Preprocessing_BoundStrength=-1;CPXPARAM_Preprocessing_CoeffReduce=-1;CPXPARAM_Preprocessing_Dependency=3;CPXPARAM_Preprocessing_Dual=0;CPXPARAM_Preprocessing_Fill=10;CPXPARAM_Preprocessing_NumPass=-1;CPXPARAM_Preprocessing_Presolve=1;CPXPARAM_Preprocessing_QPMakePSD=1;CPXPARAM_Preprocessing_Reduce=3;CPXPARAM_Preprocessing_Relax=-1;CPXPARAM_Preprocessing_RepeatPresolve=-1;CPXPARAM_Preprocessing_Symmetry=-1;CPXPARAM_Read_Scale=0;CPXPARAM_Sifting_Algorithm=0;CPXPARAM_Simplex_Crash=1;CPXPARAM_Simplex_DGradient=0;CPXPARAM_Simplex_Limits_Perturbation=0;CPXPARAM_Simplex_Limits_Singularity=40;CPXPARAM_Simplex_PGradient=0;CPXPARAM_Simplex_Pricing=0;CPXPARAM_Simplex_Refactor=0
2268847004752503866,0,CPXPARAM_Advance=1;CPXPARAM_Barrier_Algorithm=0;CPXPARAM_Barrier_ColNonzeros=0;CPXPARAM_Barrier_Crossover=0;CPXPARAM_Barrier_Limits_Corrections=-1;CPXPARAM_Barrier_Ordering=0;CPXPARAM_Barrier_StartAlg=1;CPXPARAM_Emphasis_MIP=4;CPXPARAM_Emphasis_Memory=0;CPXPARAM_Emphasis_Numerical=0;CPXPARAM_Feasopt_Mode=0;CPXPARAM_LPMethod=0;CPXPARAM_MIP_Cuts_Cliques=-1;CPXPARAM_MIP_Cuts_Covers=0;CPXPARAM_MIP_Cuts_Disjunctive=-1;CPXPARAM_MIP_Cuts_FlowCovers=1;CPXPARAM_MIP_Cuts_GUBCovers=0;CPXPARAM_MIP_Cuts_Gomory=0;CPXPARAM_MIP_Cuts_Implied=0;CPXPARAM_MIP_Cuts_MIRCut=2;CPXPARAM_MIP_Cuts_PathCut=-1;CPXPARAM_MIP_Limits_AggForCut=3;CPXPARAM_MIP_Limits_CutPasses=0;CPXPARAM_MIP_Limits_CutsFactor=-1;CPXPARAM_MIP_Limits_GomoryCand=150;CPXPARAM_MIP_Limits_GomoryPass=0;CPXPARAM_MIP_Limits_Nodes=9223372036800000000;CPXPARAM_MIP_Limits_ProbeTime=1e+75;CPXPARAM_MIP_Limits_RepairTries=0;CPXPARAM_MIP_Limits_StrongCand=10;CPXPARAM_MIP_Limits_StrongIt=0;CPXPARAM_MIP_OrderType=0;CPXPARAM_MIP_Strategy_BBInterval=7;CPXPARAM_MIP_Strategy_Branch=0;CPXPARAM_MIP_Strategy_Dive=0;CPXPARAM_MIP_Strategy_File=1;CPXPARAM_MIP_Strategy_HeuristicFreq=0;CPXPARAM_MIP_Strategy_LBHeur=0;CPXPARAM_MIP_Strategy_NodeSelect=1;CPXPARAM_MIP_Strategy_Order=1;CPXPARAM_MIP_Strategy_PresolveNode=0;CPXPARAM_MIP_Strategy_Probe=-1;CPXPARAM_MIP_Strategy_RINSHeur=0;CPXPARAM_MIP_Strategy_StartAlgorithm=0;CPXPARAM_MIP_Strategy_SubAlgorithm=0;CPXPARAM_MIP_Strategy_VariableSelect=0;CPXPARAM_Network_NetFind=2;CPXPARAM_Network_Pricing=0;CPXPARAM_Parallel=1;CPXPARAM_Preprocessing_Aggregator=-1;CPXPARAM_Preprocessing_BoundStrength=-1;CPXPARAM_Preprocessing_CoeffReduce=-1;CPXPARAM_Preprocessing_Dependency=3;CPXPARAM_Preprocessing_Dual=0;CPXPARAM_Preprocessing_Fill=10;CPXPARAM_Preprocessing_NumPass=-1;CPXPARAM_Preprocessing_Presolve=1;CPXPARAM_Preprocessing_QPMakePSD=1;CPXPARAM_Preprocessing_Reduce=3;CPXPARAM_Preprocessing_Relax=-1;CPXPARAM_Preprocessing_RepeatPresolve=-1;CPXPARAM_Preprocessing_Symmetry=-1;CPXPARAM_Read_Scale=0;CPXPARAM_Sifting_Algorithm=0;CPXPARAM_Simplex_Crash=1;CPXPARAM_Simplex_DGradient=0;CPXPARAM_Simplex_Limits_Perturbation=0;CPXPARAM_Simplex_Limits_Singularity=20;CPXPARAM_Simplex_PGradient=0;CPXPARAM_Simplex_Pricing=0;CPXPARAM_Simplex_Refactor=0
562540296371382578,0,CPXPARAM_Advance=1;CPXPARAM_Barrier_Algorithm=0;CPXPARAM_Barrier_ColNonzeros=0;CPXPARAM_Barrier_Crossover=0;CPXPARAM_Barrier_Limits_Corrections=-1;CPXPARAM_Barrier_Ordering=0;CPXPARAM_Barrier_StartAlg=1;CPXPARAM_Emphasis_MIP=4;CPXPARAM_Emphasis_Memory=0;CPXPARAM_Emphasis_Numerical=0;CPXPARAM_Feasopt_Mode=0;CPXPARAM_LPMethod=0;CPXPARAM_MIP_Cuts_Cliques=-1;CPXPARAM_MIP_Cuts_Covers=0;CPXPARAM_MIP_Cuts_Disjunctive=-1;CPXPARAM_MIP_Cuts_FlowCovers=1;CPXPARAM_MIP_Cuts_GUBCovers=0;CPXPARAM_MIP_Cuts_Gomory=0;CPXPARAM_MIP_Cuts_Implied=0;CPXPARAM_MIP_Cuts_MIRCut=2;CPXPARAM_MIP_Cuts_PathCut=-1;CPXPARAM_MIP_Limits_AggForCut=3;CPXPARAM_MIP_Limits_CutPasses=0;CPXPARAM_MIP_Limits_CutsFactor=-1;CPXPARAM_MIP_Limits_GomoryCand=150;CPXPARAM_MIP_Limits_GomoryPass=0;CPXPARAM_MIP_Limits_Nodes=9223372036800000000;CPXPARAM_MIP_Limits_ProbeTime=1e+75;CPXPARAM_MIP_Limits_RepairTries=0;CPXPARAM_MIP_Limits_StrongCand=10;CPXPARAM_MIP_Limits_StrongIt=0;CPXPARAM_MIP_OrderType=0;CPXPARAM_MIP_Strategy_BBInterval=7;CPXPARAM_MIP_Strategy_Branch=0;CPXPARAM_MIP_Strategy_Dive=0;CPXPARAM_MIP_Strategy_File=1;CPXPARAM_MIP_Strategy_HeuristicFreq=0;CPXPARAM_MIP_Strategy_LBHeur=0;CPXPARAM_MIP_Strategy_NodeSelect=1;CPXPARAM_MIP_Strategy_Order=1;CPXPARAM_MIP_Strategy_PresolveNode=0;CPXPARAM_MIP_Strategy_Probe=-1;CPXPARAM_MIP_Strategy_RINSHeur=0;CPXPARAM_MIP_Strategy_StartAlgorithm=0;CPXPARAM_MIP_Strategy_SubAlgorithm=0;CPXPARAM_MIP_Strategy_VariableSelect=0;CPXPARAM_Network_NetFind=2;CPXPARAM_Network_Pricing=0;CPXPARAM_Parallel=1;CPXPARAM_Preprocessing_Aggregator=-1;CPXPARAM_Preprocessing_BoundStrength=-1;CPXPARAM_Preprocessing_CoeffReduce=-1;CPXPARAM_Preprocessing_Dependency=3;CPXPARAM_Preprocessing_Dual=0;CPXPARAM_Preprocessing_Fill=10;CPXPARAM_Preprocessing_NumPass=-1;CPXPARAM_Preprocessing_Presolve=1;CPXPARAM_Preprocessing_QPMakePSD=1;CPXPARAM_Preprocessing_Reduce=3;CPXPARAM_Preprocessing_Relax=-1;CPXPARAM_Preprocessing_RepeatPresolve=-1;CPXPARAM_Preprocessing_Symmetry=-1;CPXPARAM_Read_Scale=0;CPXPARAM_Sifting_Algorithm=0;CPXPARAM_Simplex_Crash=1;CPXPARAM_Simplex_DGradient=0;CPXPARAM_Simplex_Limits_Perturbation=0;CPXPARAM_Simplex_Limits_Singularity=5;CPXPARAM_Simplex_PGradient=0;CPXPARAM_Simplex_Pricing=0;CPXPARAM_Simplex_Refactor=0
3606059548048300570,0,CPXPARAM_Advance=1;CPXPARAM_Barrier_Algorithm=0;CPXPARAM_Barrier_ColNonzeros=0;CPXPARAM_Barrier_Crossover=0;CPXPARAM_Barrier_Limits_Corrections=-1;CPXPARAM_Barrier_Ordering=0;CPXPARAM_Barrier_StartAlg=1;CPXPARAM_Emphasis_MIP=4;CPXPARAM_Emphasis_Memory=0;CPXPARAM_Emphasis_Numerical=0;CPXPARAM_Feasopt_Mode=0;CPXPARAM_LPMethod=0;CPXPARAM_MIP_Cuts_Cliques=-1;CPXPARAM_MIP_Cuts_Covers=0;CPXPARAM_MIP_Cuts_Disjunctive=-1;CPXPARAM_MIP_Cuts_FlowCovers=1;CPXPARAM_MIP_Cuts_GUBCovers=0;CPXPARAM_MIP_Cuts_Gomory=0;CPXPARAM_MIP_Cuts_Implied=0;CPXPARAM_MIP_Cuts_MIRCut=2;CPXPARAM_MIP_Cuts_PathCut=-1;CPXPARAM_MIP_Limits_AggForCut=3;CPXPARAM_MIP_Limits_CutPasses=0;CPXPARAM_MIP_Limits_CutsFactor=-1;CPXPARAM_MIP_Limits_GomoryCand=150;CPXPARAM_MIP_Limits_GomoryPass=0;CPXPARAM_MIP_Limits_Nodes=9223372036800000000;CPXPARAM_MIP_Limits_ProbeTime=1e+75;CPXPARAM_MIP_Limits_RepairTries=0;CPXPARAM_MIP_Limits_StrongCand=10;CPXPARAM_MIP_Limits_StrongIt=0;CPXPARAM_MIP_OrderType=0;CPXPARAM_MIP_Strategy_BBInterval=7;CPXPARAM_MIP_Strategy_Branch=0;CPXPARAM_MIP_Strategy_Dive=0;CPXPARAM_MIP_Strategy_File=1;CPXPARAM_MIP_Strategy_HeuristicFreq=0;CPXPARAM_MIP_Strategy_LBHeur=0;CPXPARAM_MIP_Strategy_NodeSelect=1;CPXPARAM_MIP_Strategy_Order=1;CPXPARAM_MIP_Strategy_PresolveNode=0;CPXPARAM_MIP_Strategy_Probe=-1;CPXPARAM_MIP_Strategy_RINSHeur=0;CPXPARAM_MIP_Strategy_StartAlgorithm=0;CPXPARAM_MIP_Strategy_SubAlgorithm=0;CPXPARAM_MIP_Strategy_VariableSelect=0;CPXPARAM_Network_NetFind=2;CPXPARAM_Network_Pricing=0;CPXPARAM_Parallel=1;CPXPARAM_Preprocessing_Aggregator=-1;CPXPARAM_Preprocessing_BoundStrength=-1;CPXPARAM_Preprocessing_CoeffReduce=-1;CPXPARAM_Preprocessing_Dependency=-1;CPXPARAM_Preprocessing_Dual=0;CPXPARAM_Preprocessing_Fill=10;CPXPARAM_Preprocessing_NumPass=-1;CPXPARAM_Preprocessing_Presolve=1;CPXPARAM_Preprocessing_QPMakePSD=1;CPXPARAM_Preprocessing_Reduce=3;CPXPARAM_Preprocessing_Relax=-1;CPXPARAM_Preprocessing_RepeatPresolve=-1;CPXPARAM_Preprocessing_Symmetry=1;CPXPARAM_Read_Scale=0;CPXPARAM_Sifting_Algorithm=0;CPXPARAM_Simplex_Crash=1;CPXPARAM_Simplex_DGradient=0;CPXPARAM_Simplex_Limits_Perturbation=0;CPXPARAM_Simplex_Limits_Singularity=10;CPXPARAM_Simplex_PGradient=0;CPXPARAM_Simplex_Pricing=0;CPXPARAM_Simplex_Refactor=0
3348650784156304800,0,CPXPARAM_Advance=1;CPXPARAM_Barrier_Algorithm=0;CPXPARAM_Barrier_ColNonzeros=0;CPXPARAM_Barrier_Crossover=0;CPXPARAM_Barrier_Limits_Corrections=-1;CPXPARAM_Barrier_Ordering=0;CPXPARAM_Barrier_StartAlg=1;CPXPARAM_Emphasis_MIP=4;CPXPARAM_Emphasis_Memory=0;CPXPARAM_Emphasis_Numerical=0;CPXPARAM_Feasopt_Mode=0;CPXPARAM_LPMethod=0;CPXPARAM_MIP_Cuts_Cliques=-1;CPXPARAM_MIP_Cuts_Covers=0;CPXPARAM_MIP_Cuts_Disjunctive=-1;CPXPARAM_MIP_Cuts_FlowCovers=1;CPXPARAM_MIP_Cuts_GUBCovers=0;CPXPARAM_MIP_Cuts_Gomory=0;CPXPARAM_MIP_Cuts_Implied=0;CPXPARAM_MIP_Cuts_MIRCut=1;CPXPARAM_MIP_Cuts_PathCut=-1;CPXPARAM_MIP_Limits_AggForCut=3;CPXPARAM_MIP_Limits_CutPasses=0;CPXPARAM_MIP_Limits_CutsFactor=-1;CPXPARAM_MIP_Limits_GomoryCand=150;CPXPARAM_MIP_Limits_GomoryPass=0;CPXPARAM_MIP_Limits_Nodes=9223372036800000000;CPXPARAM_MIP_Limits_ProbeTime=1e+75;CPXPARAM_MIP_Limits_RepairTries=0;CPXPARAM_MIP_Limits_StrongCand=10;CPXPARAM_MIP_Limits_StrongIt=0;CPXPARAM_MIP_OrderType=0;CPXPARAM_MIP_Strategy_BBInterval=7;CPXPARAM_MIP_Strategy_Branch=0;CPXPARAM_MIP_Strategy_Dive=0;CPXPARAM_MIP_Strategy_File=1;CPXPARAM_MIP_Strategy_HeuristicFreq=0;CPXPARAM_MIP_Strategy_LBHeur=0;CPXPARAM_MIP_Strategy_NodeSelect=1;CPXPARAM_MIP_Strategy_Order=1;CPXPARAM_MIP_Strategy_PresolveNode=0;CPXPARAM_MIP_Strategy_Probe=-1;CPXPARAM_MIP_Strategy_RINSHeur=0;CPXPARAM_MIP_Strategy_StartAlgorithm=0;CPXPARAM_MIP_Strategy_SubAlgorithm=0;CPXPARAM_MIP_Strategy_VariableSelect=0;CPXPARAM_Network_NetFind=2;CPXPARAM_Network_Pricing=0;CPXPARAM_Parallel=1;CPXPARAM_Preprocessing_Aggregator=-1;CPXPARAM_Preprocessing_BoundStrength=-1;CPXPARAM_Preprocessing_CoeffReduce=-1;CPXPARAM_Preprocessing_Dependency=-1;CPXPARAM_Preprocessing_Dual=0;CPXPARAM_Preprocessing_Fill=10;CPXPARAM_Preprocessing_NumPass=-1;CPXPARAM_Preprocessing_Presolve=1;CPXPARAM_Preprocessing_QPMakePSD=1;CPXPARAM_Preprocessing_Reduce=3;CPXPARAM_Preprocessing_Relax=-1;CPXPARAM_Preprocessing_RepeatPresolve=-1;CPXPARAM_Preprocessing_Symmetry=-1;CPXPARAM_Read_Scale=0;CPXPARAM_Sifting_Algorithm=0;CPXPARAM_Simplex_Crash=1;CPXPARAM_Simplex_DGradient=0;CPXPARAM_Simplex_Limits_Perturbation=0;CPXPARAM_Simplex_Limits_Singularity=10;CPXPARAM_Simplex_PGradient=0;CPXPARAM_Simplex_Pricing=0;CPXPARAM_Simplex_Refactor=0
10650337749377356190,0,CPXPARAM_Advance=1;CPXPARAM_Barrier_Algorithm=0;CPXPARAM_Barrier_ColNonzeros=0;CPXPARAM_Barrier_Crossover=0;CPXPARAM_Barrier_Limits_Corrections=-1;CPXPARAM_Barrier_Ordering=0;CPXPARAM_Barrier_StartAlg=1;CPXPARAM_Emphasis_MIP=4;CPXPARAM_Emphasis_Memory=0;CPXPARAM_Emphasis_Numerical=0;CPXPARAM_Feasopt_Mode=0;CPXPARAM_LPMethod=0;CPXPARAM_MIP_Cuts_Cliques=-1;CPXPARAM_MIP_Cuts_Covers=0;CPXPARAM_MIP_Cuts_Disjunctive=-1;CPXPARAM_MIP_Cuts_FlowCovers=1;CPXPARAM_MIP_Cuts_GUBCovers=0;CPXPARAM_MIP_Cuts_Gomory=1;CPXPARAM_MIP_Cuts_Implied=0;CPXPARAM_MIP_Cuts_MIRCut=2;CPXPARAM_MIP_Cuts_PathCut=-1;CPXPARAM_MIP_Limits_AggForCut=3;CPXPARAM_MIP_Limits_CutPasses=0;CPXPARAM_MIP_Limits_CutsFactor=-1;CPXPARAM_MIP_Limits_GomoryCand=150;CPXPARAM_MIP_Limits_GomoryPass=0;CPXPARAM_MIP_Limits_Nodes=9223372036800000000;CPXPARAM_MIP_Limits_ProbeTime=1e+75;CPXPARAM_MIP_Limits_RepairTries=0;CPXPARAM_MIP_Limits_StrongCand=10;CPXPARAM_MIP_Limits_StrongIt=0;CPXPARAM_MIP_OrderType=0;CPXPARAM_MIP_Strategy_BBInterval=7;CPXPARAM_MIP_Strategy_Branch=0;CPXPARAM_MIP_Strategy_Dive=0;CPXPARAM_MIP_Strategy_File=1;CPXPARAM_MIP_Strategy_HeuristicFreq=0;CPXPARAM_MIP_Strategy_LBHeur=0;CPXPARAM_MIP_Strategy_NodeSelect=1;CPXPARAM_MIP_Strategy_Order=1;CPXPARAM_MIP_Strategy_PresolveNode=0;CPXPARAM_MIP_Strategy_Probe=-1;CPXPARAM_MIP_Strategy_RINSHeur=0;CPXPARAM_MIP_Strategy_StartAlgorithm=0;CPXPARAM_MIP_Strategy_SubAlgorithm=0;CPXPARAM_MIP_Strategy_VariableSelect=0;CPXPARAM_Network_NetFind=2;CPXPARAM_Network_Pricing=0;CPXPARAM_Parallel=1;CPXPARAM_Preprocessing_Aggregator=-1;CPXPARAM_Preprocessing_BoundStrength=-1;CPXPARAM_Preprocessing_CoeffReduce=-1;CPXPARAM_Preprocessing_Dependency=-1;CPXPARAM_Preprocessing_Dual=0;CPXPARAM_Preprocessing_Fill=10;CPXPARAM_Preprocessing_NumPass=-1;CPXPARAM_Preprocessing_Presolve=1;CPXPARAM_Preprocessing_QPMakePSD=1;CPXPARAM_Preprocessing_Reduce=3;CPXPARAM_Preprocessing_Relax=-1;CPXPARAM_Preprocessing_RepeatPresolve=-1;CPXPARAM_Preprocessing_Symmetry=-1;CPXPARAM_Read_Scale=0;CPXPARAM_Sifting_Algorithm=0;CPXPARAM_Simplex_Crash=1;CPXPARAM_Simplex_DGradient=0;CPXPARAM_Simplex_Limits_Perturbation=0;CPXPARAM_Simplex_Limits_Singularity=10;CPXPARAM_Simplex_PGradient=0;CPXPARAM_Simplex_Pricing=0;CPXPARAM_Simplex_Refactor=0
1757833797736528912,0,CPXPARAM_Advance=1;CPXPARAM_Barrier_Algorithm=0;CPXPARAM_Barrier_ColNonzeros=0;CPXPARAM_Barrier_Crossover=0;CPXPARAM_Barrier_Limits_Corrections=-1;CPXPARAM_Barrier_Ordering=0;CPXPARAM_Barrier_StartAlg=1;CPXPARAM_Emphasis_MIP=4;CPXPARAM_Emphasis_Memory=0;CPXPARAM_Emphasis_Numerical=0;CPXPARAM_Feasopt_Mode=0;CPXPARAM_LPMethod=0;CPXPARAM_MIP_Cuts_Cliques=-1;CPXPARAM_MIP_Cuts_Covers=0;CPXPARAM_MIP_Cuts_Disjunctive=-1;CPXPARAM_MIP_Cuts_FlowCovers=1;CPXPARAM_MIP_Cuts_GUBCovers=0;CPXPARAM_MIP_Cuts_Gomory=0;CPXPARAM_MIP_Cuts_Implied=0;CPXPARAM_MIP_Cuts_MIRCut=2;CPXPARAM_MIP_Cuts_PathCut=-1;CPXPARAM_MIP_Limits_AggForCut=3;CPXPARAM_MIP_Limits_CutPasses=0;CPXPARAM_MIP_Limits_CutsFactor=-1;CPXPARAM_MIP_Limits_GomoryCand=150;CPXPARAM_MIP_Limits_GomoryPass=0;CPXPARAM_MIP_Limits_Nodes=9223372036800000000;CPXPARAM_MIP_Limits_ProbeTime=1e+75;CPXPARAM_MIP_Limits_RepairTries=0;CPXPARAM_MIP_Limits_StrongCand=10;CPXPARAM_MIP_Limits_StrongIt=0;CPXPARAM_MIP_OrderType=0;CPXPARAM_MIP_Strategy_BBInterval=7;CPXPARAM_MIP_Strategy_Branch=0;CPXPARAM_MIP_Strategy_Dive=0;CPXPARAM_MIP_Strategy_File=1;CPXPARAM_MIP_Strategy_HeuristicFreq=0;CPXPARAM_MIP_Strategy_LBHeur=0;CPXPARAM_MIP_Strategy_NodeSelect=1;CPXPARAM_MIP_Strategy_Order=1;CPXPARAM_MIP_Strategy_PresolveNode=0;CPXPARAM_MIP_Strategy_Probe=-1;CPXPARAM_MIP_Strategy_RINSHeur=0;CPXPARAM_MIP_Strategy_StartAlgorithm=0;CPXPARAM_MIP_Strategy_SubAlgorithm=0;CPXPARAM_MIP_Strategy_VariableSelect=0;CPXPARAM_Network_NetFind=2;CPXPARAM_Network_Pricing=0;CPXPARAM_Parallel=1;CPXPARAM_Preprocessing_Aggregator=-1;CPXPARAM_Preprocessing_BoundStrength=-1;CPXPARAM_Preprocessing_CoeffReduce=-1;CPXPARAM_Preprocessing_Dependency=3;CPXPARAM_Preprocessing_Dual=0;CPXPARAM_Preprocessing_Fill=40;CPXPARAM_Preprocessing_NumPass=-1;CPXPARAM_Preprocessing_Presolve=1;CPXPARAM_Preprocessing_QPMakePSD=1;CPXPARAM_Preprocessing_Reduce=3;CPXPARAM_Preprocessing_Relax=-1;CPXPARAM_Preprocessing_RepeatPresolve=-1;CPXPARAM_Preprocessing_Symmetry=-1;CPXPARAM_Read_Scale=0;CPXPARAM_Sifting_Algorithm=0;CPXPARAM_Simplex_Crash=1;CPXPARAM_Simplex_DGradient=0;CPXPARAM_Simplex_Limits_Perturbation=0;CPXPARAM_Simplex_Limits_Singularity=10;CPXPARAM_Simplex_PGradient=0;CPXPARAM_Simplex_Pricing=0;CPXPARAM_Simplex_Refactor=0
2472742400775766674,0,CPXPARAM_Advance=1;CPXPARAM_Barrier_Algorithm=0;CPXPARAM_Barrier_ColNonzeros=0;CPXPARAM_Barrier_Crossover=0;CPXPARAM_Barrier_Limits_Corrections=-1;CPXPARAM_Barrier_Ordering=0;CPXPARAM_Barrier_StartAlg=1;CPXPARAM_Emphasis_MIP=4;CPXPARAM_Emphasis_Memory=0;CPXPARAM_Emphasis_Numerical=0;CPXPARAM_Feasopt_Mode=0;CPXPARAM_LPMethod=0;CPXPARAM_MIP_Cuts_Cliques=-1;CPXPARAM_MIP_Cuts_Covers=0;CPXPARAM_MIP_Cuts_Disjunctive=-1;CPXPARAM_MIP_Cuts_FlowCovers=1;CPXPARAM_MIP_Cuts_GUBCovers=0;CPXPARAM_MIP_Cuts_Gomory=0;CPXPARAM_MIP_Cuts_Implied=0;CPXPARAM_MIP_Cuts_MIRCut=2;CPXPARAM_MIP_Cuts_PathCut=-1;CPXPARAM_MIP_Limits_AggForCut=3;CPXPARAM_MIP_Limits_CutPasses=0;CPXPARAM_MIP_Limits_CutsFactor=-1;CPXPARAM_MIP_Limits_GomoryCand=150;CPXPARAM_MIP_Limits_GomoryPass=0;CPXPARAM_MIP_Limits_Nodes=9223372036800000000;CPXPARAM_MIP_Limits_ProbeTime=1e+75;CPXPARAM_MIP_Limits_RepairTries=0;CPXPARAM_MIP_Limits_StrongCand=10;CPXPARAM_MIP_Limits_StrongIt=0;CPXPARAM_MIP_OrderType=0;CPXPARAM_MIP_Strategy_BBInterval=7;CPXPARAM_MIP_Strategy_Branch=0;CPXPARAM_MIP_Strategy_Dive=0;CPXPARAM_MIP_Strategy_File=1;CPXPARAM_MIP_Strategy_HeuristicFreq=0;CPXPARAM_MIP_Strategy_LBHeur=0;CPXPARAM_MIP_Strategy_NodeSelect=1;CPXPARAM_MIP_Strategy_Order=1;CPXPARAM_MIP_Strategy_PresolveNode=0;CPXPARAM_MIP_Strategy_Probe=-1;CPXPARAM_MIP_Strategy_RINSHeur=0;CPXPARAM_MIP_Strategy_StartAlgorithm=0;CPXPARAM_MIP_Strategy_SubAlgorithm=0;CPXPARAM_MIP_Strategy_VariableSelect=0;CPXPARAM_Network_NetFind=2;CPXPARAM_Network_Pricing=0;CPXPARAM_Parallel=1;CPXPARAM_Preprocessing_Aggregator=-1;CPXPARAM_Preprocessing_BoundStrength=-1;CPXPARAM_Preprocessing_CoeffReduce=-1;CPXPARAM_Preprocessing_Dependency=-1;CPXPARAM_Preprocessing_Dual=0;CPXPARAM_Preprocessing_Fill=10;CPXPARAM_Preprocessing_NumPass=-1;CPXPARAM_Preprocessing_Presolve=1;CPXPARAM_Preprocessing_QPMakePSD=1;CPXPARAM_Preprocessing_Reduce=3;CPXPARAM_Preprocessing_Relax=-1;CPXPARAM_Preprocessing_RepeatPresolve=-1;CPXPARAM_Preprocessing_Symmetry=-1;CPXPARAM_Read_Scale=0;CPXPARAM_Sifting_Algorithm=0;CPXPARAM_Simplex_Crash=1;CPXPARAM_Simplex_DGradient=2;CPXPARAM_Simplex_Limits_Perturbation=0;CPXPARAM_Simplex_Limits_Singularity=10;CPXPARAM_Simplex_PGradient=0;CPXPARAM_Simplex_Pricing=0;CPXPARAM_Simplex_Refactor=0
12452463839981153271,0,CPXPARAM_Advance=1;CPXPARAM_Barrier_Algorithm=0;CPXPARAM_Barrier_ColNonzeros=0;CPXPARAM_Barrier_Crossover=0;CPXPARAM_Barrier_Limits_Corrections=-1;CPXPARAM_Barrier_Ordering=0;CPXPARAM_Barrier_StartAlg=1;CPXPARAM_Emphasis_MIP=4;CPXPARAM_Emphasis_Memory=0;CPXPARAM_Emphasis_Numerical=0;CPXPARAM_Feasopt_Mode=0;CPXPARAM_LPMethod=0;CPXPARAM_MIP_Cuts_Cliques=-1;CPXPARAM_MIP_Cuts_Covers=0;CPXPARAM_MIP_Cuts_Disjunctive=-1;CPXPARAM_MIP_Cuts_FlowCovers=0;CPXPARAM_MIP_Cuts_GUBCovers=0;CPXPARAM_MIP_Cuts_Gomory=0;CPXPARAM_MIP_Cuts_Implied=0;CPXPARAM_MIP_Cuts_MIRCut=2;CPXPARAM_MIP_Cuts_PathCut=-1;CPXPARAM_MIP_Limits_AggForCut=3;CPXPARAM_MIP_Limits_CutPasses=0;CPXPARAM_MIP_Limits_CutsFactor=-1;CPXPARAM_MIP_Limits_GomoryCand=150;CPXPARAM_MIP_Limits_GomoryPass=0;CPXPARAM_MIP_Limits_Nodes=9223372036800000000;CPXPARAM_MIP_Limits_ProbeTime=1e+75;CPXPARAM_MIP_Limits_RepairTries=0;CPXPARAM_MIP_Limits_StrongCand=10;CPXPARAM_MIP_Limits_StrongIt=0;CPXPARAM_MIP_OrderType=0;CPXPARAM_MIP_Strategy_BBInterval=7;CPXPARAM_MIP_Strategy_Branch=0;CPXPARAM_MIP_Strategy_Dive=0;CPXPARAM_MIP_Strategy_File=1;CPXPARAM_MIP_Strategy_HeuristicFreq=0;CPXPARAM_MIP_Strategy_LBHeur=0;CPXPARAM_MIP_Strategy_NodeSelect=1;CPXPARAM_MIP_Strategy_Order=1;CPXPARAM_MIP_Strategy_PresolveNode=0;CPXPARAM_MIP_Strategy_Probe=-1;CPXPARAM_MIP_Strategy_RINSHeur=0;CPXPARAM_MIP_Strategy_StartAlgorithm=0;CPXPARAM_MIP_Strategy_SubAlgorithm=0;CPXPARAM_MIP_Strategy_VariableSelect=0;CPXPARAM_Network_NetFind=2;CPXPARAM_Network_Pricing=0;CPXPARAM_Parallel=1;CPXPARAM_Preprocessing_Aggregator=-1;CPXPARAM_Preprocessing_BoundStrength=-1;CPXPARAM_Preprocessing_CoeffReduce=-1;CPXPARAM_Preprocessing_Dependency=-1;CPXPARAM_Preprocessing_Dual=0;CPXPARAM_Preprocessing_Fill=10;CPXPARAM_Preprocessing_NumPass=-1;CPXPARAM_Preprocessing_Presolve=1;CPXPARAM_Preprocessing_QPMakePSD=1;CPXPARAM_Preprocessing_Reduce=3;CPXPARAM_Preprocessing_Relax=-1;CPXPARAM_Preprocessing_RepeatPresolve=-1;CPXPARAM_Preprocessing_Symmetry=-1;CPXPARAM_Read_Scale=0;CPXPARAM_Sifting_Algorithm=0;CPXPARAM_Simplex_Crash=1;CPXPARAM_Simplex_DGradient=0;CPXPARAM_Simplex_Limits_Perturbation=0;CPXPARAM_Simplex_Limits_Singularity=10;CPXPARAM_Simplex_PGradient=0;CPXPARAM_Simplex_Pricing=0;CPXPARAM_Simplex_Refactor=0
13162952172176999552,0,CPXPARAM_Advance=1;CPXPARAM_Barrier_Algorithm=0;CPXPARAM_Barrier_ColNonzeros=0;CPXPARAM_Barrier_Crossover=0;CPXPARAM_Barrier_Limits_Corrections=-1;CPXPARAM_Barrier_Ordering=0;CPXPARAM_Barrier_StartAlg=1;CPXPARAM_Emphasis_MIP=4;CPXPARAM_Emphasis_Memory=0;CPXPARAM_Emphasis_Numerical=0;CPXPARAM_Feasopt_Mode=0;CPXPARAM_LPMethod=0;CPXPARAM_MIP_Cuts_Cliques=-1;CPXPARAM_MIP_Cuts_Covers=0;CPXPARAM_MIP_Cuts_Disjunctive=-1;CPXPARAM_MIP_Cuts_FlowCovers=1;CPXPARAM_MIP_Cuts_GUBCovers=0;CPXPARAM_MIP_Cuts_Gomory=0;CPXPARAM_MIP_Cuts_Implied=0;CPXPARAM_MIP_Cuts_MIRCut=2;CPXPARAM_MIP_Cuts_PathCut=2;CPXPARAM_MIP_Limits_AggForCut=3;CPXPARAM_MIP_Limits_CutPasses=0;CPXPARAM_MIP_Limits_CutsFactor=-1;CPXPARAM_MIP_Limits_GomoryCand=150;CPXPARAM_MIP_Limits_GomoryPass=0;CPXPARAM_MIP_Limits_Nodes=9223372036800000000;CPXPARAM_MIP_Limits_ProbeTime=1e+75;CPXPARAM_MIP_Limits_RepairTries=0;CPXPARAM_MIP_Limits_StrongCand=10;CPXPARAM_MIP_Limits_StrongIt=0;CPXPARAM_MIP_OrderType=0;CPXPARAM_MIP_Strategy_BBInterval=7;CPXPARAM_MIP_Strategy_Branch=0;CPXPARAM_MIP_Strategy_Dive=0;CPXPARAM_MIP_Strategy_File=1;CPXPARAM_MIP_Strategy_HeuristicFreq=0;CPXPARAM_MIP_Strategy_LBHeur=0;CPXPARAM_MIP_Strategy_NodeSelect=1;CPXPARAM_MIP_Strategy_Order=1;CPXPARAM_MIP_Strategy_PresolveNode=0;CPXPARAM_MIP_Strategy_Probe=-1;CPXPARAM_MIP_Strategy_RINSHeur=0;CPXPARAM_MIP_Strategy_StartAlgorithm=0;CPXPARAM_MIP_Strategy_SubAlgorithm=0;CPXPARAM_MIP_Strategy_VariableSelect=0;CPXPARAM_Network_NetFind=2;CPXPARAM_Network_Pricing=0;CPXPARAM_Parallel=1;CPXPARAM_Preprocessing_Aggregator=-1;CPXPARAM_Preprocessing_BoundStrength=-1;CPXPARAM_Preprocessing_CoeffReduce=-1;CPXPARAM_Preprocessing_Dependency=-1;CPXPARAM_Preprocessing_Dual=0;CPXPARAM_Preprocessing_Fill=10;CPXPARAM_Preprocessing_NumPass=-1;CPXPARAM_Preprocessing_Presolve=1;CPXPARAM_Preprocessing_QPMakePSD=1;CPXPARAM_Preprocessing_Reduce=3;CPXPARAM_Preprocessing_Relax=-1;CPXPARAM_Preprocessing_RepeatPresolve=-1;CPXPARAM_Preprocessing_Symmetry=-1;CPXPARAM_Read_Scale=0;CPXPARAM_Sifting_Algorithm=0;CPXPARAM_Simplex_Crash=1;CPXPARAM_Simplex_DGradient=0;CPXPARAM_Simplex_Limits_Perturbation=0;CPXPARAM_Simplex_Limits_Singularity=10;CPXPARAM_Simplex_PGradient=0;CPXPARAM_Simplex_Pricing=0;CPXPARAM_Simplex_Refactor=0
14103826976328365539,0,CPXPARAM_Advance=1;CPXPARAM_Barrier_Algorithm=0;CPXPARAM_Barrier_ColNonzeros=0;CPXPARAM_Barrier_Crossover=2;CPXPARAM_Barrier_Limits_Corrections=-1;CPXPARAM_Barrier_Ordering=0;CPXPARAM_Barrier_StartAlg=1;CPXPARAM_Emphasis_MIP=4;CPXPARAM_Emphasis_Memory=0;CPXPARAM_Emphasis_Numerical=0;CPXPARAM_Feasopt_Mode=0;CPXPARAM_LPMethod=0;CPXPARAM_MIP_Cuts_Cliques=-1;CPXPARAM_MIP_Cuts_Covers=0;CPXPARAM_MIP_Cuts_Disjunctive=-1;CPXPARAM_MIP_Cuts_FlowCovers=1;CPXPARAM_MIP_Cuts_GUBCovers=0;CPXPARAM_MIP_Cuts_Gomory=0;CPXPARAM_MIP_Cuts_Implied=0;CPXPARAM_MIP_Cuts_MIRCut=2;CPXPARAM_MIP_Cuts_PathCut=-1;CPXPARAM_MIP_Limits_AggForCut=3;CPXPARAM_MIP_Limits_CutPasses=0;CPXPARAM_MIP_Limits_CutsFactor=-1;CPXPARAM_MIP_Limits_GomoryCand=150;CPXPARAM_MIP_Limits_GomoryPass=0;CPXPARAM_MIP_Limits_Nodes=9223372036800000000;CPXPARAM_MIP_Limits_ProbeTime=1e+75;CPXPARAM_MIP_Limits_RepairTries=0;CPXPARAM_MIP_Limits_StrongCand=10;CPXPARAM_MIP_Limits_StrongIt=0;CPXPARAM_MIP_OrderType=0;CPXPARAM_MIP_Strategy_BBInterval=7;CPXPARAM_MIP_Strategy_Branch=0;CPXPARAM_MIP_Strategy_Dive=0;CPXPARAM_MIP_Strategy_File=1;CPXPARAM_MIP_Strategy_HeuristicFreq=0;CPXPARAM_MIP_Strategy_LBHeur=0;CPXPARAM_MIP_Strategy_NodeSelect=1;CPXPARAM_MIP_Strategy_Order=1;CPXPARAM_MIP_Strategy_PresolveNode=0;CPXPARAM_MIP_Strategy_Probe=-1;CPXPARAM_MIP_Strategy_RINSHeur=0;CPXPARAM_MIP_Strategy_StartAlgorithm=0;CPXPARAM_MIP_Strategy_SubAlgorithm=0;CPXPARAM_MIP_Strategy_VariableSelect=0;CPXPARAM_Network_NetFind=2;CPXPARAM_Network_Pricing=0;CPXPARAM_Parallel=1;CPXPARAM_Preprocessing_Aggregator=-1;CPXPARAM_Preprocessing_BoundStrength=-1;CPXPARAM_Preprocessing_CoeffReduce=-1;CPXPARAM_Preprocessing_Dependency=-1;CPXPARAM_Preprocessing_Dual=0;CPXPARAM_Preprocessing_Fill=10;CPXPARAM_Preprocessing_NumPass=-1;CPXPARAM_Preprocessing_Presolve=1;CPXPARAM_Preprocessing_QPMakePSD=1;CPXPARAM_Preprocessing_Reduce=3;CPXPARAM_Preprocessing_Relax=-1;CPXPARAM_Preprocessing_RepeatPresolve=-1;CPXPARAM_Preprocessing_Symmetry=-1;CPXPARAM_Read_Scale=0;CPXPARAM_Sifting_Algorithm=0;CPXPARAM_Simplex_Crash=1;CPXPARAM_Simplex_DGradient=0;CPXPARAM_Simplex_Limits_Perturbation=0;CPXPARAM_Simplex_Limits_Singularity=10;CPXPARAM_Simplex_PGradient=0;CPXPARAM_Simplex_Pricing=0;CPXPARAM_Simplex_Refactor=0
8322664689517252410,0,CPXPARAM_Advance=1;CPXPARAM_Barrier_Algorithm=0;CPXPARAM_Barrier_ColNonzeros=0;CPXPARAM_Barrier_Crossover=0;CPXPARAM_Barrier_Limits_Corrections=-1;CPXPARAM_Barrier_Ordering=0;CPXPARAM_Barrier_StartAlg=1;CPXPARAM_Emphasis_MIP=4;CPXPARAM_Emphasis_Memory=0;CPXPARAM_Emphasis_Numerical=0;CPXPARAM_Feasopt_Mode=0;CPXPARAM_LPMethod=0;CPXPARAM_MIP_Cuts_Cliques=-1;CPXPARAM_MIP_Cuts_Covers=0;CPXPARAM_MIP_Cuts_Disjunctive=-1;CPXPARAM_MIP_Cuts_FlowCovers=1;CPXPARAM_MIP_Cuts_GUBCovers=0;CPXPARAM_MIP_Cuts_Gomory=0;CPXPARAM_MIP_Cuts_Implied=0;CPXPARAM_MIP_Cuts_MIRCut=2;CPXPARAM_MIP_Cuts_PathCut=-1;CPXPARAM_MIP_Limits_AggForCut=3;CPXPARAM_MIP_Limits_CutPasses=0;CPXPARAM_MIP_Limits_CutsFactor=-1;CPXPARAM_MIP_Limits_GomoryCand=50;CPXPARAM_MIP_Limits_GomoryPass=0;CPXPARAM_MIP_Limits_Nodes=9223372036800000000;CPXPARAM_MIP_Limits_ProbeTime=1e+75;CPXPARAM_MIP_Limits_RepairTries=0;CPXPARAM_MIP_Limits_StrongCand=10;CPXPARAM_MIP_Limits_StrongIt=0;CPXPARAM_MIP_OrderType=0;CPXPARAM_MIP_Strategy_BBInterval=7;CPXPARAM_MIP_Strategy_Branch=0;CPXPARAM_MIP_Strategy_Dive=0;CPXPARAM_MIP_Strategy_File=1;CPXPARAM_MIP_Strategy_HeuristicFreq=0;CPXPARAM_MIP_Strategy_LBHeur=0;CPXPARAM_MIP_Strategy_NodeSelect=1;CPXPARAM_MIP_Strategy_Order=1;CPXPARAM_MIP_Strategy_PresolveNode=0;CPXPARAM_MIP_Strategy_Probe=-1;CPXPARAM_MIP_Strategy_RINSHeur=0;CPXPARAM_MIP_Strategy_StartAlgorithm=0;CPXPARAM_MIP_Strategy_SubAlgorithm=0;CPXPARAM_MIP_Strategy_VariableSelect=0;CPXPARAM_Network_NetFind=2;CPXPARAM_Network_Pricing=0;CPXPARAM_Parallel=1;CPXPARAM_Preprocessing_Aggregator=-1;CPXPARAM_Preprocessing_BoundStrength=-1;CPXPARAM_Preprocessing_CoeffReduce=-1;CPXPARAM_Preprocessing_Dependency=-1;CPXPARAM_Preprocessing_Dual=0;CPXPARAM_Preprocessing_Fill=10;CPXPARAM_Preprocessing_NumPass=-1;CPXPARAM_Preprocessing_Presolve=1;CPXPARAM_Preprocessing_QPMakePSD=1;CPXPARAM_Preprocessing_Reduce=3;CPXPARAM_Preprocessing_Relax=-1;CPXPARAM_Preprocessing_RepeatPresolve=-1;CPXPARAM_Preprocessing_Symmetry=-1;CPXPARAM_Read_Scale=0;CPXPARAM_Sifting_Algorithm=0;CPXPARAM_Simplex_Crash=1;CPXPARAM_Simplex_DGradient=0;CPXPARAM_Simplex_Limits_Perturbation=0;CPXPARAM_Simplex_Limits_Singularity=10;CPXPARAM_Simplex_PGradient=0;CPXPARAM_Simplex_Pricing=0;CPXPARAM_Simplex_Refactor=0
3185898107019096216,0,CPXPARAM_Advance=1;CPXPARAM_Barrier_Algorithm=0;CPXPARAM_Barrier_ColNonzeros=0;CPXPARAM_Barrier_Crossover=0;CPXPARAM_Barrier_Limits_Corrections=-1;CPXPARAM_Barrier_Ordering=0;CPXPARAM_Barrier_StartAlg=1;CPXPARAM_Emphasis_MIP=4;CPXPARAM_Emphasis_Memory=0;CPXPARAM_Emphasis_Numerical=0;CPXPARAM_Feasopt_Mode=0;CPXPARAM_LPMethod=0;CPXPARAM_MIP_Cuts_Cliques=-1;CPXPARAM_MIP_Cuts_Covers=0;CPXPARAM_MIP_Cuts_Disjunctive=-1;CPXPARAM_MIP_Cuts_FlowCovers=1;CPXPARAM_MIP_Cuts_GUBCovers=0;CPXPARAM_MIP_Cuts_Gomory=0;CPXPARAM_MIP_Cuts_Implied=0;CPXPARAM_MIP_Cuts_MIRCut=2;CPXPARAM_MIP_Cuts_PathCut=-1;CPXPARAM_MIP_Limits_AggForCut=3;CPXPARAM_MIP_Limits_CutPasses=0;CPXPARAM_MIP_Limits_CutsFactor=-1;CPXPARAM_MIP_Limits_GomoryCand=150;CPXPARAM_MIP_Limits_GomoryPass=0;CPXPARAM_MIP_Limits_Nodes=9223372036800000000;CPXPARAM_MIP_Limits_ProbeTime=30;CPXPARAM_MIP_Limits_RepairTries=0;CPXPARAM_MIP_Limits_StrongCand=10;CPXPARAM_MIP_Limits_StrongIt=0;CPXPARAM_MIP_OrderType=0;CPXPARAM_MIP_Strategy_BBInterval=7;CPXPARAM_MIP_Strategy_Branch=0;CPXPARAM_MIP_Strategy_Dive=0;CPXPARAM_MIP_Strategy_File=1;CPXPARAM_MIP_Strategy_HeuristicFreq=0;CPXPARAM_MIP_Strategy_LBHeur=0;CPXPARAM_MIP_Strategy_NodeSelect=1;CPXPARAM_MIP_Strategy_Order=1;CPXPARAM_MIP_Strategy_PresolveNode=0;CPXPARAM_MIP_Strategy_Probe=-1;CPXPARAM_MIP_Strategy_RINSHeur=0;CPXPARAM_MIP_Strategy_StartAlgorithm=0;CPXPARAM_MIP_Strategy_SubAlgorithm=0;CPXPARAM_MIP_Strategy_VariableSelect=0;CPXPARAM_Network_NetFind=2;CPXPARAM_Network_Pricing=0;CPXPARAM_Parallel=1;CPXPARAM_Preprocessing_Aggregator=-1;CPXPARAM_Preprocessing_BoundStrength=-1;CPXPARAM_Preprocessing_CoeffReduce=-1;CPXPARAM_Preprocessing_Dependency=-1;CPXPARAM_Preprocessing_Dual=0;CPXPARAM_Preprocessing_Fill=10;CPXPARAM_Preprocessing_NumPass=-1;CPXPARAM_Preprocessing_Presolve=1;CPXPARAM_Preprocessing_QPMakePSD=1;CPXPARAM_Preprocessing_Reduce=3;CPXPARAM_Preprocessing_Relax=-1;CPXPARAM_Preprocessing_RepeatPresolve=-1;CPXPARAM_Preprocessing_Symmetry=-1;CPXPARAM_Read_Scale=0;CPXPARAM_Sifting_Algorithm=0;CPXPARAM_Simplex_Crash=1;CPXPARAM_Simplex_DGradient=0;CPXPARAM_Simplex_Limits_Perturbation=0;CPXPARAM_Simplex_Limits_Singularity=10;CPXPARAM_Simplex_PGradient=0;CPXPARAM_Simplex_Pricing=0;CPXPARAM_Simplex_Refactor=0
6265744462588130940,0,CPXPARAM_Advance=1;CPXPARAM_Barrier_Algorithm=0;CPXPARAM_Barrier_ColNonzeros=0;CPXPARAM_Barrier_Crossover=0;CPXPARAM_Barrier_Limits_Corrections=-1;CPXPARAM_Barrier_Ordering=0;CPXPARAM_Barrier_StartAlg=1;CPXPARAM_Emphasis_MIP=4;CPXPARAM_Emphasis_Memory=0;CPXPARAM_Emphasis_Numerical=0;CPXPARAM_Feasopt_Mode=3;CPXPARAM_LPMethod=0;CPXPARAM_MIP_Cuts_Cliques=-1;CPXPARAM_MIP_Cuts_Covers=0;CPXPARAM_MIP_Cuts_Disjunctive=-1;CPXPARAM_MIP_Cuts_FlowCovers=1;CPXPARAM_MIP_Cuts_GUBCovers=0;CPXPARAM_MIP_Cuts_Gomory=0;CPXPARAM_MIP_Cuts_Implied=0;CPXPARAM_MIP_Cuts_MIRCut=2;CPXPARAM_MIP_Cuts_PathCut=-1;CPXPARAM_MIP_Limits_AggForCut=3;CPXPARAM_MIP_Limits_CutPasses=0;CPXPARAM_MIP_Limits_CutsFactor=-1;CPXPARAM_MIP_Limits_GomoryCand=150;CPXPARAM_MIP_Limits_GomoryPass=0;CPXPARAM_MIP_Limits_Nodes=9223372036800000000;CPXPARAM_MIP_Limits_ProbeTime=1e+75;CPXPARAM_MIP_Limits_RepairTries=0;CPXPARAM_MIP_Limits_StrongCand=10;CPXPARAM_MIP_Limits_StrongIt=0;CPXPARAM_MIP_OrderType=0;CPXPARAM_MIP_Strategy_BBInterval=7;CPXPARAM_MIP_Strategy_Branch=0;CPXPARAM_MIP_Strategy_Dive=0;CPXPARAM_MIP_Strategy_File=1;CPXPARAM_MIP_Strategy_HeuristicFreq=0;CPXPARAM_MIP_Strategy_LBHeur=0;CPXPARAM_MIP_Strategy_NodeSelect=1;CPXPARAM_MIP_Strategy_Order=1;CPXPARAM_MIP_Strategy_PresolveNode=0;CPXPARAM_MIP_Strategy_Probe=-1;CPXPARAM_MIP_Strategy_RINSHeur=0;CPXPARAM_MIP_Strategy_StartAlgorithm=0;CPXPARAM_MIP_Strategy_SubAlgorithm=0;CPXPARAM_MIP_Strategy_VariableSelect=0;CPXPARAM_Network_NetFind=2;CPXPARAM_Network_Pricing=0;CPXPARAM_Parallel=1;CPXPARAM_Preprocessing_Aggregator=-1;CPXPARAM_Preprocessing_BoundStrength=-1;CPXPARAM_Preprocessing_CoeffReduce=-1;CPXPARAM_Preprocessing_Dependency=3;CPXPARAM_Preprocessing_Dual=0;CPXPARAM_Preprocessing_Fill=10;CPXPARAM_Preprocessing_NumPass=-1;CPXPARAM_Preprocessing_Presolve=1;CPXPARAM_Preprocessing_QPMakePSD=1;CPXPARAM_Preprocessing_Reduce=3;CPXPARAM_Preprocessing_Relax=-1;CPXPARAM_Preprocessing_RepeatPresolve=-1;CPXPARAM_Preprocessing_Symmetry=-1;CPXPARAM_Read_Scale=0;CPXPARAM_Sifting_Algorithm=0;CPXPARAM_Simplex_Crash=1;CPXPARAM_Simplex_DGradient=0;CPXPARAM_Simplex_Limits_Perturbation=0;CPXPARAM_Simplex_Limits_Singularity=10;CPXPARAM_Simplex_PGradient=0;CPXPARAM_Simplex_Pricing=0;CPXPARAM_Simplex_Refactor=0
15381032264035133100,0,CPXPARAM_Advance=1;CPXPARAM_Barrier_Algorithm=0;CPXPARAM_Barrier_ColNonzeros=0;CPXPARAM_Barrier_Crossover=0;CPXPARAM_Barrier_Limits_Corrections=-1;CPXPARAM_Barrier_Ordering=0;CPXPARAM_Barrier_StartAlg=1;CPXPARAM_Emphasis_MIP=4;CPXPARAM_Emphasis_Memory=0;CPXPARAM_Emphasis_Numerical=0;CPXPARAM_Feasopt_Mode=0;CPXPARAM_LPMethod=0;CPXPARAM_MIP_Cuts_Cliques=-1;CPXPARAM_MIP_Cuts_Covers=0;CPXPARAM_MIP_Cuts_Disjunctive=-1;CPXPARAM_MIP_Cuts_FlowCovers=1;CPXPARAM_MIP_Cuts_GUBCovers=0;CPXPARAM_MIP_Cuts_Gomory=0;CPXPARAM_MIP_Cuts_Implied=0;CPXPARAM_MIP_Cuts_MIRCut=2;CPXPARAM_MIP_Cuts_PathCut=-1;CPXPARAM_MIP_Limits_AggForCut=3;CPXPARAM_MIP_Limits_CutPasses=0;CPXPARAM_MIP_Limits_CutsFactor=-1;CPXPARAM_MIP_Limits_GomoryCand=150;CPXPARAM_MIP_Limits_GomoryPass=0;CPXPARAM_MIP_Limits_Nodes=9223372036800000000;CPXPARAM_MIP_Limits_ProbeTime=1e+75;CPXPARAM_MIP_Limits_RepairTries=0;CPXPARAM_MIP_Limits_StrongCand=10;CPXPARAM_MIP_Limits_StrongIt=0;CPXPARAM_MIP_OrderType=0;CPXPARAM_MIP_Strategy_BBInterval=7;CPXPARAM_MIP_Strategy_Branch=0;CPXPARAM_MIP_Strategy_Dive=0;CPXPARAM_MIP_Strategy_File=1;CPXPARAM_MIP_Strategy_HeuristicFreq=0;CPXPARAM_MIP_Strategy_LBHeur=0;CPXPARAM_MIP_Strategy_NodeSelect=1;CPXPARAM_MIP_Strategy_Order=1;CPXPARAM_MIP_Strategy_PresolveNode=1;CPXPARAM_MIP_Strategy_Probe=-1;CPXPARAM_MIP_Strategy_RINSHeur=0;CPXPARAM_MIP_Strategy_StartAlgorithm=0;CPXPARAM_MIP_Strategy_SubAlgorithm=0;CPXPARAM_MIP_Strategy_VariableSelect=0;CPXPARAM_Network_NetFind=2;CPXPARAM_Network_Pricing=0;CPXPARAM_Parallel=1;CPXPARAM_Preprocessing_Aggregator=-1;CPXPARAM_Preprocessing_BoundStrength=-1;CPXPARAM_Preprocessing_CoeffReduce=-1;CPXPARAM_Preprocessing_Dependency=-1;CPXPARAM_Preprocessing_Dual=0;CPXPARAM_Preprocessing_Fill=10;CPXPARAM_Preprocessing_NumPass=-1;CPXPARAM_Preprocessing_Presolve=1;CPXPARAM_Preprocessing_QPMakePSD=1;CPXPARAM_Preprocessing_Reduce=3;CPXPARAM_Preprocessing_Relax=-1;CPXPARAM_Preprocessing_RepeatPresolve=-1;CPXPARAM_Preprocessing_Symmetry=-1;CPXPARAM_Read_Scale=0;CPXPARAM_Sifting_Algorithm=0;CPXPARAM_Simplex_Crash=1;CPXPARAM_Simplex_DGradient=0;CPXPARAM_Simplex_Limits_Perturbation=0;CPXPARAM_Simplex_Limits_Singularity=10;CPXPARAM_Simplex_PGradient=0;CPXPARAM_Simplex_Pricing=0;CPXPARAM_Simplex_Refactor=0
13604614926048626108,0,CPXPARAM_Advance=1;CPXPARAM_Barrier_Algorithm=0;CPXPARAM_Barrier_ColNonzeros=0;CPXPARAM_Barrier_Crossover=0;CPXPARAM_Barrier_Limits_Corrections=-1;CPXPARAM_Barrier_Ordering=0;CPXPARAM_Barrier_StartAlg=1;CPXPARAM_Emphasis_MIP=4;CPXPARAM_Emphasis_Memory=0;CPXPARAM_Emphasis_Numerical=0;CPXPARAM_Feasopt_Mode=0;CPXPARAM_LPMethod=0;CPXPARAM_MIP_Cuts_Cliques=-1;CPXPARAM_MIP_Cuts_Covers=0;CPXPARAM_MIP_Cuts_Disjunctive=-1;CPXPARAM_MIP_Cuts_FlowCovers=1;CPXPARAM_MIP_Cuts_GUBCovers=0;CPXPARAM_MIP_Cuts_Gomory=0;CPXPARAM_MIP_Cuts_Implied=0;CPXPARAM_MIP_Cuts_MIRCut=2;CPXPARAM_MIP_Cuts_PathCut=2;CPXPARAM_MIP_Limits_AggForCut=3;CPXPARAM_MIP_Limits_CutPasses=0;CPXPARAM_MIP_Limits_CutsFactor=-1;CPXPARAM_MIP_Limits_GomoryCand=150;CPXPARAM_MIP_Limits_GomoryPass=0;CPXPARAM_MIP_Limits_Nodes=9223372036800000000;CPXPARAM_MIP_Limits_ProbeTime=1e+75;CPXPARAM_MIP_Limits_RepairTries=0;CPXPARAM_MIP_Limits_StrongCand=10;CPXPARAM_MIP_Limits_StrongIt=0;CPXPARAM_MIP_OrderType=0;CPXPARAM_MIP_Strategy_BBInterval=7;CPXPARAM_MIP_Strategy_Branch=0;CPXPARAM_MIP_Strategy_Dive=0;CPXPARAM_MIP_Strategy_File=1;CPXPARAM_MIP_Strategy_HeuristicFreq=0;CPXPARAM_MIP_Strategy_LBHeur=0;CPXPARAM_MIP_Strategy_NodeSelect=1;CPXPARAM_MIP_Strategy_Order=1;CPXPARAM_MIP_Strategy_PresolveNode=0;CPXPARAM_MIP_Strategy_Probe=0;CPXPARAM_MIP_Strategy_RINSHeur=0;CPXPARAM_MIP_Strategy_StartAlgorithm=0;CPXPARAM_MIP_Strategy_SubAlgorithm=0;CPXPARAM_MIP_Strategy_VariableSelect=0;CPXPARAM_Network_NetFind=2;CPXPARAM_Network_Pricing=0;CPXPARAM_Parallel=1;CPXPARAM_Preprocessing_Aggregator=-1;CPXPARAM_Preprocessing_BoundStrength=-1;CPXPARAM_Preprocessing_CoeffReduce=-1;CPXPARAM_Preprocessing_Dependency=-1;CPXPARAM_Preprocessing_Dual=0;CPXPARAM_Preprocessing_Fill=10;CPXPARAM_Preprocessing_NumPass=-1;CPXPARAM_Preprocessing_Presolve=1;CPXPARAM_Preprocessing_QPMakePSD=1;CPXPARAM_Preprocessing_Reduce=3;CPXPARAM_Preprocessing_Relax=-1;CPXPARAM_Preprocessing_RepeatPresolve=-1;CPXPARAM_Preprocessing_Symmetry=-1;CPXPARAM_Read_Scale=0;CPXPARAM_Sifting_Algorithm=0;CPXPARAM_Simplex_Crash=1;CPXPARAM_Simplex_DGradient=0;CPXPARAM_Simplex_Limits_Perturbation=0;CPXPARAM_Simplex_Limits_Singularity=10;CPXPARAM_Simplex_PGradient=0;CPXPARAM_Simplex_Pricing=0;CPXPARAM_Simplex_Refactor=0
6036919123714801380,0,CPXPARAM_Advance=1;CPXPARAM_Barrier_Algorithm=0;CPXPARAM_Barrier_ColNonzeros=0;CPXPARAM_Barrier_Crossover=0;CPXPARAM_Barrier_Limits_Corrections=-1;CPXPARAM_Barrier_Ordering=0;CPXPARAM_Barrier_StartAlg=1;CPXPARAM_Emphasis_MIP=4;CPXPARAM_Emphasis_Memory=0;CPXPARAM_Emphasis_Numerical=0;CPXPARAM_Feasopt_Mode=0;CPXPARAM_LPMethod=0;CPXPARAM_MIP_Cuts_Cliques=-1;CPXPARAM_MIP_Cuts_Covers=0;CPXPARAM_MIP_Cuts_Disjunctive=-1;CPXPARAM_MIP_Cuts_FlowCovers=1;CPXPARAM_MIP_Cuts_GUBCovers=0;CPXPARAM_MIP_Cuts_Gomory=0;CPXPARAM_MIP_Cuts_Implied=0;CPXPARAM_MIP_Cuts_MIRCut=2;CPXPARAM_MIP_Cuts_PathCut=-1;CPXPARAM_MIP_Limits_AggForCut=3;CPXPARAM_MIP_Limits_CutPasses=0;CPXPARAM_MIP_Limits_CutsFactor=-1;CPXPARAM_MIP_Limits_GomoryCand=150;CPXPARAM_MIP_Limits_GomoryPass=0;CPXPARAM_MIP_Limits_Nodes=9223372036800000000;CPXPARAM_MIP_Limits_ProbeTime=1e+75;CPXPARAM_MIP_Limits_RepairTries=0;CPXPARAM_MIP_Limits_StrongCand=10;CPXPARAM_MIP_Limits_StrongIt=0;CPXPARAM_MIP_OrderType=0;CPXPARAM_MIP_Strategy_BBInterval=7;CPXPARAM_MIP_Strategy_Branch=0;CPXPARAM_MIP_Strategy_Dive=0;CPXPARAM_MIP_Strategy_File=1;CPXPARAM_MIP_Strategy_HeuristicFreq=40;CPXPARAM_MIP_Strategy_LBHeur=0;CPXPARAM_MIP_Strategy_NodeSelect=1;CPXPARAM_MIP_Strategy_Order=1;CPXPARAM_MIP_Strategy_PresolveNode=0;CPXPARAM_MIP_Strategy_Probe=-1;CPXPARAM_MIP_Strategy_RINSHeur=0;CPXPARAM_MIP_Strategy_StartAlgorithm=0;CPXPARAM_MIP_Strategy_SubAlgorithm=0;CPXPARAM_MIP_Strategy_VariableSelect=0;CPXPARAM_Network_NetFind=2;CPXPARAM_Network_Pricing=0;CPXPARAM_Parallel=1;CPXPARAM_Preprocessing_Aggregator=-1;CPXPARAM_Preprocessing_BoundStrength=-1;CPXPARAM_Preprocessing_CoeffReduce=-1;CPXPARAM_Preprocessing_Dependency=-1;CPXPARAM_Preprocessing_Dual=0;CPXPARAM_Preprocessing_Fill=10;CPXPARAM_Preprocessing_NumPass=-1;CPXPARAM_Preprocessing_Presolve=1;CPXPARAM_Preprocessing_QPMakePSD=1;CPXPARAM_Preprocessing_Reduce=3;CPXPARAM_Preprocessing_Relax=-1;CPXPARAM_Preprocessing_RepeatPresolve=-1;CPXPARAM_Preprocessing_Symmetry=-1;CPXPARAM_Read_Scale=0;CPXPARAM_Sifting_Algorithm=0;CPXPARAM_Simplex_Crash=1;CPXPARAM_Simplex_DGradient=0;CPXPARAM_Simplex_Limits_Perturbation=0;CPXPARAM_Simplex_Limits_Singularity=10;CPXPARAM_Simplex_PGradient=0;CPXPARAM_Simplex_Pricing=0;CPXPARAM_Simplex_Refactor=0
1210913980641879203,0,CPXPARAM_Advance=1;CPXPARAM_Barrier_Algorithm=0;CPXPARAM_Barrier_ColNonzeros=0;CPXPARAM_Barrier_Crossover=0;CPXPARAM_Barrier_Limits_Corrections=-1;CPXPARAM_Barrier_Ordering=0;CPXPARAM_Barrier_StartAlg=1;CPXPARAM_Emphasis_MIP=4;CPXPARAM_Emphasis_Memory=0;CPXPARAM_Emphasis_Numerical=0;CPXPARAM_Feasopt_Mode=0;CPXPARAM_LPMethod=0;CPXPARAM_MIP_Cuts_Cliques=-1;CPXPARAM_MIP_Cuts_Covers=0;CPXPARAM_MIP_Cuts_Disjunctive=-1;CPXPARAM_MIP_Cuts_FlowCovers=1;CPXPARAM_MIP_Cuts_GUBCovers=0;CPXPARAM_MIP_Cuts_Gomory=0;CPXPARAM_MIP_Cuts_Implied=0;CPXPARAM_MIP_Cuts_MIRCut=2;CPXPARAM_MIP_Cuts_PathCut=-1;CPXPARAM_MIP_Limits_AggForCut=3;CPXPARAM_MIP_Limits_CutPasses=0;CPXPARAM_MIP_Limits_CutsFactor=-1;CPXPARAM_MIP_Limits_GomoryCand=150;CPXPARAM_MIP_Limits_GomoryPass=0;CPXPARAM_MIP_Limits_Nodes=9223372036800000000;CPXPARAM_MIP_Limits_ProbeTime=1e+75;CPXPARAM_MIP_Limits_RepairTries=0;CPXPARAM_MIP_Limits_StrongCand=10;CPXPARAM_MIP_Limits_StrongIt=0;CPXPARAM_MIP_OrderType=0;CPXPARAM_MIP_Strategy_BBInterval=7;CPXPARAM_MIP_Strategy_Branch=0;CPXPARAM_MIP_Strategy_Dive=0;CPXPARAM_MIP_Strategy_File=1;CPXPARAM_MIP_Strategy_HeuristicFreq=0;CPXPARAM_MIP_Strategy_LBHeur=0;CPXPARAM_MIP_Strategy_NodeSelect=1;CPXPARAM_MIP_Strategy_Order=1;CPXPARAM_MIP_Strategy_PresolveNode=-1;CPXPARAM_MIP_Strategy_Probe=-1;CPXPARAM_MIP_Strategy_RINSHeur=0;CPXPARAM_MIP_Strategy_StartAlgorithm=0;CPXPARAM_MIP_Strategy_SubAlgorithm=0;CPXPARAM_MIP_Strategy_VariableSelect=0;CPXPARAM_Network_NetFind=2;CPXPARAM_Network_Pricing=0;CPXPARAM_Parallel=1;CPXPARAM_Preprocessing_Aggregator=-1;CPXPARAM_Preprocessing_BoundStrength=-1;CPXPARAM_Preprocessing_CoeffReduce=-1;CPXPARAM_Preprocessing_Dependency=-1;CPXPARAM_Preprocessing_Dual=0;CPXPARAM_Preprocessing_Fill=10;CPXPARAM_Preprocessing_NumPass=-1;CPXPARAM_Preprocessing_Presolve=1;CPXPARAM_Preprocessing_QPMakePSD=1;CPXPARAM_Preprocessing_Reduce=3;CPXPARAM_Preprocessing_Relax=-1;CPXPARAM_Preprocessing_RepeatPresolve=-1;CPXPARAM_Preprocessing_Symmetry=-1;CPXPARAM_Read_Scale=0;CPXPARAM_Sifting_Algorithm=0;CPXPARAM_Simplex_Crash=1;CPXPARAM_Simplex_DGradient=0;CPXPARAM_Simplex_Limits_Perturbation=0;CPXPARAM_Simplex_Limits_Singularity=10;CPXPARAM_Simplex_PGradient=0;CPXPARAM_Simplex_Pricing=0;CPXPARAM_Simplex_Refactor=0
13505000482752976393,0,CPXPARAM_Advance=1;CPXPARAM_Barrier_Algorithm=0;CPXPARAM_Barrier_ColNonzeros=0;CPXPARAM_Barrier_Crossover=0;CPXPARAM_Barrier_Limits_Corrections=-1;CPXPARAM_Barrier_Ordering=0;CPXPARAM_Barrier_StartAlg=1;CPXPARAM_Emphasis_MIP=4;CPXPARAM_Emphasis_Memory=0;CPXPARAM_Emphasis_Numerical=0;CPXPARAM_Feasopt_Mode=0;CPXPARAM_LPMethod=0;CPXPARAM_MIP_Cuts_Cliques=-1;CPXPARAM_MIP_Cuts_Covers=0;CPXPARAM_MIP_Cuts_Disjunctive=-1;CPXPARAM_MIP_Cuts_FlowCovers=1;CPXPARAM_MIP_Cuts_GUBCovers=0;CPXPARAM_MIP_Cuts_Gomory=0;CPXPARAM_MIP_Cuts_Implied=0;CPXPARAM_MIP_Cuts_MIRCut=2;CPXPARAM_MIP_Cuts_PathCut=-1;CPXPARAM_MIP_Limits_AggForCut=3;CPXPARAM_MIP_Limits_CutPasses=0;CPXPARAM_MIP_Limits_CutsFactor=-1;CPXPARAM_MIP_Limits_GomoryCand=150;CPXPARAM_MIP_Limits_GomoryPass=0;CPXPARAM_MIP_Limits_Nodes=9223372036800000000;CPXPARAM_MIP_Limits_ProbeTime=50;CPXPARAM_MIP_Limits_RepairTries=0;CPXPARAM_MIP_Limits_StrongCand=10;CPXPARAM_MIP_Limits_StrongIt=0;CPXPARAM_MIP_OrderType=0;CPXPARAM_MIP_Strategy_BBInterval=7;CPXPARAM_MIP_Strategy_Branch=0;CPXPARAM_MIP_Strategy_Dive=0;CPXPARAM_MIP_Strategy_File=1;CPXPARAM_MIP_Strategy_HeuristicFreq=0;CPXPARAM_MIP_Strategy_LBHeur=0;CPXPARAM_MIP_Strategy_NodeSelect=1;CPXPARAM_MIP_Strategy_Order=1;CPXPARAM_MIP_Strategy_PresolveNode=0;CPXPARAM_MIP_Strategy_Probe=-1;CPXPARAM_MIP_Strategy_RINSHeur=0;CPXPARAM_MIP_Strategy_StartAlgorithm=0;CPXPARAM_MIP_Strategy_SubAlgorithm=0;CPXPARAM_MIP_Strategy_VariableSelect=0;CPXPARAM_Network_NetFind=2;CPXPARAM_Network_Pricing=0;CPXPARAM_Parallel=1;CPXPARAM_Preprocessing_Aggregator=-1;CPXPARAM_Preprocessing_BoundStrength=-1;CPXPARAM_Preprocessing_CoeffReduce=-1;CPXPARAM_Preprocessing_Dependency=-1;CPXPARAM_Preprocessing_Dual=0;CPXPARAM_Preprocessing_Fill=10;CPXPARAM_Preprocessing_NumPass=-1;CPXPARAM_Preprocessing_Presolve=1;CPXPARAM_Preprocessing_QPMakePSD=1;CPXPARAM_Preprocessing_Reduce=3;CPXPARAM_Preprocessing_Relax=-1;CPXPARAM_Preprocessing_RepeatPresolve=-1;CPXPARAM_Preprocessing_Symmetry=-1;CPXPARAM_Read_Scale=0;CPXPARAM_Sifting_Algorithm=0;CPXPARAM_Simplex_Crash=1;CPXPARAM_Simplex_DGradient=0;CPXPARAM_Simplex_Limits_Perturbation=0;CPXPARAM_Simplex_Limits_Singularity=10;CPXPARAM_Simplex_PGradient=0;CPXPARAM_Simplex_Pricing=0;CPXPARAM_Simplex_Refactor=0
15445348887497580056,0,CPXPARAM_Advance=1;CPXPARAM_Barrier_Algorithm=0;CPXPARAM_Barrier_ColNonzeros=0;CPXPARAM_Barrier_Crossover=0;CPXPARAM_Barrier_Limits_Corrections=-1;CPXPARAM_Barrier_Ordering=0;CPXPARAM_Barrier_StartAlg=1;CPXPARAM_Emphasis_MIP=4;CPXPARAM_Emphasis_Memory=0;CPXPARAM_Emphasis_Numerical=0;CPXPARAM_Feasopt_Mode=0;CPXPARAM_LPMethod=0;CPXPARAM_MIP_Cuts_Cliques=-1;CPXPARAM_MIP_Cuts_Covers=0;CPXPARAM_MIP_Cuts_Disjunctive=-1;CPXPARAM_MIP_Cuts_FlowCovers=1;CPXPARAM_MIP_Cuts_GUBCovers=0;CPXPARAM_MIP_Cuts_Gomory=0;CPXPARAM_MIP_Cuts_Implied=0;CPXPARAM_MIP_Cuts_MIRCut=2;CPXPARAM_MIP_Cuts_PathCut=-1;CPXPARAM_MIP_Limits_AggForCut=3;CPXPARAM_MIP_Limits_CutPasses=0;CPXPARAM_MIP_Limits_CutsFactor=-1;CPXPARAM_MIP_Limits_GomoryCand=150;CPXPARAM_MIP_Limits_GomoryPass=0;CPXPARAM_MIP_Limits_Nodes=9223372036800000000;CPXPARAM_MIP_Limits_ProbeTime=1e+75;CPXPARAM_MIP_Limits_RepairTries=0;CPXPARAM_MIP_Limits_StrongCand=10;CPXPARAM_MIP_Limits_StrongIt=0;CPXPARAM_MIP_OrderType=0;CPXPARAM_MIP_Strategy_BBInterval=7;CPXPARAM_MIP_Strategy_Branch=0;CPXPARAM_MIP_Strategy_Dive=0;CPXPARAM_MIP_Strategy_File=1;CPXPARAM_MIP_Strategy_HeuristicFreq=0;CPXPARAM_MIP_Strategy_LBHeur=0;CPXPARAM_MIP_Strategy_NodeSelect=1;CPXPARAM_MIP_Strategy_Order=1;CPXPARAM_MIP_Strategy_PresolveNode=0;CPXPARAM_MIP_Strategy_Probe=-1;CPXPARAM_MIP_Strategy_RINSHeur=0;CPXPARAM_MIP_Strategy_StartAlgorithm=0;CPXPARAM_MIP_Strategy_SubAlgorithm=0;CPXPARAM_MIP_Strategy_VariableSelect=0;CPXPARAM_Network_NetFind=1;CPXPARAM_Network_Pricing=0;CPXPARAM_Parallel=1;CPXPARAM_Preprocessing_Aggregator=-1;CPXPARAM_Preprocessing_BoundStrength=-1;CPXPARAM_Preprocessing_CoeffReduce=-1;CPXPARAM_Preprocessing_Dependency=3;CPXPARAM_Preprocessing_Dual=0;CPXPARAM_Preprocessing_Fill=10;CPXPARAM_Preprocessing_NumPass=-1;CPXPARAM_Preprocessing_Presolve=1;CPXPARAM_Preprocessing_QPMakePSD=1;CPXPARAM_Preprocessing_Reduce=3;CPXPARAM_Preprocessing_Relax=-1;CPXPARAM_Preprocessing_RepeatPresolve=-1;CPXPARAM_Preprocessing_Symmetry=-1;CPXPARAM_Read_Scale=0;CPXPARAM_Sifting_Algorithm=0;CPXPARAM_Simplex_Crash=1;CPXPARAM_Simplex_DGradient=0;CPXPARAM_Simplex_Limits_Perturbation=0;CPXPARAM_Simplex_Limits_Singularity=10;CPXPARAM_Simplex_PGradient=0;CPXPARAM_Simplex_Pricing=0;CPXPARAM_Simplex_Refactor=0
6080427978412214949,0,CPXPARAM_Advance=1;CPXPARAM_Barrier_Algorithm=0;CPXPARAM_Barrier_ColNonzeros=0;CPXPARAM_Barrier_Crossover=0;CPXPARAM_Barrier_Limits_Corrections=-1;CPXPARAM_Barrier_Ordering=0;CPXPARAM_Barrier_StartAlg=1;CPXPARAM_Emphasis_MIP=4;CPXPARAM_Emphasis_Memory=0;CPXPARAM_Emphasis_Numerical=0;CPXPARAM_Feasopt_Mode=0;CPXPARAM_LPMethod=0;CPXPARAM_MIP_Cuts_Cliques=-1;CPXPARAM_MIP_Cuts_Covers=0;CPXPARAM_MIP_Cuts_Disjunctive=-1;CPXPARAM_MIP_Cuts_FlowCovers=1;CPXPARAM_MIP_Cuts_GUBCovers=0;CPXPARAM_MIP_Cuts_Gomory=0;CPXPARAM_MIP_Cuts_Implied=0;CPXPARAM_MIP_Cuts_MIRCut=2;CPXPARAM_MIP_Cuts_PathCut=-1;CPXPARAM_MIP_Limits_AggForCut=3;CPXPARAM_MIP_Limits_CutPasses=0;CPXPARAM_MIP_Limits_CutsFactor=2;CPXPARAM_MIP_Limits_GomoryCand=150;CPXPARAM_MIP_Limits_GomoryPass=0;CPXPARAM_MIP_Limits_Nodes=9223372036800000000;CPXPARAM_MIP_Limits_ProbeTime=1e+75;CPXPARAM_MIP_Limits_RepairTries=0;CPXPARAM_MIP_Limits_StrongCand=10;CPXPARAM_MIP_Limits_StrongIt=0;CPXPARAM_MIP_OrderType=0;CPXPARAM_MIP_Strategy_BBInterval=7;CPXPARAM_MIP_Strategy_Branch=0;CPXPARAM_MIP_Strategy_Dive=0;CPXPARAM_MIP_Strategy_File=1;CPXPARAM_MIP_Strategy_HeuristicFreq=0;CPXPARAM_MIP_Strategy_LBHeur=0;CPXPARAM_MIP_Strategy_NodeSelect=1;CPXPARAM_MIP_Strategy_Order=1;CPXPARAM_MIP_Strategy_PresolveNode=0;CPXPARAM_MIP_Strategy_Probe=-1;CPXPARAM_MIP_Strategy_RINSHeur=0;CPXPARAM_MIP_Strategy_StartAlgorithm=0;CPXPARAM_MIP_Strategy_SubAlgorithm=0;CPXPARAM_MIP_Strategy_VariableSelect=0;CPXPARAM_Network_NetFind=2;CPXPARAM_Network_Pricing=0;CPXPARAM_Parallel=1;CPXPARAM_Preprocessing_Aggregator=-1;CPXPARAM_Preprocessing_BoundStrength=-1;CPXPARAM_Preprocessing_CoeffReduce=-1;CPXPARAM_Preprocessing_Dependency=-1;CPXPARAM_Preprocessing_Dual=0;CPXPARAM_Preprocessing_Fill=10;CPXPARAM_Preprocessing_NumPass=-1;CPXPARAM_Preprocessing_Presolve=1;CPXPARAM_Preprocessing_QPMakePSD=1;CPXPARAM_Preprocessing_Reduce=3;CPXPARAM_Preprocessing_Relax=-1;CPXPARAM_Preprocessing_RepeatPresolve=-1;CPXPARAM_Preprocessing_Symmetry=-1;CPXPARAM_Read_Scale=0;CPXPARAM_Sifting_Algorithm=0;CPXPARAM_Simplex_Crash=1;CPXPARAM_Simplex_DGradient=0;CPXPARAM_Simplex_Limits_Perturbation=0;CPXPARAM_Simplex_Limits_Singularity=10;CPXPARAM_Simplex_PGradient=0;CPXPARAM_Simplex_Pricing=0;CPXPARAM_Simplex_Refactor=0
14287250846708348705,0,CPXPARAM_Advance=1;CPXPARAM_Barrier_Algorithm=0;CPXPARAM_Barrier_ColNonzeros=0;CPXPARAM_Barrier_Crossover=0;CPXPARAM_Barrier_Limits_Corrections=-1;CPXPARAM_Barrier_Ordering=0;CPXPARAM_Barrier_StartAlg=1;CPXPARAM_Emphasis_MIP=4;CPXPARAM_Emphasis_Memory=0;CPXPARAM_Emphasis_Numerical=0;CPXPARAM_Feasopt_Mode=0;CPXPARAM_LPMethod=0;CPXPARAM_MIP_Cuts_Cliques=-1;CPXPARAM_MIP_Cuts_Covers=0;CPXPARAM_MIP_Cuts_Disjunctive=-1;CPXPARAM_MIP_Cuts_FlowCovers=1;CPXPARAM_MIP_Cuts_GUBCovers=0;CPXPARAM_MIP_Cuts_Gomory=0;CPXPARAM_MIP_Cuts_Implied=0;CPXPARAM_MIP_Cuts_MIRCut=2;CPXPARAM_MIP_Cuts_PathCut=-1;CPXPARAM_MIP_Limits_AggForCut=3;CPXPARAM_MIP_Limits_CutPasses=0;CPXPARAM_MIP_Limits_CutsFactor=-1;CPXPARAM_MIP_Limits_GomoryCand=150;CPXPARAM_MIP_Limits_GomoryPass=0;CPXPARAM_MIP_Limits_Nodes=9223372036800000000;CPXPARAM_MIP_Limits_ProbeTime=1e+75;CPXPARAM_MIP_Limits_RepairTries=0;CPXPARAM_MIP_Limits_StrongCand=10;CPXPARAM_MIP_Limits_StrongIt=0;CPXPARAM_MIP_OrderType=0;CPXPARAM_MIP_Strategy_BBInterval=7;CPXPARAM_MIP_Strategy_Branch=0;CPXPARAM_MIP_Strategy_Dive=0;CPXPARAM_MIP_Strategy_File=1;CPXPARAM_MIP_Strategy_HeuristicFreq=0;CPXPARAM_MIP_Strategy_LBHeur=0;CPXPARAM_MIP_Strategy_NodeSelect=1;CPXPARAM_MIP_Strategy_Order=1;CPXPARAM_MIP_Strategy_PresolveNode=0;CPXPARAM_MIP_Strategy_Probe=-1;CPXPARAM_MIP_Strategy_RINSHeur=0;CPXPARAM_MIP_Strategy_StartAlgorithm=0;CPXPARAM_MIP_Strategy_SubAlgorithm=0;CPXPARAM_MIP_Strategy_VariableSelect=0;CPXPARAM_Network_NetFind=2;CPXPARAM_Network_Pricing=0;CPXPARAM_Parallel=1;CPXPARAM_Preprocessing_Aggregator=-1;CPXPARAM_Preprocessing_BoundStrength=-1;CPXPARAM_Preprocessing_CoeffReduce=-1;CPXPARAM_Preprocessing_Dependency=3;CPXPARAM_Preprocessing_Dual=0;CPXPARAM_Preprocessing_Fill=10;CPXPARAM_Preprocessing_NumPass=-1;CPXPARAM_Preprocessing_Presolve=1;CPXPARAM_Preprocessing_QPMakePSD=1;CPXPARAM_Preprocessing_Reduce=3;CPXPARAM_Preprocessing_Relax=0;CPXPARAM_Preprocessing_RepeatPresolve=-1;CPXPARAM_Preprocessing_Symmetry=-1;CPXPARAM_Read_Scale=0;CPXPARAM_Sifting_Algorithm=0;CPXPARAM_Simplex_Crash=1;CPXPARAM_Simplex_DGradient=0;CPXPARAM_Simplex_Limits_Perturbation=0;CPXPARAM_Simplex_Limits_Singularity=10;CPXPARAM_Simplex_PGradient=0;CPXPARAM_Simplex_Pricing=0;CPXPARAM_Simplex_Refactor=0
14476530284323936453,0,CPXPARAM_Advance=1;CPXPARAM_Barrier_Algorithm=0;CPXPARAM_Barrier_ColNonzeros=0;CPXPARAM_Barrier_Crossover=0;CPXPARAM_Barrier_Limits_Corrections=-1;CPXPARAM_Barrier_Ordering=0;CPXPARAM_Barrier_StartAlg=1;CPXPARAM_Emphasis_MIP=4;CPXPARAM_Emphasis_Memory=0;CPXPARAM_Emphasis_Numerical=0;CPXPARAM_Feasopt_Mode=0;CPXPARAM_LPMethod=0;CPXPARAM_MIP_Cuts_Cliques=-1;CPXPARAM_MIP_Cuts_Covers=0;CPXPARAM_MIP_Cuts_Disjunctive=-1;CPXPARAM_MIP_Cuts_FlowCovers=1;CPXPARAM_MIP_Cuts_GUBCovers=0;CPXPARAM_MIP_Cuts_Gomory=0;CPXPARAM_MIP_Cuts_Implied=0;CPXPARAM_MIP_Cuts_MIRCut=2;CPXPARAM_MIP_Cuts_PathCut=-1;CPXPARAM_MIP_Limits_AggForCut=3;CPXPARAM_MIP_Limits_CutPasses=0;CPXPARAM_MIP_Limits_CutsFactor=-1;CPXPARAM_MIP_Limits_GomoryCand=150;CPXPARAM_MIP_Limits_GomoryPass=0;CPXPARAM_MIP_Limits_Nodes=9223372036800000000;CPXPARAM_MIP_Limits_ProbeTime=1e+75;CPXPARAM_MIP_Limits_RepairTries=0;CPXPARAM_MIP_Limits_StrongCand=10;CPXPARAM_MIP_Limits_StrongIt=0;CPXPARAM_MIP_OrderType=0;CPXPARAM_MIP_Strategy_BBInterval=15;CPXPARAM_MIP_Strategy_Branch=0;CPXPARAM_MIP_Strategy_Dive=0;CPXPARAM_MIP_Strategy_File=1;CPXPARAM_MIP_Strategy_HeuristicFreq=0;CPXPARAM_MIP_Strategy_LBHeur=0;CPXPARAM_MIP_Strategy_NodeSelect=1;CPXPARAM_MIP_Strategy_Order=1;CPXPARAM_MIP_Strategy_PresolveNode=0;CPXPARAM_MIP_Strategy_Probe=-1;CPXPARAM_MIP_Strategy_RINSHeur=0;CPXPARAM_MIP_Strategy_StartAlgorithm=0;CPXPARAM_MIP_Strategy_SubAlgorithm=0;CPXPARAM_MIP_Strategy_VariableSelect=0;CPXPARAM_Network_NetFind=2;CPXPARAM_Network_Pricing=0;CPXPARAM_Parallel=1;CPXPARAM_Preprocessing_Aggregator=-1;CPXPARAM_Preprocessing_BoundStrength=-1;CPXPARAM_Preprocessing_CoeffReduce=-1;CPXPARAM_Preprocessing_Dependency=-1;CPXPARAM_Preprocessing_Dual=0;CPXPARAM_Preprocessing_Fill=10;CPXPARAM_Preprocessing_NumPass=-1;CPXPARAM_Preprocessing_Presolve=1;CPXPARAM_Preprocessing_QPMakePSD=1;CPXPARAM_Preprocessing_Reduce=3;CPXPARAM_Preprocessing_Relax=-1;CPXPARAM_Preprocessing_RepeatPresolve=-1;CPXPARAM_Preprocessing_Symmetry=-1;CPXPARAM_Read_Scale=0;CPXPARAM_Sifting_Algorithm=0;CPXPARAM_Simplex_Crash=1;CPXPARAM_Simplex_DGradient=0;CPXPARAM_Simplex_Limits_Perturbation=0;CPXPARAM_Simplex_Limits_Singularity=10;CPXPARAM_Simplex_PGradient=0;CPXPARAM_Simplex_Pricing=0;CPXPARAM_Simplex_Refactor=0
2432738882451915080,0,CPXPARAM_Advance=1;CPXPARAM_Barrier_Algorithm=0;CPXPARAM_Barrier_ColNonzeros=0;CPXPARAM_Barrier_Crossover=0;CPXPARAM_Barrier_Limits_Corrections=-1;CPXPARAM_Barrier_Ordering=0;CPXPARAM_Barrier_StartAlg=1;CPXPARAM_Emphasis_MIP=4;CPXPARAM_Emphasis_Memory=0;CPXPARAM_Emphasis_Numerical=0;CPXPARAM_Feasopt_Mode=0;CPXPARAM_LPMethod=0;CPXPARAM_MIP_Cuts_Cliques=-1;CPXPARAM_MIP_Cuts_Covers=0;CPXPARAM_MIP_Cuts_Disjunctive=-1;CPXPARAM_MIP_Cuts_FlowCovers=1;CPXPARAM_MIP_Cuts_GUBCovers=0;CPXPARAM_MIP_Cuts_Gomory=0;CPXPARAM_MIP_Cuts_Implied=0;CPXPARAM_MIP_Cuts_MIRCut=2;CPXPARAM_MIP_Cuts_PathCut=-1;CPXPARAM_MIP_Limits_AggForCut=3;CPXPARAM_MIP_Limits_CutPasses=0;CPXPARAM_MIP_Limits_CutsFactor=-1;CPXPARAM_MIP_Limits_GomoryCand=150;CPXPARAM_MIP_Limits_GomoryPass=0;CPXPARAM_MIP_Limits_Nodes=9223372036800000000;CPXPARAM_MIP_Limits_ProbeTime=1e+75;CPXPARAM_MIP_Limits_RepairTries=0;CPXPARAM_MIP_Limits_StrongCand=10;CPXPARAM_MIP_Limits_StrongIt=0;CPXPARAM_MIP_OrderType=0;CPXPARAM_MIP_Strategy_BBInterval=10;CPXPARAM_MIP_Strategy_Branch=0;CPXPARAM_MIP_Strategy_Dive=0;CPXPARAM_MIP_Strategy_File=1;CPXPARAM_MIP_Strategy_HeuristicFreq=0;CPXPARAM_MIP_Strategy_LBHeur=0;CPXPARAM_MIP_Strategy_NodeSelect=1;CPXPARAM_MIP_Strategy_Order=1;CPXPARAM_MIP_Strategy_PresolveNode=0;CPXPARAM_MIP_Strategy_Probe=-1;CPXPARAM_MIP_Strategy_RINSHeur=0;CPXPARAM_MIP_Strategy_StartAlgorithm=0;CPXPARAM_MIP_Strategy_SubAlgorithm=0;CPXPARAM_MIP_Strategy_VariableSelect=0;CPXPARAM_Network_NetFind=2;CPXPARAM_Network_Pricing=0;CPXPARAM_Parallel=1;CPXPARAM_Preprocessing_Aggregator=-1;CPXPARAM_Preprocessing_BoundStrength=-1;CPXPARAM_Preprocessing_CoeffReduce=-1;CPXPARAM_Preprocessing_Dependency=-1;CPXPARAM_Preprocessing_Dual=0;CPXPARAM_Preprocessing_Fill=10;CPXPARAM_Preprocessing_NumPass=-1;CPXPARAM_Preprocessing_Presolve=1;CPXPARAM_Preprocessing_QPMakePSD=1;CPXPARAM_Preprocessing_Reduce=3;CPXPARAM_Preprocessing_Relax=-1;CPXPARAM_Preprocessing_RepeatPresolve=-1;CPXPARAM_Preprocessing_Symmetry=-1;CPXPARAM_Read_Scale=0;CPXPARAM_Sifting_Algorithm=0;CPXPARAM_Simplex_Crash=1;CPXPARAM_Simplex_DGradient=0;CPXPARAM_Simplex_Limits_Perturbation=0;CPXPARAM_Simplex_Limits_Singularity=10;CPXPARAM_Simplex_PGradient=0;CPXPARAM_Simplex_Pricing=0;CPXPARAM_Simplex_Refactor=0
1903824805035586440,0,CPXPARAM_Advance=1;CPXPARAM_Barrier_Algorithm=0;CPXPARAM_Barrier_ColNonzeros=0;CPXPARAM_Barrier_Crossover=0;CPXPARAM_Barrier_Limits_Corrections=-1;CPXPARAM_Barrier_Ordering=0;CPXPARAM_Barrier_StartAlg=1;CPXPARAM_Emphasis_MIP=4;CPXPARAM_Emphasis_Memory=0;CPXPARAM_Emphasis_Numerical=0;CPXPARAM_Feasopt_Mode=0;CPXPARAM_LPMethod=0;CPXPARAM_MIP_Cuts_Cliques=-1;CPXPARAM_MIP_Cuts_Covers=0;CPXPARAM_MIP_Cuts_Disjunctive=-1;CPXPARAM_MIP_Cuts_FlowCovers=1;CPXPARAM_MIP_Cuts_GUBCovers=0;CPXPARAM_MIP_Cuts_Gomory=0;CPXPARAM_MIP_Cuts_Implied=0;CPXPARAM_MIP_Cuts_MIRCut=2;CPXPARAM_MIP_Cuts_PathCut=-1;CPXPARAM_MIP_Limits_AggForCut=3;CPXPARAM_MIP_Limits_CutPasses=0;CPXPARAM_MIP_Limits_CutsFactor=-1;CPXPARAM_MIP_Limits_GomoryCand=150;CPXPARAM_MIP_Limits_GomoryPass=0;CPXPARAM_MIP_Limits_Nodes=9223372036800000000;CPXPARAM_MIP_Limits_ProbeTime=1e+75;CPXPARAM_MIP_Limits_RepairTries=0;CPXPARAM_MIP_Limits_StrongCand=10;CPXPARAM_MIP_Limits_StrongIt=0;CPXPARAM_MIP_OrderType=0;CPXPARAM_MIP_Strategy_BBInterval=7;CPXPARAM_MIP_Strategy_Branch=0;CPXPARAM_MIP_Strategy_Dive=0;CPXPARAM_MIP_Strategy_File=1;CPXPARAM_MIP_Strategy_HeuristicFreq=0;CPXPARAM_MIP_Strategy_LBHeur=0;CPXPARAM_MIP_Strategy_NodeSelect=1;CPXPARAM_MIP_Strategy_Order=1;CPXPARAM_MIP_Strategy_PresolveNode=0;CPXPARAM_MIP_Strategy_Probe=-1;CPXPARAM_MIP_Strategy_RINSHeur=60;CPXPARAM_MIP_Strategy_StartAlgorithm=0;CPXPARAM_MIP_Strategy_SubAlgorithm=0;CPXPARAM_MIP_Strategy_VariableSelect=0;CPXPARAM_Network_NetFind=2;CPXPARAM_Network_Pricing=0;CPXPARAM_Parallel=1;CPXPARAM_Preprocessing_Aggregator=-1;CPXPARAM_Preprocessing_BoundStrength=-1;CPXPARAM_Preprocessing_CoeffReduce=-1;CPXPARAM_Preprocessing_Dependency=-1;CPXPARAM_Preprocessing_Dual=0;CPXPARAM_Preprocessing_Fill=10;CPXPARAM_Preprocessing_NumPass=-1;CPXPARAM_Preprocessing_Presolve=1;CPXPARAM_Preprocessing_QPMakePSD=1;CPXPARAM_Preprocessing_Reduce=3;CPXPARAM_Preprocessing_Relax=-1;CPXPARAM_Preprocessing_RepeatPresolve=-1;CPXPARAM_Preprocessing_Symmetry=-1;CPXPARAM_Read_Scale=0;CPXPARAM_Sifting_Algorithm=0;CPXPARAM_Simplex_Crash=1;CPXPARAM_Simplex_DGradient=0;CPXPARAM_Simplex_Limits_Perturbation=0;CPXPARAM_Simplex_Limits_Singularity=10;CPXPARAM_Simplex_PGradient=0;CPXPARAM_Simplex_Pricing=0;CPXPARAM_Simplex_Refactor=0
3719058451789498414,0,CPXPARAM_Advance=1;CPXPARAM_Barrier_Algorithm=0;CPXPARAM_Barrier_ColNonzeros=0;CPXPARAM_Barrier_Crossover=0;CPXPARAM_Barrier_Limits_Corrections=-1;CPXPARAM_Barrier_Ordering=0;CPXPARAM_Barrier_StartAlg=1;CPXPARAM_Emphasis_MIP=4;CPXPARAM_Emphasis_Memory=0;CPXPARAM_Emphasis_Numerical=0;CPXPARAM_Feasopt_Mode=0;CPXPARAM_LPMethod=0;CPXPARAM_MIP_Cuts_Cliques=-1;CPXPARAM_MIP_Cuts_Covers=0;CPXPARAM_MIP_Cuts_Disjunctive=-1;CPXPARAM_MIP_Cuts_FlowCovers=1;CPXPARAM_MIP_Cuts_GUBCovers=0;CPXPARAM_MIP_Cuts_Gomory=0;CPXPARAM_MIP_Cuts_Implied=0;CPXPARAM_MIP_Cuts_MIRCut=2;CPXPARAM_MIP_Cuts_PathCut=-1;CPXPARAM_MIP_Limits_AggForCut=3;CPXPARAM_MIP_Limits_CutPasses=0;CPXPARAM_MIP_Limits_CutsFactor=-1;CPXPARAM_MIP_Limits_GomoryCand=150;CPXPARAM_MIP_Limits_GomoryPass=0;CPXPARAM_MIP_Limits_Nodes=9223372036800000000;CPXPARAM_MIP_Limits_ProbeTime=1e+75;CPXPARAM_MIP_Limits_RepairTries=0;CPXPARAM_MIP_Limits_StrongCand=40;CPXPARAM_MIP_Limits_StrongIt=0;CPXPARAM_MIP_OrderType=0;CPXPARAM_MIP_Strategy_BBInterval=7;CPXPARAM_MIP_Strategy_Branch=0;CPXPARAM_MIP_Strategy_Dive=0;CPXPARAM_MIP_Strategy_File=1;CPXPARAM_MIP_Strategy_HeuristicFreq=0;CPXPARAM_MIP_Strategy_LBHeur=0;CPXPARAM_MIP_Strategy_NodeSelect=1;CPXPARAM_MIP_Strategy_Order=1;CPXPARAM_MIP_Strategy_PresolveNode=0;CPXPARAM_MIP_Strategy_Probe=-1;CPXPARAM_MIP_Strategy_RINSHeur=0;CPXPARAM_MIP_Strategy_StartAlgorithm=0;CPXPARAM_MIP_Strategy_SubAlgorithm=0;CPXPARAM_MIP_Strategy_VariableSelect=0;CPXPARAM_Network_NetFind=2;CPXPARAM_Network_Pricing=0;CPXPARAM_Parallel=1;CPXPARAM_Preprocessing_Aggregator=-1;CPXPARAM_Preprocessing_BoundStrength=-1;CPXPARAM_Preprocessing_CoeffReduce=-1;CPXPARAM_Preprocessing_Dependency=3;CPXPARAM_Preprocessing_Dual=0;CPXPARAM_Preprocessing_Fill=10;CPXPARAM_Preprocessing_NumPass=-1;CPXPARAM_Preprocessing_Presolve=1;CPXPARAM_Preprocessing_QPMakePSD=1;CPXPARAM_Preprocessing_Reduce=3;CPXPARAM_Preprocessing_Relax=-1;CPXPARAM_Preprocessing_RepeatPresolve=-1;CPXPARAM_Preprocessing_Symmetry=-1;CPXPARAM_Read_Scale=0;CPXPARAM_Sifting_Algorithm=0;CPXPARAM_Simplex_Crash=1;CPXPARAM_Simplex_DGradient=0;CPXPARAM_Simplex_Limits_Perturbation=0;CPXPARAM_Simplex_Limits_Singularity=10;CPXPARAM_Simplex_PGradient=0;CPXPARAM_Simplex_Pricing=0;CPXPARAM_Simplex_Refactor=0
4157540881046325364,0,CPXPARAM_Advance=1;CPXPARAM_Barrier_Algorithm=0;CPXPARAM_Barrier_ColNonzeros=0;CPXPARAM_Barrier_Crossover=0;CPXPARAM_Barrier_Limits_Corrections=-1;CPXPARAM_Barrier_Ordering=0;CPXPARAM_Barrier_StartAlg=1;CPXPARAM_Emphasis_MIP=4;CPXPARAM_Emphasis_Memory=0;CPXPARAM_Emphasis_Numerical=0;CPXPARAM_Feasopt_Mode=0;CPXPARAM_LPMethod=0;CPXPARAM_MIP_Cuts_Cliques=-1;CPXPARAM_MIP_Cuts_Covers=0;CPXPARAM_MIP_Cuts_Disjunctive=-1;CPXPARAM_MIP_Cuts_FlowCovers=1;CPXPARAM_MIP_Cuts_GUBCovers=0;CPXPARAM_MIP_Cuts_Gomory=0;CPXPARAM_MIP_Cuts_Implied=0;CPXPARAM_MIP_Cuts_MIRCut=2;CPXPARAM_MIP_Cuts_PathCut=-1;CPXPARAM_MIP_Limits_AggForCut=3;CPXPARAM_MIP_Limits_CutPasses=0;CPXPARAM_MIP_Limits_CutsFactor=-1;CPXPARAM_MIP_Limits_GomoryCand=150;CPXPARAM_MIP_Limits_GomoryPass=0;CPXPARAM_MIP_Limits_Nodes=9223372036800000000;CPXPARAM_MIP_Limits_ProbeTime=1e+75;CPXPARAM_MIP_Limits_RepairTries=0;CPXPARAM_MIP_Limits_StrongCand=10;CPXPARAM_MIP_Limits_StrongIt=0;CPXPARAM_MIP_OrderType=0;CPXPARAM_MIP_Strategy_BBInterval=3;CPXPARAM_MIP_Strategy_Branch=0;CPXPARAM_MIP_Strategy_Dive=0;CPXPARAM_MIP_Strategy_File=1;CPXPARAM_MIP_Strategy_HeuristicFreq=0;CPXPARAM_MIP_Strategy_LBHeur=0;CPXPARAM_MIP_Strategy_NodeSelect=1;CPXPARAM_MIP_Strategy_Order=1;CPXPARAM_MIP_Strategy_PresolveNode=0;CPXPARAM_MIP_Strategy_Probe=-1;CPXPARAM_MIP_Strategy_RINSHeur=0;CPXPARAM_MIP_Strategy_StartAlgorithm=0;CPXPARAM_MIP_Strategy_SubAlgorithm=0;CPXPARAM_MIP_Strategy_VariableSelect=0;CPXPARAM_Network_NetFind=2;CPXPARAM_Network_Pricing=0;CPXPARAM_Parallel=1;CPXPARAM_Preprocessing_Aggregator=-1;CPXPARAM_Preprocessing_BoundStrength=-1;CPXPARAM_Preprocessing_CoeffReduce=-1;CPXPARAM_Preprocessing_Dependency=-1;CPXPARAM_Preprocessing_Dual=0;CPXPARAM_Preprocessing_Fill=10;CPXPARAM_Preprocessing_NumPass=-1;CPXPARAM_Preprocessing_Presolve=1;CPXPARAM_Preprocessing_QPMakePSD=1;CPXPARAM_Preprocessing_Reduce=3;CPXPARAM_Preprocessing_Relax=-1;CPXPARAM_Preprocessing_RepeatPresolve=-1;CPXPARAM_Preprocessing_Symmetry=-1;CPXPARAM_Read_Scale=0;CPXPARAM_Sifting_Algorithm=0;CPXPARAM_Simplex_Crash=1;CPXPARAM_Simplex_DGradient=0;CPXPARAM_Simplex_Limits_Perturbation=0;CPXPARAM_Simplex_Limits_Singularity=10;CPXPARAM_Simplex_PGradient=0;CPXPARAM_Simplex_Pricing=0;CPXPARAM_Simplex_Refactor=0
5503396641077058879,0,CPXPARAM_Advance=1;CPXPARAM_Barrier_Algorithm=0;CPXPARAM_Barrier_ColNonzeros=0;CPXPARAM_Barrier_Crossover=0;CPXPARAM_Barrier_Limits_Corrections=-1;CPXPARAM_Barrier_Ordering=0;CPXPARAM_Barrier_StartAlg=1;CPXPARAM_Emphasis_MIP=4;CPXPARAM_Emphasis_Memory=0;CPXPARAM_Emphasis_Numerical=0;CPXPARAM_Feasopt_Mode=0;CPXPARAM_LPMethod=0;CPXPARAM_MIP_Cuts_Cliques=-1;CPXPARAM_MIP_Cuts_Covers=0;CPXPARAM_MIP_Cuts_Disjunctive=-1;CPXPARAM_MIP_Cuts_FlowCovers=1;CPXPARAM_MIP_Cuts_GUBCovers=0;CPXPARAM_MIP_Cuts_Gomory=0;CPXPARAM_MIP_Cuts_Implied=0;CPXPARAM_MIP_Cuts_MIRCut=2;CPXPARAM_MIP_Cuts_PathCut=-1;CPXPARAM_MIP_Limits_AggForCut=3;CPXPARAM_MIP_Limits_CutPasses=0;CPXPARAM_MIP_Limits_CutsFactor=-1;CPXPARAM_MIP_Limits_GomoryCand=150;CPXPARAM_MIP_Limits_GomoryPass=0;CPXPARAM_MIP_Limits_Nodes=9223372036800000000;CPXPARAM_MIP_Limits_ProbeTime=1e+75;CPXPARAM_MIP_Limits_RepairTries=0;CPXPARAM_MIP_Limits_StrongCand=10;CPXPARAM_MIP_Limits_StrongIt=0;CPXPARAM_MIP_OrderType=0;CPXPARAM_MIP_Strategy_BBInterval=2;CPXPARAM_MIP_Strategy_Branch=0;CPXPARAM_MIP_Strategy_Dive=0;CPXPARAM_MIP_Strategy_File=1;CPXPARAM_MIP_Strategy_HeuristicFreq=0;CPXPARAM_MIP_Strategy_LBHeur=0;CPXPARAM_MIP_Strategy_NodeSelect=1;CPXPARAM_MIP_Strategy_Order=1;CPXPARAM_MIP_Strategy_PresolveNode=0;CPXPARAM_MIP_Strategy_Probe=-1;CPXPARAM_MIP_Strategy_RINSHeur=0;CPXPARAM_MIP_Strategy_StartAlgorithm=0;CPXPARAM_MIP_Strategy_SubAlgorithm=0;CPXPARAM_MIP_Strategy_VariableSelect=0;CPXPARAM_Network_NetFind=2;CPXPARAM_Network_Pricing=0;CPXPARAM_Parallel=1;CPXPARAM_Preprocessing_Aggregator=-1;CPXPARAM_Preprocessing_BoundStrength=-1;CPXPARAM_Preprocessing_CoeffReduce=-1;CPXPARAM_Preprocessing_Dependency=-1;CPXPARAM_Preprocessing_Dual=0;CPXPARAM_Preprocessing_Fill=10;CPXPARAM_Preprocessing_NumPass=-1;CPXPARAM_Preprocessing_Presolve=1;CPXPARAM_Preprocessing_QPMakePSD=1;CPXPARAM_Preprocessing_Reduce=3;CPXPARAM_Preprocessing_Relax=-1;CPXPARAM_Preprocessing_RepeatPresolve=-1;CPXPARAM_Preprocessing_Symmetry=-1;CPXPARAM_Read_Scale=0;CPXPARAM_Sifting_Algorithm=0;CPXPARAM_Simplex_Crash=1;CPXPARAM_Simplex_DGradient=0;CPXPARAM_Simplex_Limits_Perturbation=0;CPXPARAM_Simplex_Limits_Singularity=10;CPXPARAM_Simplex_PGradient=0;CPXPARAM_Simplex_Pricing=0;CPXPARAM_Simplex_Refactor=0
6342532864960596470,0,CPXPARAM_Advance=1;CPXPARAM_Barrier_Algorithm=0;CPXPARAM_Barrier_ColNonzeros=0;CPXPARAM_Barrier_Crossover=0;CPXPARAM_Barrier_Limits_Corrections=-1;CPXPARAM_Barrier_Ordering=0;CPXPARAM_Barrier_StartAlg=3;CPXPARAM_Emphasis_MIP=4;CPXPARAM_Emphasis_Memory=0;CPXPARAM_Emphasis_Numerical=0;CPXPARAM_Feasopt_Mode=0;CPXPARAM_LPMethod=0;CPXPARAM_MIP_Cuts_Cliques=-1;CPXPARAM_MIP_Cuts_Covers=0;CPXPARAM_MIP_Cuts_Disjunctive=-1;CPXPARAM_MIP_Cuts_FlowCovers=1;CPXPARAM_MIP_Cuts_GUBCovers=0;CPXPARAM_MIP_Cuts_Gomory=0;CPXPARAM_MIP_Cuts_Implied=0;CPXPARAM_MIP_Cuts_MIRCut=2;CPXPARAM_MIP_Cuts_PathCut=-1;CPXPARAM_MIP_Limits_AggForCut=3;CPXPARAM_MIP_Limits_CutPasses=0;CPXPARAM_MIP_Limits_CutsFactor=-1;CPXPARAM_MIP_Limits_GomoryCand=150;CPXPARAM_MIP_Limits_GomoryPass=0;CPXPARAM_MIP_Limits_Nodes=9223372036800000000;CPXPARAM_MIP_Limits_ProbeTime=1e+75;CPXPARAM_MIP_Limits_RepairTries=0;CPXPARAM_MIP_Limits_StrongCand=10;CPXPARAM_MIP_Limits_StrongIt=0;CPXPARAM_MIP_OrderType=0;CPXPARAM_MIP_Strategy_BBInterval=7;CPXPARAM_MIP_Strategy_Branch=0;CPXPARAM_MIP_Strategy_Dive=0;CPXPARAM_MIP_Strategy_File=1;CPXPARAM_MIP_Strategy_HeuristicFreq=0;CPXPARAM_MIP_Strategy_LBHeur=0;CPXPARAM_MIP_Strategy_NodeSelect=1;CPXPARAM_MIP_Strategy_Order=1;CPXPARAM_MIP_Strategy_PresolveNode=0;CPXPARAM_MIP_Strategy_Probe=-1;CPXPARAM_MIP_Strategy_RINSHeur=0;CPXPARAM_MIP_Strategy_StartAlgorithm=0;CPXPARAM_MIP_Strategy_SubAlgorithm=0;CPXPARAM_MIP_Strategy_VariableSelect=0;CPXPARAM_Network_NetFind=2;CPXPARAM_Network_Pricing=0;CPXPARAM_Parallel=1;CPXPARAM_Preprocessing_Aggregator=-1;CPXPARAM_Preprocessing_BoundStrength=-1;CPXPARAM_Preprocessing_CoeffReduce=-1;CPXPARAM_Preprocessing_Dependency=-1;CPXPARAM_Preprocessing_Dual=0;CPXPARAM_Preprocessing_Fill=10;CPXPARAM_Preprocessing_NumPass=-1;CPXPARAM_Preprocessing_Presolve=1;CPXPARAM_Preprocessing_QPMakePSD=1;CPXPARAM_Preprocessing_Reduce=3;CPXPARAM_Preprocessing_Relax=-1;CPXPARAM_Preprocessing_RepeatPresolve=-1;CPXPARAM_Preprocessing_Symmetry=-1;CPXPARAM_Read_Scale=0;CPXPARAM_Sifting_Algorithm=0;CPXPARAM_Simplex_Crash=1;CPXPARAM_Simplex_DGradient=0;CPXPARAM_Simplex_Limits_Perturbation=0;CPXPARAM_Simplex_Limits_Singularity=10;CPXPARAM_Simplex_PGradient=0;CPXPARAM_Simplex_Pricing=0;CPXPARAM_Simplex_Refactor=0
187212941696678505,0,CPXPARAM_Advance=1;CPXPARAM_Barrier_Algorithm=0;CPXPARAM_Barrier_ColNonzeros=0;CPXPARAM_Barrier_Crossover=0;CPXPARAM_Barrier_Limits_Corrections=-1;CPXPARAM_Barrier_Ordering=0;CPXPARAM_Barrier_StartAlg=1;CPXPARAM_Emphasis_MIP=4;CPXPARAM_Emphasis_Memory=0;CPXPARAM_Emphasis_Numerical=0;CPXPARAM_Feasopt_Mode=0;CPXPARAM_LPMethod=0;CPXPARAM_MIP_Cuts_Cliques=-1;CPXPARAM_MIP_Cuts_Covers=0;CPXPARAM_MIP_Cuts_Disjunctive=-1;CPXPARAM_MIP_Cuts_FlowCovers=1;CPXPARAM_MIP_Cuts_GUBCovers=0;CPXPARAM_MIP_Cuts_Gomory=0;CPXPARAM_MIP_Cuts_Implied=0;CPXPARAM_MIP_Cuts_MIRCut=2;CPXPARAM_MIP_Cuts_PathCut=-1;CPXPARAM_MIP_Limits_AggForCut=3;CPXPARAM_MIP_Limits_CutPasses=0;CPXPARAM_MIP_Limits_CutsFactor=-1;CPXPARAM_MIP_Limits_GomoryCand=150;CPXPARAM_MIP_Limits_GomoryPass=0;CPXPARAM_MIP_Limits_Nodes=9223372036800000000;CPXPARAM_MIP_Limits_ProbeTime=1e+75;CPXPARAM_MIP_Limits_RepairTries=0;CPXPARAM_MIP_Limits_StrongCand=10;CPXPARAM_MIP_Limits_StrongIt=0;CPXPARAM_MIP_OrderType=0;CPXPARAM_MIP_Strategy_BBInterval=7;CPXPARAM_MIP_Strategy_Branch=0;CPXPARAM_MIP_Strategy_Dive=0;CPXPARAM_MIP_Strategy_File=1;CPXPARAM_MIP_Strategy_HeuristicFreq=0;CPXPARAM_MIP_Strategy_LBHeur=0;CPXPARAM_MIP_Strategy_NodeSelect=1;CPXPARAM_MIP_Strategy_Order=1;CPXPARAM_MIP_Strategy_PresolveNode=0;CPXPARAM_MIP_Strategy_Probe=-1;CPXPARAM_MIP_Strategy_RINSHeur=0;CPXPARAM_MIP_Strategy_StartAlgorithm=0;CPXPARAM_MIP_Strategy_SubAlgorithm=0;CPXPARAM_MIP_Strategy_VariableSelect=0;CPXPARAM_Network_NetFind=2;CPXPARAM_Network_Pricing=0;CPXPARAM_Parallel=1;CPXPARAM_Preprocessing_Aggregator=-1;CPXPARAM_Preprocessing_BoundStrength=-1;CPXPARAM_Preprocessing_CoeffReduce=1;CPXPARAM_Preprocessing_Dependency=3;CPXPARAM_Preprocessing_Dual=0;CPXPARAM_Preprocessing_Fill=10;CPXPARAM_Preprocessing_NumPass=-1;CPXPARAM_Preprocessing_Presolve=1;CPXPARAM_Preprocessing_QPMakePSD=1;CPXPARAM_Preprocessing_Reduce=3;CPXPARAM_Preprocessing_Relax=-1;CPXPARAM_Preprocessing_RepeatPresolve=-1;CPXPARAM_Preprocessing_Symmetry=-1;CPXPARAM_Read_Scale=0;CPXPARAM_Sifting_Algorithm=0;CPXPARAM_Simplex_Crash=1;CPXPARAM_Simplex_DGradient=0;CPXPARAM_Simplex_Limits_Perturbation=0;CPXPARAM_Simplex_Limits_Singularity=10;CPXPARAM_Simplex_PGradient=0;CPXPARAM_Simplex_Pricing=0;CPXPARAM_Simplex_Refactor=0
2146846359886735458,0,CPXPARAM_Advance=1;CPXPARAM_Barrier_Algorithm=0;CPXPARAM_Barrier_ColNonzeros=0;CPXPARAM_Barrier_Crossover=0;CPXPARAM_Barrier_Limits_Corrections=-1;CPXPARAM_Barrier_Ordering=0;CPXPARAM_Barrier_StartAlg=1;CPXPARAM_Emphasis_MIP=4;CPXPARAM_Emphasis_Memory=0;CPXPARAM_Emphasis_Numerical=0;CPXPARAM_Feasopt_Mode=0;CPXPARAM_LPMethod=0;CPXPARAM_MIP_Cuts_Cliques=-1;CPXPARAM_MIP_Cuts_Covers=0;CPXPARAM_MIP_Cuts_Disjunctive=-1;CPXPARAM_MIP_Cuts_FlowCovers=1;CPXPARAM_MIP_Cuts_GUBCovers=0;CPXPARAM_MIP_Cuts_Gomory=0;CPXPARAM_MIP_Cuts_Implied=0;CPXPARAM_MIP_Cuts_MIRCut=2;CPXPARAM_MIP_Cuts_PathCut=-1;CPXPARAM_MIP_Limits_AggForCut=3;CPXPARAM_MIP_Limits_CutPasses=0;CPXPARAM_MIP_Limits_CutsFactor=-1;CPXPARAM_MIP_Limits_GomoryCand=150;CPXPARAM_MIP_Limits_GomoryPass=0;CPXPARAM_MIP_Limits_Nodes=9223372036800000000;CPXPARAM_MIP_Limits_ProbeTime=1e+75;CPXPARAM_MIP_Limits_RepairTries=0;CPXPARAM_MIP_Limits_StrongCand=10;CPXPARAM_MIP_Limits_StrongIt=0;CPXPARAM_MIP_OrderType=0;CPXPARAM_MIP_Strategy_BBInterval=7;CPXPARAM_MIP_Strategy_Branch=-1;CPXPARAM_MIP_Strategy_Dive=0;CPXPARAM_MIP_Strategy_File=1;CPXPARAM_MIP_Strategy_HeuristicFreq=0;CPXPARAM_MIP_Strategy_LBHeur=0;CPXPARAM_MIP_Strategy_NodeSelect=1;CPXPARAM_MIP_Strategy_Order=1;CPXPARAM_MIP_Strategy_PresolveNode=0;CPXPARAM_MIP_Strategy_Probe=-1;CPXPARAM_MIP_Strategy_RINSHeur=0;CPXPARAM_MIP_Strategy_StartAlgorithm=0;CPXPARAM_MIP_Strategy_SubAlgorithm=0;CPXPARAM_MIP_Strategy_VariableSelect=0;CPXPARAM_Network_NetFind=2;CPXPARAM_Network_Pricing=0;CPXPARAM_Parallel=1;CPXPARAM_Preprocessing_Aggregator=-1;CPXPARAM_Preprocessing_BoundStrength=-1;CPXPARAM_Preprocessing_CoeffReduce=-1;CPXPARAM_Preprocessing_Dependency=-1;CPXPARAM_Preprocessing_Dual=0;CPXPARAM_Preprocessing_Fill=10;CPXPARAM_Preprocessing_NumPass=-1;CPXPARAM_Preprocessing_Presolve=1;CPXPARAM_Preprocessing_QPMakePSD=1;CPXPARAM_Preprocessing_Reduce=3;CPXPARAM_Preprocessing_Relax=-1;CPXPARAM_Preprocessing_RepeatPresolve=-1;CPXPARAM_Preprocessing_Symmetry=-1;CPXPARAM_Read_Scale=0;CPXPARAM_Sifting_Algorithm=0;CPXPARAM_Simplex_Crash=1;CPXPARAM_Simplex_DGradient=0;CPXPARAM_Simplex_Limits_Perturbation=0;CPXPARAM_Simplex_Limits_Singularity=10;CPXPARAM_Simplex_PGradient=0;CPXPARAM_Simplex_Pricing=0;CPXPARAM_Simplex_Refactor=0
1397438241231173481,0,CPXPARAM_Advance=1;CPXPARAM_Barrier_Algorithm=0;CPXPARAM_Barrier_ColNonzeros=0;CPXPARAM_Barrier_Crossover=0;CPXPARAM_Barrier_Limits_Corrections=-1;CPXPARAM_Barrier_Ordering=0;CPXPARAM_Barrier_StartAlg=1;CPXPARAM_Emphasis_MIP=4;CPXPARAM_Emphasis_Memory=0;CPXPARAM_Emphasis_Numerical=0;CPXPARAM_Feasopt_Mode=0;CPXPARAM_LPMethod=0;CPXPARAM_MIP_Cuts_Cliques=-1;CPXPARAM_MIP_Cuts_Covers=0;CPXPARAM_MIP_Cuts_Disjunctive=-1;CPXPARAM_MIP_Cuts_FlowCovers=1;CPXPARAM_MIP_Cuts_GUBCovers=0;CPXPARAM_MIP_Cuts_Gomory=0;CPXPARAM_MIP_Cuts_Implied=0;CPXPARAM_MIP_Cuts_MIRCut=2;CPXPARAM_MIP_Cuts_PathCut=-1;CPXPARAM_MIP_Limits_AggForCut=3;CPXPARAM_MIP_Limits_CutPasses=0;CPXPARAM_MIP_Limits_CutsFactor=-1;CPXPARAM_MIP_Limits_GomoryCand=150;CPXPARAM_MIP_Limits_GomoryPass=0;CPXPARAM_MIP_Limits_Nodes=9223372036800000000;CPXPARAM_MIP_Limits_ProbeTime=1e+75;CPXPARAM_MIP_Limits_RepairTries=0;CPXPARAM_MIP_Limits_StrongCand=10;CPXPARAM_MIP_Limits_StrongIt=0;CPXPARAM_MIP_OrderType=0;CPXPARAM_MIP_Strategy_BBInterval=7;CPXPARAM_MIP_Strategy_Branch=0;CPXPARAM_MIP_Strategy_Dive=0;CPXPARAM_MIP_Strategy_File=1;CPXPARAM_MIP_Strategy_HeuristicFreq=0;CPXPARAM_MIP_Strategy_LBHeur=0;CPXPARAM_MIP_Strategy_NodeSelect=1;CPXPARAM_MIP_Strategy_Order=1;CPXPARAM_MIP_Strategy_PresolveNode=0;CPXPARAM_MIP_Strategy_Probe=-1;CPXPARAM_MIP_Strategy_RINSHeur=1000;CPXPARAM_MIP_Strategy_StartAlgorithm=0;CPXPARAM_MIP_Strategy_SubAlgorithm=0;CPXPARAM_MIP_Strategy_VariableSelect=0;CPXPARAM_Network_NetFind=2;CPXPARAM_Network_Pricing=0;CPXPARAM_Parallel=1;CPXPARAM_Preprocessing_Aggregator=-1;CPXPARAM_Preprocessing_BoundStrength=-1;CPXPARAM_Preprocessing_CoeffReduce=-1;CPXPARAM_Preprocessing_Dependency=-1;CPXPARAM_Preprocessing_Dual=0;CPXPARAM_Preprocessing_Fill=10;CPXPARAM_Preprocessing_NumPass=-1;CPXPARAM_Preprocessing_Presolve=1;CPXPARAM_Preprocessing_QPMakePSD=1;CPXPARAM_Preprocessing_Reduce=3;CPXPARAM_Preprocessing_Relax=-1;CPXPARAM_Preprocessing_RepeatPresolve=-1;CPXPARAM_Preprocessing_Symmetry=-1;CPXPARAM_Read_Scale=0;CPXPARAM_Sifting_Algorithm=0;CPXPARAM_Simplex_Crash=1;CPXPARAM_Simplex_DGradient=0;CPXPARAM_Simplex_Limits_Perturbation=0;CPXPARAM_Simplex_Limits_Singularity=10;CPXPARAM_Simplex_PGradient=0;CPXPARAM_Simplex_Pricing=0;CPXPARAM_Simplex_Refactor=0
8781032011285499123,0,CPXPARAM_Advance=1;CPXPARAM_Barrier_Algorithm=0;CPXPARAM_Barrier_ColNonzeros=0;CPXPARAM_Barrier_Crossover=0;CPXPARAM_Barrier_Limits_Corrections=-1;CPXPARAM_Barrier_Ordering=0;CPXPARAM_Barrier_StartAlg=1;CPXPARAM_Emphasis_MIP=4;CPXPARAM_Emphasis_Memory=0;CPXPARAM_Emphasis_Numerical=0;CPXPARAM_Feasopt_Mode=0;CPXPARAM_LPMethod=0;CPXPARAM_MIP_Cuts_Cliques=-1;CPXPARAM_MIP_Cuts_Covers=0;CPXPARAM_MIP_Cuts_Disjunctive=-1;CPXPARAM_MIP_Cuts_FlowCovers=1;CPXPARAM_MIP_Cuts_GUBCovers=0;CPXPARAM_MIP_Cuts_Gomory=0;CPXPARAM_MIP_Cuts_Implied=0;CPXPARAM_MIP_Cuts_MIRCut=2;CPXPARAM_MIP_Cuts_PathCut=-1;CPXPARAM_MIP_Limits_AggForCut=3;CPXPARAM_MIP_Limits_CutPasses=0;CPXPARAM_MIP_Limits_CutsFactor=-1;CPXPARAM_MIP_Limits_GomoryCand=150;CPXPARAM_MIP_Limits_GomoryPass=0;CPXPARAM_MIP_Limits_Nodes=9223372036800000000;CPXPARAM_MIP_Limits_ProbeTime=1e+75;CPXPARAM_MIP_Limits_RepairTries=0;CPXPARAM_MIP_Limits_StrongCand=10;CPXPARAM_MIP_Limits_StrongIt=0;CPXPARAM_MIP_OrderType=0;CPXPARAM_MIP_Strategy_BBInterval=7;CPXPARAM_MIP_Strategy_Branch=0;CPXPARAM_MIP_Strategy_Dive=0;CPXPARAM_MIP_Strategy_File=1;CPXPARAM_MIP_Strategy_HeuristicFreq=0;CPXPARAM_MIP_Strategy_LBHeur=0;CPXPARAM_MIP_Strategy_NodeSelect=1;CPXPARAM_MIP_Strategy_Order=1;CPXPARAM_MIP_Strategy_PresolveNode=0;CPXPARAM_MIP_Strategy_Probe=-1;CPXPARAM_MIP_Strategy_RINSHeur=20;CPXPARAM_MIP_Strategy_StartAlgorithm=0;CPXPARAM_MIP_Strategy_SubAlgorithm=0;CPXPARAM_MIP_Strategy_VariableSelect=0;CPXPARAM_Network_NetFind=2;CPXPARAM_Network_Pricing=0;CPXPARAM_Parallel=1;CPXPARAM_Preprocessing_Aggregator=-1;CPXPARAM_Preprocessing_BoundStrength=-1;CPXPARAM_Preprocessing_CoeffReduce=-1;CPXPARAM_Preprocessing_Dependency=-1;CPXPARAM_Preprocessing_Dual=0;CPXPARAM_Preprocessing_Fill=10;CPXPARAM_Preprocessing_NumPass=-1;CPXPARAM_Preprocessing_Presolve=1;CPXPARAM_Preprocessing_QPMakePSD=1;CPXPARAM_Preprocessing_Reduce=3;CPXPARAM_Preprocessing_Relax=-1;CPXPARAM_Preprocessing_RepeatPresolve=-1;CPXPARAM_Preprocessing_Symmetry=-1;CPXPARAM_Read_Scale=0;CPXPARAM_Sifting_Algorithm=0;CPXPARAM_Simplex_Crash=1;CPXPARAM_Simplex_DGradient=0;CPXPARAM_Simplex_Limits_Perturbation=0;CPXPARAM_Simplex_Limits_Singularity=10;CPXPARAM_Simplex_PGradient=0;CPXPARAM_Simplex_Pricing=0;CPXPARAM_Simplex_Refactor=0
11268738305891962304,0,CPXPARAM_Advance=1;CPXPARAM_Barrier_Algorithm=0;CPXPARAM_Barrier_ColNonzeros=0;CPXPARAM_Barrier_Crossover=0;CPXPARAM_Barrier_Limits_Corrections=-1;CPXPARAM_Barrier_Ordering=0;CPXPARAM_Barrier_StartAlg=1;CPXPARAM_Emphasis_MIP=4;CPXPARAM_Emphasis_Memory=0;CPXPARAM_Emphasis_Numerical=0;CPXPARAM_Feasopt_Mode=0;CPXPARAM_LPMethod=0;CPXPARAM_MIP_Cuts_Cliques=-1;CPXPARAM_MIP_Cuts_Covers=0;CPXPARAM_MIP_Cuts_Disjunctive=-1;CPXPARAM_MIP_Cuts_FlowCovers=2;CPXPARAM_MIP_Cuts_GUBCovers=0;CPXPARAM_MIP_Cuts_Gomory=0;CPXPARAM_MIP_Cuts_Implied=0;CPXPARAM_MIP_Cuts_MIRCut=2;CPXPARAM_MIP_Cuts_PathCut=-1;CPXPARAM_MIP_Limits_AggForCut=3;CPXPARAM_MIP_Limits_CutPasses=0;CPXPARAM_MIP_Limits_CutsFactor=-1;CPXPARAM_MIP_Limits_GomoryCand=150;CPXPARAM_MIP_Limits_GomoryPass=0;CPXPARAM_MIP_Limits_Nodes=9223372036800000000;CPXPARAM_MIP_Limits_ProbeTime=1e+75;CPXPARAM_MIP_Limits_RepairTries=0;CPXPARAM_MIP_Limits_StrongCand=10;CPXPARAM_MIP_Limits_StrongIt=0;CPXPARAM_MIP_OrderType=0;CPXPARAM_MIP_Strategy_BBInterval=7;CPXPARAM_MIP_Strategy_Branch=0;CPXPARAM_MIP_Strategy_Dive=0;CPXPARAM_MIP_Strategy_File=1;CPXPARAM_MIP_Strategy_HeuristicFreq=0;CPXPARAM_MIP_Strategy_LBHeur=0;CPXPARAM_MIP_Strategy_NodeSelect=1;CPXPARAM_MIP_Strategy_Order=1;CPXPARAM_MIP_Strategy_PresolveNode=0;CPXPARAM_MIP_Strategy_Probe=0;CPXPARAM_MIP_Strategy_RINSHeur=0;CPXPARAM_MIP_Strategy_StartAlgorithm=0;CPXPARAM_MIP_Strategy_SubAlgorithm=0;CPXPARAM_MIP_Strategy_VariableSelect=0;CPXPARAM_Network_NetFind=2;CPXPARAM_Network_Pricing=0;CPXPARAM_Parallel=1;CPXPARAM_Preprocessing_Aggregator=-1;CPXPARAM_Preprocessing_BoundStrength=-1;CPXPARAM_Preprocessing_CoeffReduce=-1;CPXPARAM_Preprocessing_Dependency=-1;CPXPARAM_Preprocessing_Dual=0;CPXPARAM_Preprocessing_Fill=10;CPXPARAM_Preprocessing_NumPass=-1;CPXPARAM_Preprocessing_Presolve=1;CPXPARAM_Preprocessing_QPMakePSD=1;CPXPARAM_Preprocessing_Reduce=3;CPXPARAM_Preprocessing_Relax=-1;CPXPARAM_Preprocessing_RepeatPresolve=-1;CPXPARAM_Preprocessing_Symmetry=-1;CPXPARAM_Read_Scale=0;CPXPARAM_Sifting_Algorithm=0;CPXPARAM_Simplex_Crash=1;CPXPARAM_Simplex_DGradient=0;CPXPARAM_Simplex_Limits_Perturbation=0;CPXPARAM_Simplex_Limits_Singularity=10;CPXPARAM_Simplex_PGradient=0;CPXPARAM_Simplex_Pricing=0;CPXPARAM_Simplex_Refactor=0
17372444144144385773,0,CPXPARAM_Advance=1;CPXPARAM_Barrier_Algorithm=0;CPXPARAM_Barrier_ColNonzeros=0;CPXPARAM_Barrier_Crossover=0;CPXPARAM_Barrier_Limits_Corrections=-1;CPXPARAM_Barrier_Ordering=0;CPXPARAM_Barrier_StartAlg=1;CPXPARAM_Emphasis_MIP=4;CPXPARAM_Emphasis_Memory=0;CPXPARAM_Emphasis_Numerical=0;CPXPARAM_Feasopt_Mode=0;CPXPARAM_LPMethod=0;CPXPARAM_MIP_Cuts_Cliques=-1;CPXPARAM_MIP_Cuts_Covers=0;CPXPARAM_MIP_Cuts_Disjunctive=-1;CPXPARAM_MIP_Cuts_FlowCovers=1;CPXPARAM_MIP_Cuts_GUBCovers=0;CPXPARAM_MIP_Cuts_Gomory=0;CPXPARAM_MIP_Cuts_Implied=0;CPXPARAM_MIP_Cuts_MIRCut=2;CPXPARAM_MIP_Cuts_PathCut=-1;CPXPARAM_MIP_Limits_AggForCut=3;CPXPARAM_MIP_Limits_CutPasses=0;CPXPARAM_MIP_Limits_CutsFactor=-1;CPXPARAM_MIP_Limits_GomoryCand=400;CPXPARAM_MIP_Limits_GomoryPass=0;CPXPARAM_MIP_Limits_Nodes=9223372036800000000;CPXPARAM_MIP_Limits_ProbeTime=1e+75;CPXPARAM_MIP_Limits_RepairTries=0;CPXPARAM_MIP_Limits_StrongCand=10;CPXPARAM_MIP_Limits_StrongIt=0;CPXPARAM_MIP_OrderType=0;CPXPARAM_MIP_Strategy_BBInterval=7;CPXPARAM_MIP_Strategy_Branch=0;CPXPARAM_MIP_Strategy_Dive=0;CPXPARAM_MIP_Strategy_File=1;CPXPARAM_MIP_Strategy_HeuristicFreq=0;CPXPARAM_MIP_Strategy_LBHeur=0;CPXPARAM_MIP_Strategy_NodeSelect=1;CPXPARAM_MIP_Strategy_Order=1;CPXPARAM_MIP_Strategy_PresolveNode=0;CPXPARAM_MIP_Strategy_Probe=0;CPXPARAM_MIP_Strategy_RINSHeur=0;CPXPARAM_MIP_Strategy_StartAlgorithm=0;CPXPARAM_MIP_Strategy_SubAlgorithm=0;CPXPARAM_MIP_Strategy_VariableSelect=0;CPXPARAM_Network_NetFind=2;CPXPARAM_Network_Pricing=0;CPXPARAM_Parallel=1;CPXPARAM_Preprocessing_Aggregator=-1;CPXPARAM_Preprocessing_BoundStrength=-1;CPXPARAM_Preprocessing_CoeffReduce=-1;CPXPARAM_Preprocessing_Dependency=-1;CPXPARAM_Preprocessing_Dual=0;CPXPARAM_Preprocessing_Fill=10;CPXPARAM_Preprocessing_NumPass=-1;CPXPARAM_Preprocessing_Presolve=1;CPXPARAM_Preprocessing_QPMakePSD=1;CPXPARAM_Preprocessing_Reduce=3;CPXPARAM_Preprocessing_Relax=-1;CPXPARAM_Preprocessing_RepeatPresolve=-1;CPXPARAM_Preprocessing_Symmetry=-1;CPXPARAM_Read_Scale=0;CPXPARAM_Sifting_Algorithm=0;CPXPARAM_Simplex_Crash=1;CPXPARAM_Simplex_DGradient=0;CPXPARAM_Simplex_Limits_Perturbation=0;CPXPARAM_Simplex_Limits_Singularity=10;CPXPARAM_Simplex_PGradient=0;CPXPARAM_Simplex_Pricing=0;CPXPARAM_Simplex_Refactor=0
14472689125857568450,0,CPXPARAM_Advance=1;CPXPARAM_Barrier_Algorithm=0;CPXPARAM_Barrier_ColNonzeros=0;CPXPARAM_Barrier_Crossover=0;CPXPARAM_Barrier_Limits_Corrections=-1;CPXPARAM_Barrier_Ordering=0;CPXPARAM_Barrier_StartAlg=1;CPXPARAM_Emphasis_MIP=4;CPXPARAM_Emphasis_Memory=0;CPXPARAM_Emphasis_Numerical=0;CPXPARAM_Feasopt_Mode=0;CPXPARAM_LPMethod=0;CPXPARAM_MIP_Cuts_Cliques=-1;CPXPARAM_MIP_Cuts_Covers=0;CPXPARAM_MIP_Cuts_Disjunctive=-1;CPXPARAM_MIP_Cuts_FlowCovers=1;CPXPARAM_MIP_Cuts_GUBCovers=0;CPXPARAM_MIP_Cuts_Gomory=0;CPXPARAM_MIP_Cuts_Implied=0;CPXPARAM_MIP_Cuts_MIRCut=2;CPXPARAM_MIP_Cuts_PathCut=-1;CPXPARAM_MIP_Limits_AggForCut=3;CPXPARAM_MIP_Limits_CutPasses=0;CPXPARAM_MIP_Limits_CutsFactor=-1;CPXPARAM_MIP_Limits_GomoryCand=150;CPXPARAM_MIP_Limits_GomoryPass=0;CPXPARAM_MIP_Limits_Nodes=9223372036800000000;CPXPARAM_MIP_Limits_ProbeTime=1e+75;CPXPARAM_MIP_Limits_RepairTries=0;CPXPARAM_MIP_Limits_StrongCand=10;CPXPARAM_MIP_Limits_StrongIt=0;CPXPARAM_MIP_OrderType=0;CPXPARAM_MIP_Strategy_BBInterval=7;CPXPARAM_MIP_Strategy_Branch=0;CPXPARAM_MIP_Strategy_Dive=0;CPXPARAM_MIP_Strategy_File=1;CPXPARAM_MIP_Strategy_HeuristicFreq=0;CPXPARAM_MIP_Strategy_LBHeur=0;CPXPARAM_MIP_Strategy_NodeSelect=1;CPXPARAM_MIP_Strategy_Order=1;CPXPARAM_MIP_Strategy_PresolveNode=0;CPXPARAM_MIP_Strategy_Probe=-1;CPXPARAM_MIP_Strategy_RINSHeur=0;CPXPARAM_MIP_Strategy_StartAlgorithm=5;CPXPARAM_MIP_Strategy_SubAlgorithm=0;CPXPARAM_MIP_Strategy_VariableSelect=0;CPXPARAM_Network_NetFind=2;CPXPARAM_Network_Pricing=0;CPXPARAM_Parallel=1;CPXPARAM_Preprocessing_Aggregator=-1;CPXPARAM_Preprocessing_BoundStrength=-1;CPXPARAM_Preprocessing_CoeffReduce=-1;CPXPARAM_Preprocessing_Dependency=-1;CPXPARAM_Preprocessing_Dual=0;CPXPARAM_Preprocessing_Fill=10;CPXPARAM_Preprocessing_NumPass=-1;CPXPARAM_Preprocessing_Presolve=1;CPXPARAM_Preprocessing_QPMakePSD=1;CPXPARAM_Preprocessing_Reduce=3;CPXPARAM_Preprocessing_Relax=-1;CPXPARAM_Preprocessing_RepeatPresolve=-1;CPXPARAM_Preprocessing_Symmetry=-1;CPXPARAM_Read_Scale=0;CPXPARAM_Sifting_Algorithm=0;CPXPARAM_Simplex_Crash=1;CPXPARAM_Simplex_DGradient=0;CPXPARAM_Simplex_Limits_Perturbation=0;CPXPARAM_Simplex_Limits_Singularity=10;CPXPARAM_Simplex_PGradient=0;CPXPARAM_Simplex_Pricing=0;CPXPARAM_Simplex_Refactor=0
9336933943659725565,0,CPXPARAM_Advance=1;CPXPARAM_Barrier_Algorithm=0;CPXPARAM_Barrier_ColNonzeros=0;CPXPARAM_Barrier_Crossover=0;CPXPARAM_Barrier_Limits_Corrections=-1;CPXPARAM_Barrier_Ordering=0;CPXPARAM_Barrier_StartAlg=1;CPXPARAM_Emphasis_MIP=0;CPXPARAM_Emphasis_Memory=0;CPXPARAM_Emphasis_Numerical=0;CPXPARAM_Feasopt_Mode=0;CPXPARAM_LPMethod=0;CPXPARAM_MIP_Cuts_Cliques=-1;CPXPARAM_MIP_Cuts_Covers=0;CPXPARAM_MIP_Cuts_Disjunctive=-1;CPXPARAM_MIP_Cuts_FlowCovers=1;CPXPARAM_MIP_Cuts_GUBCovers=0;CPXPARAM_MIP_Cuts_Gomory=0;CPXPARAM_MIP_Cuts_Implied=0;CPXPARAM_MIP_Cuts_MIRCut=2;CPXPARAM_MIP_Cuts_PathCut=-1;CPXPARAM_MIP_Limits_AggForCut=3;CPXPARAM_MIP_Limits_CutPasses=0;CPXPARAM_MIP_Limits_CutsFactor=-1;CPXPARAM_MIP_Limits_GomoryCand=150;CPXPARAM_MIP_Limits_GomoryPass=0;CPXPARAM_MIP_Limits_Nodes=9223372036800000000;CPXPARAM_MIP_Limits_ProbeTime=1e+75;CPXPARAM_MIP_Limits_RepairTries=0;CPXPARAM_MIP_Limits_StrongCand=10;CPXPARAM_MIP_Limits_StrongIt=0;CPXPARAM_MIP_OrderType=0;CPXPARAM_MIP_Strategy_BBInterval=7;CPXPARAM_MIP_Strategy_Branch=0;CPXPARAM_MIP_Strategy_Dive=0;CPXPARAM_MIP_Strategy_File=1;CPXPARAM_MIP_Strategy_HeuristicFreq=0;CPXPARAM_MIP_Strategy_LBHeur=0;CPXPARAM_MIP_Strategy_NodeSelect=1;CPXPARAM_MIP_Strategy_Order=1;CPXPARAM_MIP_Strategy_PresolveNode=0;CPXPARAM_MIP_Strategy_Probe=-1;CPXPARAM_MIP_Strategy_RINSHeur=0;CPXPARAM_MIP_Strategy_StartAlgorithm=0;CPXPARAM_MIP_Strategy_SubAlgorithm=0;CPXPARAM_MIP_Strategy_VariableSelect=0;CPXPARAM_Network_NetFind=2;CPXPARAM_Network_Pricing=0;CPXPARAM_Parallel=1;CPXPARAM_Preprocessing_Aggregator=-1;CPXPARAM_Preprocessing_BoundStrength=-1;CPXPARAM_Preprocessing_CoeffReduce=-1;CPXPARAM_Preprocessing_Dependency=-1;CPXPARAM_Preprocessing_Dual=0;CPXPARAM_Preprocessing_Fill=10;CPXPARAM_Preprocessing_NumPass=-1;CPXPARAM_Preprocessing_Presolve=1;CPXPARAM_Preprocessing_QPMakePSD=1;CPXPARAM_Preprocessing_Reduce=3;CPXPARAM_Preprocessing_Relax=-1;CPXPARAM_Preprocessing_RepeatPresolve=-1;CPXPARAM_Preprocessing_Symmetry=-1;CPXPARAM_Read_Scale=0;CPXPARAM_Sifting_Algorithm=0;CPXPARAM_Simplex_Crash=1;CPXPARAM_Simplex_DGradient=0;CPXPARAM_Simplex_Limits_Perturbation=0;CPXPARAM_Simplex_Limits_Singularity=10;CPXPARAM_Simplex_PGradient=0;CPXPARAM_Simplex_Pricing=0;CPXPARAM_Simplex_Refactor=0
8297479510994131374,0,CPXPARAM_Advance=1;CPXPARAM_Barrier_Algorithm=0;CPXPARAM_Barrier_ColNonzeros=0;CPXPARAM_Barrier_Crossover=0;CPXPARAM_Barrier_Limits_Corrections=-1;CPXPARAM_Barrier_Ordering=0;CPXPARAM_Barrier_StartAlg=1;CPXPARAM_Emphasis_MIP=4;CPXPARAM_Emphasis_Memory=0;CPXPARAM_Emphasis_Numerical=0;CPXPARAM_Feasopt_Mode=0;CPXPARAM_LPMethod=0;CPXPARAM_MIP_Cuts_Cliques=-1;CPXPARAM_MIP_Cuts_Covers=0;CPXPARAM_MIP_Cuts_Disjunctive=-1;CPXPARAM_MIP_Cuts_FlowCovers=1;CPXPARAM_MIP_Cuts_GUBCovers=0;CPXPARAM_MIP_Cuts_Gomory=0;CPXPARAM_MIP_Cuts_Implied=0;CPXPARAM_MIP_Cuts_MIRCut=2;CPXPARAM_MIP_Cuts_PathCut=-1;CPXPARAM_MIP_Limits_AggForCut=3;CPXPARAM_MIP_Limits_CutPasses=0;CPXPARAM_MIP_Limits_CutsFactor=1;CPXPARAM_MIP_Limits_GomoryCand=150;CPXPARAM_MIP_Limits_GomoryPass=0;CPXPARAM_MIP_Limits_Nodes=9223372036800000000;CPXPARAM_MIP_Limits_ProbeTime=1e+75;CPXPARAM_MIP_Limits_RepairTries=0;CPXPARAM_MIP_Limits_StrongCand=10;CPXPARAM_MIP_Limits_StrongIt=0;CPXPARAM_MIP_OrderType=0;CPXPARAM_MIP_Strategy_BBInterval=7;CPXPARAM_MIP_Strategy_Branch=0;CPXPARAM_MIP_Strategy_Dive=0;CPXPARAM_MIP_Strategy_File=1;CPXPARAM_MIP_Strategy_HeuristicFreq=0;CPXPARAM_MIP_Strategy_LBHeur=0;CPXPARAM_MIP_Strategy_NodeSelect=1;CPXPARAM_MIP_Strategy_Order=1;CPXPARAM_MIP_Strategy_PresolveNode=0;CPXPARAM_MIP_Strategy_Probe=-1;CPXPARAM_MIP_Strategy_RINSHeur=0;CPXPARAM_MIP_Strategy_StartAlgorithm=0;CPXPARAM_MIP_Strategy_SubAlgorithm=0;CPXPARAM_MIP_Strategy_VariableSelect=0;CPXPARAM_Network_NetFind=2;CPXPARAM_Network_Pricing=0;CPXPARAM_Parallel=1;CPXPARAM_Preprocessing_Aggregator=-1;CPXPARAM_Preprocessing_BoundStrength=-1;CPXPARAM_Preprocessing_CoeffReduce=-1;CPXPARAM_Preprocessing_Dependency=-1;CPXPARAM_Preprocessing_Dual=0;CPXPARAM_Preprocessing_Fill=10;CPXPARAM_Preprocessing_NumPass=-1;CPXPARAM_Preprocessing_Presolve=1;CPXPARAM_Preprocessing_QPMakePSD=1;CPXPARAM_Preprocessing_Reduce=3;CPXPARAM_Preprocessing_Relax=-1;CPXPARAM_Preprocessing_RepeatPresolve=-1;CPXPARAM_Preprocessing_Symmetry=-1;CPXPARAM_Read_Scale=0;CPXPARAM_Sifting_Algorithm=0;CPXPARAM_Simplex_Crash=1;CPXPARAM_Simplex_DGradient=0;CPXPARAM_Simplex_Limits_Perturbation=0;CPXPARAM_Simplex_Limits_Singularity=10;CPXPARAM_Simplex_PGradient=0;CPXPARAM_Simplex_Pricing=0;CPXPARAM_Simplex_Refactor=0
16062870257225488124,0,CPXPARAM_Advance=1;CPXPARAM_Barrier_Algorithm=0;CPXPARAM_Barrier_ColNonzeros=0;CPXPARAM_Barrier_Crossover=0;CPXPARAM_Barrier_Limits_Corrections=-1;CPXPARAM_Barrier_Ordering=0;CPXPARAM_Barrier_StartAlg=1;CPXPARAM_Emphasis_MIP=4;CPXPARAM_Emphasis_Memory=0;CPXPARAM_Emphasis_Numerical=0;CPXPARAM_Feasopt_Mode=0;CPXPARAM_LPMethod=0;CPXPARAM_MIP_Cuts_Cliques=-1;CPXPARAM_MIP_Cuts_Covers=0;CPXPARAM_MIP_Cuts_Disjunctive=-1;CPXPARAM_MIP_Cuts_FlowCovers=1;CPXPARAM_MIP_Cuts_GUBCovers=0;CPXPARAM_MIP_Cuts_Gomory=0;CPXPARAM_MIP_Cuts_Implied=0;CPXPARAM_MIP_Cuts_MIRCut=2;CPXPARAM_MIP_Cuts_PathCut=-1;CPXPARAM_MIP_Limits_AggForCut=3;CPXPARAM_MIP_Limits_CutPasses=0;CPXPARAM_MIP_Limits_CutsFactor=-1;CPXPARAM_MIP_Limits_GomoryCand=150;CPXPARAM_MIP_Limits_GomoryPass=0;CPXPARAM_MIP_Limits_Nodes=9223372036800000000;CPXPARAM_MIP_Limits_ProbeTime=1e+75;CPXPARAM_MIP_Limits_RepairTries=0;CPXPARAM_MIP_Limits_StrongCand=10;CPXPARAM_MIP_Limits_StrongIt=0;CPXPARAM_MIP_OrderType=0;CPXPARAM_MIP_Strategy_BBInterval=7;CPXPARAM_MIP_Strategy_Branch=0;CPXPARAM_MIP_Strategy_Dive=0;CPXPARAM_MIP_Strategy_File=1;CPXPARAM_MIP_Strategy_HeuristicFreq=0;CPXPARAM_MIP_Strategy_LBHeur=0;CPXPARAM_MIP_Strategy_NodeSelect=1;CPXPARAM_MIP_Strategy_Order=1;CPXPARAM_MIP_Strategy_PresolveNode=0;CPXPARAM_MIP_Strategy_Probe=-1;CPXPARAM_MIP_Strategy_RINSHeur=0;CPXPARAM_MIP_Strategy_StartAlgorithm=0;CPXPARAM_MIP_Strategy_SubAlgorithm=0;CPXPARAM_MIP_Strategy_VariableSelect=1;CPXPARAM_Network_NetFind=2;CPXPARAM_Network_Pricing=0;CPXPARAM_Parallel=1;CPXPARAM_Preprocessing_Aggregator=-1;CPXPARAM_Preprocessing_BoundStrength=-1;CPXPARAM_Preprocessing_CoeffReduce=-1;CPXPARAM_Preprocessing_Dependency=-1;CPXPARAM_Preprocessing_Dual=0;CPXPARAM_Preprocessing_Fill=10;CPXPARAM_Preprocessing_NumPass=-1;CPXPARAM_Preprocessing_Presolve=1;CPXPARAM_Preprocessing_QPMakePSD=1;CPXPARAM_Preprocessing_Reduce=3;CPXPARAM_Preprocessing_Relax=-1;CPXPARAM_Preprocessing_RepeatPresolve=-1;CPXPARAM_Preprocessing_Symmetry=-1;CPXPARAM_Read_Scale=0;CPXPARAM_Sifting_Algorithm=0;CPXPARAM_Simplex_Crash=1;CPXPARAM_Simplex_DGradient=0;CPXPARAM_Simplex_Limits_Perturbation=0;CPXPARAM_Simplex_Limits_Singularity=10;CPXPARAM_Simplex_PGradient=0;CPXPARAM_Simplex_Pricing=0;CPXPARAM_Simplex_Refactor=0
3674934090991803512,0,CPXPARAM_Advance=1;CPXPARAM_Barrier_Algorithm=0;CPXPARAM_Barrier_ColNonzeros=0;CPXPARAM_Barrier_Crossover=0;CPXPARAM_Barrier_Limits_Corrections=-1;CPXPARAM_Barrier_Ordering=0;CPXPARAM_Barrier_StartAlg=1;CPXPARAM_Emphasis_MIP=4;CPXPARAM_Emphasis_Memory=0;CPXPARAM_Emphasis_Numerical=0;CPXPARAM_Feasopt_Mode=0;CPXPARAM_LPMethod=0;CPXPARAM_MIP_Cuts_Cliques=-1;CPXPARAM_MIP_Cuts_Covers=0;CPXPARAM_MIP_Cuts_Disjunctive=-1;CPXPARAM_MIP_Cuts_FlowCovers=1;CPXPARAM_MIP_Cuts_GUBCovers=0;CPXPARAM_MIP_Cuts_Gomory=0;CPXPARAM_MIP_Cuts_Implied=0;CPXPARAM_MIP_Cuts_MIRCut=2;CPXPARAM_MIP_Cuts_PathCut=-1;CPXPARAM_MIP_Limits_AggForCut=3;CPXPARAM_MIP_Limits_CutPasses=0;CPXPARAM_MIP_Limits_CutsFactor=-1;CPXPARAM_MIP_Limits_GomoryCand=150;CPXPARAM_MIP_Limits_GomoryPass=0;CPXPARAM_MIP_Limits_Nodes=9223372036800000000;CPXPARAM_MIP_Limits_ProbeTime=1e+75;CPXPARAM_MIP_Limits_RepairTries=0;CPXPARAM_MIP_Limits_StrongCand=10;CPXPARAM_MIP_Limits_StrongIt=0;CPXPARAM_MIP_OrderType=0;CPXPARAM_MIP_Strategy_BBInterval=7;CPXPARAM_MIP_Strategy_Branch=0;CPXPARAM_MIP_Strategy_Dive=0;CPXPARAM_MIP_Strategy_File=1;CPXPARAM_MIP_Strategy_HeuristicFreq=0;CPXPARAM_MIP_Strategy_LBHeur=0;CPXPARAM_MIP_Strategy_NodeSelect=1;CPXPARAM_MIP_Strategy_Order=1;CPXPARAM_MIP_Strategy_PresolveNode=0;CPXPARAM_MIP_Strategy_Probe=3;CPXPARAM_MIP_Strategy_RINSHeur=0;CPXPARAM_MIP_Strategy_StartAlgorithm=0;CPXPARAM_MIP_Strategy_SubAlgorithm=0;CPXPARAM_MIP_Strategy_VariableSelect=0;CPXPARAM_Network_NetFind=2;CPXPARAM_Network_Pricing=0;CPXPARAM_Parallel=1;CPXPARAM_Preprocessing_Aggregator=-1;CPXPARAM_Preprocessing_BoundStrength=-1;CPXPARAM_Preprocessing_CoeffReduce=-1;CPXPARAM_Preprocessing_Dependency=-1;CPXPARAM_Preprocessing_Dual=0;CPXPARAM_Preprocessing_Fill=10;CPXPARAM_Preprocessing_NumPass=-1;CPXPARAM_Preprocessing_Presolve=1;CPXPARAM_Preprocessing_QPMakePSD=1;CPXPARAM_Preprocessing_Reduce=3;CPXPARAM_Preprocessing_Relax=-1;CPXPARAM_Preprocessing_RepeatPresolve=-1;CPXPARAM_Preprocessing_Symmetry=-1;CPXPARAM_Read_Scale=0;CPXPARAM_Sifting_Algorithm=0;CPXPARAM_Simplex_Crash=1;CPXPARAM_Simplex_DGradient=0;CPXPARAM_Simplex_Limits_Perturbation=0;CPXPARAM_Simplex_Limits_Singularity=10;CPXPARAM_Simplex_PGradient=0;CPXPARAM_Simplex_Pricing=0;CPXPARAM_Simplex_Refactor=0
5923831434422609564,0,CPXPARAM_Advance=1;CPXPARAM_Barrier_Algorithm=0;CPXPARAM_Barrier_ColNonzeros=0;CPXPARAM_Barrier_Crossover=0;CPXPARAM_Barrier_Limits_Corrections=-1;CPXPARAM_Barrier_Ordering=0;CPXPARAM_Barrier_StartAlg=1;CPXPARAM_Emphasis_MIP=0;CPXPARAM_Emphasis_Memory=0;CPXPARAM_Emphasis_Numerical=0;CPXPARAM_Feasopt_Mode=0;CPXPARAM_LPMethod=0;CPXPARAM_MIP_Cuts_Cliques=-1;CPXPARAM_MIP_Cuts_Covers=0;CPXPARAM_MIP_Cuts_Disjunctive=-1;CPXPARAM_MIP_Cuts_FlowCovers=1;CPXPARAM_MIP_Cuts_GUBCovers=0;CPXPARAM_MIP_Cuts_Gomory=0;CPXPARAM_MIP_Cuts_Implied=0;CPXPARAM_MIP_Cuts_MIRCut=2;CPXPARAM_MIP_Cuts_PathCut=-1;CPXPARAM_MIP_Limits_AggForCut=3;CPXPARAM_MIP_Limits_CutPasses=0;CPXPARAM_MIP_Limits_CutsFactor=-1;CPXPARAM_MIP_Limits_GomoryCand=150;CPXPARAM_MIP_Limits_GomoryPass=0;CPXPARAM_MIP_Limits_Nodes=9223372036800000000;CPXPARAM_MIP_Limits_ProbeTime=1e+75;CPXPARAM_MIP_Limits_RepairTries=0;CPXPARAM_MIP_Limits_StrongCand=10;CPXPARAM_MIP_Limits_StrongIt=0;CPXPARAM_MIP_OrderType=0;CPXPARAM_MIP_Strategy_BBInterval=7;CPXPARAM_MIP_Strategy_Branch=0;CPXPARAM_MIP_Strategy_Dive=0;CPXPARAM_MIP_Strategy_File=1;CPXPARAM_MIP_Strategy_HeuristicFreq=0;CPXPARAM_MIP_Strategy_LBHeur=0;CPXPARAM_MIP_Strategy_NodeSelect=1;CPXPARAM_MIP_Strategy_Order=1;CPXPARAM_MIP_Strategy_PresolveNode=0;CPXPARAM_MIP_Strategy_Probe=-1;CPXPARAM_MIP_Strategy_RINSHeur=0;CPXPARAM_MIP_Strategy_StartAlgorithm=0;CPXPARAM_MIP_Strategy_SubAlgorithm=0;CPXPARAM_MIP_Strategy_VariableSelect=0;CPXPARAM_Network_NetFind=2;CPXPARAM_Network_Pricing=0;CPXPARAM_Parallel=1;CPXPARAM_Preprocessing_Aggregator=-1;CPXPARAM_Preprocessing_BoundStrength=-1;CPXPARAM_Preprocessing_CoeffReduce=-1;CPXPARAM_Preprocessing_Dependency=3;CPXPARAM_Preprocessing_Dual=0;CPXPARAM_Preprocessing_Fill=10;CPXPARAM_Preprocessing_NumPass=-1;CPXPARAM_Preprocessing_Presolve=1;CPXPARAM_Preprocessing_QPMakePSD=1;CPXPARAM_Preprocessing_Reduce=3;CPXPARAM_Preprocessing_Relax=-1;CPXPARAM_Preprocessing_RepeatPresolve=-1;CPXPARAM_Preprocessing_Symmetry=-1;CPXPARAM_Read_Scale=0;CPXPARAM_Sifting_Algorithm=0;CPXPARAM_Simplex_Crash=1;CPXPARAM_Simplex_DGradient=0;CPXPARAM_Simplex_Limits_Perturbation=0;CPXPARAM_Simplex_Limits_Singularity=10;CPXPARAM_Simplex_PGradient=0;CPXPARAM_Simplex_Pricing=0;CPXPARAM_Simplex_Refactor=0
4080386859211716000,0,CPXPARAM_Advance=1;CPXPARAM_Barrier_Algorithm=0;CPXPARAM_Barrier_ColNonzeros=0;CPXPARAM_Barrier_Crossover=0;CPXPARAM_Barrier_Limits_Corrections=-1;CPXPARAM_Barrier_Ordering=0;CPXPARAM_Barrier_StartAlg=1;CPXPARAM_Emphasis_MIP=4;CPXPARAM_Emphasis_Memory=0;CPXPARAM_Emphasis_Numerical=0;CPXPARAM_Feasopt_Mode=0;CPXPARAM_LPMethod=0;CPXPARAM_MIP_Cuts_Cliques=-1;CPXPARAM_MIP_Cuts_Covers=0;CPXPARAM_MIP_Cuts_Disjunctive=-1;CPXPARAM_MIP_Cuts_FlowCovers=1;CPXPARAM_MIP_Cuts_GUBCovers=0;CPXPARAM_MIP_Cuts_Gomory=0;CPXPARAM_MIP_Cuts_Implied=0;CPXPARAM_MIP_Cuts_MIRCut=2;CPXPARAM_MIP_Cuts_PathCut=-1;CPXPARAM_MIP_Limits_AggForCut=3;CPXPARAM_MIP_Limits_CutPasses=0;CPXPARAM_MIP_Limits_CutsFactor=-1;CPXPARAM_MIP_Limits_GomoryCand=150;CPXPARAM_MIP_Limits_GomoryPass=0;CPXPARAM_MIP_Limits_Nodes=9223372036800000000;CPXPARAM_MIP_Limits_ProbeTime=1e+75;CPXPARAM_MIP_Limits_RepairTries=0;CPXPARAM_MIP_Limits_StrongCand=2;CPXPARAM_MIP_Limits_StrongIt=0;CPXPARAM_MIP_OrderType=0;CPXPARAM_MIP_Strategy_BBInterval=7;CPXPARAM_MIP_Strategy_Branch=0;CPXPARAM_MIP_Strategy_Dive=0;CPXPARAM_MIP_Strategy_File=1;CPXPARAM_MIP_Strategy_HeuristicFreq=0;CPXPARAM_MIP_Strategy_LBHeur=0;CPXPARAM_MIP_Strategy_NodeSelect=1;CPXPARAM_MIP_Strategy_Order=1;CPXPARAM_MIP_Strategy_PresolveNode=0;CPXPARAM_MIP_Strategy_Probe=-1;CPXPARAM_MIP_Strategy_RINSHeur=0;CPXPARAM_MIP_Strategy_StartAlgorithm=0;CPXPARAM_MIP_Strategy_SubAlgorithm=0;CPXPARAM_MIP_Strategy_VariableSelect=0;CPXPARAM_Network_NetFind=2;CPXPARAM_Network_Pricing=0;CPXPARAM_Parallel=1;CPXPARAM_Preprocessing_Aggregator=-1;CPXPARAM_Preprocessing_BoundStrength=-1;CPXPARAM_Preprocessing_CoeffReduce=-1;CPXPARAM_Preprocessing_Dependency=3;CPXPARAM_Preprocessing_Dual=0;CPXPARAM_Preprocessing_Fill=10;CPXPARAM_Preprocessing_NumPass=-1;CPXPARAM_Preprocessing_Presolve=1;CPXPARAM_Preprocessing_QPMakePSD=1;CPXPARAM_Preprocessing_Reduce=3;CPXPARAM_Preprocessing_Relax=-1;CPXPARAM_Preprocessing_RepeatPresolve=-1;CPXPARAM_Preprocessing_Symmetry=-1;CPXPARAM_Read_Scale=0;CPXPARAM_Sifting_Algorithm=0;CPXPARAM_Simplex_Crash=1;CPXPARAM_Simplex_DGradient=0;CPXPARAM_Simplex_Limits_Perturbation=0;CPXPARAM_Simplex_Limits_Singularity=10;CPXPARAM_Simplex_PGradient=0;CPXPARAM_Simplex_Pricing=0;CPXPARAM_Simplex_Refactor=0
5423650501629229617,0,CPXPARAM_Advance=1;CPXPARAM_Barrier_Algorithm=0;CPXPARAM_Barrier_ColNonzeros=0;CPXPARAM_Barrier_Crossover=0;CPXPARAM_Barrier_Limits_Corrections=-1;CPXPARAM_Barrier_Ordering=0;CPXPARAM_Barrier_StartAlg=1;CPXPARAM_Emphasis_MIP=2;CPXPARAM_Emphasis_Memory=0;CPXPARAM_Emphasis_Numerical=0;CPXPARAM_Feasopt_Mode=0;CPXPARAM_LPMethod=0;CPXPARAM_MIP_Cuts_Cliques=3;CPXPARAM_MIP_Cuts_Covers=0;CPXPARAM_MIP_Cuts_Disjunctive=1;CPXPARAM_MIP_Cuts_FlowCovers=1;CPXPARAM_MIP_Cuts_GUBCovers=1;CPXPARAM_MIP_Cuts_Gomory=0;CPXPARAM_MIP_Cuts_Implied=-1;CPXPARAM_MIP_Cuts_MIRCut=0;CPXPARAM_MIP_Cuts_PathCut=-1;CPXPARAM_MIP_Limits_AggForCut=3;CPXPARAM_MIP_Limits_CutPasses=0;CPXPARAM_MIP_Limits_CutsFactor=-1;CPXPARAM_MIP_Limits_GomoryCand=10;CPXPARAM_MIP_Limits_GomoryPass=0;CPXPARAM_MIP_Limits_Nodes=9223372036800000000;CPXPARAM_MIP_Limits_ProbeTime=1e+75;CPXPARAM_MIP_Limits_RepairTries=0;CPXPARAM_MIP_Limits_StrongCand=10;CPXPARAM_MIP_Limits_StrongIt=0;CPXPARAM_MIP_OrderType=0;CPXPARAM_MIP_Strategy_BBInterval=7;CPXPARAM_MIP_Strategy_Branch=0;CPXPARAM_MIP_Strategy_Dive=0;CPXPARAM_MIP_Strategy_File=1;CPXPARAM_MIP_Strategy_HeuristicFreq=0;CPXPARAM_MIP_Strategy_LBHeur=0;CPXPARAM_MIP_Strategy_NodeSelect=1;CPXPARAM_MIP_Strategy_Order=1;CPXPARAM_MIP_Strategy_PresolveNode=0;CPXPARAM_MIP_Strategy_Probe=0;CPXPARAM_MIP_Strategy_RINSHeur=0;CPXPARAM_MIP_Strategy_StartAlgorithm=0;CPXPARAM_MIP_Strategy_SubAlgorithm=0;CPXPARAM_MIP_Strategy_VariableSelect=0;CPXPARAM_Network_NetFind=2;CPXPARAM_Network_Pricing=0;CPXPARAM_Parallel=1;CPXPARAM_Preprocessing_Aggregator=-1;CPXPARAM_Preprocessing_BoundStrength=-1;CPXPARAM_Preprocessing_CoeffReduce=-1;CPXPARAM_Preprocessing_Dependency=-1;CPXPARAM_Preprocessing_Dual=0;CPXPARAM_Preprocessing_Fill=10;CPXPARAM_Preprocessing_NumPass=-1;CPXPARAM_Preprocessing_Presolve=1;CPXPARAM_Preprocessing_QPMakePSD=1;CPXPARAM_Preprocessing_Reduce=3;CPXPARAM_Preprocessing_Relax=-1;CPXPARAM_Preprocessing_RepeatPresolve=-1;CPXPARAM_Preprocessing_Symmetry=-1;CPXPARAM_Read_Scale=0;CPXPARAM_Sifting_Algorithm=0;CPXPARAM_Simplex_Crash=1;CPXPARAM_Simplex_DGradient=0;CPXPARAM_Simplex_Limits_Perturbation=0;CPXPARAM_Simplex_Limits_Singularity=10;CPXPARAM_Simplex_PGradient=0;CPXPARAM_Simplex_Pricing=0;CPXPARAM_Simplex_Refactor=0
7691027059109706239,0,CPXPARAM_Advance=1;CPXPARAM_Barrier_Algorithm=0;CPXPARAM_Barrier_ColNonzeros=0;CPXPARAM_Barrier_Crossover=0;CPXPARAM_Barrier_Limits_Corrections=-1;CPXPARAM_Barrier_Ordering=0;CPXPARAM_Barrier_StartAlg=1;CPXPARAM_Emphasis_MIP=4;CPXPARAM_Emphasis_Memory=0;CPXPARAM_Emphasis_Numerical=0;CPXPARAM_Feasopt_Mode=0;CPXPARAM_LPMethod=0;CPXPARAM_MIP_Cuts_Cliques=-1;CPXPARAM_MIP_Cuts_Covers=0;CPXPARAM_MIP_Cuts_Disjunctive=-1;CPXPARAM_MIP_Cuts_FlowCovers=1;CPXPARAM_MIP_Cuts_GUBCovers=0;CPXPARAM_MIP_Cuts_Gomory=0;CPXPARAM_MIP_Cuts_Implied=0;CPXPARAM_MIP_Cuts_MIRCut=-1;CPXPARAM_MIP_Cuts_PathCut=-1;CPXPARAM_MIP_Limits_AggForCut=3;CPXPARAM_MIP_Limits_CutPasses=0;CPXPARAM_MIP_Limits_CutsFactor=-1;CPXPARAM_MIP_Limits_GomoryCand=150;CPXPARAM_MIP_Limits_GomoryPass=0;CPXPARAM_MIP_Limits_Nodes=9223372036800000000;CPXPARAM_MIP_Limits_ProbeTime=1e+75;CPXPARAM_MIP_Limits_RepairTries=0;CPXPARAM_MIP_Limits_StrongCand=10;CPXPARAM_MIP_Limits_StrongIt=0;CPXPARAM_MIP_OrderType=0;CPXPARAM_MIP_Strategy_BBInterval=7;CPXPARAM_MIP_Strategy_Branch=0;CPXPARAM_MIP_Strategy_Dive=0;CPXPARAM_MIP_Strategy_File=1;CPXPARAM_MIP_Strategy_HeuristicFreq=0;CPXPARAM_MIP_Strategy_LBHeur=0;CPXPARAM_MIP_Strategy_NodeSelect=1;CPXPARAM_MIP_Strategy_Order=1;CPXPARAM_MIP_Strategy_PresolveNode=0;CPXPARAM_MIP_Strategy_Probe=-1;CPXPARAM_MIP_Strategy_RINSHeur=0;CPXPARAM_MIP_Strategy_StartAlgorithm=0;CPXPARAM_MIP_Strategy_SubAlgorithm=0;CPXPARAM_MIP_Strategy_VariableSelect=0;CPXPARAM_Network_NetFind=2;CPXPARAM_Network_Pricing=0;CPXPARAM_Parallel=1;CPXPARAM_Preprocessing_Aggregator=-1;CPXPARAM_Preprocessing_BoundStrength=-1;CPXPARAM_Preprocessing_CoeffReduce=-1;CPXPARAM_Preprocessing_Dependency=-1;CPXPARAM_Preprocessing_Dual=0;CPXPARAM_Preprocessing_Fill=10;CPXPARAM_Preprocessing_NumPass=-1;CPXPARAM_Preprocessing_Presolve=1;CPXPARAM_Preprocessing_QPMakePSD=1;CPXPARAM_Preprocessing_Reduce=3;CPXPARAM_Preprocessing_Relax=-1;CPXPARAM_Preprocessing_RepeatPresolve=-1;CPXPARAM_Preprocessing_Symmetry=-1;CPXPARAM_Read_Scale=0;CPXPARAM_Sifting_Algorithm=0;CPXPARAM_Simplex_Crash=1;CPXPARAM_Simplex_DGradient=0;CPXPARAM_Simplex_Limits_Perturbation=0;CPXPARAM_Simplex_Limits_Singularity=10;CPXPARAM_Simplex_PGradient=0;CPXPARAM_Simplex_Pricing=0;CPXPARAM_Simplex_Refactor=0
17180200075696272155,0,CPXPARAM_Advance=1;CPXPARAM_Barrier_Algorithm=0;CPXPARAM_Barrier_ColNonzeros=0;CPXPARAM_Barrier_Crossover=0;CPXPARAM_Barrier_Limits_Corrections=-1;CPXPARAM_Barrier_Ordering=0;CPXPARAM_Barrier_StartAlg=1;CPXPARAM_Emphasis_MIP=4;CPXPARAM_Emphasis_Memory=0;CPXPARAM_Emphasis_Numerical=0;CPXPARAM_Feasopt_Mode=0;CPXPARAM_LPMethod=0;CPXPARAM_MIP_Cuts_Cliques=-1;CPXPARAM_MIP_Cuts_Covers=0;CPXPARAM_MIP_Cuts_Disjunctive=-1;CPXPARAM_MIP_Cuts_FlowCovers=1;CPXPARAM_MIP_Cuts_GUBCovers=0;CPXPARAM_MIP_Cuts_Gomory=0;CPXPARAM_MIP_Cuts_Implied=0;CPXPARAM_MIP_Cuts_MIRCut=2;CPXPARAM_MIP_Cuts_PathCut=-1;CPXPARAM_MIP_Limits_AggForCut=3;CPXPARAM_MIP_Limits_CutPasses=0;CPXPARAM_MIP_Limits_CutsFactor=-1;CPXPARAM_MIP_Limits_GomoryCand=150;CPXPARAM_MIP_Limits_GomoryPass=0;CPXPARAM_MIP_Limits_Nodes=9223372036800000000;CPXPARAM_MIP_Limits_ProbeTime=1e+75;CPXPARAM_MIP_Limits_RepairTries=0;CPXPARAM_MIP_Limits_StrongCand=10;CPXPARAM_MIP_Limits_StrongIt=0;CPXPARAM_MIP_OrderType=0;CPXPARAM_MIP_Strategy_BBInterval=7;CPXPARAM_MIP_Strategy_Branch=0;CPXPARAM_MIP_Strategy_Dive=0;CPXPARAM_MIP_Strategy_File=1;CPXPARAM_MIP_Strategy_HeuristicFreq=0;CPXPARAM_MIP_Strategy_LBHeur=0;CPXPARAM_MIP_Strategy_NodeSelect=1;CPXPARAM_MIP_Strategy_Order=1;CPXPARAM_MIP_Strategy_PresolveNode=0;CPXPARAM_MIP_Strategy_Probe=-1;CPXPARAM_MIP_Strategy_RINSHeur=0;CPXPARAM_MIP_Strategy_StartAlgorithm=0;CPXPARAM_MIP_Strategy_SubAlgorithm=0;CPXPARAM_MIP_Strategy_VariableSelect=0;CPXPARAM_Network_NetFind=2;CPXPARAM_Network_Pricing=0;CPXPARAM_Parallel=1;CPXPARAM_Preprocessing_Aggregator=-1;CPXPARAM_Preprocessing_BoundStrength=-1;CPXPARAM_Preprocessing_CoeffReduce=-1;CPXPARAM_Preprocessing_Dependency=3;CPXPARAM_Preprocessing_Dual=0;CPXPARAM_Preprocessing_Fill=10;CPXPARAM_Preprocessing_NumPass=-1;CPXPARAM_Preprocessing_Presolve=1;CPXPARAM_Preprocessing_QPMakePSD=1;CPXPARAM_Preprocessing_Reduce=3;CPXPARAM_Preprocessing_Relax=-1;CPXPARAM_Preprocessing_RepeatPresolve=-1;CPXPARAM_Preprocessing_Symmetry=-1;CPXPARAM_Read_Scale=0;CPXPARAM_Sifting_Algorithm=2;CPXPARAM_Simplex_Crash=1;CPXPARAM_Simplex_DGradient=0;CPXPARAM_Simplex_Limits_Perturbation=0;CPXPARAM_Simplex_Limits_Singularity=10;CPXPARAM_Simplex_PGradient=0;CPXPARAM_Simplex_Pricing=0;CPXPARAM_Simplex_Refactor=0
14946448005485593126,0,CPXPARAM_Advance=1;CPXPARAM_Barrier_Algorithm=0;CPXPARAM_Barrier_ColNonzeros=0;CPXPARAM_Barrier_Crossover=0;CPXPARAM_Barrier_Limits_Corrections=-1;CPXPARAM_Barrier_Ordering=0;CPXPARAM_Barrier_StartAlg=1;CPXPARAM_Emphasis_MIP=4;CPXPARAM_Emphasis_Memory=0;CPXPARAM_Emphasis_Numerical=0;CPXPARAM_Feasopt_Mode=0;CPXPARAM_LPMethod=0;CPXPARAM_MIP_Cuts_Cliques=-1;CPXPARAM_MIP_Cuts_Covers=0;CPXPARAM_MIP_Cuts_Disjunctive=-1;CPXPARAM_MIP_Cuts_FlowCovers=1;CPXPARAM_MIP_Cuts_GUBCovers=0;CPXPARAM_MIP_Cuts_Gomory=0;CPXPARAM_MIP_Cuts_Implied=0;CPXPARAM_MIP_Cuts_MIRCut=2;CPXPARAM_MIP_Cuts_PathCut=-1;CPXPARAM_MIP_Limits_AggForCut=3;CPXPARAM_MIP_Limits_CutPasses=0;CPXPARAM_MIP_Limits_CutsFactor=-1;CPXPARAM_MIP_Limits_GomoryCand=150;CPXPARAM_MIP_Limits_GomoryPass=0;CPXPARAM_MIP_Limits_Nodes=9223372036800000000;CPXPARAM_MIP_Limits_ProbeTime=20;CPXPARAM_MIP_Limits_RepairTries=0;CPXPARAM_MIP_Limits_StrongCand=10;CPXPARAM_MIP_Limits_StrongIt=0;CPXPARAM_MIP_OrderType=0;CPXPARAM_MIP_Strategy_BBInterval=7;CPXPARAM_MIP_Strategy_Branch=0;CPXPARAM_MIP_Strategy_Dive=0;CPXPARAM_MIP_Strategy_File=1;CPXPARAM_MIP_Strategy_HeuristicFreq=0;CPXPARAM_MIP_Strategy_LBHeur=0;CPXPARAM_MIP_Strategy_NodeSelect=1;CPXPARAM_MIP_Strategy_Order=1;CPXPARAM_MIP_Strategy_PresolveNode=0;CPXPARAM_MIP_Strategy_Probe=-1;CPXPARAM_MIP_Strategy_RINSHeur=0;CPXPARAM_MIP_Strategy_StartAlgorithm=0;CPXPARAM_MIP_Strategy_SubAlgorithm=0;CPXPARAM_MIP_Strategy_VariableSelect=0;CPXPARAM_Network_NetFind=2;CPXPARAM_Network_Pricing=0;CPXPARAM_Parallel=1;CPXPARAM_Preprocessing_Aggregator=-1;CPXPARAM_Preprocessing_BoundStrength=-1;CPXPARAM_Preprocessing_CoeffReduce=-1;CPXPARAM_Preprocessing_Dependency=-1;CPXPARAM_Preprocessing_Dual=0;CPXPARAM_Preprocessing_Fill=10;CPXPARAM_Preprocessing_NumPass=-1;CPXPARAM_Preprocessing_Presolve=1;CPXPARAM_Preprocessing_QPMakePSD=1;CPXPARAM_Preprocessing_Reduce=3;CPXPARAM_Preprocessing_Relax=-1;CPXPARAM_Preprocessing_RepeatPresolve=-1;CPXPARAM_Preprocessing_Symmetry=-1;CPXPARAM_Read_Scale=0;CPXPARAM_Sifting_Algorithm=0;CPXPARAM_Simplex_Crash=1;CPXPARAM_Simplex_DGradient=0;CPXPARAM_Simplex_Limits_Perturbation=0;CPXPARAM_Simplex_Limits_Singularity=10;CPXPARAM_Simplex_PGradient=0;CPXPARAM_Simplex_Pricing=0;CPXPARAM_Simplex_Refactor=0
18334562709815589587,0,CPXPARAM_Advance=1;CPXPARAM_Barrier_Algorithm=0;CPXPARAM_Barrier_ColNonzeros=0;CPXPARAM_Barrier_Crossover=0;CPXPARAM_Barrier_Limits_Corrections=-1;CPXPARAM_Barrier_Ordering=0;CPXPARAM_Barrier_StartAlg=1;CPXPARAM_Emphasis_MIP=4;CPXPARAM_Emphasis_Memory=0;CPXPARAM_Emphasis_Numerical=0;CPXPARAM_Feasopt_Mode=0;CPXPARAM_LPMethod=0;CPXPARAM_MIP_Cuts_Cliques=-1;CPXPARAM_MIP_Cuts_Covers=0;CPXPARAM_MIP_Cuts_Disjunctive=-1;CPXPARAM_MIP_Cuts_FlowCovers=1;CPXPARAM_MIP_Cuts_GUBCovers=0;CPXPARAM_MIP_Cuts_Gomory=0;CPXPARAM_MIP_Cuts_Implied=0;CPXPARAM_MIP_Cuts_MIRCut=2;CPXPARAM_MIP_Cuts_PathCut=-1;CPXPARAM_MIP_Limits_AggForCut=3;CPXPARAM_MIP_Limits_CutPasses=0;CPXPARAM_MIP_Limits_CutsFactor=-1;CPXPARAM_MIP_Limits_GomoryCand=150;CPXPARAM_MIP_Limits_GomoryPass=0;CPXPARAM_MIP_Limits_Nodes=9223372036800000000;CPXPARAM_MIP_Limits_ProbeTime=10;CPXPARAM_MIP_Limits_RepairTries=0;CPXPARAM_MIP_Limits_StrongCand=10;CPXPARAM_MIP_Limits_StrongIt=0;CPXPARAM_MIP_OrderType=0;CPXPARAM_MIP_Strategy_BBInterval=7;CPXPARAM_MIP_Strategy_Branch=0;CPXPARAM_MIP_Strategy_Dive=0;CPXPARAM_MIP_Strategy_File=1;CPXPARAM_MIP_Strategy_HeuristicFreq=0;CPXPARAM_MIP_Strategy_LBHeur=0;CPXPARAM_MIP_Strategy_NodeSelect=1;CPXPARAM_MIP_Strategy_Order=1;CPXPARAM_MIP_Strategy_PresolveNode=0;CPXPARAM_MIP_Strategy_Probe=-1;CPXPARAM_MIP_Strategy_RINSHeur=0;CPXPARAM_MIP_Strategy_StartAlgorithm=0;CPXPARAM_MIP_Strategy_SubAlgorithm=0;CPXPARAM_MIP_Strategy_VariableSelect=0;CPXPARAM_Network_NetFind=2;CPXPARAM_Network_Pricing=0;CPXPARAM_Parallel=1;CPXPARAM_Preprocessing_Aggregator=-1;CPXPARAM_Preprocessing_BoundStrength=-1;CPXPARAM_Preprocessing_CoeffReduce=-1;CPXPARAM_Preprocessing_Dependency=-1;CPXPARAM_Preprocessing_Dual=0;CPXPARAM_Preprocessing_Fill=10;CPXPARAM_Preprocessing_NumPass=-1;CPXPARAM_Preprocessing_Presolve=1;CPXPARAM_Preprocessing_QPMakePSD=1;CPXPARAM_Preprocessing_Reduce=3;CPXPARAM_Preprocessing_Relax=-1;CPXPARAM_Preprocessing_RepeatPresolve=-1;CPXPARAM_Preprocessing_Symmetry=-1;CPXPARAM_Read_Scale=0;CPXPARAM_Sifting_Algorithm=0;CPXPARAM_Simplex_Crash=1;CPXPARAM_Simplex_DGradient=0;CPXPARAM_Simplex_Limits_Perturbation=0;CPXPARAM_Simplex_Limits_Singularity=10;CPXPARAM_Simplex_PGradient=0;CPXPARAM_Simplex_Pricing=0;CPXPARAM_Simplex_Refactor=0
1113920959798912046,0,CPXPARAM_Advance=1;CPXPARAM_Barrier_Algorithm=0;CPXPARAM_Barrier_ColNonzeros=0;CPXPARAM_Barrier_Crossover=0;CPXPARAM_Barrier_Limits_Corrections=-1;CPXPARAM_Barrier_Ordering=0;CPXPARAM_Barrier_StartAlg=1;CPXPARAM_Emphasis_MIP=4;CPXPARAM_Emphasis_Memory=0;CPXPARAM_Emphasis_Numerical=0;CPXPARAM_Feasopt_Mode=0;CPXPARAM_LPMethod=0;CPXPARAM_MIP_Cuts_Cliques=-1;CPXPARAM_MIP_Cuts_Covers=0;CPXPARAM_MIP_Cuts_Disjunctive=-1;CPXPARAM_MIP_Cuts_FlowCovers=1;CPXPARAM_MIP_Cuts_GUBCovers=0;CPXPARAM_MIP_Cuts_Gomory=0;CPXPARAM_MIP_Cuts_Implied=0;CPXPARAM_MIP_Cuts_MIRCut=2;CPXPARAM_MIP_Cuts_PathCut=-1;CPXPARAM_MIP_Limits_AggForCut=3;CPXPARAM_MIP_Limits_CutPasses=0;CPXPARAM_MIP_Limits_CutsFactor=-1;CPXPARAM_MIP_Limits_GomoryCand=150;CPXPARAM_MIP_Limits_GomoryPass=0;CPXPARAM_MIP_Limits_Nodes=9223372036800000000;CPXPARAM_MIP_Limits_ProbeTime=1e+75;CPXPARAM_MIP_Limits_RepairTries=0;CPXPARAM_MIP_Limits_StrongCand=10;CPXPARAM_MIP_Limits_StrongIt=0;CPXPARAM_MIP_OrderType=0;CPXPARAM_MIP_Strategy_BBInterval=7;CPXPARAM_MIP_Strategy_Branch=0;CPXPARAM_MIP_Strategy_Dive=0;CPXPARAM_MIP_Strategy_File=1;CPXPARAM_MIP_Strategy_HeuristicFreq=0;CPXPARAM_MIP_Strategy_LBHeur=0;CPXPARAM_MIP_Strategy_NodeSelect=1;CPXPARAM_MIP_Strategy_Order=1;CPXPARAM_MIP_Strategy_PresolveNode=0;CPXPARAM_MIP_Strategy_Probe=-1;CPXPARAM_MIP_Strategy_RINSHeur=0;CPXPARAM_MIP_Strategy_StartAlgorithm=0;CPXPARAM_MIP_Strategy_SubAlgorithm=0;CPXPARAM_MIP_Strategy_VariableSelect=0;CPXPARAM_Network_NetFind=3;CPXPARAM_Network_Pricing=0;CPXPARAM_Parallel=1;CPXPARAM_Preprocessing_Aggregator=-1;CPXPARAM_Preprocessing_BoundStrength=-1;CPXPARAM_Preprocessing_CoeffReduce=-1;CPXPARAM_Preprocessing_Dependency=3;CPXPARAM_Preprocessing_Dual=0;CPXPARAM_Preprocessing_Fill=10;CPXPARAM_Preprocessing_NumPass=-1;CPXPARAM_Preprocessing_Presolve=1;CPXPARAM_Preprocessing_QPMakePSD=1;CPXPARAM_Preprocessing_Reduce=3;CPXPARAM_Preprocessing_Relax=-1;CPXPARAM_Preprocessing_RepeatPresolve=-1;CPXPARAM_Preprocessing_Symmetry=-1;CPXPARAM_Read_Scale=0;CPXPARAM_Sifting_Algorithm=0;CPXPARAM_Simplex_Crash=1;CPXPARAM_Simplex_DGradient=0;CPXPARAM_Simplex_Limits_Perturbation=0;CPXPARAM_Simplex_Limits_Singularity=10;CPXPARAM_Simplex_PGradient=0;CPXPARAM_Simplex_Pricing=0;CPXPARAM_Simplex_Refactor=0
7824124523479702288,0,CPXPARAM_Advance=1;CPXPARAM_Barrier_Algorithm=0;CPXPARAM_Barrier_ColNonzeros=0;CPXPARAM_Barrier_Crossover=0;CPXPARAM_Barrier_Limits_Corrections=-1;CPXPARAM_Barrier_Ordering=0;CPXPARAM_Barrier_StartAlg=1;CPXPARAM_Emphasis_MIP=4;CPXPARAM_Emphasis_Memory=0;CPXPARAM_Emphasis_Numerical=0;CPXPARAM_Feasopt_Mode=0;CPXPARAM_LPMethod=0;CPXPARAM_MIP_Cuts_Cliques=-1;CPXPARAM_MIP_Cuts_Covers=0;CPXPARAM_MIP_Cuts_Disjunctive=-1;CPXPARAM_MIP_Cuts_FlowCovers=1;CPXPARAM_MIP_Cuts_GUBCovers=0;CPXPARAM_MIP_Cuts_Gomory=0;CPXPARAM_MIP_Cuts_Implied=0;CPXPARAM_MIP_Cuts_MIRCut=2;CPXPARAM_MIP_Cuts_PathCut=-1;CPXPARAM_MIP_Limits_AggForCut=3;CPXPARAM_MIP_Limits_CutPasses=0;CPXPARAM_MIP_Limits_CutsFactor=-1;CPXPARAM_MIP_Limits_GomoryCand=150;CPXPARAM_MIP_Limits_GomoryPass=0;CPXPARAM_MIP_Limits_Nodes=9223372036800000000;CPXPARAM_MIP_Limits_ProbeTime=1e+75;CPXPARAM_MIP_Limits_RepairTries=0;CPXPARAM_MIP_Limits_StrongCand=10;CPXPARAM_MIP_Limits_StrongIt=0;CPXPARAM_MIP_OrderType=0;CPXPARAM_MIP_Strategy_BBInterval=7;CPXPARAM_MIP_Strategy_Branch=0;CPXPARAM_MIP_Strategy_Dive=0;CPXPARAM_MIP_Strategy_File=1;CPXPARAM_MIP_Strategy_HeuristicFreq=-1;CPXPARAM_MIP_Strategy_LBHeur=0;CPXPARAM_MIP_Strategy_NodeSelect=1;CPXPARAM_MIP_Strategy_Order=1;CPXPARAM_MIP_Strategy_PresolveNode=0;CPXPARAM_MIP_Strategy_Probe=-1;CPXPARAM_MIP_Strategy_RINSHeur=0;CPXPARAM_MIP_Strategy_StartAlgorithm=0;CPXPARAM_MIP_Strategy_SubAlgorithm=0;CPXPARAM_MIP_Strategy_VariableSelect=0;CPXPARAM_Network_NetFind=2;CPXPARAM_Network_Pricing=0;CPXPARAM_Parallel=1;CPXPARAM_Preprocessing_Aggregator=-1;CPXPARAM_Preprocessing_BoundStrength=-1;CPXPARAM_Preprocessing_CoeffReduce=-1;CPXPARAM_Preprocessing_Dependency=-1;CPXPARAM_Preprocessing_Dual=0;CPXPARAM_Preprocessing_Fill=10;CPXPARAM_Preprocessing_NumPass=-1;CPXPARAM_Preprocessing_Presolve=1;CPXPARAM_Preprocessing_QPMakePSD=1;CPXPARAM_Preprocessing_Reduce=3;CPXPARAM_Preprocessing_Relax=-1;CPXPARAM_Preprocessing_RepeatPresolve=-1;CPXPARAM_Preprocessing_Symmetry=-1;CPXPARAM_Read_Scale=0;CPXPARAM_Sifting_Algorithm=0;CPXPARAM_Simplex_Crash=1;CPXPARAM_Simplex_DGradient=0;CPXPARAM_Simplex_Limits_Perturbation=0;CPXPARAM_Simplex_Limits_Singularity=10;CPXPARAM_Simplex_PGradient=0;CPXPARAM_Simplex_Pricing=0;CPXPARAM_Simplex_Refactor=0
11638671375625054276,0,CPXPARAM_Advance=1;CPXPARAM_Barrier_Algorithm=0;CPXPARAM_Barrier_ColNonzeros=0;CPXPARAM_Barrier_Crossover=0;CPXPARAM_Barrier_Limits_Corrections=-1;CPXPARAM_Barrier_Ordering=0;CPXPARAM_Barrier_StartAlg=1;CPXPARAM_Emphasis_MIP=4;CPXPARAM_Emphasis_Memory=0;CPXPARAM_Emphasis_Numerical=0;CPXPARAM_Feasopt_Mode=0;CPXPARAM_LPMethod=0;CPXPARAM_MIP_Cuts_Cliques=-1;CPXPARAM_MIP_Cuts_Covers=0;CPXPARAM_MIP_Cuts_Disjunctive=-1;CPXPARAM_MIP_Cuts_FlowCovers=1;CPXPARAM_MIP_Cuts_GUBCovers=0;CPXPARAM_MIP_Cuts_Gomory=0;CPXPARAM_MIP_Cuts_Implied=0;CPXPARAM_MIP_Cuts_MIRCut=2;CPXPARAM_MIP_Cuts_PathCut=-1;CPXPARAM_MIP_Limits_AggForCut=3;CPXPARAM_MIP_Limits_CutPasses=0;CPXPARAM_MIP_Limits_CutsFactor=-1;CPXPARAM_MIP_Limits_GomoryCand=150;CPXPARAM_MIP_Limits_GomoryPass=0;CPXPARAM_MIP_Limits_Nodes=9223372036800000000;CPXPARAM_MIP_Limits_ProbeTime=120;CPXPARAM_MIP_Limits_RepairTries=0;CPXPARAM_MIP_Limits_StrongCand=10;CPXPARAM_MIP_Limits_StrongIt=0;CPXPARAM_MIP_OrderType=0;CPXPARAM_MIP_Strategy_BBInterval=7;CPXPARAM_MIP_Strategy_Branch=0;CPXPARAM_MIP_Strategy_Dive=0;CPXPARAM_MIP_Strategy_File=1;CPXPARAM_MIP_Strategy_HeuristicFreq=0;CPXPARAM_MIP_Strategy_LBHeur=0;CPXPARAM_MIP_Strategy_NodeSelect=1;CPXPARAM_MIP_Strategy_Order=1;CPXPARAM_MIP_Strategy_PresolveNode=0;CPXPARAM_MIP_Strategy_Probe=-1;CPXPARAM_MIP_Strategy_RINSHeur=0;CPXPARAM_MIP_Strategy_StartAlgorithm=0;CPXPARAM_MIP_Strategy_SubAlgorithm=0;CPXPARAM_MIP_Strategy_VariableSelect=0;CPXPARAM_Network_NetFind=2;CPXPARAM_Network_Pricing=0;CPXPARAM_Parallel=1;CPXPARAM_Preprocessing_Aggregator=-1;CPXPARAM_Preprocessing_BoundStrength=-1;CPXPARAM_Preprocessing_CoeffReduce=-1;CPXPARAM_Preprocessing_Dependency=-1;CPXPARAM_Preprocessing_Dual=0;CPXPARAM_Preprocessing_Fill=10;CPXPARAM_Preprocessing_NumPass=-1;CPXPARAM_Preprocessing_Presolve=1;CPXPARAM_Preprocessing_QPMakePSD=1;CPXPARAM_Preprocessing_Reduce=3;CPXPARAM_Preprocessing_Relax=-1;CPXPARAM_Preprocessing_RepeatPresolve=-1;CPXPARAM_Preprocessing_Symmetry=-1;CPXPARAM_Read_Scale=0;CPXPARAM_Sifting_Algorithm=0;CPXPARAM_Simplex_Crash=1;CPXPARAM_Simplex_DGradient=0;CPXPARAM_Simplex_Limits_Perturbation=0;CPXPARAM_Simplex_Limits_Singularity=10;CPXPARAM_Simplex_PGradient=0;CPXPARAM_Simplex_Pricing=0;CPXPARAM_Simplex_Refactor=0
14000377372496685164,0,CPXPARAM_Advance=1;CPXPARAM_Barrier_Algorithm=0;CPXPARAM_Barrier_ColNonzeros=0;CPXPARAM_Barrier_Crossover=0;CPXPARAM_Barrier_Limits_Corrections=-1;CPXPARAM_Barrier_Ordering=0;CPXPARAM_Barrier_StartAlg=1;CPXPARAM_Emphasis_MIP=4;CPXPARAM_Emphasis_Memory=0;CPXPARAM_Emphasis_Numerical=0;CPXPARAM_Feasopt_Mode=0;CPXPARAM_LPMethod=0;CPXPARAM_MIP_Cuts_Cliques=-1;CPXPARAM_MIP_Cuts_Covers=0;CPXPARAM_MIP_Cuts_Disjunctive=-1;CPXPARAM_MIP_Cuts_FlowCovers=1;CPXPARAM_MIP_Cuts_GUBCovers=0;CPXPARAM_MIP_Cuts_Gomory=0;CPXPARAM_MIP_Cuts_Implied=0;CPXPARAM_MIP_Cuts_MIRCut=2;CPXPARAM_MIP_Cuts_PathCut=-1;CPXPARAM_MIP_Limits_AggForCut=3;CPXPARAM_MIP_Limits_CutPasses=0;CPXPARAM_MIP_Limits_CutsFactor=-1;CPXPARAM_MIP_Limits_GomoryCand=150;CPXPARAM_MIP_Limits_GomoryPass=0;CPXPARAM_MIP_Limits_Nodes=9223372036800000000;CPXPARAM_MIP_Limits_ProbeTime=1e+75;CPXPARAM_MIP_Limits_RepairTries=0;CPXPARAM_MIP_Limits_StrongCand=10;CPXPARAM_MIP_Limits_StrongIt=0;CPXPARAM_MIP_OrderType=0;CPXPARAM_MIP_Strategy_BBInterval=7;CPXPARAM_MIP_Strategy_Branch=0;CPXPARAM_MIP_Strategy_Dive=0;CPXPARAM_MIP_Strategy_File=1;CPXPARAM_MIP_Strategy_HeuristicFreq=0;CPXPARAM_MIP_Strategy_LBHeur=0;CPXPARAM_MIP_Strategy_NodeSelect=1;CPXPARAM_MIP_Strategy_Order=1;CPXPARAM_MIP_Strategy_PresolveNode=0;CPXPARAM_MIP_Strategy_Probe=-1;CPXPARAM_MIP_Strategy_RINSHeur=0;CPXPARAM_MIP_Strategy_StartAlgorithm=0;CPXPARAM_MIP_Strategy_SubAlgorithm=0;CPXPARAM_MIP_Strategy_VariableSelect=0;CPXPARAM_Network_NetFind=2;CPXPARAM_Network_Pricing=0;CPXPARAM_Parallel=1;CPXPARAM_Preprocessing_Aggregator=-1;CPXPARAM_Preprocessing_BoundStrength=-1;CPXPARAM_Preprocessing_CoeffReduce=-1;CPXPARAM_Preprocessing_Dependency=3;CPXPARAM_Preprocessing_Dual=0;CPXPARAM_Preprocessing_Fill=10;CPXPARAM_Preprocessing_NumPass=-1;CPXPARAM_Preprocessing_Presolve=1;CPXPARAM_Preprocessing_QPMakePSD=1;CPXPARAM_Preprocessing_Reduce=0;CPXPARAM_Preprocessing_Relax=-1;CPXPARAM_Preprocessing_RepeatPresolve=-1;CPXPARAM_Preprocessing_Symmetry=-1;CPXPARAM_Read_Scale=0;CPXPARAM_Sifting_Algorithm=0;CPXPARAM_Simplex_Crash=1;CPXPARAM_Simplex_DGradient=0;CPXPARAM_Simplex_Limits_Perturbation=0;CPXPARAM_Simplex_Limits_Singularity=10;CPXPARAM_Simplex_PGradient=0;CPXPARAM_Simplex_Pricing=0;CPXPARAM_Simplex_Refactor=0
15576180547134545009,0,CPXPARAM_Advance=1;CPXPARAM_Barrier_Algorithm=0;CPXPARAM_Barrier_ColNonzeros=0;CPXPARAM_Barrier_Crossover=0;CPXPARAM_Barrier_Limits_Corrections=-1;CPXPARAM_Barrier_Ordering=0;CPXPARAM_Barrier_StartAlg=1;CPXPARAM_Emphasis_MIP=4;CPXPARAM_Emphasis_Memory=0;CPXPARAM_Emphasis_Numerical=0;CPXPARAM_Feasopt_Mode=0;CPXPARAM_LPMethod=0;CPXPARAM_MIP_Cuts_Cliques=-1;CPXPARAM_MIP_Cuts_Covers=0;CPXPARAM_MIP_Cuts_Disjunctive=-1;CPXPARAM_MIP_Cuts_FlowCovers=1;CPXPARAM_MIP_Cuts_GUBCovers=0;CPXPARAM_MIP_Cuts_Gomory=0;CPXPARAM_MIP_Cuts_Implied=0;CPXPARAM_MIP_Cuts_MIRCut=2;CPXPARAM_MIP_Cuts_PathCut=-1;CPXPARAM_MIP_Limits_AggForCut=3;CPXPARAM_MIP_Limits_CutPasses=0;CPXPARAM_MIP_Limits_CutsFactor=-1;CPXPARAM_MIP_Limits_GomoryCand=150;CPXPARAM_MIP_Limits_GomoryPass=0;CPXPARAM_MIP_Limits_Nodes=9223372036800000000;CPXPARAM_MIP_Limits_ProbeTime=5;CPXPARAM_MIP_Limits_RepairTries=0;CPXPARAM_MIP_Limits_StrongCand=10;CPXPARAM_MIP_Limits_StrongIt=0;CPXPARAM_MIP_OrderType=0;CPXPARAM_MIP_Strategy_BBInterval=7;CPXPARAM_MIP_Strategy_Branch=0;CPXPARAM_MIP_Strategy_Dive=0;CPXPARAM_MIP_Strategy_File=1;CPXPARAM_MIP_Strategy_HeuristicFreq=0;CPXPARAM_MIP_Strategy_LBHeur=0;CPXPARAM_MIP_Strategy_NodeSelect=1;CPXPARAM_MIP_Strategy_Order=1;CPXPARAM_MIP_Strategy_PresolveNode=0;CPXPARAM_MIP_Strategy_Probe=-1;CPXPARAM_MIP_Strategy_RINSHeur=0;CPXPARAM_MIP_Strategy_StartAlgorithm=0;CPXPARAM_MIP_Strategy_SubAlgorithm=0;CPXPARAM_MIP_Strategy_VariableSelect=0;CPXPARAM_Network_NetFind=2;CPXPARAM_Network_Pricing=0;CPXPARAM_Parallel=1;CPXPARAM_Preprocessing_Aggregator=-1;CPXPARAM_Preprocessing_BoundStrength=-1;CPXPARAM_Preprocessing_CoeffReduce=-1;CPXPARAM_Preprocessing_Dependency=-1;CPXPARAM_Preprocessing_Dual=0;CPXPARAM_Preprocessing_Fill=10;CPXPARAM_Preprocessing_NumPass=-1;CPXPARAM_Preprocessing_Presolve=1;CPXPARAM_Preprocessing_QPMakePSD=1;CPXPARAM_Preprocessing_Reduce=3;CPXPARAM_Preprocessing_Relax=-1;CPXPARAM_Preprocessing_RepeatPresolve=-1;CPXPARAM_Preprocessing_Symmetry=-1;CPXPARAM_Read_Scale=0;CPXPARAM_Sifting_Algorithm=0;CPXPARAM_Simplex_Crash=1;CPXPARAM_Simplex_DGradient=0;CPXPARAM_Simplex_Limits_Perturbation=0;CPXPARAM_Simplex_Limits_Singularity=10;CPXPARAM_Simplex_PGradient=0;CPXPARAM_Simplex_Pricing=0;CPXPARAM_Simplex_Refactor=0
8020443102058210726,0,CPXPARAM_Advance=1;CPXPARAM_Barrier_Algorithm=0;CPXPARAM_Barrier_ColNonzeros=0;CPXPARAM_Barrier_Crossover=0;CPXPARAM_Barrier_Limits_Corrections=-1;CPXPARAM_Barrier_Ordering=0;CPXPARAM_Barrier_StartAlg=1;CPXPARAM_Emphasis_MIP=4;CPXPARAM_Emphasis_Memory=0;CPXPARAM_Emphasis_Numerical=0;CPXPARAM_Feasopt_Mode=0;CPXPARAM_LPMethod=0;CPXPARAM_MIP_Cuts_Cliques=-1;CPXPARAM_MIP_Cuts_Covers=0;CPXPARAM_MIP_Cuts_Disjunctive=-1;CPXPARAM_MIP_Cuts_FlowCovers=1;CPXPARAM_MIP_Cuts_GUBCovers=0;CPXPARAM_MIP_Cuts_Gomory=0;CPXPARAM_MIP_Cuts_Implied=0;CPXPARAM_MIP_Cuts_MIRCut=2;CPXPARAM_MIP_Cuts_PathCut=0;CPXPARAM_MIP_Limits_AggForCut=3;CPXPARAM_MIP_Limits_CutPasses=0;CPXPARAM_MIP_Limits_CutsFactor=-1;CPXPARAM_MIP_Limits_GomoryCand=150;CPXPARAM_MIP_Limits_GomoryPass=0;CPXPARAM_MIP_Limits_Nodes=9223372036800000000;CPXPARAM_MIP_Limits_ProbeTime=1e+75;CPXPARAM_MIP_Limits_RepairTries=0;CPXPARAM_MIP_Limits_StrongCand=10;CPXPARAM_MIP_Limits_StrongIt=0;CPXPARAM_MIP_OrderType=0;CPXPARAM_MIP_Strategy_BBInterval=7;CPXPARAM_MIP_Strategy_Branch=0;CPXPARAM_MIP_Strategy_Dive=0;CPXPARAM_MIP_Strategy_File=1;CPXPARAM_MIP_Strategy_HeuristicFreq=0;CPXPARAM_MIP_Strategy_LBHeur=0;CPXPARAM_MIP_Strategy_NodeSelect=1;CPXPARAM_MIP_Strategy_Order=1;CPXPARAM_MIP_Strategy_PresolveNode=0;CPXPARAM_MIP_Strategy_Probe=-1;CPXPARAM_MIP_Strategy_RINSHeur=0;CPXPARAM_MIP_Strategy_StartAlgorithm=0;CPXPARAM_MIP_Strategy_SubAlgorithm=0;CPXPARAM_MIP_Strategy_VariableSelect=0;CPXPARAM_Network_NetFind=2;CPXPARAM_Network_Pricing=0;CPXPARAM_Parallel=1;CPXPARAM_Preprocessing_Aggregator=-1;CPXPARAM_Preprocessing_BoundStrength=-1;CPXPARAM_Preprocessing_CoeffReduce=-1;CPXPARAM_Preprocessing_Dependency=3;CPXPARAM_Preprocessing_Dual=0;CPXPARAM_Preprocessing_Fill=10;CPXPARAM_Preprocessing_NumPass=-1;CPXPARAM_Preprocessing_Presolve=1;CPXPARAM_Preprocessing_QPMakePSD=1;CPXPARAM_Preprocessing_Reduce=3;CPXPARAM_Preprocessing_Relax=-1;CPXPARAM_Preprocessing_RepeatPresolve=-1;CPXPARAM_Preprocessing_Symmetry=-1;CPXPARAM_Read_Scale=0;CPXPARAM_Sifting_Algorithm=0;CPXPARAM_Simplex_Crash=1;CPXPARAM_Simplex_DGradient=0;CPXPARAM_Simplex_Limits_Perturbation=0;CPXPARAM_Simplex_Limits_Singularity=10;CPXPARAM_Simplex_PGradient=0;CPXPARAM_Simplex_Pricing=0;CPXPARAM_Simplex_Refactor=0
16729852871387998588,0,CPXPARAM_Advance=1;CPXPARAM_Barrier_Algorithm=0;CPXPARAM_Barrier_ColNonzeros=0;CPXPARAM_Barrier_Crossover=0;CPXPARAM_Barrier_Limits_Corrections=-1;CPXPARAM_Barrier_Ordering=0;CPXPARAM_Barrier_StartAlg=1;CPXPARAM_Emphasis_MIP=4;CPXPARAM_Emphasis_Memory=0;CPXPARAM_Emphasis_Numerical=0;CPXPARAM_Feasopt_Mode=0;CPXPARAM_LPMethod=0;CPXPARAM_MIP_Cuts_Cliques=-1;CPXPARAM_MIP_Cuts_Covers=0;CPXPARAM_MIP_Cuts_Disjunctive=-1;CPXPARAM_MIP_Cuts_FlowCovers=1;CPXPARAM_MIP_Cuts_GUBCovers=0;CPXPARAM_MIP_Cuts_Gomory=0;CPXPARAM_MIP_Cuts_Implied=0;CPXPARAM_MIP_Cuts_MIRCut=2;CPXPARAM_MIP_Cuts_PathCut=-1;CPXPARAM_MIP_Limits_AggForCut=3;CPXPARAM_MIP_Limits_CutPasses=0;CPXPARAM_MIP_Limits_CutsFactor=-1;CPXPARAM_MIP_Limits_GomoryCand=150;CPXPARAM_MIP_Limits_GomoryPass=0;CPXPARAM_MIP_Limits_Nodes=9223372036800000000;CPXPARAM_MIP_Limits_ProbeTime=1e+75;CPXPARAM_MIP_Limits_RepairTries=0;CPXPARAM_MIP_Limits_StrongCand=10;CPXPARAM_MIP_Limits_StrongIt=0;CPXPARAM_MIP_OrderType=0;CPXPARAM_MIP_Strategy_BBInterval=7;CPXPARAM_MIP_Strategy_Branch=0;CPXPARAM_MIP_Strategy_Dive=0;CPXPARAM_MIP_Strategy_File=1;CPXPARAM_MIP_Strategy_HeuristicFreq=0;CPXPARAM_MIP_Strategy_LBHeur=0;CPXPARAM_MIP_Strategy_NodeSelect=1;CPXPARAM_MIP_Strategy_Order=1;CPXPARAM_MIP_Strategy_PresolveNode=0;CPXPARAM_MIP_Strategy_Probe=-1;CPXPARAM_MIP_Strategy_RINSHeur=0;CPXPARAM_MIP_Strategy_StartAlgorithm=0;CPXPARAM_MIP_Strategy_SubAlgorithm=0;CPXPARAM_MIP_Strategy_VariableSelect=0;CPXPARAM_Network_NetFind=2;CPXPARAM_Network_Pricing=0;CPXPARAM_Parallel=1;CPXPARAM_Preprocessing_Aggregator=-1;CPXPARAM_Preprocessing_BoundStrength=-1;CPXPARAM_Preprocessing_CoeffReduce=0;CPXPARAM_Preprocessing_Dependency=3;CPXPARAM_Preprocessing_Dual=0;CPXPARAM_Preprocessing_Fill=10;CPXPARAM_Preprocessing_NumPass=-1;CPXPARAM_Preprocessing_Presolve=1;CPXPARAM_Preprocessing_QPMakePSD=1;CPXPARAM_Preprocessing_Reduce=3;CPXPARAM_Preprocessing_Relax=-1;CPXPARAM_Preprocessing_RepeatPresolve=-1;CPXPARAM_Preprocessing_Symmetry=-1;CPXPARAM_Read_Scale=0;CPXPARAM_Sifting_Algorithm=0;CPXPARAM_Simplex_Crash=1;CPXPARAM_Simplex_DGradient=0;CPXPARAM_Simplex_Limits_Perturbation=0;CPXPARAM_Simplex_Limits_Singularity=10;CPXPARAM_Simplex_PGradient=0;CPXPARAM_Simplex_Pricing=0;CPXPARAM_Simplex_Refactor=0
1775507817219562878,0,CPXPARAM_Advance=1;CPXPARAM_Barrier_Algorithm=0;CPXPARAM_Barrier_ColNonzeros=0;CPXPARAM_Barrier_Crossover=0;CPXPARAM_Barrier_Limits_Corrections=-1;CPXPARAM_Barrier_Ordering=0;CPXPARAM_Barrier_StartAlg=1;CPXPARAM_Emphasis_MIP=4;CPXPARAM_Emphasis_Memory=0;CPXPARAM_Emphasis_Numerical=0;CPXPARAM_Feasopt_Mode=0;CPXPARAM_LPMethod=0;CPXPARAM_MIP_Cuts_Cliques=-1;CPXPARAM_MIP_Cuts_Covers=0;CPXPARAM_MIP_Cuts_Disjunctive=1;CPXPARAM_MIP_Cuts_FlowCovers=1;CPXPARAM_MIP_Cuts_GUBCovers=0;CPXPARAM_MIP_Cuts_Gomory=0;CPXPARAM_MIP_Cuts_Implied=0;CPXPARAM_MIP_Cuts_MIRCut=2;CPXPARAM_MIP_Cuts_PathCut=-1;CPXPARAM_MIP_Limits_AggForCut=3;CPXPARAM_MIP_Limits_CutPasses=0;CPXPARAM_MIP_Limits_CutsFactor=-1;CPXPARAM_MIP_Limits_GomoryCand=150;CPXPARAM_MIP_Limits_GomoryPass=0;CPXPARAM_MIP_Limits_Nodes=9223372036800000000;CPXPARAM_MIP_Limits_ProbeTime=1e+75;CPXPARAM_MIP_Limits_RepairTries=0;CPXPARAM_MIP_Limits_StrongCand=10;CPXPARAM_MIP_Limits_StrongIt=0;CPXPARAM_MIP_OrderType=0;CPXPARAM_MIP_Strategy_BBInterval=7;CPXPARAM_MIP_Strategy_Branch=0;CPXPARAM_MIP_Strategy_Dive=0;CPXPARAM_MIP_Strategy_File=1;CPXPARAM_MIP_Strategy_HeuristicFreq=0;CPXPARAM_MIP_Strategy_LBHeur=0;CPXPARAM_MIP_Strategy_NodeSelect=1;CPXPARAM_MIP_Strategy_Order=1;CPXPARAM_MIP_Strategy_PresolveNode=0;CPXPARAM_MIP_Strategy_Probe=-1;CPXPARAM_MIP_Strategy_RINSHeur=0;CPXPARAM_MIP_Strategy_StartAlgorithm=0;CPXPARAM_MIP_Strategy_SubAlgorithm=0;CPXPARAM_MIP_Strategy_VariableSelect=0;CPXPARAM_Network_NetFind=2;CPXPARAM_Network_Pricing=0;CPXPARAM_Parallel=1;CPXPARAM_Preprocessing_Aggregator=-1;CPXPARAM_Preprocessing_BoundStrength=-1;CPXPARAM_Preprocessing_CoeffReduce=-1;CPXPARAM_Preprocessing_Dependency=-1;CPXPARAM_Preprocessing_Dual=0;CPXPARAM_Preprocessing_Fill=10;CPXPARAM_Preprocessing_NumPass=-1;CPXPARAM_Preprocessing_Presolve=1;CPXPARAM_Preprocessing_QPMakePSD=1;CPXPARAM_Preprocessing_Reduce=3;CPXPARAM_Preprocessing_Relax=-1;CPXPARAM_Preprocessing_RepeatPresolve=-1;CPXPARAM_Preprocessing_Symmetry=-1;CPXPARAM_Read_Scale=0;CPXPARAM_Sifting_Algorithm=0;CPXPARAM_Simplex_Crash=1;CPXPARAM_Simplex_DGradient=0;CPXPARAM_Simplex_Limits_Perturbation=0;CPXPARAM_Simplex_Limits_Singularity=10;CPXPARAM_Simplex_PGradient=0;CPXPARAM_Simplex_Pricing=0;CPXPARAM_Simplex_Refactor=0
15232564899688743865,0,CPXPARAM_Advance=1;CPXPARAM_Barrier_Algorithm=0;CPXPARAM_Barrier_ColNonzeros=0;CPXPARAM_Barrier_Crossover=0;CPXPARAM_Barrier_Limits_Corrections=-1;CPXPARAM_Barrier_Ordering=0;CPXPARAM_Barrier_StartAlg=1;CPXPARAM_Emphasis_MIP=4;CPXPARAM_Emphasis_Memory=0;CPXPARAM_Emphasis_Numerical=0;CPXPARAM_Feasopt_Mode=0;CPXPARAM_LPMethod=0;CPXPARAM_MIP_Cuts_Cliques=-1;CPXPARAM_MIP_Cuts_Covers=0;CPXPARAM_MIP_Cuts_Disjunctive=-1;CPXPARAM_MIP_Cuts_FlowCovers=1;CPXPARAM_MIP_Cuts_GUBCovers=0;CPXPARAM_MIP_Cuts_Gomory=0;CPXPARAM_MIP_Cuts_Implied=0;CPXPARAM_MIP_Cuts_MIRCut=2;CPXPARAM_MIP_Cuts_PathCut=-1;CPXPARAM_MIP_Limits_AggForCut=3;CPXPARAM_MIP_Limits_CutPasses=0;CPXPARAM_MIP_Limits_CutsFactor=-1;CPXPARAM_MIP_Limits_GomoryCand=150;CPXPARAM_MIP_Limits_GomoryPass=0;CPXPARAM_MIP_Limits_Nodes=9223372036800000000;CPXPARAM_MIP_Limits_ProbeTime=0;CPXPARAM_MIP_Limits_RepairTries=0;CPXPARAM_MIP_Limits_StrongCand=10;CPXPARAM_MIP_Limits_StrongIt=0;CPXPARAM_MIP_OrderType=0;CPXPARAM_MIP_Strategy_BBInterval=7;CPXPARAM_MIP_Strategy_Branch=0;CPXPARAM_MIP_Strategy_Dive=0;CPXPARAM_MIP_Strategy_File=1;CPXPARAM_MIP_Strategy_HeuristicFreq=0;CPXPARAM_MIP_Strategy_LBHeur=0;CPXPARAM_MIP_Strategy_NodeSelect=1;CPXPARAM_MIP_Strategy_Order=1;CPXPARAM_MIP_Strategy_PresolveNode=0;CPXPARAM_MIP_Strategy_Probe=-1;CPXPARAM_MIP_Strategy_RINSHeur=0;CPXPARAM_MIP_Strategy_StartAlgorithm=0;CPXPARAM_MIP_Strategy_SubAlgorithm=0;CPXPARAM_MIP_Strategy_VariableSelect=0;CPXPARAM_Network_NetFind=2;CPXPARAM_Network_Pricing=0;CPXPARAM_Parallel=1;CPXPARAM_Preprocessing_Aggregator=-1;CPXPARAM_Preprocessing_BoundStrength=-1;CPXPARAM_Preprocessing_CoeffReduce=-1;CPXPARAM_Preprocessing_Dependency=-1;CPXPARAM_Preprocessing_Dual=0;CPXPARAM_Preprocessing_Fill=10;CPXPARAM_Preprocessing_NumPass=-1;CPXPARAM_Preprocessing_Presolve=1;CPXPARAM_Preprocessing_QPMakePSD=1;CPXPARAM_Preprocessing_Reduce=3;CPXPARAM_Preprocessing_Relax=-1;CPXPARAM_Preprocessing_RepeatPresolve=-1;CPXPARAM_Preprocessing_Symmetry=-1;CPXPARAM_Read_Scale=0;CPXPARAM_Sifting_Algorithm=0;CPXPARAM_Simplex_Crash=1;CPXPARAM_Simplex_DGradient=0;CPXPARAM_Simplex_Limits_Perturbation=0;CPXPARAM_Simplex_Limits_Singularity=10;CPXPARAM_Simplex_PGradient=0;CPXPARAM_Simplex_Pricing=0;CPXPARAM_Simplex_Refactor=0
10877655792289626707,0,CPXPARAM_Advance=1;CPXPARAM_Barrier_Algorithm=0;CPXPARAM_Barrier_ColNonzeros=0;CPXPARAM_Barrier_Crossover=0;CPXPARAM_Barrier_Limits_Corrections=-1;CPXPARAM_Barrier_Ordering=0;CPXPARAM_Barrier_StartAlg=1;CPXPARAM_Emphasis_MIP=4;CPXPARAM_Emphasis_Memory=0;CPXPARAM_Emphasis_Numerical=0;CPXPARAM_Feasopt_Mode=0;CPXPARAM_LPMethod=0;CPXPARAM_MIP_Cuts_Cliques=-1;CPXPARAM_MIP_Cuts_Covers=0;CPXPARAM_MIP_Cuts_Disjunctive=-1;CPXPARAM_MIP_Cuts_FlowCovers=1;CPXPARAM_MIP_Cuts_GUBCovers=-1;CPXPARAM_MIP_Cuts_Gomory=0;CPXPARAM_MIP_Cuts_Implied=0;CPXPARAM_MIP_Cuts_MIRCut=2;CPXPARAM_MIP_Cuts_PathCut=-1;CPXPARAM_MIP_Limits_AggForCut=3;CPXPARAM_MIP_Limits_CutPasses=0;CPXPARAM_MIP_Limits_CutsFactor=-1;CPXPARAM_MIP_Limits_GomoryCand=150;CPXPARAM_MIP_Limits_GomoryPass=0;CPXPARAM_MIP_Limits_Nodes=9223372036800000000;CPXPARAM_MIP_Limits_ProbeTime=1e+75;CPXPARAM_MIP_Limits_RepairTries=0;CPXPARAM_MIP_Limits_StrongCand=10;CPXPARAM_MIP_Limits_StrongIt=0;CPXPARAM_MIP_OrderType=0;CPXPARAM_MIP_Strategy_BBInterval=7;CPXPARAM_MIP_Strategy_Branch=0;CPXPARAM_MIP_Strategy_Dive=0;CPXPARAM_MIP_Strategy_File=1;CPXPARAM_MIP_Strategy_HeuristicFreq=0;CPXPARAM_MIP_Strategy_LBHeur=0;CPXPARAM_MIP_Strategy_NodeSelect=1;CPXPARAM_MIP_Strategy_Order=1;CPXPARAM_MIP_Strategy_PresolveNode=0;CPXPARAM_MIP_Strategy_Probe=-1;CPXPARAM_MIP_Strategy_RINSHeur=0;CPXPARAM_MIP_Strategy_StartAlgorithm=0;CPXPARAM_MIP_Strategy_SubAlgorithm=0;CPXPARAM_MIP_Strategy_VariableSelect=0;CPXPARAM_Network_NetFind=2;CPXPARAM_Network_Pricing=0;CPXPARAM_Parallel=1;CPXPARAM_Preprocessing_Aggregator=-1;CPXPARAM_Preprocessing_BoundStrength=-1;CPXPARAM_Preprocessing_CoeffReduce=-1;CPXPARAM_Preprocessing_Dependency=-1;CPXPARAM_Preprocessing_Dual=0;CPXPARAM_Preprocessing_Fill=10;CPXPARAM_Preprocessing_NumPass=-1;CPXPARAM_Preprocessing_Presolve=1;CPXPARAM_Preprocessing_QPMakePSD=1;CPXPARAM_Preprocessing_Reduce=3;CPXPARAM_Preprocessing_Relax=-1;CPXPARAM_Preprocessing_RepeatPresolve=-1;CPXPARAM_Preprocessing_Symmetry=-1;CPXPARAM_Read_Scale=0;CPXPARAM_Sifting_Algorithm=0;CPXPARAM_Simplex_Crash=1;CPXPARAM_Simplex_DGradient=0;CPXPARAM_Simplex_Limits_Perturbation=0;CPXPARAM_Simplex_Limits_Singularity=10;CPXPARAM_Simplex_PGradient=0;CPXPARAM_Simplex_Pricing=0;CPXPARAM_Simplex_Refactor=0
5541657848523956778,0,CPXPARAM_Advance=1;CPXPARAM_Barrier_Algorithm=0;CPXPARAM_Barrier_ColNonzeros=0;CPXPARAM_Barrier_Crossover=0;CPXPARAM_Barrier_Limits_Corrections=-1;CPXPARAM_Barrier_Ordering=0;CPXPARAM_Barrier_StartAlg=1;CPXPARAM_Emphasis_MIP=4;CPXPARAM_Emphasis_Memory=0;CPXPARAM_Emphasis_Numerical=0;CPXPARAM_Feasopt_Mode=0;CPXPARAM_LPMethod=0;CPXPARAM_MIP_Cuts_Cliques=-1;CPXPARAM_MIP_Cuts_Covers=0;CPXPARAM_MIP_Cuts_Disjunctive=-1;CPXPARAM_MIP_Cuts_FlowCovers=1;CPXPARAM_MIP_Cuts_GUBCovers=0;CPXPARAM_MIP_Cuts_Gomory=0;CPXPARAM_MIP_Cuts_Implied=0;CPXPARAM_MIP_Cuts_MIRCut=2;CPXPARAM_MIP_Cuts_PathCut=-1;CPXPARAM_MIP_Limits_AggForCut=3;CPXPARAM_MIP_Limits_CutPasses=0;CPXPARAM_MIP_Limits_CutsFactor=-1;CPXPARAM_MIP_Limits_GomoryCand=150;CPXPARAM_MIP_Limits_GomoryPass=0;CPXPARAM_MIP_Limits_Nodes=9223372036800000000;CPXPARAM_MIP_Limits_ProbeTime=1e+75;CPXPARAM_MIP_Limits_RepairTries=0;CPXPARAM_MIP_Limits_StrongCand=10;CPXPARAM_MIP_Limits_StrongIt=0;CPXPARAM_MIP_OrderType=0;CPXPARAM_MIP_Strategy_BBInterval=7;CPXPARAM_MIP_Strategy_Branch=0;CPXPARAM_MIP_Strategy_Dive=0;CPXPARAM_MIP_Strategy_File=1;CPXPARAM_MIP_Strategy_HeuristicFreq=0;CPXPARAM_MIP_Strategy_LBHeur=0;CPXPARAM_MIP_Strategy_NodeSelect=1;CPXPARAM_MIP_Strategy_Order=1;CPXPARAM_MIP_Strategy_PresolveNode=0;CPXPARAM_MIP_Strategy_Probe=-1;CPXPARAM_MIP_Strategy_RINSHeur=0;CPXPARAM_MIP_Strategy_StartAlgorithm=0;CPXPARAM_MIP_Strategy_SubAlgorithm=0;CPXPARAM_MIP_Strategy_VariableSelect=0;CPXPARAM_Network_NetFind=2;CPXPARAM_Network_Pricing=0;CPXPARAM_Parallel=1;CPXPARAM_Preprocessing_Aggregator=-1;CPXPARAM_Preprocessing_BoundStrength=0;CPXPARAM_Preprocessing_CoeffReduce=-1;CPXPARAM_Preprocessing_Dependency=-1;CPXPARAM_Preprocessing_Dual=0;CPXPARAM_Preprocessing_Fill=10;CPXPARAM_Preprocessing_NumPass=-1;CPXPARAM_Preprocessing_Presolve=1;CPXPARAM_Preprocessing_QPMakePSD=1;CPXPARAM_Preprocessing_Reduce=3;CPXPARAM_Preprocessing_Relax=-1;CPXPARAM_Preprocessing_RepeatPresolve=-1;CPXPARAM_Preprocessing_Symmetry=-1;CPXPARAM_Read_Scale=0;CPXPARAM_Sifting_Algorithm=0;CPXPARAM_Simplex_Crash=1;CPXPARAM_Simplex_DGradient=0;CPXPARAM_Simplex_Limits_Perturbation=0;CPXPARAM_Simplex_Limits_Singularity=10;CPXPARAM_Simplex_PGradient=0;CPXPARAM_Simplex_Pricing=0;CPXPARAM_Simplex_Refactor=0
1374025596140688415,0,CPXPARAM_Advance=1;CPXPARAM_Barrier_Algorithm=0;CPXPARAM_Barrier_ColNonzeros=0;CPXPARAM_Barrier_Crossover=0;CPXPARAM_Barrier_Limits_Corrections=-1;CPXPARAM_Barrier_Ordering=0;CPXPARAM_Barrier_StartAlg=1;CPXPARAM_Emphasis_MIP=4;CPXPARAM_Emphasis_Memory=0;CPXPARAM_Emphasis_Numerical=0;CPXPARAM_Feasopt_Mode=0;CPXPARAM_LPMethod=0;CPXPARAM_MIP_Cuts_Cliques=-1;CPXPARAM_MIP_Cuts_Covers=0;CPXPARAM_MIP_Cuts_Disjunctive=-1;CPXPARAM_MIP_Cuts_FlowCovers=1;CPXPARAM_MIP_Cuts_GUBCovers=0;CPXPARAM_MIP_Cuts_Gomory=0;CPXPARAM_MIP_Cuts_Implied=0;CPXPARAM_MIP_Cuts_MIRCut=2;CPXPARAM_MIP_Cuts_PathCut=-1;CPXPARAM_MIP_Limits_AggForCut=3;CPXPARAM_MIP_Limits_CutPasses=0;CPXPARAM_MIP_Limits_CutsFactor=-1;CPXPARAM_MIP_Limits_GomoryCand=150;CPXPARAM_MIP_Limits_GomoryPass=0;CPXPARAM_MIP_Limits_Nodes=9223372036800000000;CPXPARAM_MIP_Limits_ProbeTime=240;CPXPARAM_MIP_Limits_RepairTries=0;CPXPARAM_MIP_Limits_StrongCand=10;CPXPARAM_MIP_Limits_StrongIt=0;CPXPARAM_MIP_OrderType=0;CPXPARAM_MIP_Strategy_BBInterval=7;CPXPARAM_MIP_Strategy_Branch=0;CPXPARAM_MIP_Strategy_Dive=0;CPXPARAM_MIP_Strategy_File=1;CPXPARAM_MIP_Strategy_HeuristicFreq=0;CPXPARAM_MIP_Strategy_LBHeur=0;CPXPARAM_MIP_Strategy_NodeSelect=1;CPXPARAM_MIP_Strategy_Order=1;CPXPARAM_MIP_Strategy_PresolveNode=0;CPXPARAM_MIP_Strategy_Probe=-1;CPXPARAM_MIP_Strategy_RINSHeur=0;CPXPARAM_MIP_Strategy_StartAlgorithm=0;CPXPARAM_MIP_Strategy_SubAlgorithm=0;CPXPARAM_MIP_Strategy_VariableSelect=0;CPXPARAM_Network_NetFind=2;CPXPARAM_Network_Pricing=0;CPXPARAM_Parallel=1;CPXPARAM_Preprocessing_Aggregator=-1;CPXPARAM_Preprocessing_BoundStrength=-1;CPXPARAM_Preprocessing_CoeffReduce=-1;CPXPARAM_Preprocessing_Dependency=-1;CPXPARAM_Preprocessing_Dual=0;CPXPARAM_Preprocessing_Fill=10;CPXPARAM_Preprocessing_NumPass=-1;CPXPARAM_Preprocessing_Presolve=1;CPXPARAM_Preprocessing_QPMakePSD=1;CPXPARAM_Preprocessing_Reduce=3;CPXPARAM_Preprocessing_Relax=-1;CPXPARAM_Preprocessing_RepeatPresolve=-1;CPXPARAM_Preprocessing_Symmetry=-1;CPXPARAM_Read_Scale=0;CPXPARAM_Sifting_Algorithm=0;CPXPARAM_Simplex_Crash=1;CPXPARAM_Simplex_DGradient=0;CPXPARAM_Simplex_Limits_Perturbation=0;CPXPARAM_Simplex_Limits_Singularity=10;CPXPARAM_Simplex_PGradient=0;CPXPARAM_Simplex_Pricing=0;CPXPARAM_Simplex_Refactor=0
18335131980439371040,0,CPXPARAM_Advance=1;CPXPARAM_Barrier_Algorithm=0;CPXPARAM_Barrier_ColNonzeros=0;CPXPARAM_Barrier_Crossover=0;CPXPARAM_Barrier_Limits_Corrections=-1;CPXPARAM_Barrier_Ordering=0;CPXPARAM_Barrier_StartAlg=1;CPXPARAM_Emphasis_MIP=4;CPXPARAM_Emphasis_Memory=0;CPXPARAM_Emphasis_Numerical=0;CPXPARAM_Feasopt_Mode=0;CPXPARAM_LPMethod=0;CPXPARAM_MIP_Cuts_Cliques=-1;CPXPARAM_MIP_Cuts_Covers=0;CPXPARAM_MIP_Cuts_Disjunctive=-1;CPXPARAM_MIP_Cuts_FlowCovers=1;CPXPARAM_MIP_Cuts_GUBCovers=0;CPXPARAM_MIP_Cuts_Gomory=0;CPXPARAM_MIP_Cuts_Implied=0;CPXPARAM_MIP_Cuts_MIRCut=2;CPXPARAM_MIP_Cuts_PathCut=-1;CPXPARAM_MIP_Limits_AggForCut=3;CPXPARAM_MIP_Limits_CutPasses=0;CPXPARAM_MIP_Limits_CutsFactor=-1;CPXPARAM_MIP_Limits_GomoryCand=150;CPXPARAM_MIP_Limits_GomoryPass=0;CPXPARAM_MIP_Limits_Nodes=9223372036800000000;CPXPARAM_MIP_Limits_ProbeTime=1e+75;CPXPARAM_MIP_Limits_RepairTries=0;CPXPARAM_MIP_Limits_StrongCand=10;CPXPARAM_MIP_Limits_StrongIt=0;CPXPARAM_MIP_OrderType=0;CPXPARAM_MIP_Strategy_BBInterval=7;CPXPARAM_MIP_Strategy_Branch=0;CPXPARAM_MIP_Strategy_Dive=3;CPXPARAM_MIP_Strategy_File=1;CPXPARAM_MIP_Strategy_HeuristicFreq=0;CPXPARAM_MIP_Strategy_LBHeur=0;CPXPARAM_MIP_Strategy_NodeSelect=1;CPXPARAM_MIP_Strategy_Order=1;CPXPARAM_MIP_Strategy_PresolveNode=0;CPXPARAM_MIP_Strategy_Probe=-1;CPXPARAM_MIP_Strategy_RINSHeur=0;CPXPARAM_MIP_Strategy_StartAlgorithm=0;CPXPARAM_MIP_Strategy_SubAlgorithm=0;CPXPARAM_MIP_Strategy_VariableSelect=0;CPXPARAM_Network_NetFind=2;CPXPARAM_Network_Pricing=0;CPXPARAM_Parallel=1;CPXPARAM_Preprocessing_Aggregator=-1;CPXPARAM_Preprocessing_BoundStrength=-1;CPXPARAM_Preprocessing_CoeffReduce=-1;CPXPARAM_Preprocessing_Dependency=-1;CPXPARAM_Preprocessing_Dual=0;CPXPARAM_Preprocessing_Fill=10;CPXPARAM_Preprocessing_NumPass=-1;CPXPARAM_Preprocessing_Presolve=1;CPXPARAM_Preprocessing_QPMakePSD=1;CPXPARAM_Preprocessing_Reduce=3;CPXPARAM_Preprocessing_Relax=-1;CPXPARAM_Preprocessing_RepeatPresolve=-1;CPXPARAM_Preprocessing_Symmetry=-1;CPXPARAM_Read_Scale=0;CPXPARAM_Sifting_Algorithm=0;CPXPARAM_Simplex_Crash=1;CPXPARAM_Simplex_DGradient=0;CPXPARAM_Simplex_Limits_Perturbation=0;CPXPARAM_Simplex_Limits_Singularity=10;CPXPARAM_Simplex_PGradient=0;CPXPARAM_Simplex_Pricing=0;CPXPARAM_Simplex_Refactor=0
5154823512648087571,0,CPXPARAM_Advance=1;CPXPARAM_Barrier_Algorithm=0;CPXPARAM_Barrier_ColNonzeros=0;CPXPARAM_Barrier_Crossover=0;CPXPARAM_Barrier_Limits_Corrections=-1;CPXPARAM_Barrier_Ordering=0;CPXPARAM_Barrier_StartAlg=1;CPXPARAM_Emphasis_MIP=5;CPXPARAM_Emphasis_Memory=0;CPXPARAM_Emphasis_Numerical=0;CPXPARAM_Feasopt_Mode=0;CPXPARAM_LPMethod=0;CPXPARAM_MIP_Cuts_Cliques=3;CPXPARAM_MIP_Cuts_Covers=0;CPXPARAM_MIP_Cuts_Disjunctive=0;CPXPARAM_MIP_Cuts_FlowCovers=0;CPXPARAM_MIP_Cuts_GUBCovers=1;CPXPARAM_MIP_Cuts_Gomory=2;CPXPARAM_MIP_Cuts_Implied=1;CPXPARAM_MIP_Cuts_MIRCut=1;CPXPARAM_MIP_Cuts_PathCut=0;CPXPARAM_MIP_Limits_AggForCut=3;CPXPARAM_MIP_Limits_CutPasses=0;CPXPARAM_MIP_Limits_CutsFactor=-1;CPXPARAM_MIP_Limits_GomoryCand=800;CPXPARAM_MIP_Limits_GomoryPass=0;CPXPARAM_MIP_Limits_Nodes=9223372036800000000;CPXPARAM_MIP_Limits_ProbeTime=1e+75;CPXPARAM_MIP_Limits_RepairTries=0;CPXPARAM_MIP_Limits_StrongCand=10;CPXPARAM_MIP_Limits_StrongIt=0;CPXPARAM_MIP_OrderType=0;CPXPARAM_MIP_Strategy_BBInterval=7;CPXPARAM_MIP_Strategy_Branch=0;CPXPARAM_MIP_Strategy_Dive=0;CPXPARAM_MIP_Strategy_File=1;CPXPARAM_MIP_Strategy_HeuristicFreq=0;CPXPARAM_MIP_Strategy_LBHeur=0;CPXPARAM_MIP_Strategy_NodeSelect=1;CPXPARAM_MIP_Strategy_Order=1;CPXPARAM_MIP_Strategy_PresolveNode=0;CPXPARAM_MIP_Strategy_Probe=0;CPXPARAM_MIP_Strategy_RINSHeur=0;CPXPARAM_MIP_Strategy_StartAlgorithm=0;CPXPARAM_MIP_Strategy_SubAlgorithm=0;CPXPARAM_MIP_Strategy_VariableSelect=0;CPXPARAM_Network_NetFind=2;CPXPARAM_Network_Pricing=0;CPXPARAM_Parallel=1;CPXPARAM_Preprocessing_Aggregator=-1;CPXPARAM_Preprocessing_BoundStrength=-1;CPXPARAM_Preprocessing_CoeffReduce=-1;CPXPARAM_Preprocessing_Dependency=-1;CPXPARAM_Preprocessing_Dual=0;CPXPARAM_Preprocessing_Fill=10;CPXPARAM_Preprocessing_NumPass=-1;CPXPARAM_Preprocessing_Presolve=1;CPXPARAM_Preprocessing_QPMakePSD=1;CPXPARAM_Preprocessing_Reduce=3;CPXPARAM_Preprocessing_Relax=-1;CPXPARAM_Preprocessing_RepeatPresolve=-1;CPXPARAM_Preprocessing_Symmetry=-1;CPXPARAM_Read_Scale=0;CPXPARAM_Sifting_Algorithm=0;CPXPARAM_Simplex_Crash=1;CPXPARAM_Simplex_DGradient=0;CPXPARAM_Simplex_Limits_Perturbation=0;CPXPARAM_Simplex_Limits_Singularity=10;CPXPARAM_Simplex_PGradient=0;CPXPARAM_Simplex_Pricing=0;CPXPARAM_Simplex_Refactor=0
11159003572903081088,0,CPXPARAM_Advance=1;CPXPARAM_Barrier_Algorithm=0;CPXPARAM_Barrier_ColNonzeros=0;CPXPARAM_Barrier_Crossover=0;CPXPARAM_Barrier_Limits_Corrections=-1;CPXPARAM_Barrier_Ordering=0;CPXPARAM_Barrier_StartAlg=1;CPXPARAM_Emphasis_MIP=4;CPXPARAM_Emphasis_Memory=0;CPXPARAM_Emphasis_Numerical=0;CPXPARAM_Feasopt_Mode=0;CPXPARAM_LPMethod=0;CPXPARAM_MIP_Cuts_Cliques=-1;CPXPARAM_MIP_Cuts_Covers=0;CPXPARAM_MIP_Cuts_Disjunctive=-1;CPXPARAM_MIP_Cuts_FlowCovers=1;CPXPARAM_MIP_Cuts_GUBCovers=0;CPXPARAM_MIP_Cuts_Gomory=0;CPXPARAM_MIP_Cuts_Implied=0;CPXPARAM_MIP_Cuts_MIRCut=2;CPXPARAM_MIP_Cuts_PathCut=-1;CPXPARAM_MIP_Limits_AggForCut=3;CPXPARAM_MIP_Limits_CutPasses=0;CPXPARAM_MIP_Limits_CutsFactor=-1;CPXPARAM_MIP_Limits_GomoryCand=150;CPXPARAM_MIP_Limits_GomoryPass=0;CPXPARAM_MIP_Limits_Nodes=9223372036800000000;CPXPARAM_MIP_Limits_ProbeTime=1e+75;CPXPARAM_MIP_Limits_RepairTries=0;CPXPARAM_MIP_Limits_StrongCand=10;CPXPARAM_MIP_Limits_StrongIt=0;CPXPARAM_MIP_OrderType=0;CPXPARAM_MIP_Strategy_BBInterval=7;CPXPARAM_MIP_Strategy_Branch=0;CPXPARAM_MIP_Strategy_Dive=2;CPXPARAM_MIP_Strategy_File=1;CPXPARAM_MIP_Strategy_HeuristicFreq=0;CPXPARAM_MIP_Strategy_LBHeur=0;CPXPARAM_MIP_Strategy_NodeSelect=1;CPXPARAM_MIP_Strategy_Order=1;CPXPARAM_MIP_Strategy_PresolveNode=0;CPXPARAM_MIP_Strategy_Probe=-1;CPXPARAM_MIP_Strategy_RINSHeur=0;CPXPARAM_MIP_Strategy_StartAlgorithm=0;CPXPARAM_MIP_Strategy_SubAlgorithm=0;CPXPARAM_MIP_Strategy_VariableSelect=0;CPXPARAM_Network_NetFind=2;CPXPARAM_Network_Pricing=0;CPXPARAM_Parallel=1;CPXPARAM_Preprocessing_Aggregator=-1;CPXPARAM_Preprocessing_BoundStrength=-1;CPXPARAM_Preprocessing_CoeffReduce=-1;CPXPARAM_Preprocessing_Dependency=-1;CPXPARAM_Preprocessing_Dual=0;CPXPARAM_Preprocessing_Fill=10;CPXPARAM_Preprocessing_NumPass=-1;CPXPARAM_Preprocessing_Presolve=1;CPXPARAM_Preprocessing_QPMakePSD=1;CPXPARAM_Preprocessing_Reduce=3;CPXPARAM_Preprocessing_Relax=-1;CPXPARAM_Preprocessing_RepeatPresolve=-1;CPXPARAM_Preprocessing_Symmetry=-1;CPXPARAM_Read_Scale=0;CPXPARAM_Sifting_Algorithm=0;CPXPARAM_Simplex_Crash=1;CPXPARAM_Simplex_DGradient=0;CPXPARAM_Simplex_Limits_Perturbation=0;CPXPARAM_Simplex_Limits_Singularity=10;CPXPARAM_Simplex_PGradient=0;CPXPARAM_Simplex_Pricing=0;CPXPARAM_Simplex_Refactor=0
15710303919254324917,0,CPXPARAM_Advance=1;CPXPARAM_Barrier_Algorithm=0;CPXPARAM_Barrier_ColNonzeros=0;CPXPARAM_Barrier_Crossover=0;CPXPARAM_Barrier_Limits_Corrections=-1;CPXPARAM_Barrier_Ordering=0;CPXPARAM_Barrier_StartAlg=1;CPXPARAM_Emphasis_MIP=4;CPXPARAM_Emphasis_Memory=0;CPXPARAM_Emphasis_Numerical=0;CPXPARAM_Feasopt_Mode=0;CPXPARAM_LPMethod=0;CPXPARAM_MIP_Cuts_Cliques=-1;CPXPARAM_MIP_Cuts_Covers=0;CPXPARAM_MIP_Cuts_Disjunctive=-1;CPXPARAM_MIP_Cuts_FlowCovers=-1;CPXPARAM_MIP_Cuts_GUBCovers=0;CPXPARAM_MIP_Cuts_Gomory=0;CPXPARAM_MIP_Cuts_Implied=0;CPXPARAM_MIP_Cuts_MIRCut=2;CPXPARAM_MIP_Cuts_PathCut=-1;CPXPARAM_MIP_Limits_AggForCut=3;CPXPARAM_MIP_Limits_CutPasses=0;CPXPARAM_MIP_Limits_CutsFactor=-1;CPXPARAM_MIP_Limits_GomoryCand=150;CPXPARAM_MIP_Limits_GomoryPass=0;CPXPARAM_MIP_Limits_Nodes=9223372036800000000;CPXPARAM_MIP_Limits_ProbeTime=1e+75;CPXPARAM_MIP_Limits_RepairTries=0;CPXPARAM_MIP_Limits_StrongCand=10;CPXPARAM_MIP_Limits_StrongIt=0;CPXPARAM_MIP_OrderType=0;CPXPARAM_MIP_Strategy_BBInterval=7;CPXPARAM_MIP_Strategy_Branch=0;CPXPARAM_MIP_Strategy_Dive=0;CPXPARAM_MIP_Strategy_File=1;CPXPARAM_MIP_Strategy_HeuristicFreq=0;CPXPARAM_MIP_Strategy_LBHeur=0;CPXPARAM_MIP_Strategy_NodeSelect=1;CPXPARAM_MIP_Strategy_Order=1;CPXPARAM_MIP_Strategy_PresolveNode=0;CPXPARAM_MIP_Strategy_Probe=0;CPXPARAM_MIP_Strategy_RINSHeur=0;CPXPARAM_MIP_Strategy_StartAlgorithm=0;CPXPARAM_MIP_Strategy_SubAlgorithm=0;CPXPARAM_MIP_Strategy_VariableSelect=0;CPXPARAM_Network_NetFind=2;CPXPARAM_Network_Pricing=0;CPXPARAM_Parallel=1;CPXPARAM_Preprocessing_Aggregator=-1;CPXPARAM_Preprocessing_BoundStrength=-1;CPXPARAM_Preprocessing_CoeffReduce=-1;CPXPARAM_Preprocessing_Dependency=-1;CPXPARAM_Preprocessing_Dual=0;CPXPARAM_Preprocessing_Fill=10;CPXPARAM_Preprocessing_NumPass=-1;CPXPARAM_Preprocessing_Presolve=1;CPXPARAM_Preprocessing_QPMakePSD=1;CPXPARAM_Preprocessing_Reduce=3;CPXPARAM_Preprocessing_Relax=-1;CPXPARAM_Preprocessing_RepeatPresolve=-1;CPXPARAM_Preprocessing_Symmetry=-1;CPXPARAM_Read_Scale=0;CPXPARAM_Sifting_Algorithm=0;CPXPARAM_Simplex_Crash=1;CPXPARAM_Simplex_DGradient=0;CPXPARAM_Simplex_Limits_Perturbation=0;CPXPARAM_Simplex_Limits_Singularity=10;CPXPARAM_Simplex_PGradient=0;CPXPARAM_Simplex_Pricing=0;CPXPARAM_Simplex_Refactor=0
6898253396022163208,0,CPXPARAM_Advance=1;CPXPARAM_Barrier_Algorithm=0;CPXPARAM_Barrier_ColNonzeros=0;CPXPARAM_Barrier_Crossover=0;CPXPARAM_Barrier_Limits_Corrections=-1;CPXPARAM_Barrier_Ordering=0;CPXPARAM_Barrier_StartAlg=1;CPXPARAM_Emphasis_MIP=4;CPXPARAM_Emphasis_Memory=0;CPXPARAM_Emphasis_Numerical=0;CPXPARAM_Feasopt_Mode=0;CPXPARAM_LPMethod=0;CPXPARAM_MIP_Cuts_Cliques=-1;CPXPARAM_MIP_Cuts_Covers=0;CPXPARAM_MIP_Cuts_Disjunctive=-1;CPXPARAM_MIP_Cuts_FlowCovers=1;CPXPARAM_MIP_Cuts_GUBCovers=0;CPXPARAM_MIP_Cuts_Gomory=0;CPXPARAM_MIP_Cuts_Implied=0;CPXPARAM_MIP_Cuts_MIRCut=2;CPXPARAM_MIP_Cuts_PathCut=-1;CPXPARAM_MIP_Limits_AggForCut=3;CPXPARAM_MIP_Limits_CutPasses=0;CPXPARAM_MIP_Limits_CutsFactor=4;CPXPARAM_MIP_Limits_GomoryCand=150;CPXPARAM_MIP_Limits_GomoryPass=0;CPXPARAM_MIP_Limits_Nodes=9223372036800000000;CPXPARAM_MIP_Limits_ProbeTime=1e+75;CPXPARAM_MIP_Limits_RepairTries=0;CPXPARAM_MIP_Limits_StrongCand=10;CPXPARAM_MIP_Limits_StrongIt=0;CPXPARAM_MIP_OrderType=0;CPXPARAM_MIP_Strategy_BBInterval=7;CPXPARAM_MIP_Strategy_Branch=0;CPXPARAM_MIP_Strategy_Dive=0;CPXPARAM_MIP_Strategy_File=1;CPXPARAM_MIP_Strategy_HeuristicFreq=0;CPXPARAM_MIP_Strategy_LBHeur=0;CPXPARAM_MIP_Strategy_NodeSelect=1;CPXPARAM_MIP_Strategy_Order=1;CPXPARAM_MIP_Strategy_PresolveNode=0;CPXPARAM_MIP_Strategy_Probe=-1;CPXPARAM_MIP_Strategy_RINSHeur=0;CPXPARAM_MIP_Strategy_StartAlgorithm=0;CPXPARAM_MIP_Strategy_SubAlgorithm=0;CPXPARAM_MIP_Strategy_VariableSelect=0;CPXPARAM_Network_NetFind=2;CPXPARAM_Network_Pricing=0;CPXPARAM_Parallel=1;CPXPARAM_Preprocessing_Aggregator=-1;CPXPARAM_Preprocessing_BoundStrength=-1;CPXPARAM_Preprocessing_CoeffReduce=-1;CPXPARAM_Preprocessing_Dependency=-1;CPXPARAM_Preprocessing_Dual=0;CPXPARAM_Preprocessing_Fill=10;CPXPARAM_Preprocessing_NumPass=-1;CPXPARAM_Preprocessing_Presolve=1;CPXPARAM_Preprocessing_QPMakePSD=1;CPXPARAM_Preprocessing_Reduce=3;CPXPARAM_Preprocessing_Relax=-1;CPXPARAM_Preprocessing_RepeatPresolve=-1;CPXPARAM_Preprocessing_Symmetry=-1;CPXPARAM_Read_Scale=0;CPXPARAM_Sifting_Algorithm=0;CPXPARAM_Simplex_Crash=1;CPXPARAM_Simplex_DGradient=0;CPXPARAM_Simplex_Limits_Perturbation=0;CPXPARAM_Simplex_Limits_Singularity=10;CPXPARAM_Simplex_PGradient=0;CPXPARAM_Simplex_Pricing=0;CPXPARAM_Simplex_Refactor=0
1939739191573973511,0,CPXPARAM_Advance=1;CPXPARAM_Barrier_Algorithm=0;CPXPARAM_Barrier_ColNonzeros=0;CPXPARAM_Barrier_Crossover=0;CPXPARAM_Barrier_Limits_Corrections=-1;CPXPARAM_Barrier_Ordering=0;CPXPARAM_Barrier_StartAlg=1;CPXPARAM_Emphasis_MIP=4;CPXPARAM_Emphasis_Memory=0;CPXPARAM_Emphasis_Numerical=0;CPXPARAM_Feasopt_Mode=0;CPXPARAM_LPMethod=0;CPXPARAM_MIP_Cuts_Cliques=-1;CPXPARAM_MIP_Cuts_Covers=0;CPXPARAM_MIP_Cuts_Disjunctive=-1;CPXPARAM_MIP_Cuts_FlowCovers=1;CPXPARAM_MIP_Cuts_GUBCovers=0;CPXPARAM_MIP_Cuts_Gomory=-1;CPXPARAM_MIP_Cuts_Implied=0;CPXPARAM_MIP_Cuts_MIRCut=2;CPXPARAM_MIP_Cuts_PathCut=-1;CPXPARAM_MIP_Limits_AggForCut=3;CPXPARAM_MIP_Limits_CutPasses=0;CPXPARAM_MIP_Limits_CutsFactor=-1;CPXPARAM_MIP_Limits_GomoryCand=150;CPXPARAM_MIP_Limits_GomoryPass=0;CPXPARAM_MIP_Limits_Nodes=9223372036800000000;CPXPARAM_MIP_Limits_ProbeTime=1e+75;CPXPARAM_MIP_Limits_RepairTries=0;CPXPARAM_MIP_Limits_StrongCand=10;CPXPARAM_MIP_Limits_StrongIt=0;CPXPARAM_MIP_OrderType=0;CPXPARAM_MIP_Strategy_BBInterval=7;CPXPARAM_MIP_Strategy_Branch=0;CPXPARAM_MIP_Strategy_Dive=0;CPXPARAM_MIP_Strategy_File=1;CPXPARAM_MIP_Strategy_HeuristicFreq=0;CPXPARAM_MIP_Strategy_LBHeur=0;CPXPARAM_MIP_Strategy_NodeSelect=1;CPXPARAM_MIP_Strategy_Order=1;CPXPARAM_MIP_Strategy_PresolveNode=0;CPXPARAM_MIP_Strategy_Probe=0;CPXPARAM_MIP_Strategy_RINSHeur=0;CPXPARAM_MIP_Strategy_StartAlgorithm=0;CPXPARAM_MIP_Strategy_SubAlgorithm=0;CPXPARAM_MIP_Strategy_VariableSelect=0;CPXPARAM_Network_NetFind=2;CPXPARAM_Network_Pricing=0;CPXPARAM_Parallel=1;CPXPARAM_Preprocessing_Aggregator=-1;CPXPARAM_Preprocessing_BoundStrength=-1;CPXPARAM_Preprocessing_CoeffReduce=-1;CPXPARAM_Preprocessing_Dependency=-1;CPXPARAM_Preprocessing_Dual=0;CPXPARAM_Preprocessing_Fill=10;CPXPARAM_Preprocessing_NumPass=-1;CPXPARAM_Preprocessing_Presolve=1;CPXPARAM_Preprocessing_QPMakePSD=1;CPXPARAM_Preprocessing_Reduce=3;CPXPARAM_Preprocessing_Relax=-1;CPXPARAM_Preprocessing_RepeatPresolve=-1;CPXPARAM_Preprocessing_Symmetry=-1;CPXPARAM_Read_Scale=0;CPXPARAM_Sifting_Algorithm=0;CPXPARAM_Simplex_Crash=1;CPXPARAM_Simplex_DGradient=0;CPXPARAM_Simplex_Limits_Perturbation=0;CPXPARAM_Simplex_Limits_Singularity=10;CPXPARAM_Simplex_PGradient=0;CPXPARAM_Simplex_Pricing=0;CPXPARAM_Simplex_Refactor=0
1850087391404298592,0,CPXPARAM_Advance=1;CPXPARAM_Barrier_Algorithm=0;CPXPARAM_Barrier_ColNonzeros=0;CPXPARAM_Barrier_Crossover=0;CPXPARAM_Barrier_Limits_Corrections=-1;CPXPARAM_Barrier_Ordering=0;CPXPARAM_Barrier_StartAlg=1;CPXPARAM_Emphasis_MIP=4;CPXPARAM_Emphasis_Memory=0;CPXPARAM_Emphasis_Numerical=0;CPXPARAM_Feasopt_Mode=0;CPXPARAM_LPMethod=0;CPXPARAM_MIP_Cuts_Cliques=-1;CPXPARAM_MIP_Cuts_Covers=0;CPXPARAM_MIP_Cuts_Disjunctive=-1;CPXPARAM_MIP_Cuts_FlowCovers=1;CPXPARAM_MIP_Cuts_GUBCovers=0;CPXPARAM_MIP_Cuts_Gomory=0;CPXPARAM_MIP_Cuts_Implied=1;CPXPARAM_MIP_Cuts_MIRCut=2;CPXPARAM_MIP_Cuts_PathCut=-1;CPXPARAM_MIP_Limits_AggForCut=3;CPXPARAM_MIP_Limits_CutPasses=0;CPXPARAM_MIP_Limits_CutsFactor=-1;CPXPARAM_MIP_Limits_GomoryCand=150;CPXPARAM_MIP_Limits_GomoryPass=0;CPXPARAM_MIP_Limits_Nodes=9223372036800000000;CPXPARAM_MIP_Limits_ProbeTime=1e+75;CPXPARAM_MIP_Limits_RepairTries=0;CPXPARAM_MIP_Limits_StrongCand=10;CPXPARAM_MIP_Limits_StrongIt=0;CPXPARAM_MIP_OrderType=0;CPXPARAM_MIP_Strategy_BBInterval=7;CPXPARAM_MIP_Strategy_Branch=0;CPXPARAM_MIP_Strategy_Dive=0;CPXPARAM_MIP_Strategy_File=1;CPXPARAM_MIP_Strategy_HeuristicFreq=0;CPXPARAM_MIP_Strategy_LBHeur=0;CPXPARAM_MIP_Strategy_NodeSelect=1;CPXPARAM_MIP_Strategy_Order=1;CPXPARAM_MIP_Strategy_PresolveNode=0;CPXPARAM_MIP_Strategy_Probe=-1;CPXPARAM_MIP_Strategy_RINSHeur=0;CPXPARAM_MIP_Strategy_StartAlgorithm=0;CPXPARAM_MIP_Strategy_SubAlgorithm=0;CPXPARAM_MIP_Strategy_VariableSelect=0;CPXPARAM_Network_NetFind=2;CPXPARAM_Network_Pricing=0;CPXPARAM_Parallel=1;CPXPARAM_Preprocessing_Aggregator=-1;CPXPARAM_Preprocessing_BoundStrength=-1;CPXPARAM_Preprocessing_CoeffReduce=-1;CPXPARAM_Preprocessing_Dependency=-1;CPXPARAM_Preprocessing_Dual=0;CPXPARAM_Preprocessing_Fill=10;CPXPARAM_Preprocessing_NumPass=-1;CPXPARAM_Preprocessing_Presolve=1;CPXPARAM_Preprocessing_QPMakePSD=1;CPXPARAM_Preprocessing_Reduce=3;CPXPARAM_Preprocessing_Relax=-1;CPXPARAM_Preprocessing_RepeatPresolve=-1;CPXPARAM_Preprocessing_Symmetry=-1;CPXPARAM_Read_Scale=0;CPXPARAM_Sifting_Algorithm=0;CPXPARAM_Simplex_Crash=1;CPXPARAM_Simplex_DGradient=0;CPXPARAM_Simplex_Limits_Perturbation=0;CPXPARAM_Simplex_Limits_Singularity=10;CPXPARAM_Simplex_PGradient=0;CPXPARAM_Simplex_Pricing=0;CPXPARAM_Simplex_Refactor=0
13251303409702864342,0,CPXPARAM_Advance=1;CPXPARAM_Barrier_Algorithm=0;CPXPARAM_Barrier_ColNonzeros=0;CPXPARAM_Barrier_Crossover=0;CPXPARAM_Barrier_Limits_Corrections=-1;CPXPARAM_Barrier_Ordering=0;CPXPARAM_Barrier_StartAlg=1;CPXPARAM_Emphasis_MIP=4;CPXPARAM_Emphasis_Memory=0;CPXPARAM_Emphasis_Numerical=0;CPXPARAM_Feasopt_Mode=0;CPXPARAM_LPMethod=0;CPXPARAM_MIP_Cuts_Cliques=-1;CPXPARAM_MIP_Cuts_Covers=0;CPXPARAM_MIP_Cuts_Disjunctive=-1;CPXPARAM_MIP_Cuts_FlowCovers=1;CPXPARAM_MIP_Cuts_GUBCovers=0;CPXPARAM_MIP_Cuts_Gomory=0;CPXPARAM_MIP_Cuts_Implied=-1;CPXPARAM_MIP_Cuts_MIRCut=2;CPXPARAM_MIP_Cuts_PathCut=-1;CPXPARAM_MIP_Limits_AggForCut=3;CPXPARAM_MIP_Limits_CutPasses=0;CPXPARAM_MIP_Limits_CutsFactor=-1;CPXPARAM_MIP_Limits_GomoryCand=150;CPXPARAM_MIP_Limits_GomoryPass=0;CPXPARAM_MIP_Limits_Nodes=9223372036800000000;CPXPARAM_MIP_Limits_ProbeTime=1e+75;CPXPARAM_MIP_Limits_RepairTries=0;CPXPARAM_MIP_Limits_StrongCand=10;CPXPARAM_MIP_Limits_StrongIt=0;CPXPARAM_MIP_OrderType=0;CPXPARAM_MIP_Strategy_BBInterval=7;CPXPARAM_MIP_Strategy_Branch=0;CPXPARAM_MIP_Strategy_Dive=0;CPXPARAM_MIP_Strategy_File=1;CPXPARAM_MIP_Strategy_HeuristicFreq=0;CPXPARAM_MIP_Strategy_LBHeur=0;CPXPARAM_MIP_Strategy_NodeSelect=1;CPXPARAM_MIP_Strategy_Order=1;CPXPARAM_MIP_Strategy_PresolveNode=0;CPXPARAM_MIP_Strategy_Probe=-1;CPXPARAM_MIP_Strategy_RINSHeur=0;CPXPARAM_MIP_Strategy_StartAlgorithm=0;CPXPARAM_MIP_Strategy_SubAlgorithm=0;CPXPARAM_MIP_Strategy_VariableSelect=0;CPXPARAM_Network_NetFind=2;CPXPARAM_Network_Pricing=0;CPXPARAM_Parallel=1;CPXPARAM_Preprocessing_Aggregator=-1;CPXPARAM_Preprocessing_BoundStrength=-1;CPXPARAM_Preprocessing_CoeffReduce=-1;CPXPARAM_Preprocessing_Dependency=-1;CPXPARAM_Preprocessing_Dual=0;CPXPARAM_Preprocessing_Fill=10;CPXPARAM_Preprocessing_NumPass=-1;CPXPARAM_Preprocessing_Presolve=1;CPXPARAM_Preprocessing_QPMakePSD=1;CPXPARAM_Preprocessing_Reduce=3;CPXPARAM_Preprocessing_Relax=-1;CPXPARAM_Preprocessing_RepeatPresolve=-1;CPXPARAM_Preprocessing_Symmetry=-1;CPXPARAM_Read_Scale=0;CPXPARAM_Sifting_Algorithm=0;CPXPARAM_Simplex_Crash=1;CPXPARAM_Simplex_DGradient=0;CPXPARAM_Simplex_Limits_Perturbation=0;CPXPARAM_Simplex_Limits_Singularity=10;CPXPARAM_Simplex_PGradient=0;CPXPARAM_Simplex_Pricing=0;CPXPARAM_Simplex_Refactor=0
10541422411548963479,0,CPXPARAM_Advance=1;CPXPARAM_Barrier_Algorithm=0;CPXPARAM_Barrier_ColNonzeros=0;CPXPARAM_Barrier_Crossover=0;CPXPARAM_Barrier_Limits_Corrections=-1;CPXPARAM_Barrier_Ordering=0;CPXPARAM_Barrier_StartAlg=1;CPXPARAM_Emphasis_MIP=4;CPXPARAM_Emphasis_Memory=0;CPXPARAM_Emphasis_Numerical=0;CPXPARAM_Feasopt_Mode=0;CPXPARAM_LPMethod=0;CPXPARAM_MIP_Cuts_Cliques=-1;CPXPARAM_MIP_Cuts_Covers=0;CPXPARAM_MIP_Cuts_Disjunctive=-1;CPXPARAM_MIP_Cuts_FlowCovers=1;CPXPARAM_MIP_Cuts_GUBCovers=0;CPXPARAM_MIP_Cuts_Gomory=0;CPXPARAM_MIP_Cuts_Implied=0;CPXPARAM_MIP_Cuts_MIRCut=2;CPXPARAM_MIP_Cuts_PathCut=-1;CPXPARAM_MIP_Limits_AggForCut=3;CPXPARAM_MIP_Limits_CutPasses=0;CPXPARAM_MIP_Limits_CutsFactor=16;CPXPARAM_MIP_Limits_GomoryCand=150;CPXPARAM_MIP_Limits_GomoryPass=0;CPXPARAM_MIP_Limits_Nodes=9223372036800000000;CPXPARAM_MIP_Limits_ProbeTime=1e+75;CPXPARAM_MIP_Limits_RepairTries=0;CPXPARAM_MIP_Limits_StrongCand=10;CPXPARAM_MIP_Limits_StrongIt=0;CPXPARAM_MIP_OrderType=0;CPXPARAM_MIP_Strategy_BBInterval=7;CPXPARAM_MIP_Strategy_Branch=0;CPXPARAM_MIP_Strategy_Dive=0;CPXPARAM_MIP_Strategy_File=1;CPXPARAM_MIP_Strategy_HeuristicFreq=0;CPXPARAM_MIP_Strategy_LBHeur=0;CPXPARAM_MIP_Strategy_NodeSelect=1;CPXPARAM_MIP_Strategy_Order=1;CPXPARAM_MIP_Strategy_PresolveNode=0;CPXPARAM_MIP_Strategy_Probe=-1;CPXPARAM_MIP_Strategy_RINSHeur=0;CPXPARAM_MIP_Strategy_StartAlgorithm=0;CPXPARAM_MIP_Strategy_SubAlgorithm=0;CPXPARAM_MIP_Strategy_VariableSelect=0;CPXPARAM_Network_NetFind=2;CPXPARAM_Network_Pricing=0;CPXPARAM_Parallel=1;CPXPARAM_Preprocessing_Aggregator=-1;CPXPARAM_Preprocessing_BoundStrength=-1;CPXPARAM_Preprocessing_CoeffReduce=-1;CPXPARAM_Preprocessing_Dependency=-1;CPXPARAM_Preprocessing_Dual=0;CPXPARAM_Preprocessing_Fill=10;CPXPARAM_Preprocessing_NumPass=-1;CPXPARAM_Preprocessing_Presolve=1;CPXPARAM_Preprocessing_QPMakePSD=1;CPXPARAM_Preprocessing_Reduce=3;CPXPARAM_Preprocessing_Relax=-1;CPXPARAM_Preprocessing_RepeatPresolve=-1;CPXPARAM_Preprocessing_Symmetry=-1;CPXPARAM_Read_Scale=0;CPXPARAM_Sifting_Algorithm=0;CPXPARAM_Simplex_Crash=1;CPXPARAM_Simplex_DGradient=0;CPXPARAM_Simplex_Limits_Perturbation=0;CPXPARAM_Simplex_Limits_Singularity=10;CPXPARAM_Simplex_PGradient=0;CPXPARAM_Simplex_Pricing=0;CPXPARAM_Simplex_Refactor=0
827430819828963003,0,CPXPARAM_Advance=1;CPXPARAM_Barrier_Algorithm=0;CPXPARAM_Barrier_ColNonzeros=0;CPXPARAM_Barrier_Crossover=0;CPXPARAM_Barrier_Limits_Corrections=-1;CPXPARAM_Barrier_Ordering=0;CPXPARAM_Barrier_StartAlg=1;CPXPARAM_Emphasis_MIP=4;CPXPARAM_Emphasis_Memory=0;CPXPARAM_Emphasis_Numerical=0;CPXPARAM_Feasopt_Mode=5;CPXPARAM_LPMethod=0;CPXPARAM_MIP_Cuts_Cliques=-1;CPXPARAM_MIP_Cuts_Covers=0;CPXPARAM_MIP_Cuts_Disjunctive=-1;CPXPARAM_MIP_Cuts_FlowCovers=1;CPXPARAM_MIP_Cuts_GUBCovers=0;CPXPARAM_MIP_Cuts_Gomory=0;CPXPARAM_MIP_Cuts_Implied=0;CPXPARAM_MIP_Cuts_MIRCut=2;CPXPARAM_MIP_Cuts_PathCut=-1;CPXPARAM_MIP_Limits_AggForCut=3;CPXPARAM_MIP_Limits_CutPasses=0;CPXPARAM_MIP_Limits_CutsFactor=-1;CPXPARAM_MIP_Limits_GomoryCand=150;CPXPARAM_MIP_Limits_GomoryPass=0;CPXPARAM_MIP_Limits_Nodes=9223372036800000000;CPXPARAM_MIP_Limits_ProbeTime=1e+75;CPXPARAM_MIP_Limits_RepairTries=0;CPXPARAM_MIP_Limits_StrongCand=10;CPXPARAM_MIP_Limits_StrongIt=0;CPXPARAM_MIP_OrderType=0;CPXPARAM_MIP_Strategy_BBInterval=7;CPXPARAM_MIP_Strategy_Branch=0;CPXPARAM_MIP_Strategy_Dive=0;CPXPARAM_MIP_Strategy_File=1;CPXPARAM_MIP_Strategy_HeuristicFreq=0;CPXPARAM_MIP_Strategy_LBHeur=0;CPXPARAM_MIP_Strategy_NodeSelect=1;CPXPARAM_MIP_Strategy_Order=1;CPXPARAM_MIP_Strategy_PresolveNode=0;CPXPARAM_MIP_Strategy_Probe=-1;CPXPARAM_MIP_Strategy_RINSHeur=0;CPXPARAM_MIP_Strategy_StartAlgorithm=0;CPXPARAM_MIP_Strategy_SubAlgorithm=0;CPXPARAM_MIP_Strategy_VariableSelect=0;CPXPARAM_Network_NetFind=2;CPXPARAM_Network_Pricing=0;CPXPARAM_Parallel=1;CPXPARAM_Preprocessing_Aggregator=-1;CPXPARAM_Preprocessing_BoundStrength=-1;CPXPARAM_Preprocessing_CoeffReduce=-1;CPXPARAM_Preprocessing_Dependency=3;CPXPARAM_Preprocessing_Dual=0;CPXPARAM_Preprocessing_Fill=10;CPXPARAM_Preprocessing_NumPass=-1;CPXPARAM_Preprocessing_Presolve=1;CPXPARAM_Preprocessing_QPMakePSD=1;CPXPARAM_Preprocessing_Reduce=3;CPXPARAM_Preprocessing_Relax=-1;CPXPARAM_Preprocessing_RepeatPresolve=-1;CPXPARAM_Preprocessing_Symmetry=-1;CPXPARAM_Read_Scale=0;CPXPARAM_Sifting_Algorithm=0;CPXPARAM_Simplex_Crash=1;CPXPARAM_Simplex_DGradient=0;CPXPARAM_Simplex_Limits_Perturbation=0;CPXPARAM_Simplex_Limits_Singularity=10;CPXPARAM_Simplex_PGradient=0;CPXPARAM_Simplex_Pricing=0;CPXPARAM_Simplex_Refactor=0
1691823828036050319,0,CPXPARAM_Advance=1;CPXPARAM_Barrier_Algorithm=0;CPXPARAM_Barrier_ColNonzeros=0;CPXPARAM_Barrier_Crossover=0;CPXPARAM_Barrier_Limits_Corrections=-1;CPXPARAM_Barrier_Ordering=0;CPXPARAM_Barrier_StartAlg=1;CPXPARAM_Emphasis_MIP=4;CPXPARAM_Emphasis_Memory=0;CPXPARAM_Emphasis_Numerical=0;CPXPARAM_Feasopt_Mode=0;CPXPARAM_LPMethod=0;CPXPARAM_MIP_Cuts_Cliques=-1;CPXPARAM_MIP_Cuts_Covers=-1;CPXPARAM_MIP_Cuts_Disjunctive=-1;CPXPARAM_MIP_Cuts_FlowCovers=1;CPXPARAM_MIP_Cuts_GUBCovers=0;CPXPARAM_MIP_Cuts_Gomory=0;CPXPARAM_MIP_Cuts_Implied=0;CPXPARAM_MIP_Cuts_MIRCut=2;CPXPARAM_MIP_Cuts_PathCut=-1;CPXPARAM_MIP_Limits_AggForCut=3;CPXPARAM_MIP_Limits_CutPasses=0;CPXPARAM_MIP_Limits_CutsFactor=-1;CPXPARAM_MIP_Limits_GomoryCand=150;CPXPARAM_MIP_Limits_GomoryPass=0;CPXPARAM_MIP_Limits_Nodes=9223372036800000000;CPXPARAM_MIP_Limits_ProbeTime=1e+75;CPXPARAM_MIP_Limits_RepairTries=0;CPXPARAM_MIP_Limits_StrongCand=10;CPXPARAM_MIP_Limits_StrongIt=0;CPXPARAM_MIP_OrderType=0;CPXPARAM_MIP_Strategy_BBInterval=7;CPXPARAM_MIP_Strategy_Branch=0;CPXPARAM_MIP_Strategy_Dive=0;CPXPARAM_MIP_Strategy_File=1;CPXPARAM_MIP_Strategy_HeuristicFreq=0;CPXPARAM_MIP_Strategy_LBHeur=0;CPXPARAM_MIP_Strategy_NodeSelect=1;CPXPARAM_MIP_Strategy_Order=1;CPXPARAM_MIP_Strategy_PresolveNode=0;CPXPARAM_MIP_Strategy_Probe=-1;CPXPARAM_MIP_Strategy_RINSHeur=0;CPXPARAM_MIP_Strategy_StartAlgorithm=0;CPXPARAM_MIP_Strategy_SubAlgorithm=0;CPXPARAM_MIP_Strategy_VariableSelect=0;CPXPARAM_Network_NetFind=2;CPXPARAM_Network_Pricing=0;CPXPARAM_Parallel=1;CPXPARAM_Preprocessing_Aggregator=-1;CPXPARAM_Preprocessing_BoundStrength=-1;CPXPARAM_Preprocessing_CoeffReduce=-1;CPXPARAM_Preprocessing_Dependency=-1;CPXPARAM_Preprocessing_Dual=0;CPXPARAM_Preprocessing_Fill=10;CPXPARAM_Preprocessing_NumPass=-1;CPXPARAM_Preprocessing_Presolve=1;CPXPARAM_Preprocessing_QPMakePSD=1;CPXPARAM_Preprocessing_Reduce=3;CPXPARAM_Preprocessing_Relax=-1;CPXPARAM_Preprocessing_RepeatPresolve=-1;CPXPARAM_Preprocessing_Symmetry=-1;CPXPARAM_Read_Scale=0;CPXPARAM_Sifting_Algorithm=0;CPXPARAM_Simplex_Crash=1;CPXPARAM_Simplex_DGradient=0;CPXPARAM_Simplex_Limits_Perturbation=0;CPXPARAM_Simplex_Limits_Singularity=10;CPXPARAM_Simplex_PGradient=0;CPXPARAM_Simplex_Pricing=0;CPXPARAM_Simplex_Refactor=0
12537386809180288790,0,CPXPARAM_Advance=1;CPXPARAM_Barrier_Algorithm=0;CPXPARAM_Barrier_ColNonzeros=0;CPXPARAM_Barrier_Crossover=0;CPXPARAM_Barrier_Limits_Corrections=-1;CPXPARAM_Barrier_Ordering=0;CPXPARAM_Barrier_StartAlg=1;CPXPARAM_Emphasis_MIP=4;CPXPARAM_Emphasis_Memory=0;CPXPARAM_Emphasis_Numerical=0;CPXPARAM_Feasopt_Mode=0;CPXPARAM_LPMethod=0;CPXPARAM_MIP_Cuts_Cliques=-1;CPXPARAM_MIP_Cuts_Covers=0;CPXPARAM_MIP_Cuts_Disjunctive=1;CPXPARAM_MIP_Cuts_FlowCovers=1;CPXPARAM_MIP_Cuts_GUBCovers=0;CPXPARAM_MIP_Cuts_Gomory=0;CPXPARAM_MIP_Cuts_Implied=0;CPXPARAM_MIP_Cuts_MIRCut=2;CPXPARAM_MIP_Cuts_PathCut=-1;CPXPARAM_MIP_Limits_AggForCut=3;CPXPARAM_MIP_Limits_CutPasses=0;CPXPARAM_MIP_Limits_CutsFactor=-1;CPXPARAM_MIP_Limits_GomoryCand=150;CPXPARAM_MIP_Limits_GomoryPass=0;CPXPARAM_MIP_Limits_Nodes=9223372036800000000;CPXPARAM_MIP_Limits_ProbeTime=1e+75;CPXPARAM_MIP_Limits_RepairTries=0;CPXPARAM_MIP_Limits_StrongCand=10;CPXPARAM_MIP_Limits_StrongIt=0;CPXPARAM_MIP_OrderType=0;CPXPARAM_MIP_Strategy_BBInterval=7;CPXPARAM_MIP_Strategy_Branch=0;CPXPARAM_MIP_Strategy_Dive=0;CPXPARAM_MIP_Strategy_File=1;CPXPARAM_MIP_Strategy_HeuristicFreq=0;CPXPARAM_MIP_Strategy_LBHeur=0;CPXPARAM_MIP_Strategy_NodeSelect=1;CPXPARAM_MIP_Strategy_Order=1;CPXPARAM_MIP_Strategy_PresolveNode=0;CPXPARAM_MIP_Strategy_Probe=-1;CPXPARAM_MIP_Strategy_RINSHeur=0;CPXPARAM_MIP_Strategy_StartAlgorithm=0;CPXPARAM_MIP_Strategy_SubAlgorithm=0;CPXPARAM_MIP_Strategy_VariableSelect=0;CPXPARAM_Network_NetFind=2;CPXPARAM_Network_Pricing=0;CPXPARAM_Parallel=1;CPXPARAM_Preprocessing_Aggregator=-1;CPXPARAM_Preprocessing_BoundStrength=-1;CPXPARAM_Preprocessing_CoeffReduce=-1;CPXPARAM_Preprocessing_Dependency=3;CPXPARAM_Preprocessing_Dual=0;CPXPARAM_Preprocessing_Fill=10;CPXPARAM_Preprocessing_NumPass=-1;CPXPARAM_Preprocessing_Presolve=1;CPXPARAM_Preprocessing_QPMakePSD=1;CPXPARAM_Preprocessing_Reduce=3;CPXPARAM_Preprocessing_Relax=-1;CPXPARAM_Preprocessing_RepeatPresolve=-1;CPXPARAM_Preprocessing_Symmetry=-1;CPXPARAM_Read_Scale=0;CPXPARAM_Sifting_Algorithm=0;CPXPARAM_Simplex_Crash=1;CPXPARAM_Simplex_DGradient=0;CPXPARAM_Simplex_Limits_Perturbation=0;CPXPARAM_Simplex_Limits_Singularity=10;CPXPARAM_Simplex_PGradient=0;CPXPARAM_Simplex_Pricing=0;CPXPARAM_Simplex_Refactor=0
8175674723899007898,0,CPXPARAM_Advance=1;CPXPARAM_Barrier_Algorithm=0;CPXPARAM_Barrier_ColNonzeros=0;CPXPARAM_Barrier_Crossover=0;CPXPARAM_Barrier_Limits_Corrections=-1;CPXPARAM_Barrier_Ordering=0;CPXPARAM_Barrier_StartAlg=1;CPXPARAM_Emphasis_MIP=4;CPXPARAM_Emphasis_Memory=0;CPXPARAM_Emphasis_Numerical=0;CPXPARAM_Feasopt_Mode=0;CPXPARAM_LPMethod=0;CPXPARAM_MIP_Cuts_Cliques=-1;CPXPARAM_MIP_Cuts_Covers=0;CPXPARAM_MIP_Cuts_Disjunctive=-1;CPXPARAM_MIP_Cuts_FlowCovers=1;CPXPARAM_MIP_Cuts_GUBCovers=0;CPXPARAM_MIP_Cuts_Gomory=-1;CPXPARAM_MIP_Cuts_Implied=0;CPXPARAM_MIP_Cuts_MIRCut=2;CPXPARAM_MIP_Cuts_PathCut=-1;CPXPARAM_MIP_Limits_AggForCut=3;CPXPARAM_MIP_Limits_CutPasses=0;CPXPARAM_MIP_Limits_CutsFactor=-1;CPXPARAM_MIP_Limits_GomoryCand=150;CPXPARAM_MIP_Limits_GomoryPass=0;CPXPARAM_MIP_Limits_Nodes=9223372036800000000;CPXPARAM_MIP_Limits_ProbeTime=1e+75;CPXPARAM_MIP_Limits_RepairTries=0;CPXPARAM_MIP_Limits_StrongCand=10;CPXPARAM_MIP_Limits_StrongIt=0;CPXPARAM_MIP_OrderType=0;CPXPARAM_MIP_Strategy_BBInterval=7;CPXPARAM_MIP_Strategy_Branch=0;CPXPARAM_MIP_Strategy_Dive=0;CPXPARAM_MIP_Strategy_File=1;CPXPARAM_MIP_Strategy_HeuristicFreq=0;CPXPARAM_MIP_Strategy_LBHeur=0;CPXPARAM_MIP_Strategy_NodeSelect=1;CPXPARAM_MIP_Strategy_Order=1;CPXPARAM_MIP_Strategy_PresolveNode=0;CPXPARAM_MIP_Strategy_Probe=-1;CPXPARAM_MIP_Strategy_RINSHeur=0;CPXPARAM_MIP_Strategy_StartAlgorithm=0;CPXPARAM_MIP_Strategy_SubAlgorithm=0;CPXPARAM_MIP_Strategy_VariableSelect=0;CPXPARAM_Network_NetFind=2;CPXPARAM_Network_Pricing=0;CPXPARAM_Parallel=1;CPXPARAM_Preprocessing_Aggregator=-1;CPXPARAM_Preprocessing_BoundStrength=-1;CPXPARAM_Preprocessing_CoeffReduce=-1;CPXPARAM_Preprocessing_Dependency=3;CPXPARAM_Preprocessing_Dual=0;CPXPARAM_Preprocessing_Fill=10;CPXPARAM_Preprocessing_NumPass=-1;CPXPARAM_Preprocessing_Presolve=1;CPXPARAM_Preprocessing_QPMakePSD=1;CPXPARAM_Preprocessing_Reduce=3;CPXPARAM_Preprocessing_Relax=-1;CPXPARAM_Preprocessing_RepeatPresolve=-1;CPXPARAM_Preprocessing_Symmetry=-1;CPXPARAM_Read_Scale=0;CPXPARAM_Sifting_Algorithm=0;CPXPARAM_Simplex_Crash=1;CPXPARAM_Simplex_DGradient=0;CPXPARAM_Simplex_Limits_Perturbation=0;CPXPARAM_Simplex_Limits_Singularity=10;CPXPARAM_Simplex_PGradient=0;CPXPARAM_Simplex_Pricing=0;CPXPARAM_Simplex_Refactor=0
4155772635604059436,0,CPXPARAM_Advance=1;CPXPARAM_Barrier_Algorithm=0;CPXPARAM_Barrier_ColNonzeros=0;CPXPARAM_Barrier_Crossover=0;CPXPARAM_Barrier_Limits_Corrections=-1;CPXPARAM_Barrier_Ordering=0;CPXPARAM_Barrier_StartAlg=1;CPXPARAM_Emphasis_MIP=4;CPXPARAM_Emphasis_Memory=0;CPXPARAM_Emphasis_Numerical=0;CPXPARAM_Feasopt_Mode=0;CPXPARAM_LPMethod=0;CPXPARAM_MIP_Cuts_Cliques=-1;CPXPARAM_MIP_Cuts_Covers=0;CPXPARAM_MIP_Cuts_Disjunctive=-1;CPXPARAM_MIP_Cuts_FlowCovers=1;CPXPARAM_MIP_Cuts_GUBCovers=0;CPXPARAM_MIP_Cuts_Gomory=0;CPXPARAM_MIP_Cuts_Implied=0;CPXPARAM_MIP_Cuts_MIRCut=2;CPXPARAM_MIP_Cuts_PathCut=-1;CPXPARAM_MIP_Limits_AggForCut=3;CPXPARAM_MIP_Limits_CutPasses=0;CPXPARAM_MIP_Limits_CutsFactor=-1;CPXPARAM_MIP_Limits_GomoryCand=150;CPXPARAM_MIP_Limits_GomoryPass=0;CPXPARAM_MIP_Limits_Nodes=9223372036800000000;CPXPARAM_MIP_Limits_ProbeTime=1e+75;CPXPARAM_MIP_Limits_RepairTries=0;CPXPARAM_MIP_Limits_StrongCand=10;CPXPARAM_MIP_Limits_StrongIt=0;CPXPARAM_MIP_OrderType=0;CPXPARAM_MIP_Strategy_BBInterval=7;CPXPARAM_MIP_Strategy_Branch=0;CPXPARAM_MIP_Strategy_Dive=0;CPXPARAM_MIP_Strategy_File=1;CPXPARAM_MIP_Strategy_HeuristicFreq=0;CPXPARAM_MIP_Strategy_LBHeur=0;CPXPARAM_MIP_Strategy_NodeSelect=1;CPXPARAM_MIP_Strategy_Order=1;CPXPARAM_MIP_Strategy_PresolveNode=0;CPXPARAM_MIP_Strategy_Probe=-1;CPXPARAM_MIP_Strategy_RINSHeur=0;CPXPARAM_MIP_Strategy_StartAlgorithm=0;CPXPARAM_MIP_Strategy_SubAlgorithm=0;CPXPARAM_MIP_Strategy_VariableSelect=0;CPXPARAM_Network_NetFind=2;CPXPARAM_Network_Pricing=0;CPXPARAM_Parallel=1;CPXPARAM_Preprocessing_Aggregator=-1;CPXPARAM_Preprocessing_BoundStrength=-1;CPXPARAM_Preprocessing_CoeffReduce=-1;CPXPARAM_Preprocessing_Dependency=-1;CPXPARAM_Preprocessing_Dual=0;CPXPARAM_Preprocessing_Fill=10;CPXPARAM_Preprocessing_NumPass=-1;CPXPARAM_Preprocessing_Presolve=1;CPXPARAM_Preprocessing_QPMakePSD=1;CPXPARAM_Preprocessing_Reduce=3;CPXPARAM_Preprocessing_Relax=-1;CPXPARAM_Preprocessing_RepeatPresolve=-1;CPXPARAM_Preprocessing_Symmetry=-1;CPXPARAM_Read_Scale=0;CPXPARAM_Sifting_Algorithm=0;CPXPARAM_Simplex_Crash=1;CPXPARAM_Simplex_DGradient=0;CPXPARAM_Simplex_Limits_Perturbation=0;CPXPARAM_Simplex_Limits_Singularity=10;CPXPARAM_Simplex_PGradient=0;CPXPARAM_Simplex_Pricing=0;CPXPARAM_Simplex_Refactor=0
821411071291407746,0,CPXPARAM_Advance=2;CPXPARAM_Barrier_Algorithm=0;CPXPARAM_Barrier_ColNonzeros=0;CPXPARAM_Barrier_Crossover=0;CPXPARAM_Barrier_Limits_Corrections=-1;CPXPARAM_Barrier_Ordering=0;CPXPARAM_Barrier_StartAlg=1;CPXPARAM_Emphasis_MIP=4;CPXPARAM_Emphasis_Memory=0;CPXPARAM_Emphasis_Numerical=0;CPXPARAM_Feasopt_Mode=0;CPXPARAM_LPMethod=0;CPXPARAM_MIP_Cuts_Cliques=-1;CPXPARAM_MIP_Cuts_Covers=0;CPXPARAM_MIP_Cuts_Disjunctive=-1;CPXPARAM_MIP_Cuts_FlowCovers=1;CPXPARAM_MIP_Cuts_GUBCovers=0;CPXPARAM_MIP_Cuts_Gomory=0;CPXPARAM_MIP_Cuts_Implied=0;CPXPARAM_MIP_Cuts_MIRCut=2;CPXPARAM_MIP_Cuts_PathCut=-1;CPXPARAM_MIP_Limits_AggForCut=3;CPXPARAM_MIP_Limits_CutPasses=0;CPXPARAM_MIP_Limits_CutsFactor=-1;CPXPARAM_MIP_Limits_GomoryCand=150;CPXPARAM_MIP_Limits_GomoryPass=0;CPXPARAM_MIP_Limits_Nodes=9223372036800000000;CPXPARAM_MIP_Limits_ProbeTime=1e+75;CPXPARAM_MIP_Limits_RepairTries=0;CPXPARAM_MIP_Limits_StrongCand=10;CPXPARAM_MIP_Limits_StrongIt=0;CPXPARAM_MIP_OrderType=0;CPXPARAM_MIP_Strategy_BBInterval=7;CPXPARAM_MIP_Strategy_Branch=0;CPXPARAM_MIP_Strategy_Dive=0;CPXPARAM_MIP_Strategy_File=1;CPXPARAM_MIP_Strategy_HeuristicFreq=0;CPXPARAM_MIP_Strategy_LBHeur=0;CPXPARAM_MIP_Strategy_NodeSelect=1;CPXPARAM_MIP_Strategy_Order=1;CPXPARAM_MIP_Strategy_PresolveNode=0;CPXPARAM_MIP_Strategy_Probe=-1;CPXPARAM_MIP_Strategy_RINSHeur=0;CPXPARAM_MIP_Strategy_StartAlgorithm=0;CPXPARAM_MIP_Strategy_SubAlgorithm=0;CPXPARAM_MIP_Strategy_VariableSelect=0;CPXPARAM_Network_NetFind=2;CPXPARAM_Network_Pricing=0;CPXPARAM_Parallel=1;CPXPARAM_Preprocessing_Aggregator=-1;CPXPARAM_Preprocessing_BoundStrength=-1;CPXPARAM_Preprocessing_CoeffReduce=-1;CPXPARAM_Preprocessing_Dependency=3;CPXPARAM_Preprocessing_Dual=0;CPXPARAM_Preprocessing_Fill=10;CPXPARAM_Preprocessing_NumPass=-1;CPXPARAM_Preprocessing_Presolve=1;CPXPARAM_Preprocessing_QPMakePSD=1;CPXPARAM_Preprocessing_Reduce=3;CPXPARAM_Preprocessing_Relax=-1;CPXPARAM_Preprocessing_RepeatPresolve=-1;CPXPARAM_Preprocessing_Symmetry=-1;CPXPARAM_Read_Scale=0;CPXPARAM_Sifting_Algorithm=0;CPXPARAM_Simplex_Crash=1;CPXPARAM_Simplex_DGradient=0;CPXPARAM_Simplex_Limits_Perturbation=0;CPXPARAM_Simplex_Limits_Singularity=10;CPXPARAM_Simplex_PGradient=0;CPXPARAM_Simplex_Pricing=0;CPXPARAM_Simplex_Refactor=0
8751178157880752108,0,CPXPARAM_Advance=1;CPXPARAM_Barrier_Algorithm=0;CPXPARAM_Barrier_ColNonzeros=0;CPXPARAM_Barrier_Crossover=0;CPXPARAM_Barrier_Limits_Corrections=-1;CPXPARAM_Barrier_Ordering=0;CPXPARAM_Barrier_StartAlg=1;CPXPARAM_Emphasis_MIP=4;CPXPARAM_Emphasis_Memory=0;CPXPARAM_Emphasis_Numerical=0;CPXPARAM_Feasopt_Mode=0;CPXPARAM_LPMethod=0;CPXPARAM_MIP_Cuts_Cliques=-1;CPXPARAM_MIP_Cuts_Covers=0;CPXPARAM_MIP_Cuts_Disjunctive=-1;CPXPARAM_MIP_Cuts_FlowCovers=1;CPXPARAM_MIP_Cuts_GUBCovers=0;CPXPARAM_MIP_Cuts_Gomory=0;CPXPARAM_MIP_Cuts_Implied=0;CPXPARAM_MIP_Cuts_MIRCut=2;CPXPARAM_MIP_Cuts_PathCut=-1;CPXPARAM_MIP_Limits_AggForCut=3;CPXPARAM_MIP_Limits_CutPasses=0;CPXPARAM_MIP_Limits_CutsFactor=-1;CPXPARAM_MIP_Limits_GomoryCand=150;CPXPARAM_MIP_Limits_GomoryPass=0;CPXPARAM_MIP_Limits_Nodes=9223372036800000000;CPXPARAM_MIP_Limits_ProbeTime=1e+75;CPXPARAM_MIP_Limits_RepairTries=0;CPXPARAM_MIP_Limits_StrongCand=10;CPXPARAM_MIP_Limits_StrongIt=0;CPXPARAM_MIP_OrderType=0;CPXPARAM_MIP_Strategy_BBInterval=7;CPXPARAM_MIP_Strategy_Branch=0;CPXPARAM_MIP_Strategy_Dive=0;CPXPARAM_MIP_Strategy_File=1;CPXPARAM_MIP_Strategy_HeuristicFreq=0;CPXPARAM_MIP_Strategy_LBHeur=0;CPXPARAM_MIP_Strategy_NodeSelect=2;CPXPARAM_MIP_Strategy_Order=1;CPXPARAM_MIP_Strategy_PresolveNode=0;CPXPARAM_MIP_Strategy_Probe=-1;CPXPARAM_MIP_Strategy_RINSHeur=0;CPXPARAM_MIP_Strategy_StartAlgorithm=0;CPXPARAM_MIP_Strategy_SubAlgorithm=0;CPXPARAM_MIP_Strategy_VariableSelect=0;CPXPARAM_Network_NetFind=2;CPXPARAM_Network_Pricing=0;CPXPARAM_Parallel=1;CPXPARAM_Preprocessing_Aggregator=-1;CPXPARAM_Preprocessing_BoundStrength=-1;CPXPARAM_Preprocessing_CoeffReduce=-1;CPXPARAM_Preprocessing_Dependency=-1;CPXPARAM_Preprocessing_Dual=0;CPXPARAM_Preprocessing_Fill=10;CPXPARAM_Preprocessing_NumPass=-1;CPXPARAM_Preprocessing_Presolve=1;CPXPARAM_Preprocessing_QPMakePSD=1;CPXPARAM_Preprocessing_Reduce=3;CPXPARAM_Preprocessing_Relax=-1;CPXPARAM_Preprocessing_RepeatPresolve=-1;CPXPARAM_Preprocessing_Symmetry=-1;CPXPARAM_Read_Scale=0;CPXPARAM_Sifting_Algorithm=0;CPXPARAM_Simplex_Crash=1;CPXPARAM_Simplex_DGradient=0;CPXPARAM_Simplex_Limits_Perturbation=0;CPXPARAM_Simplex_Limits_Singularity=10;CPXPARAM_Simplex_PGradient=0;CPXPARAM_Simplex_Pricing=0;CPXPARAM_Simplex_Refactor=0
15066937111783280358,0,CPXPARAM_Advance=1;CPXPARAM_Barrier_Algorithm=0;CPXPARAM_Barrier_ColNonzeros=0;CPXPARAM_Barrier_Crossover=0;CPXPARAM_Barrier_Limits_Corrections=-1;CPXPARAM_Barrier_Ordering=0;CPXPARAM_Barrier_StartAlg=1;CPXPARAM_Emphasis_MIP=4;CPXPARAM_Emphasis_Memory=0;CPXPARAM_Emphasis_Numerical=0;CPXPARAM_Feasopt_Mode=0;CPXPARAM_LPMethod=0;CPXPARAM_MIP_Cuts_Cliques=-1;CPXPARAM_MIP_Cuts_Covers=0;CPXPARAM_MIP_Cuts_Disjunctive=-1;CPXPARAM_MIP_Cuts_FlowCovers=1;CPXPARAM_MIP_Cuts_GUBCovers=0;CPXPARAM_MIP_Cuts_Gomory=0;CPXPARAM_MIP_Cuts_Implied=0;CPXPARAM_MIP_Cuts_MIRCut=2;CPXPARAM_MIP_Cuts_PathCut=-1;CPXPARAM_MIP_Limits_AggForCut=3;CPXPARAM_MIP_Limits_CutPasses=0;CPXPARAM_MIP_Limits_CutsFactor=-1;CPXPARAM_MIP_Limits_GomoryCand=150;CPXPARAM_MIP_Limits_GomoryPass=0;CPXPARAM_MIP_Limits_Nodes=9223372036800000000;CPXPARAM_MIP_Limits_ProbeTime=1e+75;CPXPARAM_MIP_Limits_RepairTries=0;CPXPARAM_MIP_Limits_StrongCand=10;CPXPARAM_MIP_Limits_StrongIt=0;CPXPARAM_MIP_OrderType=0;CPXPARAM_MIP_Strategy_BBInterval=5;CPXPARAM_MIP_Strategy_Branch=0;CPXPARAM_MIP_Strategy_Dive=0;CPXPARAM_MIP_Strategy_File=1;CPXPARAM_MIP_Strategy_HeuristicFreq=0;CPXPARAM_MIP_Strategy_LBHeur=0;CPXPARAM_MIP_Strategy_NodeSelect=1;CPXPARAM_MIP_Strategy_Order=1;CPXPARAM_MIP_Strategy_PresolveNode=0;CPXPARAM_MIP_Strategy_Probe=-1;CPXPARAM_MIP_Strategy_RINSHeur=0;CPXPARAM_MIP_Strategy_StartAlgorithm=0;CPXPARAM_MIP_Strategy_SubAlgorithm=0;CPXPARAM_MIP_Strategy_VariableSelect=0;CPXPARAM_Network_NetFind=2;CPXPARAM_Network_Pricing=0;CPXPARAM_Parallel=1;CPXPARAM_Preprocessing_Aggregator=-1;CPXPARAM_Preprocessing_BoundStrength=-1;CPXPARAM_Preprocessing_CoeffReduce=-1;CPXPARAM_Preprocessing_Dependency=-1;CPXPARAM_Preprocessing_Dual=0;CPXPARAM_Preprocessing_Fill=10;CPXPARAM_Preprocessing_NumPass=-1;CPXPARAM_Preprocessing_Presolve=1;CPXPARAM_Preprocessing_QPMakePSD=1;CPXPARAM_Preprocessing_Reduce=3;CPXPARAM_Preprocessing_Relax=-1;CPXPARAM_Preprocessing_RepeatPresolve=-1;CPXPARAM_Preprocessing_Symmetry=-1;CPXPARAM_Read_Scale=0;CPXPARAM_Sifting_Algorithm=0;CPXPARAM_Simplex_Crash=1;CPXPARAM_Simplex_DGradient=0;CPXPARAM_Simplex_Limits_Perturbation=0;CPXPARAM_Simplex_Limits_Singularity=10;CPXPARAM_Simplex_PGradient=0;CPXPARAM_Simplex_Pricing=0;CPXPARAM_Simplex_Refactor=0
17643838467527098938,0,CPXPARAM_Advance=1;CPXPARAM_Barrier_Algorithm=0;CPXPARAM_Barrier_ColNonzeros=0;CPXPARAM_Barrier_Crossover=0;CPXPARAM_Barrier_Limits_Corrections=-1;CPXPARAM_Barrier_Ordering=0;CPXPARAM_Barrier_StartAlg=1;CPXPARAM_Emphasis_MIP=4;CPXPARAM_Emphasis_Memory=0;CPXPARAM_Emphasis_Numerical=0;CPXPARAM_Feasopt_Mode=0;CPXPARAM_LPMethod=0;CPXPARAM_MIP_Cuts_Cliques=-1;CPXPARAM_MIP_Cuts_Covers=0;CPXPARAM_MIP_Cuts_Disjunctive=-1;CPXPARAM_MIP_Cuts_FlowCovers=1;CPXPARAM_MIP_Cuts_GUBCovers=0;CPXPARAM_MIP_Cuts_Gomory=0;CPXPARAM_MIP_Cuts_Implied=-1;CPXPARAM_MIP_Cuts_MIRCut=2;CPXPARAM_MIP_Cuts_PathCut=-1;CPXPARAM_MIP_Limits_AggForCut=3;CPXPARAM_MIP_Limits_CutPasses=0;CPXPARAM_MIP_Limits_CutsFactor=-1;CPXPARAM_MIP_Limits_GomoryCand=150;CPXPARAM_MIP_Limits_GomoryPass=0;CPXPARAM_MIP_Limits_Nodes=9223372036800000000;CPXPARAM_MIP_Limits_ProbeTime=1e+75;CPXPARAM_MIP_Limits_RepairTries=0;CPXPARAM_MIP_Limits_StrongCand=10;CPXPARAM_MIP_Limits_StrongIt=0;CPXPARAM_MIP_OrderType=0;CPXPARAM_MIP_Strategy_BBInterval=7;CPXPARAM_MIP_Strategy_Branch=0;CPXPARAM_MIP_Strategy_Dive=0;CPXPARAM_MIP_Strategy_File=1;CPXPARAM_MIP_Strategy_HeuristicFreq=0;CPXPARAM_MIP_Strategy_LBHeur=0;CPXPARAM_MIP_Strategy_NodeSelect=1;CPXPARAM_MIP_Strategy_Order=1;CPXPARAM_MIP_Strategy_PresolveNode=0;CPXPARAM_MIP_Strategy_Probe=0;CPXPARAM_MIP_Strategy_RINSHeur=0;CPXPARAM_MIP_Strategy_StartAlgorithm=0;CPXPARAM_MIP_Strategy_SubAlgorithm=0;CPXPARAM_MIP_Strategy_VariableSelect=0;CPXPARAM_Network_NetFind=2;CPXPARAM_Network_Pricing=0;CPXPARAM_Parallel=1;CPXPARAM_Preprocessing_Aggregator=-1;CPXPARAM_Preprocessing_BoundStrength=-1;CPXPARAM_Preprocessing_CoeffReduce=-1;CPXPARAM_Preprocessing_Dependency=-1;CPXPARAM_Preprocessing_Dual=0;CPXPARAM_Preprocessing_Fill=10;CPXPARAM_Preprocessing_NumPass=-1;CPXPARAM_Preprocessing_Presolve=1;CPXPARAM_Preprocessing_QPMakePSD=1;CPXPARAM_Preprocessing_Reduce=3;CPXPARAM_Preprocessing_Relax=-1;CPXPARAM_Preprocessing_RepeatPresolve=-1;CPXPARAM_Preprocessing_Symmetry=-1;CPXPARAM_Read_Scale=0;CPXPARAM_Sifting_Algorithm=0;CPXPARAM_Simplex_Crash=1;CPXPARAM_Simplex_DGradient=0;CPXPARAM_Simplex_Limits_Perturbation=0;CPXPARAM_Simplex_Limits_Singularity=10;CPXPARAM_Simplex_PGradient=0;CPXPARAM_Simplex_Pricing=0;CPXPARAM_Simplex_Refactor=0
13461202008721771106,0,CPXPARAM_Advance=1;CPXPARAM_Barrier_Algorithm=0;CPXPARAM_Barrier_ColNonzeros=0;CPXPARAM_Barrier_Crossover=0;CPXPARAM_Barrier_Limits_Corrections=-1;CPXPARAM_Barrier_Ordering=0;CPXPARAM_Barrier_StartAlg=1;CPXPARAM_Emphasis_MIP=4;CPXPARAM_Emphasis_Memory=0;CPXPARAM_Emphasis_Numerical=0;CPXPARAM_Feasopt_Mode=0;CPXPARAM_LPMethod=0;CPXPARAM_MIP_Cuts_Cliques=-1;CPXPARAM_MIP_Cuts_Covers=0;CPXPARAM_MIP_Cuts_Disjunctive=-1;CPXPARAM_MIP_Cuts_FlowCovers=1;CPXPARAM_MIP_Cuts_GUBCovers=0;CPXPARAM_MIP_Cuts_Gomory=0;CPXPARAM_MIP_Cuts_Implied=0;CPXPARAM_MIP_Cuts_MIRCut=2;CPXPARAM_MIP_Cuts_PathCut=-1;CPXPARAM_MIP_Limits_AggForCut=3;CPXPARAM_MIP_Limits_CutPasses=0;CPXPARAM_MIP_Limits_CutsFactor=-1;CPXPARAM_MIP_Limits_GomoryCand=150;CPXPARAM_MIP_Limits_GomoryPass=0;CPXPARAM_MIP_Limits_Nodes=9223372036800000000;CPXPARAM_MIP_Limits_ProbeTime=40;CPXPARAM_MIP_Limits_RepairTries=0;CPXPARAM_MIP_Limits_StrongCand=10;CPXPARAM_MIP_Limits_StrongIt=0;CPXPARAM_MIP_OrderType=0;CPXPARAM_MIP_Strategy_BBInterval=7;CPXPARAM_MIP_Strategy_Branch=0;CPXPARAM_MIP_Strategy_Dive=0;CPXPARAM_MIP_Strategy_File=1;CPXPARAM_MIP_Strategy_HeuristicFreq=0;CPXPARAM_MIP_Strategy_LBHeur=0;CPXPARAM_MIP_Strategy_NodeSelect=1;CPXPARAM_MIP_Strategy_Order=1;CPXPARAM_MIP_Strategy_PresolveNode=0;CPXPARAM_MIP_Strategy_Probe=-1;CPXPARAM_MIP_Strategy_RINSHeur=0;CPXPARAM_MIP_Strategy_StartAlgorithm=0;CPXPARAM_MIP_Strategy_SubAlgorithm=0;CPXPARAM_MIP_Strategy_VariableSelect=0;CPXPARAM_Network_NetFind=2;CPXPARAM_Network_Pricing=0;CPXPARAM_Parallel=1;CPXPARAM_Preprocessing_Aggregator=-1;CPXPARAM_Preprocessing_BoundStrength=-1;CPXPARAM_Preprocessing_CoeffReduce=-1;CPXPARAM_Preprocessing_Dependency=-1;CPXPARAM_Preprocessing_Dual=0;CPXPARAM_Preprocessing_Fill=10;CPXPARAM_Preprocessing_NumPass=-1;CPXPARAM_Preprocessing_Presolve=1;CPXPARAM_Preprocessing_QPMakePSD=1;CPXPARAM_Preprocessing_Reduce=3;CPXPARAM_Preprocessing_Relax=-1;CPXPARAM_Preprocessing_RepeatPresolve=-1;CPXPARAM_Preprocessing_Symmetry=-1;CPXPARAM_Read_Scale=0;CPXPARAM_Sifting_Algorithm=0;CPXPARAM_Simplex_Crash=1;CPXPARAM_Simplex_DGradient=0;CPXPARAM_Simplex_Limits_Perturbation=0;CPXPARAM_Simplex_Limits_Singularity=10;CPXPARAM_Simplex_PGradient=0;CPXPARAM_Simplex_Pricing=0;CPXPARAM_Simplex_Refactor=0
11014645974703756333,0,CPXPARAM_Advance=1;CPXPARAM_Barrier_Algorithm=0;CPXPARAM_Barrier_ColNonzeros=0;CPXPARAM_Barrier_Crossover=0;CPXPARAM_Barrier_Limits_Corrections=-1;CPXPARAM_Barrier_Ordering=0;CPXPARAM_Barrier_StartAlg=1;CPXPARAM_Emphasis_MIP=4;CPXPARAM_Emphasis_Memory=0;CPXPARAM_Emphasis_Numerical=0;CPXPARAM_Feasopt_Mode=0;CPXPARAM_LPMethod=0;CPXPARAM_MIP_Cuts_Cliques=-1;CPXPARAM_MIP_Cuts_Covers=0;CPXPARAM_MIP_Cuts_Disjunctive=-1;CPXPARAM_MIP_Cuts_FlowCovers=1;CPXPARAM_MIP_Cuts_GUBCovers=0;CPXPARAM_MIP_Cuts_Gomory=0;CPXPARAM_MIP_Cuts_Implied=0;CPXPARAM_MIP_Cuts_MIRCut=2;CPXPARAM_MIP_Cuts_PathCut=-1;CPXPARAM_MIP_Limits_AggForCut=3;CPXPARAM_MIP_Limits_CutPasses=0;CPXPARAM_MIP_Limits_CutsFactor=-1;CPXPARAM_MIP_Limits_GomoryCand=150;CPXPARAM_MIP_Limits_GomoryPass=0;CPXPARAM_MIP_Limits_Nodes=9223372036800000000;CPXPARAM_MIP_Limits_ProbeTime=1e+75;CPXPARAM_MIP_Limits_RepairTries=0;CPXPARAM_MIP_Limits_StrongCand=10;CPXPARAM_MIP_Limits_StrongIt=0;CPXPARAM_MIP_OrderType=0;CPXPARAM_MIP_Strategy_BBInterval=7;CPXPARAM_MIP_Strategy_Branch=0;CPXPARAM_MIP_Strategy_Dive=0;CPXPARAM_MIP_Strategy_File=1;CPXPARAM_MIP_Strategy_HeuristicFreq=0;CPXPARAM_MIP_Strategy_LBHeur=0;CPXPARAM_MIP_Strategy_NodeSelect=1;CPXPARAM_MIP_Strategy_Order=1;CPXPARAM_MIP_Strategy_PresolveNode=0;CPXPARAM_MIP_Strategy_Probe=-1;CPXPARAM_MIP_Strategy_RINSHeur=0;CPXPARAM_MIP_Strategy_StartAlgorithm=0;CPXPARAM_MIP_Strategy_SubAlgorithm=0;CPXPARAM_MIP_Strategy_VariableSelect=0;CPXPARAM_Network_NetFind=2;CPXPARAM_Network_Pricing=0;CPXPARAM_Parallel=1;CPXPARAM_Preprocessing_Aggregator=-1;CPXPARAM_Preprocessing_BoundStrength=-1;CPXPARAM_Preprocessing_CoeffReduce=-1;CPXPARAM_Preprocessing_Dependency=3;CPXPARAM_Preprocessing_Dual=0;CPXPARAM_Preprocessing_Fill=10;CPXPARAM_Preprocessing_NumPass=-1;CPXPARAM_Preprocessing_Presolve=1;CPXPARAM_Preprocessing_QPMakePSD=1;CPXPARAM_Preprocessing_Reduce=3;CPXPARAM_Preprocessing_Relax=-1;CPXPARAM_Preprocessing_RepeatPresolve=2;CPXPARAM_Preprocessing_Symmetry=-1;CPXPARAM_Read_Scale=0;CPXPARAM_Sifting_Algorithm=0;CPXPARAM_Simplex_Crash=1;CPXPARAM_Simplex_DGradient=0;CPXPARAM_Simplex_Limits_Perturbation=0;CPXPARAM_Simplex_Limits_Singularity=10;CPXPARAM_Simplex_PGradient=0;CPXPARAM_Simplex_Pricing=0;CPXPARAM_Simplex_Refactor=0
4028707173580629970,0,CPXPARAM_Advance=1;CPXPARAM_Barrier_Algorithm=0;CPXPARAM_Barrier_ColNonzeros=0;CPXPARAM_Barrier_Crossover=0;CPXPARAM_Barrier_Limits_Corrections=-1;CPXPARAM_Barrier_Ordering=0;CPXPARAM_Barrier_StartAlg=1;CPXPARAM_Emphasis_MIP=3;CPXPARAM_Emphasis_Memory=0;CPXPARAM_Emphasis_Numerical=0;CPXPARAM_Feasopt_Mode=0;CPXPARAM_LPMethod=0;CPXPARAM_MIP_Cuts_Cliques=1;CPXPARAM_MIP_Cuts_Covers=0;CPXPARAM_MIP_Cuts_Disjunctive=1;CPXPARAM_MIP_Cuts_FlowCovers=-1;CPXPARAM_MIP_Cuts_GUBCovers=-1;CPXPARAM_MIP_Cuts_Gomory=-1;CPXPARAM_MIP_Cuts_Implied=0;CPXPARAM_MIP_Cuts_MIRCut=2;CPXPARAM_MIP_Cuts_PathCut=0;CPXPARAM_MIP_Limits_AggForCut=3;CPXPARAM_MIP_Limits_CutPasses=0;CPXPARAM_MIP_Limits_CutsFactor=-1;CPXPARAM_MIP_Limits_GomoryCand=200;CPXPARAM_MIP_Limits_GomoryPass=0;CPXPARAM_MIP_Limits_Nodes=9223372036800000000;CPXPARAM_MIP_Limits_ProbeTime=1e+75;CPXPARAM_MIP_Limits_RepairTries=0;CPXPARAM_MIP_Limits_StrongCand=10;CPXPARAM_MIP_Limits_StrongIt=0;CPXPARAM_MIP_OrderType=0;CPXPARAM_MIP_Strategy_BBInterval=7;CPXPARAM_MIP_Strategy_Branch=0;CPXPARAM_MIP_Strategy_Dive=0;CPXPARAM_MIP_Strategy_File=1;CPXPARAM_MIP_Strategy_HeuristicFreq=0;CPXPARAM_MIP_Strategy_LBHeur=0;CPXPARAM_MIP_Strategy_NodeSelect=1;CPXPARAM_MIP_Strategy_Order=1;CPXPARAM_MIP_Strategy_PresolveNode=0;CPXPARAM_MIP_Strategy_Probe=0;CPXPARAM_MIP_Strategy_RINSHeur=0;CPXPARAM_MIP_Strategy_StartAlgorithm=0;CPXPARAM_MIP_Strategy_SubAlgorithm=0;CPXPARAM_MIP_Strategy_VariableSelect=0;CPXPARAM_Network_NetFind=2;CPXPARAM_Network_Pricing=0;CPXPARAM_Parallel=1;CPXPARAM_Preprocessing_Aggregator=-1;CPXPARAM_Preprocessing_BoundStrength=-1;CPXPARAM_Preprocessing_CoeffReduce=-1;CPXPARAM_Preprocessing_Dependency=-1;CPXPARAM_Preprocessing_Dual=0;CPXPARAM_Preprocessing_Fill=10;CPXPARAM_Preprocessing_NumPass=-1;CPXPARAM_Preprocessing_Presolve=1;CPXPARAM_Preprocessing_QPMakePSD=1;CPXPARAM_Preprocessing_Reduce=3;CPXPARAM_Preprocessing_Relax=-1;CPXPARAM_Preprocessing_RepeatPresolve=-1;CPXPARAM_Preprocessing_Symmetry=-1;CPXPARAM_Read_Scale=0;CPXPARAM_Sifting_Algorithm=0;CPXPARAM_Simplex_Crash=1;CPXPARAM_Simplex_DGradient=0;CPXPARAM_Simplex_Limits_Perturbation=0;CPXPARAM_Simplex_Limits_Singularity=10;CPXPARAM_Simplex_PGradient=0;CPXPARAM_Simplex_Pricing=0;CPXPARAM_Simplex_Refactor=0
2241902954830666011,0,CPXPARAM_Advance=1;CPXPARAM_Barrier_Algorithm=0;CPXPARAM_Barrier_ColNonzeros=0;CPXPARAM_Barrier_Crossover=0;CPXPARAM_Barrier_Limits_Corrections=-1;CPXPARAM_Barrier_Ordering=0;CPXPARAM_Barrier_StartAlg=1;CPXPARAM_Emphasis_MIP=4;CPXPARAM_Emphasis_Memory=0;CPXPARAM_Emphasis_Numerical=0;CPXPARAM_Feasopt_Mode=0;CPXPARAM_LPMethod=0;CPXPARAM_MIP_Cuts_Cliques=-1;CPXPARAM_MIP_Cuts_Covers=0;CPXPARAM_MIP_Cuts_Disjunctive=-1;CPXPARAM_MIP_Cuts_FlowCovers=1;CPXPARAM_MIP_Cuts_GUBCovers=0;CPXPARAM_MIP_Cuts_Gomory=0;CPXPARAM_MIP_Cuts_Implied=0;CPXPARAM_MIP_Cuts_MIRCut=2;CPXPARAM_MIP_Cuts_PathCut=-1;CPXPARAM_MIP_Limits_AggForCut=3;CPXPARAM_MIP_Limits_CutPasses=0;CPXPARAM_MIP_Limits_CutsFactor=-1;CPXPARAM_MIP_Limits_GomoryCand=150;CPXPARAM_MIP_Limits_GomoryPass=0;CPXPARAM_MIP_Limits_Nodes=9223372036800000000;CPXPARAM_MIP_Limits_ProbeTime=1e+75;CPXPARAM_MIP_Limits_RepairTries=0;CPXPARAM_MIP_Limits_StrongCand=10;CPXPARAM_MIP_Limits_StrongIt=0;CPXPARAM_MIP_OrderType=0;CPXPARAM_MIP_Strategy_BBInterval=7;CPXPARAM_MIP_Strategy_Branch=0;CPXPARAM_MIP_Strategy_Dive=0;CPXPARAM_MIP_Strategy_File=1;CPXPARAM_MIP_Strategy_HeuristicFreq=0;CPXPARAM_MIP_Strategy_LBHeur=0;CPXPARAM_MIP_Strategy_NodeSelect=1;CPXPARAM_MIP_Strategy_Order=1;CPXPARAM_MIP_Strategy_PresolveNode=0;CPXPARAM_MIP_Strategy_Probe=-1;CPXPARAM_MIP_Strategy_RINSHeur=0;CPXPARAM_MIP_Strategy_StartAlgorithm=0;CPXPARAM_MIP_Strategy_SubAlgorithm=3;CPXPARAM_MIP_Strategy_VariableSelect=0;CPXPARAM_Network_NetFind=2;CPXPARAM_Network_Pricing=0;CPXPARAM_Parallel=1;CPXPARAM_Preprocessing_Aggregator=-1;CPXPARAM_Preprocessing_BoundStrength=-1;CPXPARAM_Preprocessing_CoeffReduce=-1;CPXPARAM_Preprocessing_Dependency=-1;CPXPARAM_Preprocessing_Dual=0;CPXPARAM_Preprocessing_Fill=10;CPXPARAM_Preprocessing_NumPass=-1;CPXPARAM_Preprocessing_Presolve=1;CPXPARAM_Preprocessing_QPMakePSD=1;CPXPARAM_Preprocessing_Reduce=3;CPXPARAM_Preprocessing_Relax=-1;CPXPARAM_Preprocessing_RepeatPresolve=-1;CPXPARAM_Preprocessing_Symmetry=-1;CPXPARAM_Read_Scale=0;CPXPARAM_Sifting_Algorithm=0;CPXPARAM_Simplex_Crash=1;CPXPARAM_Simplex_DGradient=0;CPXPARAM_Simplex_Limits_Perturbation=0;CPXPARAM_Simplex_Limits_Singularity=10;CPXPARAM_Simplex_PGradient=0;CPXPARAM_Simplex_Pricing=0;CPXPARAM_Simplex_Refactor=0
16526327591851001898,0,CPXPARAM_Advance=1;CPXPARAM_Barrier_Algorithm=0;CPXPARAM_Barrier_ColNonzeros=0;CPXPARAM_Barrier_Crossover=0;CPXPARAM_Barrier_Limits_Corrections=-1;CPXPARAM_Barrier_Ordering=0;CPXPARAM_Barrier_StartAlg=1;CPXPARAM_Emphasis_MIP=1;CPXPARAM_Emphasis_Memory=0;CPXPARAM_Emphasis_Numerical=0;CPXPARAM_Feasopt_Mode=0;CPXPARAM_LPMethod=0;CPXPARAM_MIP_Cuts_Cliques=2;CPXPARAM_MIP_Cuts_Covers=0;CPXPARAM_MIP_Cuts_Disjunctive=1;CPXPARAM_MIP_Cuts_FlowCovers=2;CPXPARAM_MIP_Cuts_GUBCovers=-1;CPXPARAM_MIP_Cuts_Gomory=1;CPXPARAM_MIP_Cuts_Implied=-1;CPXPARAM_MIP_Cuts_MIRCut=0;CPXPARAM_MIP_Cuts_PathCut=2;CPXPARAM_MIP_Limits_AggForCut=3;CPXPARAM_MIP_Limits_CutPasses=0;CPXPARAM_MIP_Limits_CutsFactor=-1;CPXPARAM_MIP_Limits_GomoryCand=800;CPXPARAM_MIP_Limits_GomoryPass=0;CPXPARAM_MIP_Limits_Nodes=9223372036800000000;CPXPARAM_MIP_Limits_ProbeTime=1e+75;CPXPARAM_MIP_Limits_RepairTries=0;CPXPARAM_MIP_Limits_StrongCand=10;CPXPARAM_MIP_Limits_StrongIt=0;CPXPARAM_MIP_OrderType=0;CPXPARAM_MIP_Strategy_BBInterval=7;CPXPARAM_MIP_Strategy_Branch=0;CPXPARAM_MIP_Strategy_Dive=0;CPXPARAM_MIP_Strategy_File=1;CPXPARAM_MIP_Strategy_HeuristicFreq=0;CPXPARAM_MIP_Strategy_LBHeur=0;CPXPARAM_MIP_Strategy_NodeSelect=1;CPXPARAM_MIP_Strategy_Order=1;CPXPARAM_MIP_Strategy_PresolveNode=0;CPXPARAM_MIP_Strategy_Probe=0;CPXPARAM_MIP_Strategy_RINSHeur=0;CPXPARAM_MIP_Strategy_StartAlgorithm=0;CPXPARAM_MIP_Strategy_SubAlgorithm=0;CPXPARAM_MIP_Strategy_VariableSelect=0;CPXPARAM_Network_NetFind=2;CPXPARAM_Network_Pricing=0;CPXPARAM_Parallel=1;CPXPARAM_Preprocessing_Aggregator=-1;CPXPARAM_Preprocessing_BoundStrength=-1;CPXPARAM_Preprocessing_CoeffReduce=-1;CPXPARAM_Preprocessing_Dependency=-1;CPXPARAM_Preprocessing_Dual=0;CPXPARAM_Preprocessing_Fill=10;CPXPARAM_Preprocessing_NumPass=-1;CPXPARAM_Preprocessing_Presolve=1;CPXPARAM_Preprocessing_QPMakePSD=1;CPXPARAM_Preprocessing_Reduce=3;CPXPARAM_Preprocessing_Relax=-1;CPXPARAM_Preprocessing_RepeatPresolve=-1;CPXPARAM_Preprocessing_Symmetry=-1;CPXPARAM_Read_Scale=0;CPXPARAM_Sifting_Algorithm=0;CPXPARAM_Simplex_Crash=1;CPXPARAM_Simplex_DGradient=0;CPXPARAM_Simplex_Limits_Perturbation=0;CPXPARAM_Simplex_Limits_Singularity=10;CPXPARAM_Simplex_PGradient=0;CPXPARAM_Simplex_Pricing=0;CPXPARAM_Simplex_Refactor=0
16338538478639315204,0,CPXPARAM_Advance=1;CPXPARAM_Barrier_Algorithm=0;CPXPARAM_Barrier_ColNonzeros=0;CPXPARAM_Barrier_Crossover=0;CPXPARAM_Barrier_Limits_Corrections=-1;CPXPARAM_Barrier_Ordering=0;CPXPARAM_Barrier_StartAlg=1;CPXPARAM_Emphasis_MIP=4;CPXPARAM_Emphasis_Memory=0;CPXPARAM_Emphasis_Numerical=0;CPXPARAM_Feasopt_Mode=0;CPXPARAM_LPMethod=0;CPXPARAM_MIP_Cuts_Cliques=-1;CPXPARAM_MIP_Cuts_Covers=0;CPXPARAM_MIP_Cuts_Disjunctive=-1;CPXPARAM_MIP_Cuts_FlowCovers=1;CPXPARAM_MIP_Cuts_GUBCovers=0;CPXPARAM_MIP_Cuts_Gomory=0;CPXPARAM_MIP_Cuts_Implied=0;CPXPARAM_MIP_Cuts_MIRCut=2;CPXPARAM_MIP_Cuts_PathCut=-1;CPXPARAM_MIP_Limits_AggForCut=3;CPXPARAM_MIP_Limits_CutPasses=0;CPXPARAM_MIP_Limits_CutsFactor=-1;CPXPARAM_MIP_Limits_GomoryCand=150;CPXPARAM_MIP_Limits_GomoryPass=0;CPXPARAM_MIP_Limits_Nodes=9223372036800000000;CPXPARAM_MIP_Limits_ProbeTime=1e+75;CPXPARAM_MIP_Limits_RepairTries=0;CPXPARAM_MIP_Limits_StrongCand=10;CPXPARAM_MIP_Limits_StrongIt=0;CPXPARAM_MIP_OrderType=0;CPXPARAM_MIP_Strategy_BBInterval=7;CPXPARAM_MIP_Strategy_Branch=0;CPXPARAM_MIP_Strategy_Dive=0;CPXPARAM_MIP_Strategy_File=1;CPXPARAM_MIP_Strategy_HeuristicFreq=0;CPXPARAM_MIP_Strategy_LBHeur=0;CPXPARAM_MIP_Strategy_NodeSelect=1;CPXPARAM_MIP_Strategy_Order=1;CPXPARAM_MIP_Strategy_PresolveNode=0;CPXPARAM_MIP_Strategy_Probe=-1;CPXPARAM_MIP_Strategy_RINSHeur=0;CPXPARAM_MIP_Strategy_StartAlgorithm=0;CPXPARAM_MIP_Strategy_SubAlgorithm=0;CPXPARAM_MIP_Strategy_VariableSelect=0;CPXPARAM_Network_NetFind=2;CPXPARAM_Network_Pricing=0;CPXPARAM_Parallel=1;CPXPARAM_Preprocessing_Aggregator=-1;CPXPARAM_Preprocessing_BoundStrength=-1;CPXPARAM_Preprocessing_CoeffReduce=-1;CPXPARAM_Preprocessing_Dependency=-1;CPXPARAM_Preprocessing_Dual=0;CPXPARAM_Preprocessing_Fill=10;CPXPARAM_Preprocessing_NumPass=-1;CPXPARAM_Preprocessing_Presolve=1;CPXPARAM_Preprocessing_QPMakePSD=1;CPXPARAM_Preprocessing_Reduce=3;CPXPARAM_Preprocessing_Relax=-1;CPXPARAM_Preprocessing_RepeatPresolve=-1;CPXPARAM_Preprocessing_Symmetry=2;CPXPARAM_Read_Scale=0;CPXPARAM_Sifting_Algorithm=0;CPXPARAM_Simplex_Crash=1;CPXPARAM_Simplex_DGradient=0;CPXPARAM_Simplex_Limits_Perturbation=0;CPXPARAM_Simplex_Limits_Singularity=10;CPXPARAM_Simplex_PGradient=0;CPXPARAM_Simplex_Pricing=0;CPXPARAM_Simplex_Refactor=0
14676096947668353473,0,CPXPARAM_Advance=1;CPXPARAM_Barrier_Algorithm=0;CPXPARAM_Barrier_ColNonzeros=0;CPXPARAM_Barrier_Crossover=0;CPXPARAM_Barrier_Limits_Corrections=-1;CPXPARAM_Barrier_Ordering=0;CPXPARAM_Barrier_StartAlg=1;CPXPARAM_Emphasis_MIP=4;CPXPARAM_Emphasis_Memory=0;CPXPARAM_Emphasis_Numerical=0;CPXPARAM_Feasopt_Mode=0;CPXPARAM_LPMethod=0;CPXPARAM_MIP_Cuts_Cliques=-1;CPXPARAM_MIP_Cuts_Covers=0;CPXPARAM_MIP_Cuts_Disjunctive=-1;CPXPARAM_MIP_Cuts_FlowCovers=1;CPXPARAM_MIP_Cuts_GUBCovers=0;CPXPARAM_MIP_Cuts_Gomory=0;CPXPARAM_MIP_Cuts_Implied=0;CPXPARAM_MIP_Cuts_MIRCut=2;CPXPARAM_MIP_Cuts_PathCut=-1;CPXPARAM_MIP_Limits_AggForCut=3;CPXPARAM_MIP_Limits_CutPasses=0;CPXPARAM_MIP_Limits_CutsFactor=-1;CPXPARAM_MIP_Limits_GomoryCand=150;CPXPARAM_MIP_Limits_GomoryPass=0;CPXPARAM_MIP_Limits_Nodes=9223372036800000000;CPXPARAM_MIP_Limits_ProbeTime=1e+75;CPXPARAM_MIP_Limits_RepairTries=0;CPXPARAM_MIP_Limits_StrongCand=10;CPXPARAM_MIP_Limits_StrongIt=0;CPXPARAM_MIP_OrderType=0;CPXPARAM_MIP_Strategy_BBInterval=7;CPXPARAM_MIP_Strategy_Branch=0;CPXPARAM_MIP_Strategy_Dive=0;CPXPARAM_MIP_Strategy_File=1;CPXPARAM_MIP_Strategy_HeuristicFreq=0;CPXPARAM_MIP_Strategy_LBHeur=0;CPXPARAM_MIP_Strategy_NodeSelect=1;CPXPARAM_MIP_Strategy_Order=1;CPXPARAM_MIP_Strategy_PresolveNode=0;CPXPARAM_MIP_Strategy_Probe=-1;CPXPARAM_MIP_Strategy_RINSHeur=100;CPXPARAM_MIP_Strategy_StartAlgorithm=0;CPXPARAM_MIP_Strategy_SubAlgorithm=0;CPXPARAM_MIP_Strategy_VariableSelect=0;CPXPARAM_Network_NetFind=2;CPXPARAM_Network_Pricing=0;CPXPARAM_Parallel=1;CPXPARAM_Preprocessing_Aggregator=-1;CPXPARAM_Preprocessing_BoundStrength=-1;CPXPARAM_Preprocessing_CoeffReduce=-1;CPXPARAM_Preprocessing_Dependency=-1;CPXPARAM_Preprocessing_Dual=0;CPXPARAM_Preprocessing_Fill=10;CPXPARAM_Preprocessing_NumPass=-1;CPXPARAM_Preprocessing_Presolve=1;CPXPARAM_Preprocessing_QPMakePSD=1;CPXPARAM_Preprocessing_Reduce=3;CPXPARAM_Preprocessing_Relax=-1;CPXPARAM_Preprocessing_RepeatPresolve=-1;CPXPARAM_Preprocessing_Symmetry=-1;CPXPARAM_Read_Scale=0;CPXPARAM_Sifting_Algorithm=0;CPXPARAM_Simplex_Crash=1;CPXPARAM_Simplex_DGradient=0;CPXPARAM_Simplex_Limits_Perturbation=0;CPXPARAM_Simplex_Limits_Singularity=10;CPXPARAM_Simplex_PGradient=0;CPXPARAM_Simplex_Pricing=0;CPXPARAM_Simplex_Refactor=0
5805591606025029647,0,CPXPARAM_Advance=1;CPXPARAM_Barrier_Algorithm=0;CPXPARAM_Barrier_ColNonzeros=0;CPXPARAM_Barrier_Crossover=0;CPXPARAM_Barrier_Limits_Corrections=-1;CPXPARAM_Barrier_Ordering=0;CPXPARAM_Barrier_StartAlg=1;CPXPARAM_Emphasis_MIP=1;CPXPARAM_Emphasis_Memory=0;CPXPARAM_Emphasis_Numerical=0;CPXPARAM_Feasopt_Mode=0;CPXPARAM_LPMethod=0;CPXPARAM_MIP_Cuts_Cliques=1;CPXPARAM_MIP_Cuts_Covers=0;CPXPARAM_MIP_Cuts_Disjunctive=0;CPXPARAM_MIP_Cuts_FlowCovers=2;CPXPARAM_MIP_Cuts_GUBCovers=-1;CPXPARAM_MIP_Cuts_Gomory=0;CPXPARAM_MIP_Cuts_Implied=2;CPXPARAM_MIP_Cuts_MIRCut=2;CPXPARAM_MIP_Cuts_PathCut=0;CPXPARAM_MIP_Limits_AggForCut=3;CPXPARAM_MIP_Limits_CutPasses=0;CPXPARAM_MIP_Limits_CutsFactor=-1;CPXPARAM_MIP_Limits_GomoryCand=100;CPXPARAM_MIP_Limits_GomoryPass=0;CPXPARAM_MIP_Limits_Nodes=9223372036800000000;CPXPARAM_MIP_Limits_ProbeTime=1e+75;CPXPARAM_MIP_Limits_RepairTries=0;CPXPARAM_MIP_Limits_StrongCand=10;CPXPARAM_MIP_Limits_StrongIt=0;CPXPARAM_MIP_OrderType=0;CPXPARAM_MIP_Strategy_BBInterval=7;CPXPARAM_MIP_Strategy_Branch=0;CPXPARAM_MIP_Strategy_Dive=0;CPXPARAM_MIP_Strategy_File=1;CPXPARAM_MIP_Strategy_HeuristicFreq=0;CPXPARAM_MIP_Strategy_LBHeur=0;CPXPARAM_MIP_Strategy_NodeSelect=1;CPXPARAM_MIP_Strategy_Order=1;CPXPARAM_MIP_Strategy_PresolveNode=0;CPXPARAM_MIP_Strategy_Probe=0;CPXPARAM_MIP_Strategy_RINSHeur=0;CPXPARAM_MIP_Strategy_StartAlgorithm=0;CPXPARAM_MIP_Strategy_SubAlgorithm=0;CPXPARAM_MIP_Strategy_VariableSelect=0;CPXPARAM_Network_NetFind=2;CPXPARAM_Network_Pricing=0;CPXPARAM_Parallel=1;CPXPARAM_Preprocessing_Aggregator=-1;CPXPARAM_Preprocessing_BoundStrength=-1;CPXPARAM_Preprocessing_CoeffReduce=-1;CPXPARAM_Preprocessing_Dependency=-1;CPXPARAM_Preprocessing_Dual=0;CPXPARAM_Preprocessing_Fill=10;CPXPARAM_Preprocessing_NumPass=-1;CPXPARAM_Preprocessing_Presolve=1;CPXPARAM_Preprocessing_QPMakePSD=1;CPXPARAM_Preprocessing_Reduce=3;CPXPARAM_Preprocessing_Relax=-1;CPXPARAM_Preprocessing_RepeatPresolve=-1;CPXPARAM_Preprocessing_Symmetry=-1;CPXPARAM_Read_Scale=0;CPXPARAM_Sifting_Algorithm=0;CPXPARAM_Simplex_Crash=1;CPXPARAM_Simplex_DGradient=0;CPXPARAM_Simplex_Limits_Perturbation=0;CPXPARAM_Simplex_Limits_Singularity=10;CPXPARAM_Simplex_PGradient=0;CPXPARAM_Simplex_Pricing=0;CPXPARAM_Simplex_Refactor=0
4167431062408913819,0,CPXPARAM_Advance=1;CPXPARAM_Barrier_Algorithm=0;CPXPARAM_Barrier_ColNonzeros=0;CPXPARAM_Barrier_Crossover=0;CPXPARAM_Barrier_Limits_Corrections=-1;CPXPARAM_Barrier_Ordering=0;CPXPARAM_Barrier_StartAlg=1;CPXPARAM_Emphasis_MIP=4;CPXPARAM_Emphasis_Memory=0;CPXPARAM_Emphasis_Numerical=0;CPXPARAM_Feasopt_Mode=0;CPXPARAM_LPMethod=0;CPXPARAM_MIP_Cuts_Cliques=-1;CPXPARAM_MIP_Cuts_Covers=0;CPXPARAM_MIP_Cuts_Disjunctive=-1;CPXPARAM_MIP_Cuts_FlowCovers=1;CPXPARAM_MIP_Cuts_GUBCovers=0;CPXPARAM_MIP_Cuts_Gomory=0;CPXPARAM_MIP_Cuts_Implied=0;CPXPARAM_MIP_Cuts_MIRCut=2;CPXPARAM_MIP_Cuts_PathCut=-1;CPXPARAM_MIP_Limits_AggForCut=3;CPXPARAM_MIP_Limits_CutPasses=0;CPXPARAM_MIP_Limits_CutsFactor=-1;CPXPARAM_MIP_Limits_GomoryCand=150;CPXPARAM_MIP_Limits_GomoryPass=0;CPXPARAM_MIP_Limits_Nodes=9223372036800000000;CPXPARAM_MIP_Limits_ProbeTime=1e+75;CPXPARAM_MIP_Limits_RepairTries=0;CPXPARAM_MIP_Limits_StrongCand=10;CPXPARAM_MIP_Limits_StrongIt=0;CPXPARAM_MIP_OrderType=0;CPXPARAM_MIP_Strategy_BBInterval=7;CPXPARAM_MIP_Strategy_Branch=0;CPXPARAM_MIP_Strategy_Dive=0;CPXPARAM_MIP_Strategy_File=1;CPXPARAM_MIP_Strategy_HeuristicFreq=0;CPXPARAM_MIP_Strategy_LBHeur=0;CPXPARAM_MIP_Strategy_NodeSelect=1;CPXPARAM_MIP_Strategy_Order=1;CPXPARAM_MIP_Strategy_PresolveNode=2;CPXPARAM_MIP_Strategy_Probe=-1;CPXPARAM_MIP_Strategy_RINSHeur=0;CPXPARAM_MIP_Strategy_StartAlgorithm=0;CPXPARAM_MIP_Strategy_SubAlgorithm=0;CPXPARAM_MIP_Strategy_VariableSelect=0;CPXPARAM_Network_NetFind=2;CPXPARAM_Network_Pricing=0;CPXPARAM_Parallel=1;CPXPARAM_Preprocessing_Aggregator=-1;CPXPARAM_Preprocessing_BoundStrength=-1;CPXPARAM_Preprocessing_CoeffReduce=-1;CPXPARAM_Preprocessing_Dependency=-1;CPXPARAM_Preprocessing_Dual=0;CPXPARAM_Preprocessing_Fill=10;CPXPARAM_Preprocessing_NumPass=-1;CPXPARAM_Preprocessing_Presolve=1;CPXPARAM_Preprocessing_QPMakePSD=1;CPXPARAM_Preprocessing_Reduce=3;CPXPARAM_Preprocessing_Relax=-1;CPXPARAM_Preprocessing_RepeatPresolve=-1;CPXPARAM_Preprocessing_Symmetry=-1;CPXPARAM_Read_Scale=0;CPXPARAM_Sifting_Algorithm=0;CPXPARAM_Simplex_Crash=1;CPXPARAM_Simplex_DGradient=0;CPXPARAM_Simplex_Limits_Perturbation=0;CPXPARAM_Simplex_Limits_Singularity=10;CPXPARAM_Simplex_PGradient=0;CPXPARAM_Simplex_Pricing=0;CPXPARAM_Simplex_Refactor=0
9310923107843990340,0,CPXPARAM_Advance=1;CPXPARAM_Barrier_Algorithm=0;CPXPARAM_Barrier_ColNonzeros=0;CPXPARAM_Barrier_Crossover=0;CPXPARAM_Barrier_Limits_Corrections=-1;CPXPARAM_Barrier_Ordering=0;CPXPARAM_Barrier_StartAlg=1;CPXPARAM_Emphasis_MIP=4;CPXPARAM_Emphasis_Memory=0;CPXPARAM_Emphasis_Numerical=0;CPXPARAM_Feasopt_Mode=0;CPXPARAM_LPMethod=0;CPXPARAM_MIP_Cuts_Cliques=-1;CPXPARAM_MIP_Cuts_Covers=0;CPXPARAM_MIP_Cuts_Disjunctive=-1;CPXPARAM_MIP_Cuts_FlowCovers=1;CPXPARAM_MIP_Cuts_GUBCovers=0;CPXPARAM_MIP_Cuts_Gomory=0;CPXPARAM_MIP_Cuts_Implied=0;CPXPARAM_MIP_Cuts_MIRCut=2;CPXPARAM_MIP_Cuts_PathCut=-1;CPXPARAM_MIP_Limits_AggForCut=3;CPXPARAM_MIP_Limits_CutPasses=0;CPXPARAM_MIP_Limits_CutsFactor=-1;CPXPARAM_MIP_Limits_GomoryCand=150;CPXPARAM_MIP_Limits_GomoryPass=0;CPXPARAM_MIP_Limits_Nodes=9223372036800000000;CPXPARAM_MIP_Limits_ProbeTime=1e+75;CPXPARAM_MIP_Limits_RepairTries=0;CPXPARAM_MIP_Limits_StrongCand=10;CPXPARAM_MIP_Limits_StrongIt=0;CPXPARAM_MIP_OrderType=0;CPXPARAM_MIP_Strategy_BBInterval=0;CPXPARAM_MIP_Strategy_Branch=0;CPXPARAM_MIP_Strategy_Dive=0;CPXPARAM_MIP_Strategy_File=1;CPXPARAM_MIP_Strategy_HeuristicFreq=0;CPXPARAM_MIP_Strategy_LBHeur=0;CPXPARAM_MIP_Strategy_NodeSelect=1;CPXPARAM_MIP_Strategy_Order=1;CPXPARAM_MIP_Strategy_PresolveNode=0;CPXPARAM_MIP_Strategy_Probe=-1;CPXPARAM_MIP_Strategy_RINSHeur=0;CPXPARAM_MIP_Strategy_StartAlgorithm=0;CPXPARAM_MIP_Strategy_SubAlgorithm=0;CPXPARAM_MIP_Strategy_VariableSelect=0;CPXPARAM_Network_NetFind=2;CPXPARAM_Network_Pricing=0;CPXPARAM_Parallel=1;CPXPARAM_Preprocessing_Aggregator=-1;CPXPARAM_Preprocessing_BoundStrength=-1;CPXPARAM_Preprocessing_CoeffReduce=-1;CPXPARAM_Preprocessing_Dependency=-1;CPXPARAM_Preprocessing_Dual=0;CPXPARAM_Preprocessing_Fill=10;CPXPARAM_Preprocessing_NumPass=-1;CPXPARAM_Preprocessing_Presolve=1;CPXPARAM_Preprocessing_QPMakePSD=1;CPXPARAM_Preprocessing_Reduce=3;CPXPARAM_Preprocessing_Relax=-1;CPXPARAM_Preprocessing_RepeatPresolve=-1;CPXPARAM_Preprocessing_Symmetry=-1;CPXPARAM_Read_Scale=0;CPXPARAM_Sifting_Algorithm=0;CPXPARAM_Simplex_Crash=1;CPXPARAM_Simplex_DGradient=0;CPXPARAM_Simplex_Limits_Perturbation=0;CPXPARAM_Simplex_Limits_Singularity=10;CPXPARAM_Simplex_PGradient=0;CPXPARAM_Simplex_Pricing=0;CPXPARAM_Simplex_Refactor=0
8224524936109381695,0,CPXPARAM_Advance=1;CPXPARAM_Barrier_Algorithm=0;CPXPARAM_Barrier_ColNonzeros=0;CPXPARAM_Barrier_Crossover=0;CPXPARAM_Barrier_Limits_Corrections=-1;CPXPARAM_Barrier_Ordering=0;CPXPARAM_Barrier_StartAlg=1;CPXPARAM_Emphasis_MIP=4;CPXPARAM_Emphasis_Memory=0;CPXPARAM_Emphasis_Numerical=0;CPXPARAM_Feasopt_Mode=0;CPXPARAM_LPMethod=0;CPXPARAM_MIP_Cuts_Cliques=-1;CPXPARAM_MIP_Cuts_Covers=1;CPXPARAM_MIP_Cuts_Disjunctive=-1;CPXPARAM_MIP_Cuts_FlowCovers=1;CPXPARAM_MIP_Cuts_GUBCovers=0;CPXPARAM_MIP_Cuts_Gomory=0;CPXPARAM_MIP_Cuts_Implied=0;CPXPARAM_MIP_Cuts_MIRCut=2;CPXPARAM_MIP_Cuts_PathCut=-1;CPXPARAM_MIP_Limits_AggForCut=3;CPXPARAM_MIP_Limits_CutPasses=0;CPXPARAM_MIP_Limits_CutsFactor=-1;CPXPARAM_MIP_Limits_GomoryCand=150;CPXPARAM_MIP_Limits_GomoryPass=0;CPXPARAM_MIP_Limits_Nodes=9223372036800000000;CPXPARAM_MIP_Limits_ProbeTime=1e+75;CPXPARAM_MIP_Limits_RepairTries=0;CPXPARAM_MIP_Limits_StrongCand=10;CPXPARAM_MIP_Limits_StrongIt=0;CPXPARAM_MIP_OrderType=0;CPXPARAM_MIP_Strategy_BBInterval=7;CPXPARAM_MIP_Strategy_Branch=0;CPXPARAM_MIP_Strategy_Dive=0;CPXPARAM_MIP_Strategy_File=1;CPXPARAM_MIP_Strategy_HeuristicFreq=0;CPXPARAM_MIP_Strategy_LBHeur=0;CPXPARAM_MIP_Strategy_NodeSelect=1;CPXPARAM_MIP_Strategy_Order=1;CPXPARAM_MIP_Strategy_PresolveNode=0;CPXPARAM_MIP_Strategy_Probe=-1;CPXPARAM_MIP_Strategy_RINSHeur=0;CPXPARAM_MIP_Strategy_StartAlgorithm=0;CPXPARAM_MIP_Strategy_SubAlgorithm=0;CPXPARAM_MIP_Strategy_VariableSelect=0;CPXPARAM_Network_NetFind=2;CPXPARAM_Network_Pricing=0;CPXPARAM_Parallel=1;CPXPARAM_Preprocessing_Aggregator=-1;CPXPARAM_Preprocessing_BoundStrength=-1;CPXPARAM_Preprocessing_CoeffReduce=-1;CPXPARAM_Preprocessing_Dependency=-1;CPXPARAM_Preprocessing_Dual=0;CPXPARAM_Preprocessing_Fill=10;CPXPARAM_Preprocessing_NumPass=-1;CPXPARAM_Preprocessing_Presolve=1;CPXPARAM_Preprocessing_QPMakePSD=1;CPXPARAM_Preprocessing_Reduce=3;CPXPARAM_Preprocessing_Relax=-1;CPXPARAM_Preprocessing_RepeatPresolve=-1;CPXPARAM_Preprocessing_Symmetry=-1;CPXPARAM_Read_Scale=0;CPXPARAM_Sifting_Algorithm=0;CPXPARAM_Simplex_Crash=1;CPXPARAM_Simplex_DGradient=0;CPXPARAM_Simplex_Limits_Perturbation=0;CPXPARAM_Simplex_Limits_Singularity=10;CPXPARAM_Simplex_PGradient=0;CPXPARAM_Simplex_Pricing=0;CPXPARAM_Simplex_Refactor=0
13448307994878050902,0,CPXPARAM_Advance=1;CPXPARAM_Barrier_Algorithm=0;CPXPARAM_Barrier_ColNonzeros=0;CPXPARAM_Barrier_Crossover=0;CPXPARAM_Barrier_Limits_Corrections=-1;CPXPARAM_Barrier_Ordering=0;CPXPARAM_Barrier_StartAlg=1;CPXPARAM_Emphasis_MIP=4;CPXPARAM_Emphasis_Memory=0;CPXPARAM_Emphasis_Numerical=0;CPXPARAM_Feasopt_Mode=0;CPXPARAM_LPMethod=0;CPXPARAM_MIP_Cuts_Cliques=-1;CPXPARAM_MIP_Cuts_Covers=0;CPXPARAM_MIP_Cuts_Disjunctive=-1;CPXPARAM_MIP_Cuts_FlowCovers=1;CPXPARAM_MIP_Cuts_GUBCovers=0;CPXPARAM_MIP_Cuts_Gomory=0;CPXPARAM_MIP_Cuts_Implied=0;CPXPARAM_MIP_Cuts_MIRCut=2;CPXPARAM_MIP_Cuts_PathCut=-1;CPXPARAM_MIP_Limits_AggForCut=3;CPXPARAM_MIP_Limits_CutPasses=0;CPXPARAM_MIP_Limits_CutsFactor=-1;CPXPARAM_MIP_Limits_GomoryCand=150;CPXPARAM_MIP_Limits_GomoryPass=0;CPXPARAM_MIP_Limits_Nodes=9223372036800000000;CPXPARAM_MIP_Limits_ProbeTime=2;CPXPARAM_MIP_Limits_RepairTries=0;CPXPARAM_MIP_Limits_StrongCand=10;CPXPARAM_MIP_Limits_StrongIt=0;CPXPARAM_MIP_OrderType=0;CPXPARAM_MIP_Strategy_BBInterval=7;CPXPARAM_MIP_Strategy_Branch=0;CPXPARAM_MIP_Strategy_Dive=0;CPXPARAM_MIP_Strategy_File=1;CPXPARAM_MIP_Strategy_HeuristicFreq=0;CPXPARAM_MIP_Strategy_LBHeur=0;CPXPARAM_MIP_Strategy_NodeSelect=1;CPXPARAM_MIP_Strategy_Order=1;CPXPARAM_MIP_Strategy_PresolveNode=0;CPXPARAM_MIP_Strategy_Probe=-1;CPXPARAM_MIP_Strategy_RINSHeur=0;CPXPARAM_MIP_Strategy_StartAlgorithm=0;CPXPARAM_MIP_Strategy_SubAlgorithm=0;CPXPARAM_MIP_Strategy_VariableSelect=0;CPXPARAM_Network_NetFind=2;CPXPARAM_Network_Pricing=0;CPXPARAM_Parallel=1;CPXPARAM_Preprocessing_Aggregator=-1;CPXPARAM_Preprocessing_BoundStrength=-1;CPXPARAM_Preprocessing_CoeffReduce=-1;CPXPARAM_Preprocessing_Dependency=-1;CPXPARAM_Preprocessing_Dual=0;CPXPARAM_Preprocessing_Fill=10;CPXPARAM_Preprocessing_NumPass=-1;CPXPARAM_Preprocessing_Presolve=1;CPXPARAM_Preprocessing_QPMakePSD=1;CPXPARAM_Preprocessing_Reduce=3;CPXPARAM_Preprocessing_Relax=-1;CPXPARAM_Preprocessing_RepeatPresolve=-1;CPXPARAM_Preprocessing_Symmetry=-1;CPXPARAM_Read_Scale=0;CPXPARAM_Sifting_Algorithm=0;CPXPARAM_Simplex_Crash=1;CPXPARAM_Simplex_DGradient=0;CPXPARAM_Simplex_Limits_Perturbation=0;CPXPARAM_Simplex_Limits_Singularity=10;CPXPARAM_Simplex_PGradient=0;CPXPARAM_Simplex_Pricing=0;CPXPARAM_Simplex_Refactor=0
1324825832902209086,0,CPXPARAM_Advance=1;CPXPARAM_Barrier_Algorithm=0;CPXPARAM_Barrier_ColNonzeros=0;CPXPARAM_Barrier_Crossover=0;CPXPARAM_Barrier_Limits_Corrections=-1;CPXPARAM_Barrier_Ordering=0;CPXPARAM_Barrier_StartAlg=1;CPXPARAM_Emphasis_MIP=5;CPXPARAM_Emphasis_Memory=0;CPXPARAM_Emphasis_Numerical=0;CPXPARAM_Feasopt_Mode=0;CPXPARAM_LPMethod=0;CPXPARAM_MIP_Cuts_Cliques=2;CPXPARAM_MIP_Cuts_Covers=0;CPXPARAM_MIP_Cuts_Disjunctive=0;CPXPARAM_MIP_Cuts_FlowCovers=0;CPXPARAM_MIP_Cuts_GUBCovers=-1;CPXPARAM_MIP_Cuts_Gomory=2;CPXPARAM_MIP_Cuts_Implied=2;CPXPARAM_MIP_Cuts_MIRCut=1;CPXPARAM_MIP_Cuts_PathCut=-1;CPXPARAM_MIP_Limits_AggForCut=3;CPXPARAM_MIP_Limits_CutPasses=0;CPXPARAM_MIP_Limits_CutsFactor=-1;CPXPARAM_MIP_Limits_GomoryCand=25;CPXPARAM_MIP_Limits_GomoryPass=0;CPXPARAM_MIP_Limits_Nodes=9223372036800000000;CPXPARAM_MIP_Limits_ProbeTime=1e+75;CPXPARAM_MIP_Limits_RepairTries=0;CPXPARAM_MIP_Limits_StrongCand=10;CPXPARAM_MIP_Limits_StrongIt=0;CPXPARAM_MIP_OrderType=0;CPXPARAM_MIP_Strategy_BBInterval=7;CPXPARAM_MIP_Strategy_Branch=0;CPXPARAM_MIP_Strategy_Dive=0;CPXPARAM_MIP_Strategy_File=1;CPXPARAM_MIP_Strategy_HeuristicFreq=0;CPXPARAM_MIP_Strategy_LBHeur=0;CPXPARAM_MIP_Strategy_NodeSelect=1;CPXPARAM_MIP_Strategy_Order=1;CPXPARAM_MIP_Strategy_PresolveNode=0;CPXPARAM_MIP_Strategy_Probe=0;CPXPARAM_MIP_Strategy_RINSHeur=0;CPXPARAM_MIP_Strategy_StartAlgorithm=0;CPXPARAM_MIP_Strategy_SubAlgorithm=0;CPXPARAM_MIP_Strategy_VariableSelect=0;CPXPARAM_Network_NetFind=2;CPXPARAM_Network_Pricing=0;CPXPARAM_Parallel=1;CPXPARAM_Preprocessing_Aggregator=-1;CPXPARAM_Preprocessing_BoundStrength=-1;CPXPARAM_Preprocessing_CoeffReduce=-1;CPXPARAM_Preprocessing_Dependency=-1;CPXPARAM_Preprocessing_Dual=0;CPXPARAM_Preprocessing_Fill=10;CPXPARAM_Preprocessing_NumPass=-1;CPXPARAM_Preprocessing_Presolve=1;CPXPARAM_Preprocessing_QPMakePSD=1;CPXPARAM_Preprocessing_Reduce=3;CPXPARAM_Preprocessing_Relax=-1;CPXPARAM_Preprocessing_RepeatPresolve=-1;CPXPARAM_Preprocessing_Symmetry=-1;CPXPARAM_Read_Scale=0;CPXPARAM_Sifting_Algorithm=0;CPXPARAM_Simplex_Crash=1;CPXPARAM_Simplex_DGradient=0;CPXPARAM_Simplex_Limits_Perturbation=0;CPXPARAM_Simplex_Limits_Singularity=10;CPXPARAM_Simplex_PGradient=0;CPXPARAM_Simplex_Pricing=0;CPXPARAM_Simplex_Refactor=0
9310497937530305219,0,CPXPARAM_Advance=1;CPXPARAM_Barrier_Algorithm=0;CPXPARAM_Barrier_ColNonzeros=0;CPXPARAM_Barrier_Crossover=0;CPXPARAM_Barrier_Limits_Corrections=-1;CPXPARAM_Barrier_Ordering=0;CPXPARAM_Barrier_StartAlg=1;CPXPARAM_Emphasis_MIP=4;CPXPARAM_Emphasis_Memory=0;CPXPARAM_Emphasis_Numerical=0;CPXPARAM_Feasopt_Mode=0;CPXPARAM_LPMethod=0;CPXPARAM_MIP_Cuts_Cliques=-1;CPXPARAM_MIP_Cuts_Covers=0;CPXPARAM_MIP_Cuts_Disjunctive=-1;CPXPARAM_MIP_Cuts_FlowCovers=1;CPXPARAM_MIP_Cuts_GUBCovers=0;CPXPARAM_MIP_Cuts_Gomory=0;CPXPARAM_MIP_Cuts_Implied=0;CPXPARAM_MIP_Cuts_MIRCut=2;CPXPARAM_MIP_Cuts_PathCut=-1;CPXPARAM_MIP_Limits_AggForCut=3;CPXPARAM_MIP_Limits_CutPasses=0;CPXPARAM_MIP_Limits_CutsFactor=-1;CPXPARAM_MIP_Limits_GomoryCand=400;CPXPARAM_MIP_Limits_GomoryPass=0;CPXPARAM_MIP_Limits_Nodes=9223372036800000000;CPXPARAM_MIP_Limits_ProbeTime=1e+75;CPXPARAM_MIP_Limits_RepairTries=0;CPXPARAM_MIP_Limits_StrongCand=10;CPXPARAM_MIP_Limits_StrongIt=0;CPXPARAM_MIP_OrderType=0;CPXPARAM_MIP_Strategy_BBInterval=7;CPXPARAM_MIP_Strategy_Branch=0;CPXPARAM_MIP_Strategy_Dive=0;CPXPARAM_MIP_Strategy_File=1;CPXPARAM_MIP_Strategy_HeuristicFreq=0;CPXPARAM_MIP_Strategy_LBHeur=0;CPXPARAM_MIP_Strategy_NodeSelect=1;CPXPARAM_MIP_Strategy_Order=1;CPXPARAM_MIP_Strategy_PresolveNode=0;CPXPARAM_MIP_Strategy_Probe=-1;CPXPARAM_MIP_Strategy_RINSHeur=0;CPXPARAM_MIP_Strategy_StartAlgorithm=0;CPXPARAM_MIP_Strategy_SubAlgorithm=0;CPXPARAM_MIP_Strategy_VariableSelect=0;CPXPARAM_Network_NetFind=2;CPXPARAM_Network_Pricing=0;CPXPARAM_Parallel=1;CPXPARAM_Preprocessing_Aggregator=-1;CPXPARAM_Preprocessing_BoundStrength=-1;CPXPARAM_Preprocessing_CoeffReduce=-1;CPXPARAM_Preprocessing_Dependency=3;CPXPARAM_Preprocessing_Dual=0;CPXPARAM_Preprocessing_Fill=10;CPXPARAM_Preprocessing_NumPass=-1;CPXPARAM_Preprocessing_Presolve=1;CPXPARAM_Preprocessing_QPMakePSD=1;CPXPARAM_Preprocessing_Reduce=3;CPXPARAM_Preprocessing_Relax=-1;CPXPARAM_Preprocessing_RepeatPresolve=-1;CPXPARAM_Preprocessing_Symmetry=-1;CPXPARAM_Read_Scale=0;CPXPARAM_Sifting_Algorithm=0;CPXPARAM_Simplex_Crash=1;CPXPARAM_Simplex_DGradient=0;CPXPARAM_Simplex_Limits_Perturbation=0;CPXPARAM_Simplex_Limits_Singularity=10;CPXPARAM_Simplex_PGradient=0;CPXPARAM_Simplex_Pricing=0;CPXPARAM_Simplex_Refactor=0
2486275018391189947,0,CPXPARAM_Advance=1;CPXPARAM_Barrier_Algorithm=0;CPXPARAM_Barrier_ColNonzeros=0;CPXPARAM_Barrier_Crossover=0;CPXPARAM_Barrier_Limits_Corrections=-1;CPXPARAM_Barrier_Ordering=0;CPXPARAM_Barrier_StartAlg=1;CPXPARAM_Emphasis_MIP=4;CPXPARAM_Emphasis_Memory=0;CPXPARAM_Emphasis_Numerical=0;CPXPARAM_Feasopt_Mode=0;CPXPARAM_LPMethod=0;CPXPARAM_MIP_Cuts_Cliques=0;CPXPARAM_MIP_Cuts_Covers=0;CPXPARAM_MIP_Cuts_Disjunctive=0;CPXPARAM_MIP_Cuts_FlowCovers=-1;CPXPARAM_MIP_Cuts_GUBCovers=2;CPXPARAM_MIP_Cuts_Gomory=2;CPXPARAM_MIP_Cuts_Implied=2;CPXPARAM_MIP_Cuts_MIRCut=0;CPXPARAM_MIP_Cuts_PathCut=2;CPXPARAM_MIP_Limits_AggForCut=3;CPXPARAM_MIP_Limits_CutPasses=0;CPXPARAM_MIP_Limits_CutsFactor=-1;CPXPARAM_MIP_Limits_GomoryCand=100;CPXPARAM_MIP_Limits_GomoryPass=0;CPXPARAM_MIP_Limits_Nodes=9223372036800000000;CPXPARAM_MIP_Limits_ProbeTime=1e+75;CPXPARAM_MIP_Limits_RepairTries=0;CPXPARAM_MIP_Limits_StrongCand=10;CPXPARAM_MIP_Limits_StrongIt=0;CPXPARAM_MIP_OrderType=0;CPXPARAM_MIP_Strategy_BBInterval=7;CPXPARAM_MIP_Strategy_Branch=0;CPXPARAM_MIP_Strategy_Dive=0;CPXPARAM_MIP_Strategy_File=1;CPXPARAM_MIP_Strategy_HeuristicFreq=0;CPXPARAM_MIP_Strategy_LBHeur=0;CPXPARAM_MIP_Strategy_NodeSelect=1;CPXPARAM_MIP_Strategy_Order=1;CPXPARAM_MIP_Strategy_PresolveNode=0;CPXPARAM_MIP_Strategy_Probe=0;CPXPARAM_MIP_Strategy_RINSHeur=0;CPXPARAM_MIP_Strategy_StartAlgorithm=0;CPXPARAM_MIP_Strategy_SubAlgorithm=0;CPXPARAM_MIP_Strategy_VariableSelect=0;CPXPARAM_Network_NetFind=2;CPXPARAM_Network_Pricing=0;CPXPARAM_Parallel=1;CPXPARAM_Preprocessing_Aggregator=-1;CPXPARAM_Preprocessing_BoundStrength=-1;CPXPARAM_Preprocessing_CoeffReduce=-1;CPXPARAM_Preprocessing_Dependency=-1;CPXPARAM_Preprocessing_Dual=0;CPXPARAM_Preprocessing_Fill=10;CPXPARAM_Preprocessing_NumPass=-1;CPXPARAM_Preprocessing_Presolve=1;CPXPARAM_Preprocessing_QPMakePSD=1;CPXPARAM_Preprocessing_Reduce=3;CPXPARAM_Preprocessing_Relax=-1;CPXPARAM_Preprocessing_RepeatPresolve=-1;CPXPARAM_Preprocessing_Symmetry=-1;CPXPARAM_Read_Scale=0;CPXPARAM_Sifting_Algorithm=0;CPXPARAM_Simplex_Crash=1;CPXPARAM_Simplex_DGradient=0;CPXPARAM_Simplex_Limits_Perturbation=0;CPXPARAM_Simplex_Limits_Singularity=10;CPXPARAM_Simplex_PGradient=0;CPXPARAM_Simplex_Pricing=0;CPXPARAM_Simplex_Refactor=0
8283074582629187003,0,CPXPARAM_Advance=1;CPXPARAM_Barrier_Algorithm=0;CPXPARAM_Barrier_ColNonzeros=0;CPXPARAM_Barrier_Crossover=0;CPXPARAM_Barrier_Limits_Corrections=-1;CPXPARAM_Barrier_Ordering=0;CPXPARAM_Barrier_StartAlg=1;CPXPARAM_Emphasis_MIP=1;CPXPARAM_Emphasis_Memory=0;CPXPARAM_Emphasis_Numerical=0;CPXPARAM_Feasopt_Mode=0;CPXPARAM_LPMethod=0;CPXPARAM_MIP_Cuts_Cliques=3;CPXPARAM_MIP_Cuts_Covers=0;CPXPARAM_MIP_Cuts_Disjunctive=0;CPXPARAM_MIP_Cuts_FlowCovers=2;CPXPARAM_MIP_Cuts_GUBCovers=2;CPXPARAM_MIP_Cuts_Gomory=1;CPXPARAM_MIP_Cuts_Implied=0;CPXPARAM_MIP_Cuts_MIRCut=-1;CPXPARAM_MIP_Cuts_PathCut=1;CPXPARAM_MIP_Limits_AggForCut=3;CPXPARAM_MIP_Limits_CutPasses=0;CPXPARAM_MIP_Limits_CutsFactor=-1;CPXPARAM_MIP_Limits_GomoryCand=400;CPXPARAM_MIP_Limits_GomoryPass=0;CPXPARAM_MIP_Limits_Nodes=9223372036800000000;CPXPARAM_MIP_Limits_ProbeTime=1e+75;CPXPARAM_MIP_Limits_RepairTries=0;CPXPARAM_MIP_Limits_StrongCand=10;CPXPARAM_MIP_Limits_StrongIt=0;CPXPARAM_MIP_OrderType=0;CPXPARAM_MIP_Strategy_BBInterval=7;CPXPARAM_MIP_Strategy_Branch=0;CPXPARAM_MIP_Strategy_Dive=0;CPXPARAM_MIP_Strategy_File=1;CPXPARAM_MIP_Strategy_HeuristicFreq=0;CPXPARAM_MIP_Strategy_LBHeur=0;CPXPARAM_MIP_Strategy_NodeSelect=1;CPXPARAM_MIP_Strategy_Order=1;CPXPARAM_MIP_Strategy_PresolveNode=0;CPXPARAM_MIP_Strategy_Probe=0;CPXPARAM_MIP_Strategy_RINSHeur=0;CPXPARAM_MIP_Strategy_StartAlgorithm=0;CPXPARAM_MIP_Strategy_SubAlgorithm=0;CPXPARAM_MIP_Strategy_VariableSelect=0;CPXPARAM_Network_NetFind=2;CPXPARAM_Network_Pricing=0;CPXPARAM_Parallel=1;CPXPARAM_Preprocessing_Aggregator=-1;CPXPARAM_Preprocessing_BoundStrength=-1;CPXPARAM_Preprocessing_CoeffReduce=-1;CPXPARAM_Preprocessing_Dependency=-1;CPXPARAM_Preprocessing_Dual=0;CPXPARAM_Preprocessing_Fill=10;CPXPARAM_Preprocessing_NumPass=-1;CPXPARAM_Preprocessing_Presolve=1;CPXPARAM_Preprocessing_QPMakePSD=1;CPXPARAM_Preprocessing_Reduce=3;CPXPARAM_Preprocessing_Relax=-1;CPXPARAM_Preprocessing_RepeatPresolve=-1;CPXPARAM_Preprocessing_Symmetry=-1;CPXPARAM_Read_Scale=0;CPXPARAM_Sifting_Algorithm=0;CPXPARAM_Simplex_Crash=1;CPXPARAM_Simplex_DGradient=0;CPXPARAM_Simplex_Limits_Perturbation=0;CPXPARAM_Simplex_Limits_Singularity=10;CPXPARAM_Simplex_PGradient=0;CPXPARAM_Simplex_Pricing=0;CPXPARAM_Simplex_Refactor=0
9503875924212520587,0,CPXPARAM_Advance=1;CPXPARAM_Barrier_Algorithm=0;CPXPARAM_Barrier_ColNonzeros=0;CPXPARAM_Barrier_Crossover=0;CPXPARAM_Barrier_Limits_Corrections=-1;CPXPARAM_Barrier_Ordering=0;CPXPARAM_Barrier_StartAlg=1;CPXPARAM_Emphasis_MIP=4;CPXPARAM_Emphasis_Memory=0;CPXPARAM_Emphasis_Numerical=0;CPXPARAM_Feasopt_Mode=0;CPXPARAM_LPMethod=0;CPXPARAM_MIP_Cuts_Cliques=-1;CPXPARAM_MIP_Cuts_Covers=0;CPXPARAM_MIP_Cuts_Disjunctive=-1;CPXPARAM_MIP_Cuts_FlowCovers=1;CPXPARAM_MIP_Cuts_GUBCovers=0;CPXPARAM_MIP_Cuts_Gomory=0;CPXPARAM_MIP_Cuts_Implied=0;CPXPARAM_MIP_Cuts_MIRCut=0;CPXPARAM_MIP_Cuts_PathCut=-1;CPXPARAM_MIP_Limits_AggForCut=3;CPXPARAM_MIP_Limits_CutPasses=0;CPXPARAM_MIP_Limits_CutsFactor=-1;CPXPARAM_MIP_Limits_GomoryCand=150;CPXPARAM_MIP_Limits_GomoryPass=0;CPXPARAM_MIP_Limits_Nodes=9223372036800000000;CPXPARAM_MIP_Limits_ProbeTime=1e+75;CPXPARAM_MIP_Limits_RepairTries=0;CPXPARAM_MIP_Limits_StrongCand=10;CPXPARAM_MIP_Limits_StrongIt=0;CPXPARAM_MIP_OrderType=0;CPXPARAM_MIP_Strategy_BBInterval=7;CPXPARAM_MIP_Strategy_Branch=0;CPXPARAM_MIP_Strategy_Dive=0;CPXPARAM_MIP_Strategy_File=1;CPXPARAM_MIP_Strategy_HeuristicFreq=0;CPXPARAM_MIP_Strategy_LBHeur=0;CPXPARAM_MIP_Strategy_NodeSelect=1;CPXPARAM_MIP_Strategy_Order=1;CPXPARAM_MIP_Strategy_PresolveNode=0;CPXPARAM_MIP_Strategy_Probe=-1;CPXPARAM_MIP_Strategy_RINSHeur=0;CPXPARAM_MIP_Strategy_StartAlgorithm=0;CPXPARAM_MIP_Strategy_SubAlgorithm=0;CPXPARAM_MIP_Strategy_VariableSelect=0;CPXPARAM_Network_NetFind=2;CPXPARAM_Network_Pricing=0;CPXPARAM_Parallel=1;CPXPARAM_Preprocessing_Aggregator=-1;CPXPARAM_Preprocessing_BoundStrength=-1;CPXPARAM_Preprocessing_CoeffReduce=-1;CPXPARAM_Preprocessing_Dependency=-1;CPXPARAM_Preprocessing_Dual=0;CPXPARAM_Preprocessing_Fill=10;CPXPARAM_Preprocessing_NumPass=-1;CPXPARAM_Preprocessing_Presolve=1;CPXPARAM_Preprocessing_QPMakePSD=1;CPXPARAM_Preprocessing_Reduce=3;CPXPARAM_Preprocessing_Relax=-1;CPXPARAM_Preprocessing_RepeatPresolve=-1;CPXPARAM_Preprocessing_Symmetry=-1;CPXPARAM_Read_Scale=0;CPXPARAM_Sifting_Algorithm=0;CPXPARAM_Simplex_Crash=1;CPXPARAM_Simplex_DGradient=0;CPXPARAM_Simplex_Limits_Perturbation=0;CPXPARAM_Simplex_Limits_Singularity=10;CPXPARAM_Simplex_PGradient=0;CPXPARAM_Simplex_Pricing=0;CPXPARAM_Simplex_Refactor=0
14535687837217774916,0,CPXPARAM_Advance=1;CPXPARAM_Barrier_Algorithm=0;CPXPARAM_Barrier_ColNonzeros=0;CPXPARAM_Barrier_Crossover=0;CPXPARAM_Barrier_Limits_Corrections=-1;CPXPARAM_Barrier_Ordering=0;CPXPARAM_Barrier_StartAlg=1;CPXPARAM_Emphasis_MIP=4;CPXPARAM_Emphasis_Memory=0;CPXPARAM_Emphasis_Numerical=0;CPXPARAM_Feasopt_Mode=0;CPXPARAM_LPMethod=0;CPXPARAM_MIP_Cuts_Cliques=-1;CPXPARAM_MIP_Cuts_Covers=0;CPXPARAM_MIP_Cuts_Disjunctive=-1;CPXPARAM_MIP_Cuts_FlowCovers=1;CPXPARAM_MIP_Cuts_GUBCovers=0;CPXPARAM_MIP_Cuts_Gomory=0;CPXPARAM_MIP_Cuts_Implied=0;CPXPARAM_MIP_Cuts_MIRCut=2;CPXPARAM_MIP_Cuts_PathCut=-1;CPXPARAM_MIP_Limits_AggForCut=3;CPXPARAM_MIP_Limits_CutPasses=0;CPXPARAM_MIP_Limits_CutsFactor=-1;CPXPARAM_MIP_Limits_GomoryCand=150;CPXPARAM_MIP_Limits_GomoryPass=0;CPXPARAM_MIP_Limits_Nodes=9223372036800000000;CPXPARAM_MIP_Limits_ProbeTime=1e+75;CPXPARAM_MIP_Limits_RepairTries=0;CPXPARAM_MIP_Limits_StrongCand=10;CPXPARAM_MIP_Limits_StrongIt=0;CPXPARAM_MIP_OrderType=0;CPXPARAM_MIP_Strategy_BBInterval=7;CPXPARAM_MIP_Strategy_Branch=0;CPXPARAM_MIP_Strategy_Dive=0;CPXPARAM_MIP_Strategy_File=1;CPXPARAM_MIP_Strategy_HeuristicFreq=0;CPXPARAM_MIP_Strategy_LBHeur=0;CPXPARAM_MIP_Strategy_NodeSelect=1;CPXPARAM_MIP_Strategy_Order=1;CPXPARAM_MIP_Strategy_PresolveNode=0;CPXPARAM_MIP_Strategy_Probe=-1;CPXPARAM_MIP_Strategy_RINSHeur=0;CPXPARAM_MIP_Strategy_StartAlgorithm=0;CPXPARAM_MIP_Strategy_SubAlgorithm=5;CPXPARAM_MIP_Strategy_VariableSelect=0;CPXPARAM_Network_NetFind=2;CPXPARAM_Network_Pricing=0;CPXPARAM_Parallel=1;CPXPARAM_Preprocessing_Aggregator=-1;CPXPARAM_Preprocessing_BoundStrength=-1;CPXPARAM_Preprocessing_CoeffReduce=-1;CPXPARAM_Preprocessing_Dependency=3;CPXPARAM_Preprocessing_Dual=0;CPXPARAM_Preprocessing_Fill=10;CPXPARAM_Preprocessing_NumPass=-1;CPXPARAM_Preprocessing_Presolve=1;CPXPARAM_Preprocessing_QPMakePSD=1;CPXPARAM_Preprocessing_Reduce=3;CPXPARAM_Preprocessing_Relax=-1;CPXPARAM_Preprocessing_RepeatPresolve=-1;CPXPARAM_Preprocessing_Symmetry=-1;CPXPARAM_Read_Scale=0;CPXPARAM_Sifting_Algorithm=0;CPXPARAM_Simplex_Crash=1;CPXPARAM_Simplex_DGradient=0;CPXPARAM_Simplex_Limits_Perturbation=0;CPXPARAM_Simplex_Limits_Singularity=10;CPXPARAM_Simplex_PGradient=0;CPXPARAM_Simplex_Pricing=0;CPXPARAM_Simplex_Refactor=0
15877550541732472281,0,CPXPARAM_Advance=1;CPXPARAM_Barrier_Algorithm=0;CPXPARAM_Barrier_ColNonzeros=0;CPXPARAM_Barrier_Crossover=0;CPXPARAM_Barrier_Limits_Corrections=-1;CPXPARAM_Barrier_Ordering=0;CPXPARAM_Barrier_StartAlg=1;CPXPARAM_Emphasis_MIP=0;CPXPARAM_Emphasis_Memory=0;CPXPARAM_Emphasis_Numerical=0;CPXPARAM_Feasopt_Mode=0;CPXPARAM_LPMethod=0;CPXPARAM_MIP_Cuts_Cliques=-1;CPXPARAM_MIP_Cuts_Covers=0;CPXPARAM_MIP_Cuts_Disjunctive=0;CPXPARAM_MIP_Cuts_FlowCovers=2;CPXPARAM_MIP_Cuts_GUBCovers=2;CPXPARAM_MIP_Cuts_Gomory=-1;CPXPARAM_MIP_Cuts_Implied=-1;CPXPARAM_MIP_Cuts_MIRCut=1;CPXPARAM_MIP_Cuts_PathCut=-1;CPXPARAM_MIP_Limits_AggForCut=3;CPXPARAM_MIP_Limits_CutPasses=0;CPXPARAM_MIP_Limits_CutsFactor=-1;CPXPARAM_MIP_Limits_GomoryCand=200;CPXPARAM_MIP_Limits_GomoryPass=0;CPXPARAM_MIP_Limits_Nodes=9223372036800000000;CPXPARAM_MIP_Limits_ProbeTime=1e+75;CPXPARAM_MIP_Limits_RepairTries=0;CPXPARAM_MIP_Limits_StrongCand=10;CPXPARAM_MIP_Limits_StrongIt=0;CPXPARAM_MIP_OrderType=0;CPXPARAM_MIP_Strategy_BBInterval=7;CPXPARAM_MIP_Strategy_Branch=0;CPXPARAM_MIP_Strategy_Dive=0;CPXPARAM_MIP_Strategy_File=1;CPXPARAM_MIP_Strategy_HeuristicFreq=0;CPXPARAM_MIP_Strategy_LBHeur=0;CPXPARAM_MIP_Strategy_NodeSelect=1;CPXPARAM_MIP_Strategy_Order=1;CPXPARAM_MIP_Strategy_PresolveNode=0;CPXPARAM_MIP_Strategy_Probe=0;CPXPARAM_MIP_Strategy_RINSHeur=0;CPXPARAM_MIP_Strategy_StartAlgorithm=0;CPXPARAM_MIP_Strategy_SubAlgorithm=0;CPXPARAM_MIP_Strategy_VariableSelect=0;CPXPARAM_Network_NetFind=2;CPXPARAM_Network_Pricing=0;CPXPARAM_Parallel=1;CPXPARAM_Preprocessing_Aggregator=-1;CPXPARAM_Preprocessing_BoundStrength=-1;CPXPARAM_Preprocessing_CoeffReduce=-1;CPXPARAM_Preprocessing_Dependency=-1;CPXPARAM_Preprocessing_Dual=0;CPXPARAM_Preprocessing_Fill=10;CPXPARAM_Preprocessing_NumPass=-1;CPXPARAM_Preprocessing_Presolve=1;CPXPARAM_Preprocessing_QPMakePSD=1;CPXPARAM_Preprocessing_Reduce=3;CPXPARAM_Preprocessing_Relax=-1;CPXPARAM_Preprocessing_RepeatPresolve=-1;CPXPARAM_Preprocessing_Symmetry=-1;CPXPARAM_Read_Scale=0;CPXPARAM_Sifting_Algorithm=0;CPXPARAM_Simplex_Crash=1;CPXPARAM_Simplex_DGradient=0;CPXPARAM_Simplex_Limits_Perturbation=0;CPXPARAM_Simplex_Limits_Singularity=10;CPXPARAM_Simplex_PGradient=0;CPXPARAM_Simplex_Pricing=0;CPXPARAM_Simplex_Refactor=0
14002579742450058795,0,CPXPARAM_Advance=1;CPXPARAM_Barrier_Algorithm=0;CPXPARAM_Barrier_ColNonzeros=0;CPXPARAM_Barrier_Crossover=0;CPXPARAM_Barrier_Limits_Corrections=-1;CPXPARAM_Barrier_Ordering=0;CPXPARAM_Barrier_StartAlg=1;CPXPARAM_Emphasis_MIP=4;CPXPARAM_Emphasis_Memory=0;CPXPARAM_Emphasis_Numerical=0;CPXPARAM_Feasopt_Mode=0;CPXPARAM_LPMethod=0;CPXPARAM_MIP_Cuts_Cliques=-1;CPXPARAM_MIP_Cuts_Covers=0;CPXPARAM_MIP_Cuts_Disjunctive=-1;CPXPARAM_MIP_Cuts_FlowCovers=1;CPXPARAM_MIP_Cuts_GUBCovers=0;CPXPARAM_MIP_Cuts_Gomory=0;CPXPARAM_MIP_Cuts_Implied=0;CPXPARAM_MIP_Cuts_MIRCut=2;CPXPARAM_MIP_Cuts_PathCut=-1;CPXPARAM_MIP_Limits_AggForCut=3;CPXPARAM_MIP_Limits_CutPasses=0;CPXPARAM_MIP_Limits_CutsFactor=-1;CPXPARAM_MIP_Limits_GomoryCand=400;CPXPARAM_MIP_Limits_GomoryPass=0;CPXPARAM_MIP_Limits_Nodes=9223372036800000000;CPXPARAM_MIP_Limits_ProbeTime=1e+75;CPXPARAM_MIP_Limits_RepairTries=0;CPXPARAM_MIP_Limits_StrongCand=10;CPXPARAM_MIP_Limits_StrongIt=0;CPXPARAM_MIP_OrderType=0;CPXPARAM_MIP_Strategy_BBInterval=7;CPXPARAM_MIP_Strategy_Branch=0;CPXPARAM_MIP_Strategy_Dive=0;CPXPARAM_MIP_Strategy_File=1;CPXPARAM_MIP_Strategy_HeuristicFreq=0;CPXPARAM_MIP_Strategy_LBHeur=0;CPXPARAM_MIP_Strategy_NodeSelect=1;CPXPARAM_MIP_Strategy_Order=1;CPXPARAM_MIP_Strategy_PresolveNode=0;CPXPARAM_MIP_Strategy_Probe=-1;CPXPARAM_MIP_Strategy_RINSHeur=0;CPXPARAM_MIP_Strategy_StartAlgorithm=0;CPXPARAM_MIP_Strategy_SubAlgorithm=0;CPXPARAM_MIP_Strategy_VariableSelect=0;CPXPARAM_Network_NetFind=2;CPXPARAM_Network_Pricing=0;CPXPARAM_Parallel=1;CPXPARAM_Preprocessing_Aggregator=-1;CPXPARAM_Preprocessing_BoundStrength=-1;CPXPARAM_Preprocessing_CoeffReduce=-1;CPXPARAM_Preprocessing_Dependency=-1;CPXPARAM_Preprocessing_Dual=0;CPXPARAM_Preprocessing_Fill=10;CPXPARAM_Preprocessing_NumPass=-1;CPXPARAM_Preprocessing_Presolve=1;CPXPARAM_Preprocessing_QPMakePSD=1;CPXPARAM_Preprocessing_Reduce=3;CPXPARAM_Preprocessing_Relax=-1;CPXPARAM_Preprocessing_RepeatPresolve=-1;CPXPARAM_Preprocessing_Symmetry=-1;CPXPARAM_Read_Scale=0;CPXPARAM_Sifting_Algorithm=0;CPXPARAM_Simplex_Crash=1;CPXPARAM_Simplex_DGradient=0;CPXPARAM_Simplex_Limits_Perturbation=0;CPXPARAM_Simplex_Limits_Singularity=10;CPXPARAM_Simplex_PGradient=0;CPXPARAM_Simplex_Pricing=0;CPXPARAM_Simplex_Refactor=0
854093000902936570,0,CPXPARAM_Advance=1;CPXPARAM_Barrier_Algorithm=0;CPXPARAM_Barrier_ColNonzeros=0;CPXPARAM_Barrier_Crossover=0;CPXPARAM_Barrier_Limits_Corrections=-1;CPXPARAM_Barrier_Ordering=0;CPXPARAM_Barrier_StartAlg=1;CPXPARAM_Emphasis_MIP=4;CPXPARAM_Emphasis_Memory=0;CPXPARAM_Emphasis_Numerical=0;CPXPARAM_Feasopt_Mode=0;CPXPARAM_LPMethod=0;CPXPARAM_MIP_Cuts_Cliques=-1;CPXPARAM_MIP_Cuts_Covers=0;CPXPARAM_MIP_Cuts_Disjunctive=-1;CPXPARAM_MIP_Cuts_FlowCovers=1;CPXPARAM_MIP_Cuts_GUBCovers=0;CPXPARAM_MIP_Cuts_Gomory=0;CPXPARAM_MIP_Cuts_Implied=0;CPXPARAM_MIP_Cuts_MIRCut=2;CPXPARAM_MIP_Cuts_PathCut=-1;CPXPARAM_MIP_Limits_AggForCut=3;CPXPARAM_MIP_Limits_CutPasses=0;CPXPARAM_MIP_Limits_CutsFactor=8;CPXPARAM_MIP_Limits_GomoryCand=150;CPXPARAM_MIP_Limits_GomoryPass=0;CPXPARAM_MIP_Limits_Nodes=9223372036800000000;CPXPARAM_MIP_Limits_ProbeTime=1e+75;CPXPARAM_MIP_Limits_RepairTries=0;CPXPARAM_MIP_Limits_StrongCand=10;CPXPARAM_MIP_Limits_StrongIt=0;CPXPARAM_MIP_OrderType=0;CPXPARAM_MIP_Strategy_BBInterval=7;CPXPARAM_MIP_Strategy_Branch=0;CPXPARAM_MIP_Strategy_Dive=0;CPXPARAM_MIP_Strategy_File=1;CPXPARAM_MIP_Strategy_HeuristicFreq=0;CPXPARAM_MIP_Strategy_LBHeur=0;CPXPARAM_MIP_Strategy_NodeSelect=1;CPXPARAM_MIP_Strategy_Order=1;CPXPARAM_MIP_Strategy_PresolveNode=0;CPXPARAM_MIP_Strategy_Probe=-1;CPXPARAM_MIP_Strategy_RINSHeur=0;CPXPARAM_MIP_Strategy_StartAlgorithm=0;CPXPARAM_MIP_Strategy_SubAlgorithm=0;CPXPARAM_MIP_Strategy_VariableSelect=0;CPXPARAM_Network_NetFind=2;CPXPARAM_Network_Pricing=0;CPXPARAM_Parallel=1;CPXPARAM_Preprocessing_Aggregator=-1;CPXPARAM_Preprocessing_BoundStrength=-1;CPXPARAM_Preprocessing_CoeffReduce=-1;CPXPARAM_Preprocessing_Dependency=-1;CPXPARAM_Preprocessing_Dual=0;CPXPARAM_Preprocessing_Fill=10;CPXPARAM_Preprocessing_NumPass=-1;CPXPARAM_Preprocessing_Presolve=1;CPXPARAM_Preprocessing_QPMakePSD=1;CPXPARAM_Preprocessing_Reduce=3;CPXPARAM_Preprocessing_Relax=-1;CPXPARAM_Preprocessing_RepeatPresolve=-1;CPXPARAM_Preprocessing_Symmetry=-1;CPXPARAM_Read_Scale=0;CPXPARAM_Sifting_Algorithm=0;CPXPARAM_Simplex_Crash=1;CPXPARAM_Simplex_DGradient=0;CPXPARAM_Simplex_Limits_Perturbation=0;CPXPARAM_Simplex_Limits_Singularity=10;CPXPARAM_Simplex_PGradient=0;CPXPARAM_Simplex_Pricing=0;CPXPARAM_Simplex_Refactor=0
12396218151131135542,0,CPXPARAM_Advance=1;CPXPARAM_Barrier_Algorithm=0;CPXPARAM_Barrier_ColNonzeros=0;CPXPARAM_Barrier_Crossover=0;CPXPARAM_Barrier_Limits_Corrections=-1;CPXPARAM_Barrier_Ordering=0;CPXPARAM_Barrier_StartAlg=1;CPXPARAM_Emphasis_MIP=4;CPXPARAM_Emphasis_Memory=0;CPXPARAM_Emphasis_Numerical=0;CPXPARAM_Feasopt_Mode=0;CPXPARAM_LPMethod=0;CPXPARAM_MIP_Cuts_Cliques=0;CPXPARAM_MIP_Cuts_Covers=0;CPXPARAM_MIP_Cuts_Disjunctive=0;CPXPARAM_MIP_Cuts_FlowCovers=0;CPXPARAM_MIP_Cuts_GUBCovers=2;CPXPARAM_MIP_Cuts_Gomory=0;CPXPARAM_MIP_Cuts_Implied=0;CPXPARAM_MIP_Cuts_MIRCut=-1;CPXPARAM_MIP_Cuts_PathCut=1;CPXPARAM_MIP_Limits_AggForCut=3;CPXPARAM_MIP_Limits_CutPasses=0;CPXPARAM_MIP_Limits_CutsFactor=-1;CPXPARAM_MIP_Limits_GomoryCand=150;CPXPARAM_MIP_Limits_GomoryPass=0;CPXPARAM_MIP_Limits_Nodes=9223372036800000000;CPXPARAM_MIP_Limits_ProbeTime=1e+75;CPXPARAM_MIP_Limits_RepairTries=0;CPXPARAM_MIP_Limits_StrongCand=10;CPXPARAM_MIP_Limits_StrongIt=0;CPXPARAM_MIP_OrderType=0;CPXPARAM_MIP_Strategy_BBInterval=7;CPXPARAM_MIP_Strategy_Branch=0;CPXPARAM_MIP_Strategy_Dive=0;CPXPARAM_MIP_Strategy_File=1;CPXPARAM_MIP_Strategy_HeuristicFreq=0;CPXPARAM_MIP_Strategy_LBHeur=0;CPXPARAM_MIP_Strategy_NodeSelect=1;CPXPARAM_MIP_Strategy_Order=1;CPXPARAM_MIP_Strategy_PresolveNode=0;CPXPARAM_MIP_Strategy_Probe=0;CPXPARAM_MIP_Strategy_RINSHeur=0;CPXPARAM_MIP_Strategy_StartAlgorithm=0;CPXPARAM_MIP_Strategy_SubAlgorithm=0;CPXPARAM_MIP_Strategy_VariableSelect=0;CPXPARAM_Network_NetFind=2;CPXPARAM_Network_Pricing=0;CPXPARAM_Parallel=1;CPXPARAM_Preprocessing_Aggregator=-1;CPXPARAM_Preprocessing_BoundStrength=-1;CPXPARAM_Preprocessing_CoeffReduce=-1;CPXPARAM_Preprocessing_Dependency=-1;CPXPARAM_Preprocessing_Dual=0;CPXPARAM_Preprocessing_Fill=10;CPXPARAM_Preprocessing_NumPass=-1;CPXPARAM_Preprocessing_Presolve=1;CPXPARAM_Preprocessing_QPMakePSD=1;CPXPARAM_Preprocessing_Reduce=3;CPXPARAM_Preprocessing_Relax=-1;CPXPARAM_Preprocessing_RepeatPresolve=-1;CPXPARAM_Preprocessing_Symmetry=-1;CPXPARAM_Read_Scale=0;CPXPARAM_Sifting_Algorithm=0;CPXPARAM_Simplex_Crash=1;CPXPARAM_Simplex_DGradient=0;CPXPARAM_Simplex_Limits_Perturbation=0;CPXPARAM_Simplex_Limits_Singularity=10;CPXPARAM_Simplex_PGradient=0;CPXPARAM_Simplex_Pricing=0;CPXPARAM_Simplex_Refactor=0
12715209540912935311,0,CPXPARAM_Advance=1;CPXPARAM_Barrier_Algorithm=0;CPXPARAM_Barrier_ColNonzeros=0;CPXPARAM_Barrier_Crossover=0;CPXPARAM_Barrier_Limits_Corrections=-1;CPXPARAM_Barrier_Ordering=0;CPXPARAM_Barrier_StartAlg=1;CPXPARAM_Emphasis_MIP=4;CPXPARAM_Emphasis_Memory=0;CPXPARAM_Emphasis_Numerical=0;CPXPARAM_Feasopt_Mode=0;CPXPARAM_LPMethod=0;CPXPARAM_MIP_Cuts_Cliques=-1;CPXPARAM_MIP_Cuts_Covers=0;CPXPARAM_MIP_Cuts_Disjunctive=-1;CPXPARAM_MIP_Cuts_FlowCovers=1;CPXPARAM_MIP_Cuts_GUBCovers=0;CPXPARAM_MIP_Cuts_Gomory=0;CPXPARAM_MIP_Cuts_Implied=0;CPXPARAM_MIP_Cuts_MIRCut=2;CPXPARAM_MIP_Cuts_PathCut=-1;CPXPARAM_MIP_Limits_AggForCut=3;CPXPARAM_MIP_Limits_CutPasses=0;CPXPARAM_MIP_Limits_CutsFactor=-1;CPXPARAM_MIP_Limits_GomoryCand=150;CPXPARAM_MIP_Limits_GomoryPass=0;CPXPARAM_MIP_Limits_Nodes=9223372036800000000;CPXPARAM_MIP_Limits_ProbeTime=1e+75;CPXPARAM_MIP_Limits_RepairTries=0;CPXPARAM_MIP_Limits_StrongCand=10;CPXPARAM_MIP_Limits_StrongIt=0;CPXPARAM_MIP_OrderType=0;CPXPARAM_MIP_Strategy_BBInterval=7;CPXPARAM_MIP_Strategy_Branch=0;CPXPARAM_MIP_Strategy_Dive=0;CPXPARAM_MIP_Strategy_File=1;CPXPARAM_MIP_Strategy_HeuristicFreq=0;CPXPARAM_MIP_Strategy_LBHeur=0;CPXPARAM_MIP_Strategy_NodeSelect=1;CPXPARAM_MIP_Strategy_Order=1;CPXPARAM_MIP_Strategy_PresolveNode=0;CPXPARAM_MIP_Strategy_Probe=-1;CPXPARAM_MIP_Strategy_RINSHeur=0;CPXPARAM_MIP_Strategy_StartAlgorithm=0;CPXPARAM_MIP_Strategy_SubAlgorithm=0;CPXPARAM_MIP_Strategy_VariableSelect=0;CPXPARAM_Network_NetFind=2;CPXPARAM_Network_Pricing=1;CPXPARAM_Parallel=1;CPXPARAM_Preprocessing_Aggregator=-1;CPXPARAM_Preprocessing_BoundStrength=-1;CPXPARAM_Preprocessing_CoeffReduce=-1;CPXPARAM_Preprocessing_Dependency=3;CPXPARAM_Preprocessing_Dual=0;CPXPARAM_Preprocessing_Fill=10;CPXPARAM_Preprocessing_NumPass=-1;CPXPARAM_Preprocessing_Presolve=1;CPXPARAM_Preprocessing_QPMakePSD=1;CPXPARAM_Preprocessing_Reduce=3;CPXPARAM_Preprocessing_Relax=-1;CPXPARAM_Preprocessing_RepeatPresolve=-1;CPXPARAM_Preprocessing_Symmetry=-1;CPXPARAM_Read_Scale=0;CPXPARAM_Sifting_Algorithm=0;CPXPARAM_Simplex_Crash=1;CPXPARAM_Simplex_DGradient=0;CPXPARAM_Simplex_Limits_Perturbation=0;CPXPARAM_Simplex_Limits_Singularity=10;CPXPARAM_Simplex_PGradient=0;CPXPARAM_Simplex_Pricing=0;CPXPARAM_Simplex_Refactor=0
7220554048407877907,0,CPXPARAM_Advance=1;CPXPARAM_Barrier_Algorithm=0;CPXPARAM_Barrier_ColNonzeros=0;CPXPARAM_Barrier_Crossover=0;CPXPARAM_Barrier_Limits_Corrections=-1;CPXPARAM_Barrier_Ordering=0;CPXPARAM_Barrier_StartAlg=1;CPXPARAM_Emphasis_MIP=1;CPXPARAM_Emphasis_Memory=0;CPXPARAM_Emphasis_Numerical=0;CPXPARAM_Feasopt_Mode=0;CPXPARAM_LPMethod=0;CPXPARAM_MIP_Cuts_Cliques=2;CPXPARAM_MIP_Cuts_Covers=0;CPXPARAM_MIP_Cuts_Disjunctive=1;CPXPARAM_MIP_Cuts_FlowCovers=-1;CPXPARAM_MIP_Cuts_GUBCovers=1;CPXPARAM_MIP_Cuts_Gomory=-1;CPXPARAM_MIP_Cuts_Implied=0;CPXPARAM_MIP_Cuts_MIRCut=0;CPXPARAM_MIP_Cuts_PathCut=0;CPXPARAM_MIP_Limits_AggForCut=3;CPXPARAM_MIP_Limits_CutPasses=0;CPXPARAM_MIP_Limits_CutsFactor=-1;CPXPARAM_MIP_Limits_GomoryCand=200;CPXPARAM_MIP_Limits_GomoryPass=0;CPXPARAM_MIP_Limits_Nodes=9223372036800000000;CPXPARAM_MIP_Limits_ProbeTime=1e+75;CPXPARAM_MIP_Limits_RepairTries=0;CPXPARAM_MIP_Limits_StrongCand=10;CPXPARAM_MIP_Limits_StrongIt=0;CPXPARAM_MIP_OrderType=0;CPXPARAM_MIP_Strategy_BBInterval=7;CPXPARAM_MIP_Strategy_Branch=0;CPXPARAM_MIP_Strategy_Dive=0;CPXPARAM_MIP_Strategy_File=1;CPXPARAM_MIP_Strategy_HeuristicFreq=0;CPXPARAM_MIP_Strategy_LBHeur=0;CPXPARAM_MIP_Strategy_NodeSelect=1;CPXPARAM_MIP_Strategy_Order=1;CPXPARAM_MIP_Strategy_PresolveNode=0;CPXPARAM_MIP_Strategy_Probe=0;CPXPARAM_MIP_Strategy_RINSHeur=0;CPXPARAM_MIP_Strategy_StartAlgorithm=0;CPXPARAM_MIP_Strategy_SubAlgorithm=0;CPXPARAM_MIP_Strategy_VariableSelect=0;CPXPARAM_Network_NetFind=2;CPXPARAM_Network_Pricing=0;CPXPARAM_Parallel=1;CPXPARAM_Preprocessing_Aggregator=-1;CPXPARAM_Preprocessing_BoundStrength=-1;CPXPARAM_Preprocessing_CoeffReduce=-1;CPXPARAM_Preprocessing_Dependency=-1;CPXPARAM_Preprocessing_Dual=0;CPXPARAM_Preprocessing_Fill=10;CPXPARAM_Preprocessing_NumPass=-1;CPXPARAM_Preprocessing_Presolve=1;CPXPARAM_Preprocessing_QPMakePSD=1;CPXPARAM_Preprocessing_Reduce=3;CPXPARAM_Preprocessing_Relax=-1;CPXPARAM_Preprocessing_RepeatPresolve=-1;CPXPARAM_Preprocessing_Symmetry=-1;CPXPARAM_Read_Scale=0;CPXPARAM_Sifting_Algorithm=0;CPXPARAM_Simplex_Crash=1;CPXPARAM_Simplex_DGradient=0;CPXPARAM_Simplex_Limits_Perturbation=0;CPXPARAM_Simplex_Limits_Singularity=10;CPXPARAM_Simplex_PGradient=0;CPXPARAM_Simplex_Pricing=0;CPXPARAM_Simplex_Refactor=0
16635411669729423174,0,CPXPARAM_Advance=1;CPXPARAM_Barrier_Algorithm=0;CPXPARAM_Barrier_ColNonzeros=0;CPXPARAM_Barrier_Crossover=0;CPXPARAM_Barrier_Limits_Corrections=-1;CPXPARAM_Barrier_Ordering=0;CPXPARAM_Barrier_StartAlg=1;CPXPARAM_Emphasis_MIP=4;CPXPARAM_Emphasis_Memory=0;CPXPARAM_Emphasis_Numerical=0;CPXPARAM_Feasopt_Mode=0;CPXPARAM_LPMethod=0;CPXPARAM_MIP_Cuts_Cliques=-1;CPXPARAM_MIP_Cuts_Covers=0;CPXPARAM_MIP_Cuts_Disjunctive=-1;CPXPARAM_MIP_Cuts_FlowCovers=1;CPXPARAM_MIP_Cuts_GUBCovers=0;CPXPARAM_MIP_Cuts_Gomory=0;CPXPARAM_MIP_Cuts_Implied=0;CPXPARAM_MIP_Cuts_MIRCut=2;CPXPARAM_MIP_Cuts_PathCut=-1;CPXPARAM_MIP_Limits_AggForCut=3;CPXPARAM_MIP_Limits_CutPasses=0;CPXPARAM_MIP_Limits_CutsFactor=-1;CPXPARAM_MIP_Limits_GomoryCand=200;CPXPARAM_MIP_Limits_GomoryPass=0;CPXPARAM_MIP_Limits_Nodes=9223372036800000000;CPXPARAM_MIP_Limits_ProbeTime=1e+75;CPXPARAM_MIP_Limits_RepairTries=0;CPXPARAM_MIP_Limits_StrongCand=10;CPXPARAM_MIP_Limits_StrongIt=0;CPXPARAM_MIP_OrderType=0;CPXPARAM_MIP_Strategy_BBInterval=7;CPXPARAM_MIP_Strategy_Branch=0;CPXPARAM_MIP_Strategy_Dive=0;CPXPARAM_MIP_Strategy_File=1;CPXPARAM_MIP_Strategy_HeuristicFreq=0;CPXPARAM_MIP_Strategy_LBHeur=0;CPXPARAM_MIP_Strategy_NodeSelect=1;CPXPARAM_MIP_Strategy_Order=1;CPXPARAM_MIP_Strategy_PresolveNode=0;CPXPARAM_MIP_Strategy_Probe=0;CPXPARAM_MIP_Strategy_RINSHeur=0;CPXPARAM_MIP_Strategy_StartAlgorithm=0;CPXPARAM_MIP_Strategy_SubAlgorithm=0;CPXPARAM_MIP_Strategy_VariableSelect=0;CPXPARAM_Network_NetFind=2;CPXPARAM_Network_Pricing=0;CPXPARAM_Parallel=1;CPXPARAM_Preprocessing_Aggregator=-1;CPXPARAM_Preprocessing_BoundStrength=-1;CPXPARAM_Preprocessing_CoeffReduce=-1;CPXPARAM_Preprocessing_Dependency=-1;CPXPARAM_Preprocessing_Dual=0;CPXPARAM_Preprocessing_Fill=10;CPXPARAM_Preprocessing_NumPass=-1;CPXPARAM_Preprocessing_Presolve=1;CPXPARAM_Preprocessing_QPMakePSD=1;CPXPARAM_Preprocessing_Reduce=3;CPXPARAM_Preprocessing_Relax=-1;CPXPARAM_Preprocessing_RepeatPresolve=-1;CPXPARAM_Preprocessing_Symmetry=-1;CPXPARAM_Read_Scale=0;CPXPARAM_Sifting_Algorithm=0;CPXPARAM_Simplex_Crash=1;CPXPARAM_Simplex_DGradient=0;CPXPARAM_Simplex_Limits_Perturbation=0;CPXPARAM_Simplex_Limits_Singularity=10;CPXPARAM_Simplex_PGradient=0;CPXPARAM_Simplex_Pricing=0;CPXPARAM_Simplex_Refactor=0
3542507300658636104,0,CPXPARAM_Advance=1;CPXPARAM_Barrier_Algorithm=0;CPXPARAM_Barrier_ColNonzeros=0;CPXPARAM_Barrier_Crossover=0;CPXPARAM_Barrier_Limits_Corrections=-1;CPXPARAM_Barrier_Ordering=0;CPXPARAM_Barrier_StartAlg=1;CPXPARAM_Emphasis_MIP=4;CPXPARAM_Emphasis_Memory=0;CPXPARAM_Emphasis_Numerical=0;CPXPARAM_Feasopt_Mode=0;CPXPARAM_LPMethod=0;CPXPARAM_MIP_Cuts_Cliques=-1;CPXPARAM_MIP_Cuts_Covers=0;CPXPARAM_MIP_Cuts_Disjunctive=-1;CPXPARAM_MIP_Cuts_FlowCovers=1;CPXPARAM_MIP_Cuts_GUBCovers=0;CPXPARAM_MIP_Cuts_Gomory=0;CPXPARAM_MIP_Cuts_Implied=0;CPXPARAM_MIP_Cuts_MIRCut=2;CPXPARAM_MIP_Cuts_PathCut=-1;CPXPARAM_MIP_Limits_AggForCut=3;CPXPARAM_MIP_Limits_CutPasses=0;CPXPARAM_MIP_Limits_CutsFactor=-1;CPXPARAM_MIP_Limits_GomoryCand=150;CPXPARAM_MIP_Limits_GomoryPass=0;CPXPARAM_MIP_Limits_Nodes=9223372036800000000;CPXPARAM_MIP_Limits_ProbeTime=1e+75;CPXPARAM_MIP_Limits_RepairTries=0;CPXPARAM_MIP_Limits_StrongCand=10;CPXPARAM_MIP_Limits_StrongIt=0;CPXPARAM_MIP_OrderType=0;CPXPARAM_MIP_Strategy_BBInterval=7;CPXPARAM_MIP_Strategy_Branch=0;CPXPARAM_MIP_Strategy_Dive=0;CPXPARAM_MIP_Strategy_File=1;CPXPARAM_MIP_Strategy_HeuristicFreq=0;CPXPARAM_MIP_Strategy_LBHeur=0;CPXPARAM_MIP_Strategy_NodeSelect=1;CPXPARAM_MIP_Strategy_Order=1;CPXPARAM_MIP_Strategy_PresolveNode=3;CPXPARAM_MIP_Strategy_Probe=-1;CPXPARAM_MIP_Strategy_RINSHeur=0;CPXPARAM_MIP_Strategy_StartAlgorithm=0;CPXPARAM_MIP_Strategy_SubAlgorithm=0;CPXPARAM_MIP_Strategy_VariableSelect=0;CPXPARAM_Network_NetFind=2;CPXPARAM_Network_Pricing=0;CPXPARAM_Parallel=1;CPXPARAM_Preprocessing_Aggregator=-1;CPXPARAM_Preprocessing_BoundStrength=-1;CPXPARAM_Preprocessing_CoeffReduce=-1;CPXPARAM_Preprocessing_Dependency=-1;CPXPARAM_Preprocessing_Dual=0;CPXPARAM_Preprocessing_Fill=10;CPXPARAM_Preprocessing_NumPass=-1;CPXPARAM_Preprocessing_Presolve=1;CPXPARAM_Preprocessing_QPMakePSD=1;CPXPARAM_Preprocessing_Reduce=3;CPXPARAM_Preprocessing_Relax=-1;CPXPARAM_Preprocessing_RepeatPresolve=-1;CPXPARAM_Preprocessing_Symmetry=-1;CPXPARAM_Read_Scale=0;CPXPARAM_Sifting_Algorithm=0;CPXPARAM_Simplex_Crash=1;CPXPARAM_Simplex_DGradient=0;CPXPARAM_Simplex_Limits_Perturbation=0;CPXPARAM_Simplex_Limits_Singularity=10;CPXPARAM_Simplex_PGradient=0;CPXPARAM_Simplex_Pricing=0;CPXPARAM_Simplex_Refactor=0
1127729401395169407,0,CPXPARAM_Advance=1;CPXPARAM_Barrier_Algorithm=0;CPXPARAM_Barrier_ColNonzeros=0;CPXPARAM_Barrier_Crossover=0;CPXPARAM_Barrier_Limits_Corrections=-1;CPXPARAM_Barrier_Ordering=0;CPXPARAM_Barrier_StartAlg=1;CPXPARAM_Emphasis_MIP=4;CPXPARAM_Emphasis_Memory=0;CPXPARAM_Emphasis_Numerical=0;CPXPARAM_Feasopt_Mode=0;CPXPARAM_LPMethod=0;CPXPARAM_MIP_Cuts_Cliques=-1;CPXPARAM_MIP_Cuts_Covers=0;CPXPARAM_MIP_Cuts_Disjunctive=-1;CPXPARAM_MIP_Cuts_FlowCovers=1;CPXPARAM_MIP_Cuts_GUBCovers=0;CPXPARAM_MIP_Cuts_Gomory=0;CPXPARAM_MIP_Cuts_Implied=0;CPXPARAM_MIP_Cuts_MIRCut=2;CPXPARAM_MIP_Cuts_PathCut=-1;CPXPARAM_MIP_Limits_AggForCut=3;CPXPARAM_MIP_Limits_CutPasses=0;CPXPARAM_MIP_Limits_CutsFactor=-1;CPXPARAM_MIP_Limits_GomoryCand=150;CPXPARAM_MIP_Limits_GomoryPass=0;CPXPARAM_MIP_Limits_Nodes=9223372036800000000;CPXPARAM_MIP_Limits_ProbeTime=1e+75;CPXPARAM_MIP_Limits_RepairTries=0;CPXPARAM_MIP_Limits_StrongCand=10;CPXPARAM_MIP_Limits_StrongIt=0;CPXPARAM_MIP_OrderType=0;CPXPARAM_MIP_Strategy_BBInterval=7;CPXPARAM_MIP_Strategy_Branch=0;CPXPARAM_MIP_Strategy_Dive=0;CPXPARAM_MIP_Strategy_File=1;CPXPARAM_MIP_Strategy_HeuristicFreq=0;CPXPARAM_MIP_Strategy_LBHeur=0;CPXPARAM_MIP_Strategy_NodeSelect=1;CPXPARAM_MIP_Strategy_Order=1;CPXPARAM_MIP_Strategy_PresolveNode=0;CPXPARAM_MIP_Strategy_Probe=-1;CPXPARAM_MIP_Strategy_RINSHeur=0;CPXPARAM_MIP_Strategy_StartAlgorithm=6;CPXPARAM_MIP_Strategy_SubAlgorithm=0;CPXPARAM_MIP_Strategy_VariableSelect=0;CPXPARAM_Network_NetFind=2;CPXPARAM_Network_Pricing=0;CPXPARAM_Parallel=1;CPXPARAM_Preprocessing_Aggregator=-1;CPXPARAM_Preprocessing_BoundStrength=-1;CPXPARAM_Preprocessing_CoeffReduce=-1;CPXPARAM_Preprocessing_Dependency=-1;CPXPARAM_Preprocessing_Dual=0;CPXPARAM_Preprocessing_Fill=10;CPXPARAM_Preprocessing_NumPass=-1;CPXPARAM_Preprocessing_Presolve=1;CPXPARAM_Preprocessing_QPMakePSD=1;CPXPARAM_Preprocessing_Reduce=3;CPXPARAM_Preprocessing_Relax=-1;CPXPARAM_Preprocessing_RepeatPresolve=-1;CPXPARAM_Preprocessing_Symmetry=-1;CPXPARAM_Read_Scale=0;CPXPARAM_Sifting_Algorithm=0;CPXPARAM_Simplex_Crash=1;CPXPARAM_Simplex_DGradient=0;CPXPARAM_Simplex_Limits_Perturbation=0;CPXPARAM_Simplex_Limits_Singularity=10;CPXPARAM_Simplex_PGradient=0;CPXPARAM_Simplex_Pricing=0;CPXPARAM_Simplex_Refactor=0
3433473297740758118,0,CPXPARAM_Advance=1;CPXPARAM_Barrier_Algorithm=0;CPXPARAM_Barrier_ColNonzeros=0;CPXPARAM_Barrier_Crossover=0;CPXPARAM_Barrier_Limits_Corrections=-1;CPXPARAM_Barrier_Ordering=0;CPXPARAM_Barrier_StartAlg=1;CPXPARAM_Emphasis_MIP=4;CPXPARAM_Emphasis_Memory=0;CPXPARAM_Emphasis_Numerical=0;CPXPARAM_Feasopt_Mode=0;CPXPARAM_LPMethod=0;CPXPARAM_MIP_Cuts_Cliques=-1;CPXPARAM_MIP_Cuts_Covers=0;CPXPARAM_MIP_Cuts_Disjunctive=-1;CPXPARAM_MIP_Cuts_FlowCovers=1;CPXPARAM_MIP_Cuts_GUBCovers=0;CPXPARAM_MIP_Cuts_Gomory=0;CPXPARAM_MIP_Cuts_Implied=0;CPXPARAM_MIP_Cuts_MIRCut=2;CPXPARAM_MIP_Cuts_PathCut=-1;CPXPARAM_MIP_Limits_AggForCut=3;CPXPARAM_MIP_Limits_CutPasses=0;CPXPARAM_MIP_Limits_CutsFactor=-1;CPXPARAM_MIP_Limits_GomoryCand=150;CPXPARAM_MIP_Limits_GomoryPass=0;CPXPARAM_MIP_Limits_Nodes=9223372036800000000;CPXPARAM_MIP_Limits_ProbeTime=1e+75;CPXPARAM_MIP_Limits_RepairTries=0;CPXPARAM_MIP_Limits_StrongCand=10;CPXPARAM_MIP_Limits_StrongIt=0;CPXPARAM_MIP_OrderType=0;CPXPARAM_MIP_Strategy_BBInterval=7;CPXPARAM_MIP_Strategy_Branch=0;CPXPARAM_MIP_Strategy_Dive=0;CPXPARAM_MIP_Strategy_File=1;CPXPARAM_MIP_Strategy_HeuristicFreq=0;CPXPARAM_MIP_Strategy_LBHeur=0;CPXPARAM_MIP_Strategy_NodeSelect=1;CPXPARAM_MIP_Strategy_Order=1;CPXPARAM_MIP_Strategy_PresolveNode=0;CPXPARAM_MIP_Strategy_Probe=-1;CPXPARAM_MIP_Strategy_RINSHeur=0;CPXPARAM_MIP_Strategy_StartAlgorithm=0;CPXPARAM_MIP_Strategy_SubAlgorithm=0;CPXPARAM_MIP_Strategy_VariableSelect=0;CPXPARAM_Network_NetFind=2;CPXPARAM_Network_Pricing=0;CPXPARAM_Parallel=1;CPXPARAM_Preprocessing_Aggregator=-1;CPXPARAM_Preprocessing_BoundStrength=-1;CPXPARAM_Preprocessing_CoeffReduce=-1;CPXPARAM_Preprocessing_Dependency=3;CPXPARAM_Preprocessing_Dual=0;CPXPARAM_Preprocessing_Fill=10;CPXPARAM_Preprocessing_NumPass=-1;CPXPARAM_Preprocessing_Presolve=1;CPXPARAM_Preprocessing_QPMakePSD=1;CPXPARAM_Preprocessing_Reduce=3;CPXPARAM_Preprocessing_Relax=-1;CPXPARAM_Preprocessing_RepeatPresolve=-1;CPXPARAM_Preprocessing_Symmetry=-1;CPXPARAM_Read_Scale=-1;CPXPARAM_Sifting_Algorithm=0;CPXPARAM_Simplex_Crash=1;CPXPARAM_Simplex_DGradient=0;CPXPARAM_Simplex_Limits_Perturbation=0;CPXPARAM_Simplex_Limits_Singularity=10;CPXPARAM_Simplex_PGradient=0;CPXPARAM_Simplex_Pricing=0;CPXPARAM_Simplex_Refactor=0
6392235192070819192,0,CPXPARAM_Advance=1;CPXPARAM_Barrier_Algorithm=0;CPXPARAM_Barrier_ColNonzeros=0;CPXPARAM_Barrier_Crossover=0;CPXPARAM_Barrier_Limits_Corrections=-1;CPXPARAM_Barrier_Ordering=0;CPXPARAM_Barrier_StartAlg=1;CPXPARAM_Emphasis_MIP=2;CPXPARAM_Emphasis_Memory=0;CPXPARAM_Emphasis_Numerical=0;CPXPARAM_Feasopt_Mode=0;CPXPARAM_LPMethod=0;CPXPARAM_MIP_Cuts_Cliques=0;CPXPARAM_MIP_Cuts_Covers=0;CPXPARAM_MIP_Cuts_Disjunctive=0;CPXPARAM_MIP_Cuts_FlowCovers=-1;CPXPARAM_MIP_Cuts_GUBCovers=1;CPXPARAM_MIP_Cuts_Gomory=-1;CPXPARAM_MIP_Cuts_Implied=-1;CPXPARAM_MIP_Cuts_MIRCut=0;CPXPARAM_MIP_Cuts_PathCut=0;CPXPARAM_MIP_Limits_AggForCut=3;CPXPARAM_MIP_Limits_CutPasses=0;CPXPARAM_MIP_Limits_CutsFactor=-1;CPXPARAM_MIP_Limits_GomoryCand=200;CPXPARAM_MIP_Limits_GomoryPass=0;CPXPARAM_MIP_Limits_Nodes=9223372036800000000;CPXPARAM_MIP_Limits_ProbeTime=1e+75;CPXPARAM_MIP_Limits_RepairTries=0;CPXPARAM_MIP_Limits_StrongCand=10;CPXPARAM_MIP_Limits_StrongIt=0;CPXPARAM_MIP_OrderType=0;CPXPARAM_MIP_Strategy_BBInterval=7;CPXPARAM_MIP_Strategy_Branch=0;CPXPARAM_MIP_Strategy_Dive=0;CPXPARAM_MIP_Strategy_File=1;CPXPARAM_MIP_Strategy_HeuristicFreq=0;CPXPARAM_MIP_Strategy_LBHeur=0;CPXPARAM_MIP_Strategy_NodeSelect=1;CPXPARAM_MIP_Strategy_Order=1;CPXPARAM_MIP_Strategy_PresolveNode=0;CPXPARAM_MIP_Strategy_Probe=0;CPXPARAM_MIP_Strategy_RINSHeur=0;CPXPARAM_MIP_Strategy_StartAlgorithm=0;CPXPARAM_MIP_Strategy_SubAlgorithm=0;CPXPARAM_MIP_Strategy_VariableSelect=0;CPXPARAM_Network_NetFind=2;CPXPARAM_Network_Pricing=0;CPXPARAM_Parallel=1;CPXPARAM_Preprocessing_Aggregator=-1;CPXPARAM_Preprocessing_BoundStrength=-1;CPXPARAM_Preprocessing_CoeffReduce=-1;CPXPARAM_Preprocessing_Dependency=-1;CPXPARAM_Preprocessing_Dual=0;CPXPARAM_Preprocessing_Fill=10;CPXPARAM_Preprocessing_NumPass=-1;CPXPARAM_Preprocessing_Presolve=1;CPXPARAM_Preprocessing_QPMakePSD=1;CPXPARAM_Preprocessing_Reduce=3;CPXPARAM_Preprocessing_Relax=-1;CPXPARAM_Preprocessing_RepeatPresolve=-1;CPXPARAM_Preprocessing_Symmetry=-1;CPXPARAM_Read_Scale=0;CPXPARAM_Sifting_Algorithm=0;CPXPARAM_Simplex_Crash=1;CPXPARAM_Simplex_DGradient=0;CPXPARAM_Simplex_Limits_Perturbation=0;CPXPARAM_Simplex_Limits_Singularity=10;CPXPARAM_Simplex_PGradient=0;CPXPARAM_Simplex_Pricing=0;CPXPARAM_Simplex_Refactor=0
10476872252734183562,0,CPXPARAM_Advance=1;CPXPARAM_Barrier_Algorithm=0;CPXPARAM_Barrier_ColNonzeros=0;CPXPARAM_Barrier_Crossover=0;CPXPARAM_Barrier_Limits_Corrections=-1;CPXPARAM_Barrier_Ordering=0;CPXPARAM_Barrier_StartAlg=1;CPXPARAM_Emphasis_MIP=2;CPXPARAM_Emphasis_Memory=0;CPXPARAM_Emphasis_Numerical=0;CPXPARAM_Feasopt_Mode=0;CPXPARAM_LPMethod=0;CPXPARAM_MIP_Cuts_Cliques=-1;CPXPARAM_MIP_Cuts_Covers=0;CPXPARAM_MIP_Cuts_Disjunctive=1;CPXPARAM_MIP_Cuts_FlowCovers=-1;CPXPARAM_MIP_Cuts_GUBCovers=1;CPXPARAM_MIP_Cuts_Gomory=-1;CPXPARAM_MIP_Cuts_Implied=2;CPXPARAM_MIP_Cuts_MIRCut=-1;CPXPARAM_MIP_Cuts_PathCut=0;CPXPARAM_MIP_Limits_AggForCut=3;CPXPARAM_MIP_Limits_CutPasses=0;CPXPARAM_MIP_Limits_CutsFactor=-1;CPXPARAM_MIP_Limits_GomoryCand=200;CPXPARAM_MIP_Limits_GomoryPass=0;CPXPARAM_MIP_Limits_Nodes=9223372036800000000;CPXPARAM_MIP_Limits_ProbeTime=1e+75;CPXPARAM_MIP_Limits_RepairTries=0;CPXPARAM_MIP_Limits_StrongCand=10;CPXPARAM_MIP_Limits_StrongIt=0;CPXPARAM_MIP_OrderType=0;CPXPARAM_MIP_Strategy_BBInterval=7;CPXPARAM_MIP_Strategy_Branch=0;CPXPARAM_MIP_Strategy_Dive=0;CPXPARAM_MIP_Strategy_File=1;CPXPARAM_MIP_Strategy_HeuristicFreq=0;CPXPARAM_MIP_Strategy_LBHeur=0;CPXPARAM_MIP_Strategy_NodeSelect=1;CPXPARAM_MIP_Strategy_Order=1;CPXPARAM_MIP_Strategy_PresolveNode=0;CPXPARAM_MIP_Strategy_Probe=0;CPXPARAM_MIP_Strategy_RINSHeur=0;CPXPARAM_MIP_Strategy_StartAlgorithm=0;CPXPARAM_MIP_Strategy_SubAlgorithm=0;CPXPARAM_MIP_Strategy_VariableSelect=0;CPXPARAM_Network_NetFind=2;CPXPARAM_Network_Pricing=0;CPXPARAM_Parallel=1;CPXPARAM_Preprocessing_Aggregator=-1;CPXPARAM_Preprocessing_BoundStrength=-1;CPXPARAM_Preprocessing_CoeffReduce=-1;CPXPARAM_Preprocessing_Dependency=-1;CPXPARAM_Preprocessing_Dual=0;CPXPARAM_Preprocessing_Fill=10;CPXPARAM_Preprocessing_NumPass=-1;CPXPARAM_Preprocessing_Presolve=1;CPXPARAM_Preprocessing_QPMakePSD=1;CPXPARAM_Preprocessing_Reduce=3;CPXPARAM_Preprocessing_Relax=-1;CPXPARAM_Preprocessing_RepeatPresolve=-1;CPXPARAM_Preprocessing_Symmetry=-1;CPXPARAM_Read_Scale=0;CPXPARAM_Sifting_Algorithm=0;CPXPARAM_Simplex_Crash=1;CPXPARAM_Simplex_DGradient=0;CPXPARAM_Simplex_Limits_Perturbation=0;CPXPARAM_Simplex_Limits_Singularity=10;CPXPARAM_Simplex_PGradient=0;CPXPARAM_Simplex_Pricing=0;CPXPARAM_Simplex_Refactor=0
4013002737322014669,0,CPXPARAM_Advance=1;CPXPARAM_Barrier_Algorithm=0;CPXPARAM_Barrier_ColNonzeros=0;CPXPARAM_Barrier_Crossover=0;CPXPARAM_Barrier_Limits_Corrections=-1;CPXPARAM_Barrier_Ordering=0;CPXPARAM_Barrier_StartAlg=1;CPXPARAM_Emphasis_MIP=4;CPXPARAM_Emphasis_Memory=0;CPXPARAM_Emphasis_Numerical=0;CPXPARAM_Feasopt_Mode=0;CPXPARAM_LPMethod=0;CPXPARAM_MIP_Cuts_Cliques=-1;CPXPARAM_MIP_Cuts_Covers=0;CPXPARAM_MIP_Cuts_Disjunctive=-1;CPXPARAM_MIP_Cuts_FlowCovers=1;CPXPARAM_MIP_Cuts_GUBCovers=0;CPXPARAM_MIP_Cuts_Gomory=0;CPXPARAM_MIP_Cuts_Implied=0;CPXPARAM_MIP_Cuts_MIRCut=2;CPXPARAM_MIP_Cuts_PathCut=-1;CPXPARAM_MIP_Limits_AggForCut=3;CPXPARAM_MIP_Limits_CutPasses=0;CPXPARAM_MIP_Limits_CutsFactor=-1;CPXPARAM_MIP_Limits_GomoryCand=150;CPXPARAM_MIP_Limits_GomoryPass=0;CPXPARAM_MIP_Limits_Nodes=9223372036800000000;CPXPARAM_MIP_Limits_ProbeTime=1e+75;CPXPARAM_MIP_Limits_RepairTries=0;CPXPARAM_MIP_Limits_StrongCand=10;CPXPARAM_MIP_Limits_StrongIt=0;CPXPARAM_MIP_OrderType=0;CPXPARAM_MIP_Strategy_BBInterval=7;CPXPARAM_MIP_Strategy_Branch=0;CPXPARAM_MIP_Strategy_Dive=0;CPXPARAM_MIP_Strategy_File=1;CPXPARAM_MIP_Strategy_HeuristicFreq=0;CPXPARAM_MIP_Strategy_LBHeur=0;CPXPARAM_MIP_Strategy_NodeSelect=1;CPXPARAM_MIP_Strategy_Order=1;CPXPARAM_MIP_Strategy_PresolveNode=0;CPXPARAM_MIP_Strategy_Probe=-1;CPXPARAM_MIP_Strategy_RINSHeur=0;CPXPARAM_MIP_Strategy_StartAlgorithm=0;CPXPARAM_MIP_Strategy_SubAlgorithm=0;CPXPARAM_MIP_Strategy_VariableSelect=0;CPXPARAM_Network_NetFind=2;CPXPARAM_Network_Pricing=0;CPXPARAM_Parallel=1;CPXPARAM_Preprocessing_Aggregator=-1;CPXPARAM_Preprocessing_BoundStrength=-1;CPXPARAM_Preprocessing_CoeffReduce=-1;CPXPARAM_Preprocessing_Dependency=-1;CPXPARAM_Preprocessing_Dual=0;CPXPARAM_Preprocessing_Fill=10;CPXPARAM_Preprocessing_NumPass=-1;CPXPARAM_Preprocessing_Presolve=1;CPXPARAM_Preprocessing_QPMakePSD=1;CPXPARAM_Preprocessing_Reduce=3;CPXPARAM_Preprocessing_Relax=-1;CPXPARAM_Preprocessing_RepeatPresolve=-1;CPXPARAM_Preprocessing_Symmetry=0;CPXPARAM_Read_Scale=0;CPXPARAM_Sifting_Algorithm=0;CPXPARAM_Simplex_Crash=1;CPXPARAM_Simplex_DGradient=0;CPXPARAM_Simplex_Limits_Perturbation=0;CPXPARAM_Simplex_Limits_Singularity=10;CPXPARAM_Simplex_PGradient=0;CPXPARAM_Simplex_Pricing=0;CPXPARAM_Simplex_Refactor=0
11224922548499094997,0,CPXPARAM_Advance=1;CPXPARAM_Barrier_Algorithm=0;CPXPARAM_Barrier_ColNonzeros=0;CPXPARAM_Barrier_Crossover=0;CPXPARAM_Barrier_Limits_Corrections=-1;CPXPARAM_Barrier_Ordering=0;CPXPARAM_Barrier_StartAlg=1;CPXPARAM_Emphasis_MIP=4;CPXPARAM_Emphasis_Memory=0;CPXPARAM_Emphasis_Numerical=0;CPXPARAM_Feasopt_Mode=0;CPXPARAM_LPMethod=0;CPXPARAM_MIP_Cuts_Cliques=-1;CPXPARAM_MIP_Cuts_Covers=0;CPXPARAM_MIP_Cuts_Disjunctive=-1;CPXPARAM_MIP_Cuts_FlowCovers=1;CPXPARAM_MIP_Cuts_GUBCovers=0;CPXPARAM_MIP_Cuts_Gomory=0;CPXPARAM_MIP_Cuts_Implied=0;CPXPARAM_MIP_Cuts_MIRCut=2;CPXPARAM_MIP_Cuts_PathCut=0;CPXPARAM_MIP_Limits_AggForCut=3;CPXPARAM_MIP_Limits_CutPasses=0;CPXPARAM_MIP_Limits_CutsFactor=-1;CPXPARAM_MIP_Limits_GomoryCand=150;CPXPARAM_MIP_Limits_GomoryPass=0;CPXPARAM_MIP_Limits_Nodes=9223372036800000000;CPXPARAM_MIP_Limits_ProbeTime=1e+75;CPXPARAM_MIP_Limits_RepairTries=0;CPXPARAM_MIP_Limits_StrongCand=10;CPXPARAM_MIP_Limits_StrongIt=0;CPXPARAM_MIP_OrderType=0;CPXPARAM_MIP_Strategy_BBInterval=7;CPXPARAM_MIP_Strategy_Branch=0;CPXPARAM_MIP_Strategy_Dive=0;CPXPARAM_MIP_Strategy_File=1;CPXPARAM_MIP_Strategy_HeuristicFreq=0;CPXPARAM_MIP_Strategy_LBHeur=0;CPXPARAM_MIP_Strategy_NodeSelect=1;CPXPARAM_MIP_Strategy_Order=1;CPXPARAM_MIP_Strategy_PresolveNode=0;CPXPARAM_MIP_Strategy_Probe=0;CPXPARAM_MIP_Strategy_RINSHeur=0;CPXPARAM_MIP_Strategy_StartAlgorithm=0;CPXPARAM_MIP_Strategy_SubAlgorithm=0;CPXPARAM_MIP_Strategy_VariableSelect=0;CPXPARAM_Network_NetFind=2;CPXPARAM_Network_Pricing=0;CPXPARAM_Parallel=1;CPXPARAM_Preprocessing_Aggregator=-1;CPXPARAM_Preprocessing_BoundStrength=-1;CPXPARAM_Preprocessing_CoeffReduce=-1;CPXPARAM_Preprocessing_Dependency=-1;CPXPARAM_Preprocessing_Dual=0;CPXPARAM_Preprocessing_Fill=10;CPXPARAM_Preprocessing_NumPass=-1;CPXPARAM_Preprocessing_Presolve=1;CPXPARAM_Preprocessing_QPMakePSD=1;CPXPARAM_Preprocessing_Reduce=3;CPXPARAM_Preprocessing_Relax=-1;CPXPARAM_Preprocessing_RepeatPresolve=-1;CPXPARAM_Preprocessing_Symmetry=-1;CPXPARAM_Read_Scale=0;CPXPARAM_Sifting_Algorithm=0;CPXPARAM_Simplex_Crash=1;CPXPARAM_Simplex_DGradient=0;CPXPARAM_Simplex_Limits_Perturbation=0;CPXPARAM_Simplex_Limits_Singularity=10;CPXPARAM_Simplex_PGradient=0;CPXPARAM_Simplex_Pricing=0;CPXPARAM_Simplex_Refactor=0
1163598113593894671,0,CPXPARAM_Advance=1;CPXPARAM_Barrier_Algorithm=0;CPXPARAM_Barrier_ColNonzeros=0;CPXPARAM_Barrier_Crossover=0;CPXPARAM_Barrier_Limits_Corrections=-1;CPXPARAM_Barrier_Ordering=0;CPXPARAM_Barrier_StartAlg=1;CPXPARAM_Emphasis_MIP=4;CPXPARAM_Emphasis_Memory=0;CPXPARAM_Emphasis_Numerical=0;CPXPARAM_Feasopt_Mode=0;CPXPARAM_LPMethod=0;CPXPARAM_MIP_Cuts_Cliques=-1;CPXPARAM_MIP_Cuts_Covers=0;CPXPARAM_MIP_Cuts_Disjunctive=-1;CPXPARAM_MIP_Cuts_FlowCovers=1;CPXPARAM_MIP_Cuts_GUBCovers=0;CPXPARAM_MIP_Cuts_Gomory=0;CPXPARAM_MIP_Cuts_Implied=0;CPXPARAM_MIP_Cuts_MIRCut=2;CPXPARAM_MIP_Cuts_PathCut=-1;CPXPARAM_MIP_Limits_AggForCut=3;CPXPARAM_MIP_Limits_CutPasses=0;CPXPARAM_MIP_Limits_CutsFactor=-1;CPXPARAM_MIP_Limits_GomoryCand=25;CPXPARAM_MIP_Limits_GomoryPass=0;CPXPARAM_MIP_Limits_Nodes=9223372036800000000;CPXPARAM_MIP_Limits_ProbeTime=1e+75;CPXPARAM_MIP_Limits_RepairTries=0;CPXPARAM_MIP_Limits_StrongCand=10;CPXPARAM_MIP_Limits_StrongIt=0;CPXPARAM_MIP_OrderType=0;CPXPARAM_MIP_Strategy_BBInterval=7;CPXPARAM_MIP_Strategy_Branch=0;CPXPARAM_MIP_Strategy_Dive=0;CPXPARAM_MIP_Strategy_File=1;CPXPARAM_MIP_Strategy_HeuristicFreq=0;CPXPARAM_MIP_Strategy_LBHeur=0;CPXPARAM_MIP_Strategy_NodeSelect=1;CPXPARAM_MIP_Strategy_Order=1;CPXPARAM_MIP_Strategy_PresolveNode=0;CPXPARAM_MIP_Strategy_Probe=-1;CPXPARAM_MIP_Strategy_RINSHeur=0;CPXPARAM_MIP_Strategy_StartAlgorithm=0;CPXPARAM_MIP_Strategy_SubAlgorithm=0;CPXPARAM_MIP_Strategy_VariableSelect=0;CPXPARAM_Network_NetFind=2;CPXPARAM_Network_Pricing=0;CPXPARAM_Parallel=1;CPXPARAM_Preprocessing_Aggregator=-1;CPXPARAM_Preprocessing_BoundStrength=-1;CPXPARAM_Preprocessing_CoeffReduce=-1;CPXPARAM_Preprocessing_Dependency=-1;CPXPARAM_Preprocessing_Dual=0;CPXPARAM_Preprocessing_Fill=10;CPXPARAM_Preprocessing_NumPass=-1;CPXPARAM_Preprocessing_Presolve=1;CPXPARAM_Preprocessing_QPMakePSD=1;CPXPARAM_Preprocessing_Reduce=3;CPXPARAM_Preprocessing_Relax=-1;CPXPARAM_Preprocessing_RepeatPresolve=-1;CPXPARAM_Preprocessing_Symmetry=-1;CPXPARAM_Read_Scale=0;CPXPARAM_Sifting_Algorithm=0;CPXPARAM_Simplex_Crash=1;CPXPARAM_Simplex_DGradient=0;CPXPARAM_Simplex_Limits_Perturbation=0;CPXPARAM_Simplex_Limits_Singularity=10;CPXPARAM_Simplex_PGradient=0;CPXPARAM_Simplex_Pricing=0;CPXPARAM_Simplex_Refactor=0
2913045861995988084,0,CPXPARAM_Advance=1;CPXPARAM_Barrier_Algorithm=0;CPXPARAM_Barrier_ColNonzeros=0;CPXPARAM_Barrier_Crossover=0;CPXPARAM_Barrier_Limits_Corrections=-1;CPXPARAM_Barrier_Ordering=0;CPXPARAM_Barrier_StartAlg=1;CPXPARAM_Emphasis_MIP=4;CPXPARAM_Emphasis_Memory=0;CPXPARAM_Emphasis_Numerical=0;CPXPARAM_Feasopt_Mode=0;CPXPARAM_LPMethod=0;CPXPARAM_MIP_Cuts_Cliques=-1;CPXPARAM_MIP_Cuts_Covers=0;CPXPARAM_MIP_Cuts_Disjunctive=-1;CPXPARAM_MIP_Cuts_FlowCovers=1;CPXPARAM_MIP_Cuts_GUBCovers=0;CPXPARAM_MIP_Cuts_Gomory=0;CPXPARAM_MIP_Cuts_Implied=0;CPXPARAM_MIP_Cuts_MIRCut=2;CPXPARAM_MIP_Cuts_PathCut=-1;CPXPARAM_MIP_Limits_AggForCut=3;CPXPARAM_MIP_Limits_CutPasses=0;CPXPARAM_MIP_Limits_CutsFactor=-1;CPXPARAM_MIP_Limits_GomoryCand=150;CPXPARAM_MIP_Limits_GomoryPass=0;CPXPARAM_MIP_Limits_Nodes=9223372036800000000;CPXPARAM_MIP_Limits_ProbeTime=1e+75;CPXPARAM_MIP_Limits_RepairTries=0;CPXPARAM_MIP_Limits_StrongCand=10;CPXPARAM_MIP_Limits_StrongIt=0;CPXPARAM_MIP_OrderType=0;CPXPARAM_MIP_Strategy_BBInterval=7;CPXPARAM_MIP_Strategy_Branch=0;CPXPARAM_MIP_Strategy_Dive=0;CPXPARAM_MIP_Strategy_File=1;CPXPARAM_MIP_Strategy_HeuristicFreq=0;CPXPARAM_MIP_Strategy_LBHeur=0;CPXPARAM_MIP_Strategy_NodeSelect=1;CPXPARAM_MIP_Strategy_Order=1;CPXPARAM_MIP_Strategy_PresolveNode=0;CPXPARAM_MIP_Strategy_Probe=-1;CPXPARAM_MIP_Strategy_RINSHeur=0;CPXPARAM_MIP_Strategy_StartAlgorithm=0;CPXPARAM_MIP_Strategy_SubAlgorithm=0;CPXPARAM_MIP_Strategy_VariableSelect=2;CPXPARAM_Network_NetFind=2;CPXPARAM_Network_Pricing=0;CPXPARAM_Parallel=1;CPXPARAM_Preprocessing_Aggregator=-1;CPXPARAM_Preprocessing_BoundStrength=-1;CPXPARAM_Preprocessing_CoeffReduce=-1;CPXPARAM_Preprocessing_Dependency=3;CPXPARAM_Preprocessing_Dual=0;CPXPARAM_Preprocessing_Fill=10;CPXPARAM_Preprocessing_NumPass=-1;CPXPARAM_Preprocessing_Presolve=1;CPXPARAM_Preprocessing_QPMakePSD=1;CPXPARAM_Preprocessing_Reduce=3;CPXPARAM_Preprocessing_Relax=-1;CPXPARAM_Preprocessing_RepeatPresolve=-1;CPXPARAM_Preprocessing_Symmetry=-1;CPXPARAM_Read_Scale=0;CPXPARAM_Sifting_Algorithm=0;CPXPARAM_Simplex_Crash=1;CPXPARAM_Simplex_DGradient=0;CPXPARAM_Simplex_Limits_Perturbation=0;CPXPARAM_Simplex_Limits_Singularity=10;CPXPARAM_Simplex_PGradient=0;CPXPARAM_Simplex_Pricing=0;CPXPARAM_Simplex_Refactor=0
4951174091596380453,0,CPXPARAM_Advance=1;CPXPARAM_Barrier_Algorithm=0;CPXPARAM_Barrier_ColNonzeros=0;CPXPARAM_Barrier_Crossover=0;CPXPARAM_Barrier_Limits_Corrections=-1;CPXPARAM_Barrier_Ordering=0;CPXPARAM_Barrier_StartAlg=1;CPXPARAM_Emphasis_MIP=4;CPXPARAM_Emphasis_Memory=0;CPXPARAM_Emphasis_Numerical=0;CPXPARAM_Feasopt_Mode=0;CPXPARAM_LPMethod=0;CPXPARAM_MIP_Cuts_Cliques=-1;CPXPARAM_MIP_Cuts_Covers=0;CPXPARAM_MIP_Cuts_Disjunctive=-1;CPXPARAM_MIP_Cuts_FlowCovers=1;CPXPARAM_MIP_Cuts_GUBCovers=0;CPXPARAM_MIP_Cuts_Gomory=0;CPXPARAM_MIP_Cuts_Implied=0;CPXPARAM_MIP_Cuts_MIRCut=2;CPXPARAM_MIP_Cuts_PathCut=-1;CPXPARAM_MIP_Limits_AggForCut=3;CPXPARAM_MIP_Limits_CutPasses=0;CPXPARAM_MIP_Limits_CutsFactor=-1;CPXPARAM_MIP_Limits_GomoryCand=50;CPXPARAM_MIP_Limits_GomoryPass=0;CPXPARAM_MIP_Limits_Nodes=9223372036800000000;CPXPARAM_MIP_Limits_ProbeTime=1e+75;CPXPARAM_MIP_Limits_RepairTries=0;CPXPARAM_MIP_Limits_StrongCand=10;CPXPARAM_MIP_Limits_StrongIt=0;CPXPARAM_MIP_OrderType=0;CPXPARAM_MIP_Strategy_BBInterval=7;CPXPARAM_MIP_Strategy_Branch=0;CPXPARAM_MIP_Strategy_Dive=0;CPXPARAM_MIP_Strategy_File=1;CPXPARAM_MIP_Strategy_HeuristicFreq=0;CPXPARAM_MIP_Strategy_LBHeur=0;CPXPARAM_MIP_Strategy_NodeSelect=1;CPXPARAM_MIP_Strategy_Order=1;CPXPARAM_MIP_Strategy_PresolveNode=0;CPXPARAM_MIP_Strategy_Probe=0;CPXPARAM_MIP_Strategy_RINSHeur=0;CPXPARAM_MIP_Strategy_StartAlgorithm=0;CPXPARAM_MIP_Strategy_SubAlgorithm=0;CPXPARAM_MIP_Strategy_VariableSelect=0;CPXPARAM_Network_NetFind=2;CPXPARAM_Network_Pricing=0;CPXPARAM_Parallel=1;CPXPARAM_Preprocessing_Aggregator=-1;CPXPARAM_Preprocessing_BoundStrength=-1;CPXPARAM_Preprocessing_CoeffReduce=-1;CPXPARAM_Preprocessing_Dependency=-1;CPXPARAM_Preprocessing_Dual=0;CPXPARAM_Preprocessing_Fill=10;CPXPARAM_Preprocessing_NumPass=-1;CPXPARAM_Preprocessing_Presolve=1;CPXPARAM_Preprocessing_QPMakePSD=1;CPXPARAM_Preprocessing_Reduce=3;CPXPARAM_Preprocessing_Relax=-1;CPXPARAM_Preprocessing_RepeatPresolve=-1;CPXPARAM_Preprocessing_Symmetry=-1;CPXPARAM_Read_Scale=0;CPXPARAM_Sifting_Algorithm=0;CPXPARAM_Simplex_Crash=1;CPXPARAM_Simplex_DGradient=0;CPXPARAM_Simplex_Limits_Perturbation=0;CPXPARAM_Simplex_Limits_Singularity=10;CPXPARAM_Simplex_PGradient=0;CPXPARAM_Simplex_Pricing=0;CPXPARAM_Simplex_Refactor=0
11173129734106465204,0,CPXPARAM_Advance=1;CPXPARAM_Barrier_Algorithm=0;CPXPARAM_Barrier_ColNonzeros=0;CPXPARAM_Barrier_Crossover=0;CPXPARAM_Barrier_Limits_Corrections=-1;CPXPARAM_Barrier_Ordering=0;CPXPARAM_Barrier_StartAlg=1;CPXPARAM_Emphasis_MIP=4;CPXPARAM_Emphasis_Memory=0;CPXPARAM_Emphasis_Numerical=0;CPXPARAM_Feasopt_Mode=0;CPXPARAM_LPMethod=0;CPXPARAM_MIP_Cuts_Cliques=-1;CPXPARAM_MIP_Cuts_Covers=0;CPXPARAM_MIP_Cuts_Disjunctive=-1;CPXPARAM_MIP_Cuts_FlowCovers=1;CPXPARAM_MIP_Cuts_GUBCovers=0;CPXPARAM_MIP_Cuts_Gomory=0;CPXPARAM_MIP_Cuts_Implied=0;CPXPARAM_MIP_Cuts_MIRCut=2;CPXPARAM_MIP_Cuts_PathCut=-1;CPXPARAM_MIP_Limits_AggForCut=3;CPXPARAM_MIP_Limits_CutPasses=0;CPXPARAM_MIP_Limits_CutsFactor=-1;CPXPARAM_MIP_Limits_GomoryCand=150;CPXPARAM_MIP_Limits_GomoryPass=0;CPXPARAM_MIP_Limits_Nodes=9223372036800000000;CPXPARAM_MIP_Limits_ProbeTime=1;CPXPARAM_MIP_Limits_RepairTries=0;CPXPARAM_MIP_Limits_StrongCand=10;CPXPARAM_MIP_Limits_StrongIt=0;CPXPARAM_MIP_OrderType=0;CPXPARAM_MIP_Strategy_BBInterval=7;CPXPARAM_MIP_Strategy_Branch=0;CPXPARAM_MIP_Strategy_Dive=0;CPXPARAM_MIP_Strategy_File=1;CPXPARAM_MIP_Strategy_HeuristicFreq=0;CPXPARAM_MIP_Strategy_LBHeur=0;CPXPARAM_MIP_Strategy_NodeSelect=1;CPXPARAM_MIP_Strategy_Order=1;CPXPARAM_MIP_Strategy_PresolveNode=0;CPXPARAM_MIP_Strategy_Probe=-1;CPXPARAM_MIP_Strategy_RINSHeur=0;CPXPARAM_MIP_Strategy_StartAlgorithm=0;CPXPARAM_MIP_Strategy_SubAlgorithm=0;CPXPARAM_MIP_Strategy_VariableSelect=0;CPXPARAM_Network_NetFind=2;CPXPARAM_Network_Pricing=0;CPXPARAM_Parallel=1;CPXPARAM_Preprocessing_Aggregator=-1;CPXPARAM_Preprocessing_BoundStrength=-1;CPXPARAM_Preprocessing_CoeffReduce=-1;CPXPARAM_Preprocessing_Dependency=-1;CPXPARAM_Preprocessing_Dual=0;CPXPARAM_Preprocessing_Fill=10;CPXPARAM_Preprocessing_NumPass=-1;CPXPARAM_Preprocessing_Presolve=1;CPXPARAM_Preprocessing_QPMakePSD=1;CPXPARAM_Preprocessing_Reduce=3;CPXPARAM_Preprocessing_Relax=-1;CPXPARAM_Preprocessing_RepeatPresolve=-1;CPXPARAM_Preprocessing_Symmetry=-1;CPXPARAM_Read_Scale=0;CPXPARAM_Sifting_Algorithm=0;CPXPARAM_Simplex_Crash=1;CPXPARAM_Simplex_DGradient=0;CPXPARAM_Simplex_Limits_Perturbation=0;CPXPARAM_Simplex_Limits_Singularity=10;CPXPARAM_Simplex_PGradient=0;CPXPARAM_Simplex_Pricing=0;CPXPARAM_Simplex_Refactor=0
8035770979803890641,0,CPXPARAM_Advance=1;CPXPARAM_Barrier_Algorithm=0;CPXPARAM_Barrier_ColNonzeros=0;CPXPARAM_Barrier_Crossover=0;CPXPARAM_Barrier_Limits_Corrections=-1;CPXPARAM_Barrier_Ordering=0;CPXPARAM_Barrier_StartAlg=1;CPXPARAM_Emphasis_MIP=3;CPXPARAM_Emphasis_Memory=0;CPXPARAM_Emphasis_Numerical=0;CPXPARAM_Feasopt_Mode=0;CPXPARAM_LPMethod=0;CPXPARAM_MIP_Cuts_Cliques=0;CPXPARAM_MIP_Cuts_Covers=0;CPXPARAM_MIP_Cuts_Disjunctive=0;CPXPARAM_MIP_Cuts_FlowCovers=-1;CPXPARAM_MIP_Cuts_GUBCovers=-1;CPXPARAM_MIP_Cuts_Gomory=0;CPXPARAM_MIP_Cuts_Implied=-1;CPXPARAM_MIP_Cuts_MIRCut=0;CPXPARAM_MIP_Cuts_PathCut=0;CPXPARAM_MIP_Limits_AggForCut=3;CPXPARAM_MIP_Limits_CutPasses=0;CPXPARAM_MIP_Limits_CutsFactor=-1;CPXPARAM_MIP_Limits_GomoryCand=800;CPXPARAM_MIP_Limits_GomoryPass=0;CPXPARAM_MIP_Limits_Nodes=9223372036800000000;CPXPARAM_MIP_Limits_ProbeTime=1e+75;CPXPARAM_MIP_Limits_RepairTries=0;CPXPARAM_MIP_Limits_StrongCand=10;CPXPARAM_MIP_Limits_StrongIt=0;CPXPARAM_MIP_OrderType=0;CPXPARAM_MIP_Strategy_BBInterval=7;CPXPARAM_MIP_Strategy_Branch=0;CPXPARAM_MIP_Strategy_Dive=0;CPXPARAM_MIP_Strategy_File=1;CPXPARAM_MIP_Strategy_HeuristicFreq=0;CPXPARAM_MIP_Strategy_LBHeur=0;CPXPARAM_MIP_Strategy_NodeSelect=1;CPXPARAM_MIP_Strategy_Order=1;CPXPARAM_MIP_Strategy_PresolveNode=0;CPXPARAM_MIP_Strategy_Probe=0;CPXPARAM_MIP_Strategy_RINSHeur=0;CPXPARAM_MIP_Strategy_StartAlgorithm=0;CPXPARAM_MIP_Strategy_SubAlgorithm=0;CPXPARAM_MIP_Strategy_VariableSelect=0;CPXPARAM_Network_NetFind=2;CPXPARAM_Network_Pricing=0;CPXPARAM_Parallel=1;CPXPARAM_Preprocessing_Aggregator=-1;CPXPARAM_Preprocessing_BoundStrength=-1;CPXPARAM_Preprocessing_CoeffReduce=-1;CPXPARAM_Preprocessing_Dependency=-1;CPXPARAM_Preprocessing_Dual=0;CPXPARAM_Preprocessing_Fill=10;CPXPARAM_Preprocessing_NumPass=-1;CPXPARAM_Preprocessing_Presolve=1;CPXPARAM_Preprocessing_QPMakePSD=1;CPXPARAM_Preprocessing_Reduce=3;CPXPARAM_Preprocessing_Relax=-1;CPXPARAM_Preprocessing_RepeatPresolve=-1;CPXPARAM_Preprocessing_Symmetry=-1;CPXPARAM_Read_Scale=0;CPXPARAM_Sifting_Algorithm=0;CPXPARAM_Simplex_Crash=1;CPXPARAM_Simplex_DGradient=0;CPXPARAM_Simplex_Limits_Perturbation=0;CPXPARAM_Simplex_Limits_Singularity=10;CPXPARAM_Simplex_PGradient=0;CPXPARAM_Simplex_Pricing=0;CPXPARAM_Simplex_Refactor=0
16333254745292141969,0,CPXPARAM_Advance=1;CPXPARAM_Barrier_Algorithm=0;CPXPARAM_Barrier_ColNonzeros=0;CPXPARAM_Barrier_Crossover=0;CPXPARAM_Barrier_Limits_Corrections=-1;CPXPARAM_Barrier_Ordering=0;CPXPARAM_Barrier_StartAlg=1;CPXPARAM_Emphasis_MIP=4;CPXPARAM_Emphasis_Memory=0;CPXPARAM_Emphasis_Numerical=0;CPXPARAM_Feasopt_Mode=0;CPXPARAM_LPMethod=0;CPXPARAM_MIP_Cuts_Cliques=-1;CPXPARAM_MIP_Cuts_Covers=0;CPXPARAM_MIP_Cuts_Disjunctive=-1;CPXPARAM_MIP_Cuts_FlowCovers=1;CPXPARAM_MIP_Cuts_GUBCovers=0;CPXPARAM_MIP_Cuts_Gomory=0;CPXPARAM_MIP_Cuts_Implied=0;CPXPARAM_MIP_Cuts_MIRCut=2;CPXPARAM_MIP_Cuts_PathCut=-1;CPXPARAM_MIP_Limits_AggForCut=3;CPXPARAM_MIP_Limits_CutPasses=0;CPXPARAM_MIP_Limits_CutsFactor=-1;CPXPARAM_MIP_Limits_GomoryCand=150;CPXPARAM_MIP_Limits_GomoryPass=0;CPXPARAM_MIP_Limits_Nodes=9223372036800000000;CPXPARAM_MIP_Limits_ProbeTime=1e+75;CPXPARAM_MIP_Limits_RepairTries=0;CPXPARAM_MIP_Limits_StrongCand=10;CPXPARAM_MIP_Limits_StrongIt=0;CPXPARAM_MIP_OrderType=0;CPXPARAM_MIP_Strategy_BBInterval=7;CPXPARAM_MIP_Strategy_Branch=0;CPXPARAM_MIP_Strategy_Dive=0;CPXPARAM_MIP_Strategy_File=1;CPXPARAM_MIP_Strategy_HeuristicFreq=0;CPXPARAM_MIP_Strategy_LBHeur=0;CPXPARAM_MIP_Strategy_NodeSelect=1;CPXPARAM_MIP_Strategy_Order=1;CPXPARAM_MIP_Strategy_PresolveNode=0;CPXPARAM_MIP_Strategy_Probe=-1;CPXPARAM_MIP_Strategy_RINSHeur=500;CPXPARAM_MIP_Strategy_StartAlgorithm=0;CPXPARAM_MIP_Strategy_SubAlgorithm=0;CPXPARAM_MIP_Strategy_VariableSelect=0;CPXPARAM_Network_NetFind=2;CPXPARAM_Network_Pricing=0;CPXPARAM_Parallel=1;CPXPARAM_Preprocessing_Aggregator=-1;CPXPARAM_Preprocessing_BoundStrength=-1;CPXPARAM_Preprocessing_CoeffReduce=-1;CPXPARAM_Preprocessing_Dependency=-1;CPXPARAM_Preprocessing_Dual=0;CPXPARAM_Preprocessing_Fill=10;CPXPARAM_Preprocessing_NumPass=-1;CPXPARAM_Preprocessing_Presolve=1;CPXPARAM_Preprocessing_QPMakePSD=1;CPXPARAM_Preprocessing_Reduce=3;CPXPARAM_Preprocessing_Relax=-1;CPXPARAM_Preprocessing_RepeatPresolve=-1;CPXPARAM_Preprocessing_Symmetry=-1;CPXPARAM_Read_Scale=0;CPXPARAM_Sifting_Algorithm=0;CPXPARAM_Simplex_Crash=1;CPXPARAM_Simplex_DGradient=0;CPXPARAM_Simplex_Limits_Perturbation=0;CPXPARAM_Simplex_Limits_Singularity=10;CPXPARAM_Simplex_PGradient=0;CPXPARAM_Simplex_Pricing=0;CPXPARAM_Simplex_Refactor=0
12913884310939604132,0,CPXPARAM_Advance=1;CPXPARAM_Barrier_Algorithm=0;CPXPARAM_Barrier_ColNonzeros=0;CPXPARAM_Barrier_Crossover=0;CPXPARAM_Barrier_Limits_Corrections=-1;CPXPARAM_Barrier_Ordering=0;CPXPARAM_Barrier_StartAlg=1;CPXPARAM_Emphasis_MIP=4;CPXPARAM_Emphasis_Memory=0;CPXPARAM_Emphasis_Numerical=0;CPXPARAM_Feasopt_Mode=0;CPXPARAM_LPMethod=0;CPXPARAM_MIP_Cuts_Cliques=-1;CPXPARAM_MIP_Cuts_Covers=0;CPXPARAM_MIP_Cuts_Disjunctive=-1;CPXPARAM_MIP_Cuts_FlowCovers=1;CPXPARAM_MIP_Cuts_GUBCovers=0;CPXPARAM_MIP_Cuts_Gomory=0;CPXPARAM_MIP_Cuts_Implied=0;CPXPARAM_MIP_Cuts_MIRCut=2;CPXPARAM_MIP_Cuts_PathCut=-1;CPXPARAM_MIP_Limits_AggForCut=3;CPXPARAM_MIP_Limits_CutPasses=0;CPXPARAM_MIP_Limits_CutsFactor=-1;CPXPARAM_MIP_Limits_GomoryCand=150;CPXPARAM_MIP_Limits_GomoryPass=0;CPXPARAM_MIP_Limits_Nodes=9223372036800000000;CPXPARAM_MIP_Limits_ProbeTime=1e+75;CPXPARAM_MIP_Limits_RepairTries=0;CPXPARAM_MIP_Limits_StrongCand=10;CPXPARAM_MIP_Limits_StrongIt=0;CPXPARAM_MIP_OrderType=0;CPXPARAM_MIP_Strategy_BBInterval=7;CPXPARAM_MIP_Strategy_Branch=0;CPXPARAM_MIP_Strategy_Dive=0;CPXPARAM_MIP_Strategy_File=1;CPXPARAM_MIP_Strategy_HeuristicFreq=0;CPXPARAM_MIP_Strategy_LBHeur=0;CPXPARAM_MIP_Strategy_NodeSelect=1;CPXPARAM_MIP_Strategy_Order=1;CPXPARAM_MIP_Strategy_PresolveNode=0;CPXPARAM_MIP_Strategy_Probe=-1;CPXPARAM_MIP_Strategy_RINSHeur=0;CPXPARAM_MIP_Strategy_StartAlgorithm=0;CPXPARAM_MIP_Strategy_SubAlgorithm=0;CPXPARAM_MIP_Strategy_VariableSelect=0;CPXPARAM_Network_NetFind=2;CPXPARAM_Network_Pricing=0;CPXPARAM_Parallel=1;CPXPARAM_Preprocessing_Aggregator=-1;CPXPARAM_Preprocessing_BoundStrength=-1;CPXPARAM_Preprocessing_CoeffReduce=-1;CPXPARAM_Preprocessing_Dependency=2;CPXPARAM_Preprocessing_Dual=0;CPXPARAM_Preprocessing_Fill=10;CPXPARAM_Preprocessing_NumPass=-1;CPXPARAM_Preprocessing_Presolve=1;CPXPARAM_Preprocessing_QPMakePSD=1;CPXPARAM_Preprocessing_Reduce=3;CPXPARAM_Preprocessing_Relax=-1;CPXPARAM_Preprocessing_RepeatPresolve=-1;CPXPARAM_Preprocessing_Symmetry=-1;CPXPARAM_Read_Scale=0;CPXPARAM_Sifting_Algorithm=0;CPXPARAM_Simplex_Crash=1;CPXPARAM_Simplex_DGradient=0;CPXPARAM_Simplex_Limits_Perturbation=0;CPXPARAM_Simplex_Limits_Singularity=10;CPXPARAM_Simplex_PGradient=0;CPXPARAM_Simplex_Pricing=0;CPXPARAM_Simplex_Refactor=0
5415395587575097939,0,CPXPARAM_Advance=1;CPXPARAM_Barrier_Algorithm=0;CPXPARAM_Barrier_ColNonzeros=0;CPXPARAM_Barrier_Crossover=0;CPXPARAM_Barrier_Limits_Corrections=-1;CPXPARAM_Barrier_Ordering=0;CPXPARAM_Barrier_StartAlg=1;CPXPARAM_Emphasis_MIP=2;CPXPARAM_Emphasis_Memory=0;CPXPARAM_Emphasis_Numerical=0;CPXPARAM_Feasopt_Mode=0;CPXPARAM_LPMethod=0;CPXPARAM_MIP_Cuts_Cliques=0;CPXPARAM_MIP_Cuts_Covers=0;CPXPARAM_MIP_Cuts_Disjunctive=-1;CPXPARAM_MIP_Cuts_FlowCovers=0;CPXPARAM_MIP_Cuts_GUBCovers=2;CPXPARAM_MIP_Cuts_Gomory=0;CPXPARAM_MIP_Cuts_Implied=1;CPXPARAM_MIP_Cuts_MIRCut=2;CPXPARAM_MIP_Cuts_PathCut=2;CPXPARAM_MIP_Limits_AggForCut=3;CPXPARAM_MIP_Limits_CutPasses=0;CPXPARAM_MIP_Limits_CutsFactor=-1;CPXPARAM_MIP_Limits_GomoryCand=200;CPXPARAM_MIP_Limits_GomoryPass=0;CPXPARAM_MIP_Limits_Nodes=9223372036800000000;CPXPARAM_MIP_Limits_ProbeTime=1e+75;CPXPARAM_MIP_Limits_RepairTries=0;CPXPARAM_MIP_Limits_StrongCand=10;CPXPARAM_MIP_Limits_StrongIt=0;CPXPARAM_MIP_OrderType=0;CPXPARAM_MIP_Strategy_BBInterval=7;CPXPARAM_MIP_Strategy_Branch=0;CPXPARAM_MIP_Strategy_Dive=0;CPXPARAM_MIP_Strategy_File=1;CPXPARAM_MIP_Strategy_HeuristicFreq=0;CPXPARAM_MIP_Strategy_LBHeur=0;CPXPARAM_MIP_Strategy_NodeSelect=1;CPXPARAM_MIP_Strategy_Order=1;CPXPARAM_MIP_Strategy_PresolveNode=0;CPXPARAM_MIP_Strategy_Probe=0;CPXPARAM_MIP_Strategy_RINSHeur=0;CPXPARAM_MIP_Strategy_StartAlgorithm=0;CPXPARAM_MIP_Strategy_SubAlgorithm=0;CPXPARAM_MIP_Strategy_VariableSelect=0;CPXPARAM_Network_NetFind=2;CPXPARAM_Network_Pricing=0;CPXPARAM_Parallel=1;CPXPARAM_Preprocessing_Aggregator=-1;CPXPARAM_Preprocessing_BoundStrength=-1;CPXPARAM_Preprocessing_CoeffReduce=-1;CPXPARAM_Preprocessing_Dependency=-1;CPXPARAM_Preprocessing_Dual=0;CPXPARAM_Preprocessing_Fill=10;CPXPARAM_Preprocessing_NumPass=-1;CPXPARAM_Preprocessing_Presolve=1;CPXPARAM_Preprocessing_QPMakePSD=1;CPXPARAM_Preprocessing_Reduce=3;CPXPARAM_Preprocessing_Relax=-1;CPXPARAM_Preprocessing_RepeatPresolve=-1;CPXPARAM_Preprocessing_Symmetry=-1;CPXPARAM_Read_Scale=0;CPXPARAM_Sifting_Algorithm=0;CPXPARAM_Simplex_Crash=1;CPXPARAM_Simplex_DGradient=0;CPXPARAM_Simplex_Limits_Perturbation=0;CPXPARAM_Simplex_Limits_Singularity=10;CPXPARAM_Simplex_PGradient=0;CPXPARAM_Simplex_Pricing=0;CPXPARAM_Simplex_Refactor=0
6794033752137684416,0,CPXPARAM_Advance=1;CPXPARAM_Barrier_Algorithm=0;CPXPARAM_Barrier_ColNonzeros=0;CPXPARAM_Barrier_Crossover=0;CPXPARAM_Barrier_Limits_Corrections=-1;CPXPARAM_Barrier_Ordering=0;CPXPARAM_Barrier_StartAlg=1;CPXPARAM_Emphasis_MIP=0;CPXPARAM_Emphasis_Memory=0;CPXPARAM_Emphasis_Numerical=0;CPXPARAM_Feasopt_Mode=0;CPXPARAM_LPMethod=0;CPXPARAM_MIP_Cuts_Cliques=1;CPXPARAM_MIP_Cuts_Covers=0;CPXPARAM_MIP_Cuts_Disjunctive=-1;CPXPARAM_MIP_Cuts_FlowCovers=0;CPXPARAM_MIP_Cuts_GUBCovers=2;CPXPARAM_MIP_Cuts_Gomory=2;CPXPARAM_MIP_Cuts_Implied=1;CPXPARAM_MIP_Cuts_MIRCut=-1;CPXPARAM_MIP_Cuts_PathCut=-1;CPXPARAM_MIP_Limits_AggForCut=3;CPXPARAM_MIP_Limits_CutPasses=0;CPXPARAM_MIP_Limits_CutsFactor=-1;CPXPARAM_MIP_Limits_GomoryCand=25;CPXPARAM_MIP_Limits_GomoryPass=0;CPXPARAM_MIP_Limits_Nodes=9223372036800000000;CPXPARAM_MIP_Limits_ProbeTime=1e+75;CPXPARAM_MIP_Limits_RepairTries=0;CPXPARAM_MIP_Limits_StrongCand=10;CPXPARAM_MIP_Limits_StrongIt=0;CPXPARAM_MIP_OrderType=0;CPXPARAM_MIP_Strategy_BBInterval=7;CPXPARAM_MIP_Strategy_Branch=0;CPXPARAM_MIP_Strategy_Dive=0;CPXPARAM_MIP_Strategy_File=1;CPXPARAM_MIP_Strategy_HeuristicFreq=0;CPXPARAM_MIP_Strategy_LBHeur=0;CPXPARAM_MIP_Strategy_NodeSelect=1;CPXPARAM_MIP_Strategy_Order=1;CPXPARAM_MIP_Strategy_PresolveNode=0;CPXPARAM_MIP_Strategy_Probe=0;CPXPARAM_MIP_Strategy_RINSHeur=0;CPXPARAM_MIP_Strategy_StartAlgorithm=0;CPXPARAM_MIP_Strategy_SubAlgorithm=0;CPXPARAM_MIP_Strategy_VariableSelect=0;CPXPARAM_Network_NetFind=2;CPXPARAM_Network_Pricing=0;CPXPARAM_Parallel=1;CPXPARAM_Preprocessing_Aggregator=-1;CPXPARAM_Preprocessing_BoundStrength=-1;CPXPARAM_Preprocessing_CoeffReduce=-1;CPXPARAM_Preprocessing_Dependency=-1;CPXPARAM_Preprocessing_Dual=0;CPXPARAM_Preprocessing_Fill=10;CPXPARAM_Preprocessing_NumPass=-1;CPXPARAM_Preprocessing_Presolve=1;CPXPARAM_Preprocessing_QPMakePSD=1;CPXPARAM_Preprocessing_Reduce=3;CPXPARAM_Preprocessing_Relax=-1;CPXPARAM_Preprocessing_RepeatPresolve=-1;CPXPARAM_Preprocessing_Symmetry=-1;CPXPARAM_Read_Scale=0;CPXPARAM_Sifting_Algorithm=0;CPXPARAM_Simplex_Crash=1;CPXPARAM_Simplex_DGradient=0;CPXPARAM_Simplex_Limits_Perturbation=0;CPXPARAM_Simplex_Limits_Singularity=10;CPXPARAM_Simplex_PGradient=0;CPXPARAM_Simplex_Pricing=0;CPXPARAM_Simplex_Refactor=0
1359746568436948053,0,CPXPARAM_Advance=1;CPXPARAM_Barrier_Algorithm=0;CPXPARAM_Barrier_ColNonzeros=0;CPXPARAM_Barrier_Crossover=0;CPXPARAM_Barrier_Limits_Corrections=-1;CPXPARAM_Barrier_Ordering=0;CPXPARAM_Barrier_StartAlg=1;CPXPARAM_Emphasis_MIP=4;CPXPARAM_Emphasis_Memory=0;CPXPARAM_Emphasis_Numerical=0;CPXPARAM_Feasopt_Mode=0;CPXPARAM_LPMethod=0;CPXPARAM_MIP_Cuts_Cliques=0;CPXPARAM_MIP_Cuts_Covers=0;CPXPARAM_MIP_Cuts_Disjunctive=-1;CPXPARAM_MIP_Cuts_FlowCovers=2;CPXPARAM_MIP_Cuts_GUBCovers=-1;CPXPARAM_MIP_Cuts_Gomory=-1;CPXPARAM_MIP_Cuts_Implied=1;CPXPARAM_MIP_Cuts_MIRCut=0;CPXPARAM_MIP_Cuts_PathCut=1;CPXPARAM_MIP_Limits_AggForCut=3;CPXPARAM_MIP_Limits_CutPasses=0;CPXPARAM_MIP_Limits_CutsFactor=-1;CPXPARAM_MIP_Limits_GomoryCand=200;CPXPARAM_MIP_Limits_GomoryPass=0;CPXPARAM_MIP_Limits_Nodes=9223372036800000000;CPXPARAM_MIP_Limits_ProbeTime=1e+75;CPXPARAM_MIP_Limits_RepairTries=0;CPXPARAM_MIP_Limits_StrongCand=10;CPXPARAM_MIP_Limits_StrongIt=0;CPXPARAM_MIP_OrderType=0;CPXPARAM_MIP_Strategy_BBInterval=7;CPXPARAM_MIP_Strategy_Branch=0;CPXPARAM_MIP_Strategy_Dive=0;CPXPARAM_MIP_Strategy_File=1;CPXPARAM_MIP_Strategy_HeuristicFreq=0;CPXPARAM_MIP_Strategy_LBHeur=0;CPXPARAM_MIP_Strategy_NodeSelect=1;CPXPARAM_MIP_Strategy_Order=1;CPXPARAM_MIP_Strategy_PresolveNode=0;CPXPARAM_MIP_Strategy_Probe=0;CPXPARAM_MIP_Strategy_RINSHeur=0;CPXPARAM_MIP_Strategy_StartAlgorithm=0;CPXPARAM_MIP_Strategy_SubAlgorithm=0;CPXPARAM_MIP_Strategy_VariableSelect=0;CPXPARAM_Network_NetFind=2;CPXPARAM_Network_Pricing=0;CPXPARAM_Parallel=1;CPXPARAM_Preprocessing_Aggregator=-1;CPXPARAM_Preprocessing_BoundStrength=-1;CPXPARAM_Preprocessing_CoeffReduce=-1;CPXPARAM_Preprocessing_Dependency=-1;CPXPARAM_Preprocessing_Dual=0;CPXPARAM_Preprocessing_Fill=10;CPXPARAM_Preprocessing_NumPass=-1;CPXPARAM_Preprocessing_Presolve=1;CPXPARAM_Preprocessing_QPMakePSD=1;CPXPARAM_Preprocessing_Reduce=3;CPXPARAM_Preprocessing_Relax=-1;CPXPARAM_Preprocessing_RepeatPresolve=-1;CPXPARAM_Preprocessing_Symmetry=-1;CPXPARAM_Read_Scale=0;CPXPARAM_Sifting_Algorithm=0;CPXPARAM_Simplex_Crash=1;CPXPARAM_Simplex_DGradient=0;CPXPARAM_Simplex_Limits_Perturbation=0;CPXPARAM_Simplex_Limits_Singularity=10;CPXPARAM_Simplex_PGradient=0;CPXPARAM_Simplex_Pricing=0;CPXPARAM_Simplex_Refactor=0
10027004861083132633,0,CPXPARAM_Advance=1;CPXPARAM_Barrier_Algorithm=0;CPXPARAM_Barrier_ColNonzeros=0;CPXPARAM_Barrier_Crossover=0;CPXPARAM_Barrier_Limits_Corrections=-1;CPXPARAM_Barrier_Ordering=0;CPXPARAM_Barrier_StartAlg=1;CPXPARAM_Emphasis_MIP=4;CPXPARAM_Emphasis_Memory=0;CPXPARAM_Emphasis_Numerical=0;CPXPARAM_Feasopt_Mode=0;CPXPARAM_LPMethod=0;CPXPARAM_MIP_Cuts_Cliques=-1;CPXPARAM_MIP_Cuts_Covers=0;CPXPARAM_MIP_Cuts_Disjunctive=-1;CPXPARAM_MIP_Cuts_FlowCovers=1;CPXPARAM_MIP_Cuts_GUBCovers=0;CPXPARAM_MIP_Cuts_Gomory=0;CPXPARAM_MIP_Cuts_Implied=0;CPXPARAM_MIP_Cuts_MIRCut=2;CPXPARAM_MIP_Cuts_PathCut=-1;CPXPARAM_MIP_Limits_AggForCut=3;CPXPARAM_MIP_Limits_CutPasses=0;CPXPARAM_MIP_Limits_CutsFactor=-1;CPXPARAM_MIP_Limits_GomoryCand=150;CPXPARAM_MIP_Limits_GomoryPass=0;CPXPARAM_MIP_Limits_Nodes=9223372036800000000;CPXPARAM_MIP_Limits_ProbeTime=1e+75;CPXPARAM_MIP_Limits_RepairTries=0;CPXPARAM_MIP_Limits_StrongCand=10;CPXPARAM_MIP_Limits_StrongIt=0;CPXPARAM_MIP_OrderType=0;CPXPARAM_MIP_Strategy_BBInterval=7;CPXPARAM_MIP_Strategy_Branch=0;CPXPARAM_MIP_Strategy_Dive=0;CPXPARAM_MIP_Strategy_File=1;CPXPARAM_MIP_Strategy_HeuristicFreq=0;CPXPARAM_MIP_Strategy_LBHeur=0;CPXPARAM_MIP_Strategy_NodeSelect=1;CPXPARAM_MIP_Strategy_Order=1;CPXPARAM_MIP_Strategy_PresolveNode=0;CPXPARAM_MIP_Strategy_Probe=-1;CPXPARAM_MIP_Strategy_RINSHeur=0;CPXPARAM_MIP_Strategy_StartAlgorithm=0;CPXPARAM_MIP_Strategy_SubAlgorithm=0;CPXPARAM_MIP_Strategy_VariableSelect=-1;CPXPARAM_Network_NetFind=2;CPXPARAM_Network_Pricing=0;CPXPARAM_Parallel=1;CPXPARAM_Preprocessing_Aggregator=-1;CPXPARAM_Preprocessing_BoundStrength=-1;CPXPARAM_Preprocessing_CoeffReduce=-1;CPXPARAM_Preprocessing_Dependency=-1;CPXPARAM_Preprocessing_Dual=0;CPXPARAM_Preprocessing_Fill=10;CPXPARAM_Preprocessing_NumPass=-1;CPXPARAM_Preprocessing_Presolve=1;CPXPARAM_Preprocessing_QPMakePSD=1;CPXPARAM_Preprocessing_Reduce=3;CPXPARAM_Preprocessing_Relax=-1;CPXPARAM_Preprocessing_RepeatPresolve=-1;CPXPARAM_Preprocessing_Symmetry=-1;CPXPARAM_Read_Scale=0;CPXPARAM_Sifting_Algorithm=0;CPXPARAM_Simplex_Crash=1;CPXPARAM_Simplex_DGradient=0;CPXPARAM_Simplex_Limits_Perturbation=0;CPXPARAM_Simplex_Limits_Singularity=10;CPXPARAM_Simplex_PGradient=0;CPXPARAM_Simplex_Pricing=0;CPXPARAM_Simplex_Refactor=0
16559999498627417884,0,CPXPARAM_Advance=1;CPXPARAM_Barrier_Algorithm=0;CPXPARAM_Barrier_ColNonzeros=0;CPXPARAM_Barrier_Crossover=0;CPXPARAM_Barrier_Limits_Corrections=-1;CPXPARAM_Barrier_Ordering=0;CPXPARAM_Barrier_StartAlg=1;CPXPARAM_Emphasis_MIP=4;CPXPARAM_Emphasis_Memory=0;CPXPARAM_Emphasis_Numerical=0;CPXPARAM_Feasopt_Mode=0;CPXPARAM_LPMethod=0;CPXPARAM_MIP_Cuts_Cliques=-1;CPXPARAM_MIP_Cuts_Covers=0;CPXPARAM_MIP_Cuts_Disjunctive=-1;CPXPARAM_MIP_Cuts_FlowCovers=1;CPXPARAM_MIP_Cuts_GUBCovers=0;CPXPARAM_MIP_Cuts_Gomory=0;CPXPARAM_MIP_Cuts_Implied=0;CPXPARAM_MIP_Cuts_MIRCut=2;CPXPARAM_MIP_Cuts_PathCut=-1;CPXPARAM_MIP_Limits_AggForCut=3;CPXPARAM_MIP_Limits_CutPasses=0;CPXPARAM_MIP_Limits_CutsFactor=-1;CPXPARAM_MIP_Limits_GomoryCand=150;CPXPARAM_MIP_Limits_GomoryPass=0;CPXPARAM_MIP_Limits_Nodes=9223372036800000000;CPXPARAM_MIP_Limits_ProbeTime=1e+75;CPXPARAM_MIP_Limits_RepairTries=0;CPXPARAM_MIP_Limits_StrongCand=10;CPXPARAM_MIP_Limits_StrongIt=0;CPXPARAM_MIP_OrderType=0;CPXPARAM_MIP_Strategy_BBInterval=7;CPXPARAM_MIP_Strategy_Branch=0;CPXPARAM_MIP_Strategy_Dive=0;CPXPARAM_MIP_Strategy_File=1;CPXPARAM_MIP_Strategy_HeuristicFreq=0;CPXPARAM_MIP_Strategy_LBHeur=0;CPXPARAM_MIP_Strategy_NodeSelect=1;CPXPARAM_MIP_Strategy_Order=1;CPXPARAM_MIP_Strategy_PresolveNode=0;CPXPARAM_MIP_Strategy_Probe=1;CPXPARAM_MIP_Strategy_RINSHeur=0;CPXPARAM_MIP_Strategy_StartAlgorithm=0;CPXPARAM_MIP_Strategy_SubAlgorithm=0;CPXPARAM_MIP_Strategy_VariableSelect=0;CPXPARAM_Network_NetFind=2;CPXPARAM_Network_Pricing=0;CPXPARAM_Parallel=1;CPXPARAM_Preprocessing_Aggregator=-1;CPXPARAM_Preprocessing_BoundStrength=-1;CPXPARAM_Preprocessing_CoeffReduce=-1;CPXPARAM_Preprocessing_Dependency=-1;CPXPARAM_Preprocessing_Dual=0;CPXPARAM_Preprocessing_Fill=10;CPXPARAM_Preprocessing_NumPass=-1;CPXPARAM_Preprocessing_Presolve=1;CPXPARAM_Preprocessing_QPMakePSD=1;CPXPARAM_Preprocessing_Reduce=3;CPXPARAM_Preprocessing_Relax=-1;CPXPARAM_Preprocessing_RepeatPresolve=-1;CPXPARAM_Preprocessing_Symmetry=-1;CPXPARAM_Read_Scale=0;CPXPARAM_Sifting_Algorithm=0;CPXPARAM_Simplex_Crash=1;CPXPARAM_Simplex_DGradient=0;CPXPARAM_Simplex_Limits_Perturbation=0;CPXPARAM_Simplex_Limits_Singularity=10;CPXPARAM_Simplex_PGradient=0;CPXPARAM_Simplex_Pricing=0;CPXPARAM_Simplex_Refactor=0
4950105861411840424,0,CPXPARAM_Advance=1;CPXPARAM_Barrier_Algorithm=0;CPXPARAM_Barrier_ColNonzeros=0;CPXPARAM_Barrier_Crossover=0;CPXPARAM_Barrier_Limits_Corrections=-1;CPXPARAM_Barrier_Ordering=0;CPXPARAM_Barrier_StartAlg=1;CPXPARAM_Emphasis_MIP=4;CPXPARAM_Emphasis_Memory=0;CPXPARAM_Emphasis_Numerical=0;CPXPARAM_Feasopt_Mode=0;CPXPARAM_LPMethod=0;CPXPARAM_MIP_Cuts_Cliques=-1;CPXPARAM_MIP_Cuts_Covers=0;CPXPARAM_MIP_Cuts_Disjunctive=-1;CPXPARAM_MIP_Cuts_FlowCovers=1;CPXPARAM_MIP_Cuts_GUBCovers=0;CPXPARAM_MIP_Cuts_Gomory=0;CPXPARAM_MIP_Cuts_Implied=0;CPXPARAM_MIP_Cuts_MIRCut=2;CPXPARAM_MIP_Cuts_PathCut=-1;CPXPARAM_MIP_Limits_AggForCut=3;CPXPARAM_MIP_Limits_CutPasses=0;CPXPARAM_MIP_Limits_CutsFactor=-1;CPXPARAM_MIP_Limits_GomoryCand=150;CPXPARAM_MIP_Limits_GomoryPass=0;CPXPARAM_MIP_Limits_Nodes=9223372036800000000;CPXPARAM_MIP_Limits_ProbeTime=1e+75;CPXPARAM_MIP_Limits_RepairTries=0;CPXPARAM_MIP_Limits_StrongCand=10;CPXPARAM_MIP_Limits_StrongIt=0;CPXPARAM_MIP_OrderType=0;CPXPARAM_MIP_Strategy_BBInterval=7;CPXPARAM_MIP_Strategy_Branch=0;CPXPARAM_MIP_Strategy_Dive=0;CPXPARAM_MIP_Strategy_File=1;CPXPARAM_MIP_Strategy_HeuristicFreq=0;CPXPARAM_MIP_Strategy_LBHeur=1;CPXPARAM_MIP_Strategy_NodeSelect=1;CPXPARAM_MIP_Strategy_Order=1;CPXPARAM_MIP_Strategy_PresolveNode=0;CPXPARAM_MIP_Strategy_Probe=-1;CPXPARAM_MIP_Strategy_RINSHeur=0;CPXPARAM_MIP_Strategy_StartAlgorithm=0;CPXPARAM_MIP_Strategy_SubAlgorithm=0;CPXPARAM_MIP_Strategy_VariableSelect=0;CPXPARAM_Network_NetFind=2;CPXPARAM_Network_Pricing=0;CPXPARAM_Parallel=1;CPXPARAM_Preprocessing_Aggregator=-1;CPXPARAM_Preprocessing_BoundStrength=-1;CPXPARAM_Preprocessing_CoeffReduce=-1;CPXPARAM_Preprocessing_Dependency=-1;CPXPARAM_Preprocessing_Dual=0;CPXPARAM_Preprocessing_Fill=10;CPXPARAM_Preprocessing_NumPass=-1;CPXPARAM_Preprocessing_Presolve=1;CPXPARAM_Preprocessing_QPMakePSD=1;CPXPARAM_Preprocessing_Reduce=3;CPXPARAM_Preprocessing_Relax=-1;CPXPARAM_Preprocessing_RepeatPresolve=-1;CPXPARAM_Preprocessing_Symmetry=-1;CPXPARAM_Read_Scale=0;CPXPARAM_Sifting_Algorithm=0;CPXPARAM_Simplex_Crash=1;CPXPARAM_Simplex_DGradient=0;CPXPARAM_Simplex_Limits_Perturbation=0;CPXPARAM_Simplex_Limits_Singularity=10;CPXPARAM_Simplex_PGradient=0;CPXPARAM_Simplex_Pricing=0;CPXPARAM_Simplex_Refactor=0
12008650060262437554,0,CPXPARAM_Advance=1;CPXPARAM_Barrier_Algorithm=0;CPXPARAM_Barrier_ColNonzeros=0;CPXPARAM_Barrier_Crossover=0;CPXPARAM_Barrier_Limits_Corrections=-1;CPXPARAM_Barrier_Ordering=0;CPXPARAM_Barrier_StartAlg=1;CPXPARAM_Emphasis_MIP=4;CPXPARAM_Emphasis_Memory=0;CPXPARAM_Emphasis_Numerical=0;CPXPARAM_Feasopt_Mode=0;CPXPARAM_LPMethod=0;CPXPARAM_MIP_Cuts_Cliques=-1;CPXPARAM_MIP_Cuts_Covers=0;CPXPARAM_MIP_Cuts_Disjunctive=-1;CPXPARAM_MIP_Cuts_FlowCovers=-1;CPXPARAM_MIP_Cuts_GUBCovers=0;CPXPARAM_MIP_Cuts_Gomory=0;CPXPARAM_MIP_Cuts_Implied=0;CPXPARAM_MIP_Cuts_MIRCut=2;CPXPARAM_MIP_Cuts_PathCut=-1;CPXPARAM_MIP_Limits_AggForCut=3;CPXPARAM_MIP_Limits_CutPasses=0;CPXPARAM_MIP_Limits_CutsFactor=-1;CPXPARAM_MIP_Limits_GomoryCand=150;CPXPARAM_MIP_Limits_GomoryPass=0;CPXPARAM_MIP_Limits_Nodes=9223372036800000000;CPXPARAM_MIP_Limits_ProbeTime=1e+75;CPXPARAM_MIP_Limits_RepairTries=0;CPXPARAM_MIP_Limits_StrongCand=10;CPXPARAM_MIP_Limits_StrongIt=0;CPXPARAM_MIP_OrderType=0;CPXPARAM_MIP_Strategy_BBInterval=7;CPXPARAM_MIP_Strategy_Branch=0;CPXPARAM_MIP_Strategy_Dive=0;CPXPARAM_MIP_Strategy_File=1;CPXPARAM_MIP_Strategy_HeuristicFreq=0;CPXPARAM_MIP_Strategy_LBHeur=0;CPXPARAM_MIP_Strategy_NodeSelect=1;CPXPARAM_MIP_Strategy_Order=1;CPXPARAM_MIP_Strategy_PresolveNode=0;CPXPARAM_MIP_Strategy_Probe=-1;CPXPARAM_MIP_Strategy_RINSHeur=0;CPXPARAM_MIP_Strategy_StartAlgorithm=0;CPXPARAM_MIP_Strategy_SubAlgorithm=0;CPXPARAM_MIP_Strategy_VariableSelect=0;CPXPARAM_Network_NetFind=2;CPXPARAM_Network_Pricing=0;CPXPARAM_Parallel=1;CPXPARAM_Preprocessing_Aggregator=-1;CPXPARAM_Preprocessing_BoundStrength=-1;CPXPARAM_Preprocessing_CoeffReduce=-1;CPXPARAM_Preprocessing_Dependency=3;CPXPARAM_Preprocessing_Dual=0;CPXPARAM_Preprocessing_Fill=10;CPXPARAM_Preprocessing_NumPass=-1;CPXPARAM_Preprocessing_Presolve=1;CPXPARAM_Preprocessing_QPMakePSD=1;CPXPARAM_Preprocessing_Reduce=3;CPXPARAM_Preprocessing_Relax=-1;CPXPARAM_Preprocessing_RepeatPresolve=-1;CPXPARAM_Preprocessing_Symmetry=-1;CPXPARAM_Read_Scale=0;CPXPARAM_Sifting_Algorithm=0;CPXPARAM_Simplex_Crash=1;CPXPARAM_Simplex_DGradient=0;CPXPARAM_Simplex_Limits_Perturbation=0;CPXPARAM_Simplex_Limits_Singularity=10;CPXPARAM_Simplex_PGradient=0;CPXPARAM_Simplex_Pricing=0;CPXPARAM_Simplex_Refactor=0
13956661795169883950,0,CPXPARAM_Advance=1;CPXPARAM_Barrier_Algorithm=0;CPXPARAM_Barrier_ColNonzeros=0;CPXPARAM_Barrier_Crossover=0;CPXPARAM_Barrier_Limits_Corrections=-1;CPXPARAM_Barrier_Ordering=0;CPXPARAM_Barrier_StartAlg=1;CPXPARAM_Emphasis_MIP=4;CPXPARAM_Emphasis_Memory=0;CPXPARAM_Emphasis_Numerical=0;CPXPARAM_Feasopt_Mode=0;CPXPARAM_LPMethod=0;CPXPARAM_MIP_Cuts_Cliques=-1;CPXPARAM_MIP_Cuts_Covers=0;CPXPARAM_MIP_Cuts_Disjunctive=-1;CPXPARAM_MIP_Cuts_FlowCovers=1;CPXPARAM_MIP_Cuts_GUBCovers=0;CPXPARAM_MIP_Cuts_Gomory=0;CPXPARAM_MIP_Cuts_Implied=0;CPXPARAM_MIP_Cuts_MIRCut=2;CPXPARAM_MIP_Cuts_PathCut=-1;CPXPARAM_MIP_Limits_AggForCut=3;CPXPARAM_MIP_Limits_CutPasses=0;CPXPARAM_MIP_Limits_CutsFactor=-1;CPXPARAM_MIP_Limits_GomoryCand=150;CPXPARAM_MIP_Limits_GomoryPass=0;CPXPARAM_MIP_Limits_Nodes=9223372036800000000;CPXPARAM_MIP_Limits_ProbeTime=1e+75;CPXPARAM_MIP_Limits_RepairTries=0;CPXPARAM_MIP_Limits_StrongCand=10;CPXPARAM_MIP_Limits_StrongIt=0;CPXPARAM_MIP_OrderType=0;CPXPARAM_MIP_Strategy_BBInterval=7;CPXPARAM_MIP_Strategy_Branch=0;CPXPARAM_MIP_Strategy_Dive=0;CPXPARAM_MIP_Strategy_File=1;CPXPARAM_MIP_Strategy_HeuristicFreq=0;CPXPARAM_MIP_Strategy_LBHeur=0;CPXPARAM_MIP_Strategy_NodeSelect=3;CPXPARAM_MIP_Strategy_Order=1;CPXPARAM_MIP_Strategy_PresolveNode=0;CPXPARAM_MIP_Strategy_Probe=-1;CPXPARAM_MIP_Strategy_RINSHeur=0;CPXPARAM_MIP_Strategy_StartAlgorithm=0;CPXPARAM_MIP_Strategy_SubAlgorithm=0;CPXPARAM_MIP_Strategy_VariableSelect=0;CPXPARAM_Network_NetFind=2;CPXPARAM_Network_Pricing=0;CPXPARAM_Parallel=1;CPXPARAM_Preprocessing_Aggregator=-1;CPXPARAM_Preprocessing_BoundStrength=-1;CPXPARAM_Preprocessing_CoeffReduce=-1;CPXPARAM_Preprocessing_Dependency=-1;CPXPARAM_Preprocessing_Dual=0;CPXPARAM_Preprocessing_Fill=10;CPXPARAM_Preprocessing_NumPass=-1;CPXPARAM_Preprocessing_Presolve=1;CPXPARAM_Preprocessing_QPMakePSD=1;CPXPARAM_Preprocessing_Reduce=3;CPXPARAM_Preprocessing_Relax=-1;CPXPARAM_Preprocessing_RepeatPresolve=-1;CPXPARAM_Preprocessing_Symmetry=-1;CPXPARAM_Read_Scale=0;CPXPARAM_Sifting_Algorithm=0;CPXPARAM_Simplex_Crash=1;CPXPARAM_Simplex_DGradient=0;CPXPARAM_Simplex_Limits_Perturbation=0;CPXPARAM_Simplex_Limits_Singularity=10;CPXPARAM_Simplex_PGradient=0;CPXPARAM_Simplex_Pricing=0;CPXPARAM_Simplex_Refactor=0
11153459248339091537,0,CPXPARAM_Advance=1;CPXPARAM_Barrier_Algorithm=0;CPXPARAM_Barrier_ColNonzeros=0;CPXPARAM_Barrier_Crossover=0;CPXPARAM_Barrier_Limits_Corrections=-1;CPXPARAM_Barrier_Ordering=0;CPXPARAM_Barrier_StartAlg=1;CPXPARAM_Emphasis_MIP=4;CPXPARAM_Emphasis_Memory=0;CPXPARAM_Emphasis_Numerical=0;CPXPARAM_Feasopt_Mode=0;CPXPARAM_LPMethod=0;CPXPARAM_MIP_Cuts_Cliques=-1;CPXPARAM_MIP_Cuts_Covers=0;CPXPARAM_MIP_Cuts_Disjunctive=-1;CPXPARAM_MIP_Cuts_FlowCovers=0;CPXPARAM_MIP_Cuts_GUBCovers=0;CPXPARAM_MIP_Cuts_Gomory=0;CPXPARAM_MIP_Cuts_Implied=0;CPXPARAM_MIP_Cuts_MIRCut=2;CPXPARAM_MIP_Cuts_PathCut=-1;CPXPARAM_MIP_Limits_AggForCut=3;CPXPARAM_MIP_Limits_CutPasses=0;CPXPARAM_MIP_Limits_CutsFactor=-1;CPXPARAM_MIP_Limits_GomoryCand=150;CPXPARAM_MIP_Limits_GomoryPass=0;CPXPARAM_MIP_Limits_Nodes=9223372036800000000;CPXPARAM_MIP_Limits_ProbeTime=1e+75;CPXPARAM_MIP_Limits_RepairTries=0;CPXPARAM_MIP_Limits_StrongCand=10;CPXPARAM_MIP_Limits_StrongIt=0;CPXPARAM_MIP_OrderType=0;CPXPARAM_MIP_Strategy_BBInterval=7;CPXPARAM_MIP_Strategy_Branch=0;CPXPARAM_MIP_Strategy_Dive=0;CPXPARAM_MIP_Strategy_File=1;CPXPARAM_MIP_Strategy_HeuristicFreq=0;CPXPARAM_MIP_Strategy_LBHeur=0;CPXPARAM_MIP_Strategy_NodeSelect=1;CPXPARAM_MIP_Strategy_Order=1;CPXPARAM_MIP_Strategy_PresolveNode=0;CPXPARAM_MIP_Strategy_Probe=-1;CPXPARAM_MIP_Strategy_RINSHeur=0;CPXPARAM_MIP_Strategy_StartAlgorithm=0;CPXPARAM_MIP_Strategy_SubAlgorithm=0;CPXPARAM_MIP_Strategy_VariableSelect=0;CPXPARAM_Network_NetFind=2;CPXPARAM_Network_Pricing=0;CPXPARAM_Parallel=1;CPXPARAM_Preprocessing_Aggregator=-1;CPXPARAM_Preprocessing_BoundStrength=-1;CPXPARAM_Preprocessing_CoeffReduce=-1;CPXPARAM_Preprocessing_Dependency=3;CPXPARAM_Preprocessing_Dual=0;CPXPARAM_Preprocessing_Fill=10;CPXPARAM_Preprocessing_NumPass=-1;CPXPARAM_Preprocessing_Presolve=1;CPXPARAM_Preprocessing_QPMakePSD=1;CPXPARAM_Preprocessing_Reduce=3;CPXPARAM_Preprocessing_Relax=-1;CPXPARAM_Preprocessing_RepeatPresolve=-1;CPXPARAM_Preprocessing_Symmetry=-1;CPXPARAM_Read_Scale=0;CPXPARAM_Sifting_Algorithm=0;CPXPARAM_Simplex_Crash=1;CPXPARAM_Simplex_DGradient=0;CPXPARAM_Simplex_Limits_Perturbation=0;CPXPARAM_Simplex_Limits_Singularity=10;CPXPARAM_Simplex_PGradient=0;CPXPARAM_Simplex_Pricing=0;CPXPARAM_Simplex_Refactor=0
1005861181854133198,0,CPXPARAM_Advance=1;CPXPARAM_Barrier_Algorithm=0;CPXPARAM_Barrier_ColNonzeros=0;CPXPARAM_Barrier_Crossover=0;CPXPARAM_Barrier_Limits_Corrections=-1;CPXPARAM_Barrier_Ordering=0;CPXPARAM_Barrier_StartAlg=1;CPXPARAM_Emphasis_MIP=4;CPXPARAM_Emphasis_Memory=0;CPXPARAM_Emphasis_Numerical=1;CPXPARAM_Feasopt_Mode=0;CPXPARAM_LPMethod=0;CPXPARAM_MIP_Cuts_Cliques=-1;CPXPARAM_MIP_Cuts_Covers=0;CPXPARAM_MIP_Cuts_Disjunctive=-1;CPXPARAM_MIP_Cuts_FlowCovers=1;CPXPARAM_MIP_Cuts_GUBCovers=0;CPXPARAM_MIP_Cuts_Gomory=0;CPXPARAM_MIP_Cuts_Implied=0;CPXPARAM_MIP_Cuts_MIRCut=2;CPXPARAM_MIP_Cuts_PathCut=-1;CPXPARAM_MIP_Limits_AggForCut=3;CPXPARAM_MIP_Limits_CutPasses=0;CPXPARAM_MIP_Limits_CutsFactor=-1;CPXPARAM_MIP_Limits_GomoryCand=150;CPXPARAM_MIP_Limits_GomoryPass=0;CPXPARAM_MIP_Limits_Nodes=9223372036800000000;CPXPARAM_MIP_Limits_ProbeTime=1e+75;CPXPARAM_MIP_Limits_RepairTries=0;CPXPARAM_MIP_Limits_StrongCand=10;CPXPARAM_MIP_Limits_StrongIt=0;CPXPARAM_MIP_OrderType=0;CPXPARAM_MIP_Strategy_BBInterval=7;CPXPARAM_MIP_Strategy_Branch=0;CPXPARAM_MIP_Strategy_Dive=0;CPXPARAM_MIP_Strategy_File=1;CPXPARAM_MIP_Strategy_HeuristicFreq=0;CPXPARAM_MIP_Strategy_LBHeur=0;CPXPARAM_MIP_Strategy_NodeSelect=1;CPXPARAM_MIP_Strategy_Order=1;CPXPARAM_MIP_Strategy_PresolveNode=0;CPXPARAM_MIP_Strategy_Probe=-1;CPXPARAM_MIP_Strategy_RINSHeur=0;CPXPARAM_MIP_Strategy_StartAlgorithm=0;CPXPARAM_MIP_Strategy_SubAlgorithm=0;CPXPARAM_MIP_Strategy_VariableSelect=0;CPXPARAM_Network_NetFind=2;CPXPARAM_Network_Pricing=0;CPXPARAM_Parallel=1;CPXPARAM_Preprocessing_Aggregator=-1;CPXPARAM_Preprocessing_BoundStrength=-1;CPXPARAM_Preprocessing_CoeffReduce=-1;CPXPARAM_Preprocessing_Dependency=3;CPXPARAM_Preprocessing_Dual=0;CPXPARAM_Preprocessing_Fill=10;CPXPARAM_Preprocessing_NumPass=-1;CPXPARAM_Preprocessing_Presolve=1;CPXPARAM_Preprocessing_QPMakePSD=1;CPXPARAM_Preprocessing_Reduce=3;CPXPARAM_Preprocessing_Relax=-1;CPXPARAM_Preprocessing_RepeatPresolve=-1;CPXPARAM_Preprocessing_Symmetry=-1;CPXPARAM_Read_Scale=0;CPXPARAM_Sifting_Algorithm=0;CPXPARAM_Simplex_Crash=1;CPXPARAM_Simplex_DGradient=0;CPXPARAM_Simplex_Limits_Perturbation=0;CPXPARAM_Simplex_Limits_Singularity=10;CPXPARAM_Simplex_PGradient=0;CPXPARAM_Simplex_Pricing=0;CPXPARAM_Simplex_Refactor=0
14981743521976801032,0,CPXPARAM_Advance=1;CPXPARAM_Barrier_Algorithm=0;CPXPARAM_Barrier_ColNonzeros=0;CPXPARAM_Barrier_Crossover=0;CPXPARAM_Barrier_Limits_Corrections=-1;CPXPARAM_Barrier_Ordering=0;CPXPARAM_Barrier_StartAlg=1;CPXPARAM_Emphasis_MIP=4;CPXPARAM_Emphasis_Memory=0;CPXPARAM_Emphasis_Numerical=0;CPXPARAM_Feasopt_Mode=0;CPXPARAM_LPMethod=0;CPXPARAM_MIP_Cuts_Cliques=-1;CPXPARAM_MIP_Cuts_Covers=0;CPXPARAM_MIP_Cuts_Disjunctive=-1;CPXPARAM_MIP_Cuts_FlowCovers=1;CPXPARAM_MIP_Cuts_GUBCovers=0;CPXPARAM_MIP_Cuts_Gomory=0;CPXPARAM_MIP_Cuts_Implied=0;CPXPARAM_MIP_Cuts_MIRCut=2;CPXPARAM_MIP_Cuts_PathCut=-1;CPXPARAM_MIP_Limits_AggForCut=3;CPXPARAM_MIP_Limits_CutPasses=0;CPXPARAM_MIP_Limits_CutsFactor=-1;CPXPARAM_MIP_Limits_GomoryCand=150;CPXPARAM_MIP_Limits_GomoryPass=0;CPXPARAM_MIP_Limits_Nodes=9223372036800000000;CPXPARAM_MIP_Limits_ProbeTime=1e+75;CPXPARAM_MIP_Limits_RepairTries=0;CPXPARAM_MIP_Limits_StrongCand=10;CPXPARAM_MIP_Limits_StrongIt=0;CPXPARAM_MIP_OrderType=0;CPXPARAM_MIP_Strategy_BBInterval=7;CPXPARAM_MIP_Strategy_Branch=0;CPXPARAM_MIP_Strategy_Dive=0;CPXPARAM_MIP_Strategy_File=1;CPXPARAM_MIP_Strategy_HeuristicFreq=0;CPXPARAM_MIP_Strategy_LBHeur=0;CPXPARAM_MIP_Strategy_NodeSelect=1;CPXPARAM_MIP_Strategy_Order=1;CPXPARAM_MIP_Strategy_PresolveNode=0;CPXPARAM_MIP_Strategy_Probe=-1;CPXPARAM_MIP_Strategy_RINSHeur=0;CPXPARAM_MIP_Strategy_StartAlgorithm=0;CPXPARAM_MIP_Strategy_SubAlgorithm=0;CPXPARAM_MIP_Strategy_VariableSelect=4;CPXPARAM_Network_NetFind=2;CPXPARAM_Network_Pricing=0;CPXPARAM_Parallel=1;CPXPARAM_Preprocessing_Aggregator=-1;CPXPARAM_Preprocessing_BoundStrength=-1;CPXPARAM_Preprocessing_CoeffReduce=-1;CPXPARAM_Preprocessing_Dependency=-1;CPXPARAM_Preprocessing_Dual=0;CPXPARAM_Preprocessing_Fill=10;CPXPARAM_Preprocessing_NumPass=-1;CPXPARAM_Preprocessing_Presolve=1;CPXPARAM_Preprocessing_QPMakePSD=1;CPXPARAM_Preprocessing_Reduce=3;CPXPARAM_Preprocessing_Relax=-1;CPXPARAM_Preprocessing_RepeatPresolve=-1;CPXPARAM_Preprocessing_Symmetry=-1;CPXPARAM_Read_Scale=0;CPXPARAM_Sifting_Algorithm=0;CPXPARAM_Simplex_Crash=1;CPXPARAM_Simplex_DGradient=0;CPXPARAM_Simplex_Limits_Perturbation=0;CPXPARAM_Simplex_Limits_Singularity=10;CPXPARAM_Simplex_PGradient=0;CPXPARAM_Simplex_Pricing=0;CPXPARAM_Simplex_Refactor=0
15082753104253662083,0,CPXPARAM_Advance=1;CPXPARAM_Barrier_Algorithm=0;CPXPARAM_Barrier_ColNonzeros=0;CPXPARAM_Barrier_Crossover=0;CPXPARAM_Barrier_Limits_Corrections=-1;CPXPARAM_Barrier_Ordering=0;CPXPARAM_Barrier_StartAlg=1;CPXPARAM_Emphasis_MIP=4;CPXPARAM_Emphasis_Memory=0;CPXPARAM_Emphasis_Numerical=0;CPXPARAM_Feasopt_Mode=0;CPXPARAM_LPMethod=0;CPXPARAM_MIP_Cuts_Cliques=-1;CPXPARAM_MIP_Cuts_Covers=0;CPXPARAM_MIP_Cuts_Disjunctive=-1;CPXPARAM_MIP_Cuts_FlowCovers=1;CPXPARAM_MIP_Cuts_GUBCovers=0;CPXPARAM_MIP_Cuts_Gomory=0;CPXPARAM_MIP_Cuts_Implied=0;CPXPARAM_MIP_Cuts_MIRCut=2;CPXPARAM_MIP_Cuts_PathCut=-1;CPXPARAM_MIP_Limits_AggForCut=3;CPXPARAM_MIP_Limits_CutPasses=0;CPXPARAM_MIP_Limits_CutsFactor=-1;CPXPARAM_MIP_Limits_GomoryCand=150;CPXPARAM_MIP_Limits_GomoryPass=0;CPXPARAM_MIP_Limits_Nodes=9223372036800000000;CPXPARAM_MIP_Limits_ProbeTime=1e+75;CPXPARAM_MIP_Limits_RepairTries=0;CPXPARAM_MIP_Limits_StrongCand=10;CPXPARAM_MIP_Limits_StrongIt=0;CPXPARAM_MIP_OrderType=0;CPXPARAM_MIP_Strategy_BBInterval=4;CPXPARAM_MIP_Strategy_Branch=0;CPXPARAM_MIP_Strategy_Dive=0;CPXPARAM_MIP_Strategy_File=1;CPXPARAM_MIP_Strategy_HeuristicFreq=0;CPXPARAM_MIP_Strategy_LBHeur=0;CPXPARAM_MIP_Strategy_NodeSelect=1;CPXPARAM_MIP_Strategy_Order=1;CPXPARAM_MIP_Strategy_PresolveNode=0;CPXPARAM_MIP_Strategy_Probe=-1;CPXPARAM_MIP_Strategy_RINSHeur=0;CPXPARAM_MIP_Strategy_StartAlgorithm=0;CPXPARAM_MIP_Strategy_SubAlgorithm=0;CPXPARAM_MIP_Strategy_VariableSelect=0;CPXPARAM_Network_NetFind=2;CPXPARAM_Network_Pricing=0;CPXPARAM_Parallel=1;CPXPARAM_Preprocessing_Aggregator=-1;CPXPARAM_Preprocessing_BoundStrength=-1;CPXPARAM_Preprocessing_CoeffReduce=-1;CPXPARAM_Preprocessing_Dependency=-1;CPXPARAM_Preprocessing_Dual=0;CPXPARAM_Preprocessing_Fill=10;CPXPARAM_Preprocessing_NumPass=-1;CPXPARAM_Preprocessing_Presolve=1;CPXPARAM_Preprocessing_QPMakePSD=1;CPXPARAM_Preprocessing_Reduce=3;CPXPARAM_Preprocessing_Relax=-1;CPXPARAM_Preprocessing_RepeatPresolve=-1;CPXPARAM_Preprocessing_Symmetry=-1;CPXPARAM_Read_Scale=0;CPXPARAM_Sifting_Algorithm=0;CPXPARAM_Simplex_Crash=1;CPXPARAM_Simplex_DGradient=0;CPXPARAM_Simplex_Limits_Perturbation=0;CPXPARAM_Simplex_Limits_Singularity=10;CPXPARAM_Simplex_PGradient=0;CPXPARAM_Simplex_Pricing=0;CPXPARAM_Simplex_Refactor=0
10778207471742867445,0,CPXPARAM_Advance=1;CPXPARAM_Barrier_Algorithm=0;CPXPARAM_Barrier_ColNonzeros=0;CPXPARAM_Barrier_Crossover=0;CPXPARAM_Barrier_Limits_Corrections=-1;CPXPARAM_Barrier_Ordering=0;CPXPARAM_Barrier_StartAlg=1;CPXPARAM_Emphasis_MIP=4;CPXPARAM_Emphasis_Memory=0;CPXPARAM_Emphasis_Numerical=0;CPXPARAM_Feasopt_Mode=0;CPXPARAM_LPMethod=0;CPXPARAM_MIP_Cuts_Cliques=-1;CPXPARAM_MIP_Cuts_Covers=0;CPXPARAM_MIP_Cuts_Disjunctive=-1;CPXPARAM_MIP_Cuts_FlowCovers=1;CPXPARAM_MIP_Cuts_GUBCovers=0;CPXPARAM_MIP_Cuts_Gomory=0;CPXPARAM_MIP_Cuts_Implied=0;CPXPARAM_MIP_Cuts_MIRCut=-1;CPXPARAM_MIP_Cuts_PathCut=-1;CPXPARAM_MIP_Limits_AggForCut=3;CPXPARAM_MIP_Limits_CutPasses=0;CPXPARAM_MIP_Limits_CutsFactor=-1;CPXPARAM_MIP_Limits_GomoryCand=150;CPXPARAM_MIP_Limits_GomoryPass=0;CPXPARAM_MIP_Limits_Nodes=9223372036800000000;CPXPARAM_MIP_Limits_ProbeTime=1e+75;CPXPARAM_MIP_Limits_RepairTries=0;CPXPARAM_MIP_Limits_StrongCand=10;CPXPARAM_MIP_Limits_StrongIt=0;CPXPARAM_MIP_OrderType=0;CPXPARAM_MIP_Strategy_BBInterval=7;CPXPARAM_MIP_Strategy_Branch=0;CPXPARAM_MIP_Strategy_Dive=0;CPXPARAM_MIP_Strategy_File=1;CPXPARAM_MIP_Strategy_HeuristicFreq=0;CPXPARAM_MIP_Strategy_LBHeur=0;CPXPARAM_MIP_Strategy_NodeSelect=1;CPXPARAM_MIP_Strategy_Order=1;CPXPARAM_MIP_Strategy_PresolveNode=0;CPXPARAM_MIP_Strategy_Probe=0;CPXPARAM_MIP_Strategy_RINSHeur=0;CPXPARAM_MIP_Strategy_StartAlgorithm=0;CPXPARAM_MIP_Strategy_SubAlgorithm=0;CPXPARAM_MIP_Strategy_VariableSelect=0;CPXPARAM_Network_NetFind=2;CPXPARAM_Network_Pricing=0;CPXPARAM_Parallel=1;CPXPARAM_Preprocessing_Aggregator=-1;CPXPARAM_Preprocessing_BoundStrength=-1;CPXPARAM_Preprocessing_CoeffReduce=-1;CPXPARAM_Preprocessing_Dependency=-1;CPXPARAM_Preprocessing_Dual=0;CPXPARAM_Preprocessing_Fill=10;CPXPARAM_Preprocessing_NumPass=-1;CPXPARAM_Preprocessing_Presolve=1;CPXPARAM_Preprocessing_QPMakePSD=1;CPXPARAM_Preprocessing_Reduce=3;CPXPARAM_Preprocessing_Relax=-1;CPXPARAM_Preprocessing_RepeatPresolve=-1;CPXPARAM_Preprocessing_Symmetry=-1;CPXPARAM_Read_Scale=0;CPXPARAM_Sifting_Algorithm=0;CPXPARAM_Simplex_Crash=1;CPXPARAM_Simplex_DGradient=0;CPXPARAM_Simplex_Limits_Perturbation=0;CPXPARAM_Simplex_Limits_Singularity=10;CPXPARAM_Simplex_PGradient=0;CPXPARAM_Simplex_Pricing=0;CPXPARAM_Simplex_Refactor=0
11430046504761780849,0,CPXPARAM_Advance=1;CPXPARAM_Barrier_Algorithm=0;CPXPARAM_Barrier_ColNonzeros=0;CPXPARAM_Barrier_Crossover=0;CPXPARAM_Barrier_Limits_Corrections=-1;CPXPARAM_Barrier_Ordering=0;CPXPARAM_Barrier_StartAlg=1;CPXPARAM_Emphasis_MIP=4;CPXPARAM_Emphasis_Memory=0;CPXPARAM_Emphasis_Numerical=0;CPXPARAM_Feasopt_Mode=0;CPXPARAM_LPMethod=0;CPXPARAM_MIP_Cuts_Cliques=-1;CPXPARAM_MIP_Cuts_Covers=0;CPXPARAM_MIP_Cuts_Disjunctive=-1;CPXPARAM_MIP_Cuts_FlowCovers=1;CPXPARAM_MIP_Cuts_GUBCovers=0;CPXPARAM_MIP_Cuts_Gomory=0;CPXPARAM_MIP_Cuts_Implied=0;CPXPARAM_MIP_Cuts_MIRCut=2;CPXPARAM_MIP_Cuts_PathCut=-1;CPXPARAM_MIP_Limits_AggForCut=5;CPXPARAM_MIP_Limits_CutPasses=0;CPXPARAM_MIP_Limits_CutsFactor=-1;CPXPARAM_MIP_Limits_GomoryCand=150;CPXPARAM_MIP_Limits_GomoryPass=0;CPXPARAM_MIP_Limits_Nodes=9223372036800000000;CPXPARAM_MIP_Limits_ProbeTime=1e+75;CPXPARAM_MIP_Limits_RepairTries=0;CPXPARAM_MIP_Limits_StrongCand=10;CPXPARAM_MIP_Limits_StrongIt=0;CPXPARAM_MIP_OrderType=0;CPXPARAM_MIP_Strategy_BBInterval=7;CPXPARAM_MIP_Strategy_Branch=0;CPXPARAM_MIP_Strategy_Dive=0;CPXPARAM_MIP_Strategy_File=1;CPXPARAM_MIP_Strategy_HeuristicFreq=0;CPXPARAM_MIP_Strategy_LBHeur=0;CPXPARAM_MIP_Strategy_NodeSelect=1;CPXPARAM_MIP_Strategy_Order=1;CPXPARAM_MIP_Strategy_PresolveNode=0;CPXPARAM_MIP_Strategy_Probe=-1;CPXPARAM_MIP_Strategy_RINSHeur=0;CPXPARAM_MIP_Strategy_StartAlgorithm=0;CPXPARAM_MIP_Strategy_SubAlgorithm=0;CPXPARAM_MIP_Strategy_VariableSelect=0;CPXPARAM_Network_NetFind=2;CPXPARAM_Network_Pricing=0;CPXPARAM_Parallel=1;CPXPARAM_Preprocessing_Aggregator=-1;CPXPARAM_Preprocessing_BoundStrength=-1;CPXPARAM_Preprocessing_CoeffReduce=-1;CPXPARAM_Preprocessing_Dependency=-1;CPXPARAM_Preprocessing_Dual=0;CPXPARAM_Preprocessing_Fill=10;CPXPARAM_Preprocessing_NumPass=-1;CPXPARAM_Preprocessing_Presolve=1;CPXPARAM_Preprocessing_QPMakePSD=1;CPXPARAM_Preprocessing_Reduce=3;CPXPARAM_Preprocessing_Relax=-1;CPXPARAM_Preprocessing_RepeatPresolve=-1;CPXPARAM_Preprocessing_Symmetry=-1;CPXPARAM_Read_Scale=0;CPXPARAM_Sifting_Algorithm=0;CPXPARAM_Simplex_Crash=1;CPXPARAM_Simplex_DGradient=0;CPXPARAM_Simplex_Limits_Perturbation=0;CPXPARAM_Simplex_Limits_Singularity=10;CPXPARAM_Simplex_PGradient=0;CPXPARAM_Simplex_Pricing=0;CPXPARAM_Simplex_Refactor=0
11622278690008620070,0,CPXPARAM_Advance=1;CPXPARAM_Barrier_Algorithm=0;CPXPARAM_Barrier_ColNonzeros=0;CPXPARAM_Barrier_Crossover=0;CPXPARAM_Barrier_Limits_Corrections=-1;CPXPARAM_Barrier_Ordering=0;CPXPARAM_Barrier_StartAlg=1;CPXPARAM_Emphasis_MIP=4;CPXPARAM_Emphasis_Memory=0;CPXPARAM_Emphasis_Numerical=0;CPXPARAM_Feasopt_Mode=0;CPXPARAM_LPMethod=0;CPXPARAM_MIP_Cuts_Cliques=-1;CPXPARAM_MIP_Cuts_Covers=0;CPXPARAM_MIP_Cuts_Disjunctive=-1;CPXPARAM_MIP_Cuts_FlowCovers=1;CPXPARAM_MIP_Cuts_GUBCovers=0;CPXPARAM_MIP_Cuts_Gomory=0;CPXPARAM_MIP_Cuts_Implied=0;CPXPARAM_MIP_Cuts_MIRCut=2;CPXPARAM_MIP_Cuts_PathCut=-1;CPXPARAM_MIP_Limits_AggForCut=3;CPXPARAM_MIP_Limits_CutPasses=0;CPXPARAM_MIP_Limits_CutsFactor=-1;CPXPARAM_MIP_Limits_GomoryCand=150;CPXPARAM_MIP_Limits_GomoryPass=0;CPXPARAM_MIP_Limits_Nodes=9223372036800000000;CPXPARAM_MIP_Limits_ProbeTime=1e+75;CPXPARAM_MIP_Limits_RepairTries=0;CPXPARAM_MIP_Limits_StrongCand=10;CPXPARAM_MIP_Limits_StrongIt=0;CPXPARAM_MIP_OrderType=0;CPXPARAM_MIP_Strategy_BBInterval=7;CPXPARAM_MIP_Strategy_Branch=0;CPXPARAM_MIP_Strategy_Dive=0;CPXPARAM_MIP_Strategy_File=1;CPXPARAM_MIP_Strategy_HeuristicFreq=0;CPXPARAM_MIP_Strategy_LBHeur=0;CPXPARAM_MIP_Strategy_NodeSelect=1;CPXPARAM_MIP_Strategy_Order=1;CPXPARAM_MIP_Strategy_PresolveNode=0;CPXPARAM_MIP_Strategy_Probe=-1;CPXPARAM_MIP_Strategy_RINSHeur=0;CPXPARAM_MIP_Strategy_StartAlgorithm=0;CPXPARAM_MIP_Strategy_SubAlgorithm=0;CPXPARAM_MIP_Strategy_VariableSelect=0;CPXPARAM_Network_NetFind=2;CPXPARAM_Network_Pricing=0;CPXPARAM_Parallel=1;CPXPARAM_Preprocessing_Aggregator=-1;CPXPARAM_Preprocessing_BoundStrength=-1;CPXPARAM_Preprocessing_CoeffReduce=-1;CPXPARAM_Preprocessing_Dependency=-1;CPXPARAM_Preprocessing_Dual=0;CPXPARAM_Preprocessing_Fill=10;CPXPARAM_Preprocessing_NumPass=-1;CPXPARAM_Preprocessing_Presolve=1;CPXPARAM_Preprocessing_QPMakePSD=1;CPXPARAM_Preprocessing_Reduce=3;CPXPARAM_Preprocessing_Relax=-1;CPXPARAM_Preprocessing_RepeatPresolve=-1;CPXPARAM_Preprocessing_Symmetry=3;CPXPARAM_Read_Scale=0;CPXPARAM_Sifting_Algorithm=0;CPXPARAM_Simplex_Crash=1;CPXPARAM_Simplex_DGradient=0;CPXPARAM_Simplex_Limits_Perturbation=0;CPXPARAM_Simplex_Limits_Singularity=10;CPXPARAM_Simplex_PGradient=0;CPXPARAM_Simplex_Pricing=0;CPXPARAM_Simplex_Refactor=0
3670999472451183200,0,CPXPARAM_Advance=1;CPXPARAM_Barrier_Algorithm=0;CPXPARAM_Barrier_ColNonzeros=0;CPXPARAM_Barrier_Crossover=0;CPXPARAM_Barrier_Limits_Corrections=-1;CPXPARAM_Barrier_Ordering=0;CPXPARAM_Barrier_StartAlg=1;CPXPARAM_Emphasis_MIP=4;CPXPARAM_Emphasis_Memory=0;CPXPARAM_Emphasis_Numerical=0;CPXPARAM_Feasopt_Mode=0;CPXPARAM_LPMethod=0;CPXPARAM_MIP_Cuts_Cliques=-1;CPXPARAM_MIP_Cuts_Covers=0;CPXPARAM_MIP_Cuts_Disjunctive=-1;CPXPARAM_MIP_Cuts_FlowCovers=1;CPXPARAM_MIP_Cuts_GUBCovers=0;CPXPARAM_MIP_Cuts_Gomory=0;CPXPARAM_MIP_Cuts_Implied=0;CPXPARAM_MIP_Cuts_MIRCut=2;CPXPARAM_MIP_Cuts_PathCut=-1;CPXPARAM_MIP_Limits_AggForCut=3;CPXPARAM_MIP_Limits_CutPasses=0;CPXPARAM_MIP_Limits_CutsFactor=-1;CPXPARAM_MIP_Limits_GomoryCand=150;CPXPARAM_MIP_Limits_GomoryPass=0;CPXPARAM_MIP_Limits_Nodes=9223372036800000000;CPXPARAM_MIP_Limits_ProbeTime=1e+75;CPXPARAM_MIP_Limits_RepairTries=0;CPXPARAM_MIP_Limits_StrongCand=10;CPXPARAM_MIP_Limits_StrongIt=0;CPXPARAM_MIP_OrderType=0;CPXPARAM_MIP_Strategy_BBInterval=7;CPXPARAM_MIP_Strategy_Branch=0;CPXPARAM_MIP_Strategy_Dive=0;CPXPARAM_MIP_Strategy_File=1;CPXPARAM_MIP_Strategy_HeuristicFreq=0;CPXPARAM_MIP_Strategy_LBHeur=0;CPXPARAM_MIP_Strategy_NodeSelect=1;CPXPARAM_MIP_Strategy_Order=1;CPXPARAM_MIP_Strategy_PresolveNode=0;CPXPARAM_MIP_Strategy_Probe=2;CPXPARAM_MIP_Strategy_RINSHeur=0;CPXPARAM_MIP_Strategy_StartAlgorithm=0;CPXPARAM_MIP_Strategy_SubAlgorithm=0;CPXPARAM_MIP_Strategy_VariableSelect=0;CPXPARAM_Network_NetFind=2;CPXPARAM_Network_Pricing=0;CPXPARAM_Parallel=1;CPXPARAM_Preprocessing_Aggregator=-1;CPXPARAM_Preprocessing_BoundStrength=-1;CPXPARAM_Preprocessing_CoeffReduce=-1;CPXPARAM_Preprocessing_Dependency=-1;CPXPARAM_Preprocessing_Dual=0;CPXPARAM_Preprocessing_Fill=10;CPXPARAM_Preprocessing_NumPass=-1;CPXPARAM_Preprocessing_Presolve=1;CPXPARAM_Preprocessing_QPMakePSD=1;CPXPARAM_Preprocessing_Reduce=3;CPXPARAM_Preprocessing_Relax=-1;CPXPARAM_Preprocessing_RepeatPresolve=-1;CPXPARAM_Preprocessing_Symmetry=-1;CPXPARAM_Read_Scale=0;CPXPARAM_Sifting_Algorithm=0;CPXPARAM_Simplex_Crash=1;CPXPARAM_Simplex_DGradient=0;CPXPARAM_Simplex_Limits_Perturbation=0;CPXPARAM_Simplex_Limits_Singularity=10;CPXPARAM_Simplex_PGradient=0;CPXPARAM_Simplex_Pricing=0;CPXPARAM_Simplex_Refactor=0
7158399326505879216,0,CPXPARAM_Advance=1;CPXPARAM_Barrier_Algorithm=0;CPXPARAM_Barrier_ColNonzeros=0;CPXPARAM_Barrier_Crossover=0;CPXPARAM_Barrier_Limits_Corrections=-1;CPXPARAM_Barrier_Ordering=0;CPXPARAM_Barrier_StartAlg=1;CPXPARAM_Emphasis_MIP=1;CPXPARAM_Emphasis_Memory=0;CPXPARAM_Emphasis_Numerical=0;CPXPARAM_Feasopt_Mode=0;CPXPARAM_LPMethod=0;CPXPARAM_MIP_Cuts_Cliques=1;CPXPARAM_MIP_Cuts_Covers=0;CPXPARAM_MIP_Cuts_Disjunctive=-1;CPXPARAM_MIP_Cuts_FlowCovers=-1;CPXPARAM_MIP_Cuts_GUBCovers=0;CPXPARAM_MIP_Cuts_Gomory=-1;CPXPARAM_MIP_Cuts_Implied=2;CPXPARAM_MIP_Cuts_MIRCut=2;CPXPARAM_MIP_Cuts_PathCut=-1;CPXPARAM_MIP_Limits_AggForCut=3;CPXPARAM_MIP_Limits_CutPasses=0;CPXPARAM_MIP_Limits_CutsFactor=-1;CPXPARAM_MIP_Limits_GomoryCand=200;CPXPARAM_MIP_Limits_GomoryPass=0;CPXPARAM_MIP_Limits_Nodes=9223372036800000000;CPXPARAM_MIP_Limits_ProbeTime=1e+75;CPXPARAM_MIP_Limits_RepairTries=0;CPXPARAM_MIP_Limits_StrongCand=10;CPXPARAM_MIP_Limits_StrongIt=0;CPXPARAM_MIP_OrderType=0;CPXPARAM_MIP_Strategy_BBInterval=7;CPXPARAM_MIP_Strategy_Branch=0;CPXPARAM_MIP_Strategy_Dive=0;CPXPARAM_MIP_Strategy_File=1;CPXPARAM_MIP_Strategy_HeuristicFreq=0;CPXPARAM_MIP_Strategy_LBHeur=0;CPXPARAM_MIP_Strategy_NodeSelect=1;CPXPARAM_MIP_Strategy_Order=1;CPXPARAM_MIP_Strategy_PresolveNode=0;CPXPARAM_MIP_Strategy_Probe=0;CPXPARAM_MIP_Strategy_RINSHeur=0;CPXPARAM_MIP_Strategy_StartAlgorithm=0;CPXPARAM_MIP_Strategy_SubAlgorithm=0;CPXPARAM_MIP_Strategy_VariableSelect=0;CPXPARAM_Network_NetFind=2;CPXPARAM_Network_Pricing=0;CPXPARAM_Parallel=1;CPXPARAM_Preprocessing_Aggregator=-1;CPXPARAM_Preprocessing_BoundStrength=-1;CPXPARAM_Preprocessing_CoeffReduce=-1;CPXPARAM_Preprocessing_Dependency=-1;CPXPARAM_Preprocessing_Dual=0;CPXPARAM_Preprocessing_Fill=10;CPXPARAM_Preprocessing_NumPass=-1;CPXPARAM_Preprocessing_Presolve=1;CPXPARAM_Preprocessing_QPMakePSD=1;CPXPARAM_Preprocessing_Reduce=3;CPXPARAM_Preprocessing_Relax=-1;CPXPARAM_Preprocessing_RepeatPresolve=-1;CPXPARAM_Preprocessing_Symmetry=-1;CPXPARAM_Read_Scale=0;CPXPARAM_Sifting_Algorithm=0;CPXPARAM_Simplex_Crash=1;CPXPARAM_Simplex_DGradient=0;CPXPARAM_Simplex_Limits_Perturbation=0;CPXPARAM_Simplex_Limits_Singularity=10;CPXPARAM_Simplex_PGradient=0;CPXPARAM_Simplex_Pricing=0;CPXPARAM_Simplex_Refactor=0
9776396929861403205,0,CPXPARAM_Advance=1;CPXPARAM_Barrier_Algorithm=0;CPXPARAM_Barrier_ColNonzeros=0;CPXPARAM_Barrier_Crossover=0;CPXPARAM_Barrier_Limits_Corrections=-1;CPXPARAM_Barrier_Ordering=0;CPXPARAM_Barrier_StartAlg=1;CPXPARAM_Emphasis_MIP=4;CPXPARAM_Emphasis_Memory=0;CPXPARAM_Emphasis_Numerical=0;CPXPARAM_Feasopt_Mode=0;CPXPARAM_LPMethod=0;CPXPARAM_MIP_Cuts_Cliques=-1;CPXPARAM_MIP_Cuts_Covers=0;CPXPARAM_MIP_Cuts_Disjunctive=-1;CPXPARAM_MIP_Cuts_FlowCovers=1;CPXPARAM_MIP_Cuts_GUBCovers=0;CPXPARAM_MIP_Cuts_Gomory=0;CPXPARAM_MIP_Cuts_Implied=0;CPXPARAM_MIP_Cuts_MIRCut=2;CPXPARAM_MIP_Cuts_PathCut=-1;CPXPARAM_MIP_Limits_AggForCut=3;CPXPARAM_MIP_Limits_CutPasses=0;CPXPARAM_MIP_Limits_CutsFactor=-1;CPXPARAM_MIP_Limits_GomoryCand=150;CPXPARAM_MIP_Limits_GomoryPass=0;CPXPARAM_MIP_Limits_Nodes=9223372036800000000;CPXPARAM_MIP_Limits_ProbeTime=1e+75;CPXPARAM_MIP_Limits_RepairTries=0;CPXPARAM_MIP_Limits_StrongCand=10;CPXPARAM_MIP_Limits_StrongIt=0;CPXPARAM_MIP_OrderType=0;CPXPARAM_MIP_Strategy_BBInterval=7;CPXPARAM_MIP_Strategy_Branch=0;CPXPARAM_MIP_Strategy_Dive=0;CPXPARAM_MIP_Strategy_File=1;CPXPARAM_MIP_Strategy_HeuristicFreq=0;CPXPARAM_MIP_Strategy_LBHeur=0;CPXPARAM_MIP_Strategy_NodeSelect=1;CPXPARAM_MIP_Strategy_Order=1;CPXPARAM_MIP_Strategy_PresolveNode=0;CPXPARAM_MIP_Strategy_Probe=-1;CPXPARAM_MIP_Strategy_RINSHeur=0;CPXPARAM_MIP_Strategy_StartAlgorithm=0;CPXPARAM_MIP_Strategy_SubAlgorithm=0;CPXPARAM_MIP_Strategy_VariableSelect=0;CPXPARAM_Network_NetFind=2;CPXPARAM_Network_Pricing=0;CPXPARAM_Parallel=1;CPXPARAM_Preprocessing_Aggregator=-1;CPXPARAM_Preprocessing_BoundStrength=-1;CPXPARAM_Preprocessing_CoeffReduce=-1;CPXPARAM_Preprocessing_Dependency=3;CPXPARAM_Preprocessing_Dual=0;CPXPARAM_Preprocessing_Fill=10;CPXPARAM_Preprocessing_NumPass=-1;CPXPARAM_Preprocessing_Presolve=1;CPXPARAM_Preprocessing_QPMakePSD=1;CPXPARAM_Preprocessing_Reduce=3;CPXPARAM_Preprocessing_Relax=-1;CPXPARAM_Preprocessing_RepeatPresolve=-1;CPXPARAM_Preprocessing_Symmetry=-1;CPXPARAM_Read_Scale=0;CPXPARAM_Sifting_Algorithm=0;CPXPARAM_Simplex_Crash=0;CPXPARAM_Simplex_DGradient=0;CPXPARAM_Simplex_Limits_Perturbation=0;CPXPARAM_Simplex_Limits_Singularity=10;CPXPARAM_Simplex_PGradient=0;CPXPARAM_Simplex_Pricing=0;CPXPARAM_Simplex_Refactor=0
5910099733033797370,0,CPXPARAM_Advance=1;CPXPARAM_Barrier_Algorithm=0;CPXPARAM_Barrier_ColNonzeros=0;CPXPARAM_Barrier_Crossover=0;CPXPARAM_Barrier_Limits_Corrections=-1;CPXPARAM_Barrier_Ordering=0;CPXPARAM_Barrier_StartAlg=1;CPXPARAM_Emphasis_MIP=0;CPXPARAM_Emphasis_Memory=0;CPXPARAM_Emphasis_Numerical=0;CPXPARAM_Feasopt_Mode=0;CPXPARAM_LPMethod=0;CPXPARAM_MIP_Cuts_Cliques=-1;CPXPARAM_MIP_Cuts_Covers=0;CPXPARAM_MIP_Cuts_Disjunctive=-1;CPXPARAM_MIP_Cuts_FlowCovers=1;CPXPARAM_MIP_Cuts_GUBCovers=0;CPXPARAM_MIP_Cuts_Gomory=0;CPXPARAM_MIP_Cuts_Implied=0;CPXPARAM_MIP_Cuts_MIRCut=2;CPXPARAM_MIP_Cuts_PathCut=-1;CPXPARAM_MIP_Limits_AggForCut=3;CPXPARAM_MIP_Limits_CutPasses=0;CPXPARAM_MIP_Limits_CutsFactor=-1;CPXPARAM_MIP_Limits_GomoryCand=150;CPXPARAM_MIP_Limits_GomoryPass=0;CPXPARAM_MIP_Limits_Nodes=9223372036800000000;CPXPARAM_MIP_Limits_ProbeTime=1e+75;CPXPARAM_MIP_Limits_RepairTries=0;CPXPARAM_MIP_Limits_StrongCand=10;CPXPARAM_MIP_Limits_StrongIt=0;CPXPARAM_MIP_OrderType=0;CPXPARAM_MIP_Strategy_BBInterval=7;CPXPARAM_MIP_Strategy_Branch=0;CPXPARAM_MIP_Strategy_Dive=0;CPXPARAM_MIP_Strategy_File=1;CPXPARAM_MIP_Strategy_HeuristicFreq=0;CPXPARAM_MIP_Strategy_LBHeur=0;CPXPARAM_MIP_Strategy_NodeSelect=1;CPXPARAM_MIP_Strategy_Order=1;CPXPARAM_MIP_Strategy_PresolveNode=0;CPXPARAM_MIP_Strategy_Probe=0;CPXPARAM_MIP_Strategy_RINSHeur=0;CPXPARAM_MIP_Strategy_StartAlgorithm=0;CPXPARAM_MIP_Strategy_SubAlgorithm=0;CPXPARAM_MIP_Strategy_VariableSelect=0;CPXPARAM_Network_NetFind=2;CPXPARAM_Network_Pricing=0;CPXPARAM_Parallel=1;CPXPARAM_Preprocessing_Aggregator=-1;CPXPARAM_Preprocessing_BoundStrength=-1;CPXPARAM_Preprocessing_CoeffReduce=-1;CPXPARAM_Preprocessing_Dependency=-1;CPXPARAM_Preprocessing_Dual=0;CPXPARAM_Preprocessing_Fill=10;CPXPARAM_Preprocessing_NumPass=-1;CPXPARAM_Preprocessing_Presolve=1;CPXPARAM_Preprocessing_QPMakePSD=1;CPXPARAM_Preprocessing_Reduce=3;CPXPARAM_Preprocessing_Relax=-1;CPXPARAM_Preprocessing_RepeatPresolve=-1;CPXPARAM_Preprocessing_Symmetry=-1;CPXPARAM_Read_Scale=0;CPXPARAM_Sifting_Algorithm=0;CPXPARAM_Simplex_Crash=1;CPXPARAM_Simplex_DGradient=0;CPXPARAM_Simplex_Limits_Perturbation=0;CPXPARAM_Simplex_Limits_Singularity=10;CPXPARAM_Simplex_PGradient=0;CPXPARAM_Simplex_Pricing=0;CPXPARAM_Simplex_Refactor=0
14034160033045380915,0,CPXPARAM_Advance=1;CPXPARAM_Barrier_Algorithm=0;CPXPARAM_Barrier_ColNonzeros=0;CPXPARAM_Barrier_Crossover=0;CPXPARAM_Barrier_Limits_Corrections=-1;CPXPARAM_Barrier_Ordering=0;CPXPARAM_Barrier_StartAlg=1;CPXPARAM_Emphasis_MIP=4;CPXPARAM_Emphasis_Memory=0;CPXPARAM_Emphasis_Numerical=0;CPXPARAM_Feasopt_Mode=0;CPXPARAM_LPMethod=0;CPXPARAM_MIP_Cuts_Cliques=-1;CPXPARAM_MIP_Cuts_Covers=0;CPXPARAM_MIP_Cuts_Disjunctive=-1;CPXPARAM_MIP_Cuts_FlowCovers=1;CPXPARAM_MIP_Cuts_GUBCovers=0;CPXPARAM_MIP_Cuts_Gomory=0;CPXPARAM_MIP_Cuts_Implied=0;CPXPARAM_MIP_Cuts_MIRCut=2;CPXPARAM_MIP_Cuts_PathCut=-1;CPXPARAM_MIP_Limits_AggForCut=3;CPXPARAM_MIP_Limits_CutPasses=0;CPXPARAM_MIP_Limits_CutsFactor=-1;CPXPARAM_MIP_Limits_GomoryCand=150;CPXPARAM_MIP_Limits_GomoryPass=0;CPXPARAM_MIP_Limits_Nodes=9223372036800000000;CPXPARAM_MIP_Limits_ProbeTime=1e+75;CPXPARAM_MIP_Limits_RepairTries=0;CPXPARAM_MIP_Limits_StrongCand=10;CPXPARAM_MIP_Limits_StrongIt=0;CPXPARAM_MIP_OrderType=0;CPXPARAM_MIP_Strategy_BBInterval=7;CPXPARAM_MIP_Strategy_Branch=0;CPXPARAM_MIP_Strategy_Dive=0;CPXPARAM_MIP_Strategy_File=1;CPXPARAM_MIP_Strategy_HeuristicFreq=0;CPXPARAM_MIP_Strategy_LBHeur=0;CPXPARAM_MIP_Strategy_NodeSelect=1;CPXPARAM_MIP_Strategy_Order=1;CPXPARAM_MIP_Strategy_PresolveNode=0;CPXPARAM_MIP_Strategy_Probe=-1;CPXPARAM_MIP_Strategy_RINSHeur=-1;CPXPARAM_MIP_Strategy_StartAlgorithm=0;CPXPARAM_MIP_Strategy_SubAlgorithm=0;CPXPARAM_MIP_Strategy_VariableSelect=0;CPXPARAM_Network_NetFind=2;CPXPARAM_Network_Pricing=0;CPXPARAM_Parallel=1;CPXPARAM_Preprocessing_Aggregator=-1;CPXPARAM_Preprocessing_BoundStrength=-1;CPXPARAM_Preprocessing_CoeffReduce=-1;CPXPARAM_Preprocessing_Dependency=-1;CPXPARAM_Preprocessing_Dual=0;CPXPARAM_Preprocessing_Fill=10;CPXPARAM_Preprocessing_NumPass=-1;CPXPARAM_Preprocessing_Presolve=1;CPXPARAM_Preprocessing_QPMakePSD=1;CPXPARAM_Preprocessing_Reduce=3;CPXPARAM_Preprocessing_Relax=-1;CPXPARAM_Preprocessing_RepeatPresolve=-1;CPXPARAM_Preprocessing_Symmetry=-1;CPXPARAM_Read_Scale=0;CPXPARAM_Sifting_Algorithm=0;CPXPARAM_Simplex_Crash=1;CPXPARAM_Simplex_DGradient=0;CPXPARAM_Simplex_Limits_Perturbation=0;CPXPARAM_Simplex_Limits_Singularity=10;CPXPARAM_Simplex_PGradient=0;CPXPARAM_Simplex_Pricing=0;CPXPARAM_Simplex_Refactor=0
2574667106653595942,0,CPXPARAM_Advance=1;CPXPARAM_Barrier_Algorithm=0;CPXPARAM_Barrier_ColNonzeros=0;CPXPARAM_Barrier_Crossover=0;CPXPARAM_Barrier_Limits_Corrections=-1;CPXPARAM_Barrier_Ordering=0;CPXPARAM_Barrier_StartAlg=1;CPXPARAM_Emphasis_MIP=4;CPXPARAM_Emphasis_Memory=0;CPXPARAM_Emphasis_Numerical=0;CPXPARAM_Feasopt_Mode=0;CPXPARAM_LPMethod=0;CPXPARAM_MIP_Cuts_Cliques=-1;CPXPARAM_MIP_Cuts_Covers=0;CPXPARAM_MIP_Cuts_Disjunctive=1;CPXPARAM_MIP_Cuts_FlowCovers=1;CPXPARAM_MIP_Cuts_GUBCovers=0;CPXPARAM_MIP_Cuts_Gomory=0;CPXPARAM_MIP_Cuts_Implied=0;CPXPARAM_MIP_Cuts_MIRCut=2;CPXPARAM_MIP_Cuts_PathCut=-1;CPXPARAM_MIP_Limits_AggForCut=3;CPXPARAM_MIP_Limits_CutPasses=0;CPXPARAM_MIP_Limits_CutsFactor=-1;CPXPARAM_MIP_Limits_GomoryCand=150;CPXPARAM_MIP_Limits_GomoryPass=0;CPXPARAM_MIP_Limits_Nodes=9223372036800000000;CPXPARAM_MIP_Limits_ProbeTime=1e+75;CPXPARAM_MIP_Limits_RepairTries=0;CPXPARAM_MIP_Limits_StrongCand=10;CPXPARAM_MIP_Limits_StrongIt=0;CPXPARAM_MIP_OrderType=0;CPXPARAM_MIP_Strategy_BBInterval=7;CPXPARAM_MIP_Strategy_Branch=0;CPXPARAM_MIP_Strategy_Dive=0;CPXPARAM_MIP_Strategy_File=1;CPXPARAM_MIP_Strategy_HeuristicFreq=0;CPXPARAM_MIP_Strategy_LBHeur=0;CPXPARAM_MIP_Strategy_NodeSelect=1;CPXPARAM_MIP_Strategy_Order=1;CPXPARAM_MIP_Strategy_PresolveNode=0;CPXPARAM_MIP_Strategy_Probe=0;CPXPARAM_MIP_Strategy_RINSHeur=0;CPXPARAM_MIP_Strategy_StartAlgorithm=0;CPXPARAM_MIP_Strategy_SubAlgorithm=0;CPXPARAM_MIP_Strategy_VariableSelect=0;CPXPARAM_Network_NetFind=2;CPXPARAM_Network_Pricing=0;CPXPARAM_Parallel=1;CPXPARAM_Preprocessing_Aggregator=-1;CPXPARAM_Preprocessing_BoundStrength=-1;CPXPARAM_Preprocessing_CoeffReduce=-1;CPXPARAM_Preprocessing_Dependency=-1;CPXPARAM_Preprocessing_Dual=0;CPXPARAM_Preprocessing_Fill=10;CPXPARAM_Preprocessing_NumPass=-1;CPXPARAM_Preprocessing_Presolve=1;CPXPARAM_Preprocessing_QPMakePSD=1;CPXPARAM_Preprocessing_Reduce=3;CPXPARAM_Preprocessing_Relax=-1;CPXPARAM_Preprocessing_RepeatPresolve=-1;CPXPARAM_Preprocessing_Symmetry=-1;CPXPARAM_Read_Scale=0;CPXPARAM_Sifting_Algorithm=0;CPXPARAM_Simplex_Crash=1;CPXPARAM_Simplex_DGradient=0;CPXPARAM_Simplex_Limits_Perturbation=0;CPXPARAM_Simplex_Limits_Singularity=10;CPXPARAM_Simplex_PGradient=0;CPXPARAM_Simplex_Pricing=0;CPXPARAM_Simplex_Refactor=0
12097873545319163417,0,CPXPARAM_Advance=1;CPXPARAM_Barrier_Algorithm=0;CPXPARAM_Barrier_ColNonzeros=0;CPXPARAM_Barrier_Crossover=0;CPXPARAM_Barrier_Limits_Corrections=-1;CPXPARAM_Barrier_Ordering=0;CPXPARAM_Barrier_StartAlg=1;CPXPARAM_Emphasis_MIP=4;CPXPARAM_Emphasis_Memory=0;CPXPARAM_Emphasis_Numerical=0;CPXPARAM_Feasopt_Mode=0;CPXPARAM_LPMethod=0;CPXPARAM_MIP_Cuts_Cliques=-1;CPXPARAM_MIP_Cuts_Covers=0;CPXPARAM_MIP_Cuts_Disjunctive=-1;CPXPARAM_MIP_Cuts_FlowCovers=1;CPXPARAM_MIP_Cuts_GUBCovers=0;CPXPARAM_MIP_Cuts_Gomory=0;CPXPARAM_MIP_Cuts_Implied=0;CPXPARAM_MIP_Cuts_MIRCut=2;CPXPARAM_MIP_Cuts_PathCut=-1;CPXPARAM_MIP_Limits_AggForCut=3;CPXPARAM_MIP_Limits_CutPasses=0;CPXPARAM_MIP_Limits_CutsFactor=-1;CPXPARAM_MIP_Limits_GomoryCand=150;CPXPARAM_MIP_Limits_GomoryPass=0;CPXPARAM_MIP_Limits_Nodes=9223372036800000000;CPXPARAM_MIP_Limits_ProbeTime=1e+75;CPXPARAM_MIP_Limits_RepairTries=0;CPXPARAM_MIP_Limits_StrongCand=10;CPXPARAM_MIP_Limits_StrongIt=0;CPXPARAM_MIP_OrderType=1;CPXPARAM_MIP_Strategy_BBInterval=7;CPXPARAM_MIP_Strategy_Branch=0;CPXPARAM_MIP_Strategy_Dive=0;CPXPARAM_MIP_Strategy_File=1;CPXPARAM_MIP_Strategy_HeuristicFreq=0;CPXPARAM_MIP_Strategy_LBHeur=0;CPXPARAM_MIP_Strategy_NodeSelect=1;CPXPARAM_MIP_Strategy_Order=1;CPXPARAM_MIP_Strategy_PresolveNode=0;CPXPARAM_MIP_Strategy_Probe=-1;CPXPARAM_MIP_Strategy_RINSHeur=0;CPXPARAM_MIP_Strategy_StartAlgorithm=0;CPXPARAM_MIP_Strategy_SubAlgorithm=0;CPXPARAM_MIP_Strategy_VariableSelect=0;CPXPARAM_Network_NetFind=2;CPXPARAM_Network_Pricing=0;CPXPARAM_Parallel=1;CPXPARAM_Preprocessing_Aggregator=-1;CPXPARAM_Preprocessing_BoundStrength=-1;CPXPARAM_Preprocessing_CoeffReduce=-1;CPXPARAM_Preprocessing_Dependency=3;CPXPARAM_Preprocessing_Dual=0;CPXPARAM_Preprocessing_Fill=10;CPXPARAM_Preprocessing_NumPass=-1;CPXPARAM_Preprocessing_Presolve=1;CPXPARAM_Preprocessing_QPMakePSD=1;CPXPARAM_Preprocessing_Reduce=3;CPXPARAM_Preprocessing_Relax=-1;CPXPARAM_Preprocessing_RepeatPresolve=-1;CPXPARAM_Preprocessing_Symmetry=-1;CPXPARAM_Read_Scale=0;CPXPARAM_Sifting_Algorithm=0;CPXPARAM_Simplex_Crash=1;CPXPARAM_Simplex_DGradient=0;CPXPARAM_Simplex_Limits_Perturbation=0;CPXPARAM_Simplex_Limits_Singularity=10;CPXPARAM_Simplex_PGradient=0;CPXPARAM_Simplex_Pricing=0;CPXPARAM_Simplex_Refactor=0
15461467010216526785,0,CPXPARAM_Advance=1;CPXPARAM_Barrier_Algorithm=0;CPXPARAM_Barrier_ColNonzeros=0;CPXPARAM_Barrier_Crossover=0;CPXPARAM_Barrier_Limits_Corrections=-1;CPXPARAM_Barrier_Ordering=0;CPXPARAM_Barrier_StartAlg=1;CPXPARAM_Emphasis_MIP=4;CPXPARAM_Emphasis_Memory=0;CPXPARAM_Emphasis_Numerical=0;CPXPARAM_Feasopt_Mode=0;CPXPARAM_LPMethod=0;CPXPARAM_MIP_Cuts_Cliques=3;CPXPARAM_MIP_Cuts_Covers=0;CPXPARAM_MIP_Cuts_Disjunctive=-1;CPXPARAM_MIP_Cuts_FlowCovers=1;CPXPARAM_MIP_Cuts_GUBCovers=0;CPXPARAM_MIP_Cuts_Gomory=0;CPXPARAM_MIP_Cuts_Implied=0;CPXPARAM_MIP_Cuts_MIRCut=2;CPXPARAM_MIP_Cuts_PathCut=-1;CPXPARAM_MIP_Limits_AggForCut=3;CPXPARAM_MIP_Limits_CutPasses=0;CPXPARAM_MIP_Limits_CutsFactor=-1;CPXPARAM_MIP_Limits_GomoryCand=150;CPXPARAM_MIP_Limits_GomoryPass=0;CPXPARAM_MIP_Limits_Nodes=9223372036800000000;CPXPARAM_MIP_Limits_ProbeTime=1e+75;CPXPARAM_MIP_Limits_RepairTries=0;CPXPARAM_MIP_Limits_StrongCand=10;CPXPARAM_MIP_Limits_StrongIt=0;CPXPARAM_MIP_OrderType=0;CPXPARAM_MIP_Strategy_BBInterval=7;CPXPARAM_MIP_Strategy_Branch=0;CPXPARAM_MIP_Strategy_Dive=0;CPXPARAM_MIP_Strategy_File=1;CPXPARAM_MIP_Strategy_HeuristicFreq=0;CPXPARAM_MIP_Strategy_LBHeur=0;CPXPARAM_MIP_Strategy_NodeSelect=1;CPXPARAM_MIP_Strategy_Order=1;CPXPARAM_MIP_Strategy_PresolveNode=0;CPXPARAM_MIP_Strategy_Probe=0;CPXPARAM_MIP_Strategy_RINSHeur=0;CPXPARAM_MIP_Strategy_StartAlgorithm=0;CPXPARAM_MIP_Strategy_SubAlgorithm=0;CPXPARAM_MIP_Strategy_VariableSelect=0;CPXPARAM_Network_NetFind=2;CPXPARAM_Network_Pricing=0;CPXPARAM_Parallel=1;CPXPARAM_Preprocessing_Aggregator=-1;CPXPARAM_Preprocessing_BoundStrength=-1;CPXPARAM_Preprocessing_CoeffReduce=-1;CPXPARAM_Preprocessing_Dependency=-1;CPXPARAM_Preprocessing_Dual=0;CPXPARAM_Preprocessing_Fill=10;CPXPARAM_Preprocessing_NumPass=-1;CPXPARAM_Preprocessing_Presolve=1;CPXPARAM_Preprocessing_QPMakePSD=1;CPXPARAM_Preprocessing_Reduce=3;CPXPARAM_Preprocessing_Relax=-1;CPXPARAM_Preprocessing_RepeatPresolve=-1;CPXPARAM_Preprocessing_Symmetry=-1;CPXPARAM_Read_Scale=0;CPXPARAM_Sifting_Algorithm=0;CPXPARAM_Simplex_Crash=1;CPXPARAM_Simplex_DGradient=0;CPXPARAM_Simplex_Limits_Perturbation=0;CPXPARAM_Simplex_Limits_Singularity=10;CPXPARAM_Simplex_PGradient=0;CPXPARAM_Simplex_Pricing=0;CPXPARAM_Simplex_Refactor=0
142058343691248255,0,CPXPARAM_Advance=1;CPXPARAM_Barrier_Algorithm=0;CPXPARAM_Barrier_ColNonzeros=0;CPXPARAM_Barrier_Crossover=0;CPXPARAM_Barrier_Limits_Corrections=-1;CPXPARAM_Barrier_Ordering=0;CPXPARAM_Barrier_StartAlg=1;CPXPARAM_Emphasis_MIP=4;CPXPARAM_Emphasis_Memory=0;CPXPARAM_Emphasis_Numerical=0;CPXPARAM_Feasopt_Mode=0;CPXPARAM_LPMethod=0;CPXPARAM_MIP_Cuts_Cliques=-1;CPXPARAM_MIP_Cuts_Covers=0;CPXPARAM_MIP_Cuts_Disjunctive=-1;CPXPARAM_MIP_Cuts_FlowCovers=1;CPXPARAM_MIP_Cuts_GUBCovers=0;CPXPARAM_MIP_Cuts_Gomory=0;CPXPARAM_MIP_Cuts_Implied=0;CPXPARAM_MIP_Cuts_MIRCut=2;CPXPARAM_MIP_Cuts_PathCut=-1;CPXPARAM_MIP_Limits_AggForCut=3;CPXPARAM_MIP_Limits_CutPasses=0;CPXPARAM_MIP_Limits_CutsFactor=-1;CPXPARAM_MIP_Limits_GomoryCand=150;CPXPARAM_MIP_Limits_GomoryPass=0;CPXPARAM_MIP_Limits_Nodes=9223372036800000000;CPXPARAM_MIP_Limits_ProbeTime=1e+75;CPXPARAM_MIP_Limits_RepairTries=0;CPXPARAM_MIP_Limits_StrongCand=10;CPXPARAM_MIP_Limits_StrongIt=0;CPXPARAM_MIP_OrderType=0;CPXPARAM_MIP_Strategy_BBInterval=7;CPXPARAM_MIP_Strategy_Branch=0;CPXPARAM_MIP_Strategy_Dive=0;CPXPARAM_MIP_Strategy_File=1;CPXPARAM_MIP_Strategy_HeuristicFreq=0;CPXPARAM_MIP_Strategy_LBHeur=0;CPXPARAM_MIP_Strategy_NodeSelect=0;CPXPARAM_MIP_Strategy_Order=1;CPXPARAM_MIP_Strategy_PresolveNode=0;CPXPARAM_MIP_Strategy_Probe=-1;CPXPARAM_MIP_Strategy_RINSHeur=0;CPXPARAM_MIP_Strategy_StartAlgorithm=0;CPXPARAM_MIP_Strategy_SubAlgorithm=0;CPXPARAM_MIP_Strategy_VariableSelect=0;CPXPARAM_Network_NetFind=2;CPXPARAM_Network_Pricing=0;CPXPARAM_Parallel=1;CPXPARAM_Preprocessing_Aggregator=-1;CPXPARAM_Preprocessing_BoundStrength=-1;CPXPARAM_Preprocessing_CoeffReduce=-1;CPXPARAM_Preprocessing_Dependency=-1;CPXPARAM_Preprocessing_Dual=0;CPXPARAM_Preprocessing_Fill=10;CPXPARAM_Preprocessing_NumPass=-1;CPXPARAM_Preprocessing_Presolve=1;CPXPARAM_Preprocessing_QPMakePSD=1;CPXPARAM_Preprocessing_Reduce=3;CPXPARAM_Preprocessing_Relax=-1;CPXPARAM_Preprocessing_RepeatPresolve=-1;CPXPARAM_Preprocessing_Symmetry=-1;CPXPARAM_Read_Scale=0;CPXPARAM_Sifting_Algorithm=0;CPXPARAM_Simplex_Crash=1;CPXPARAM_Simplex_DGradient=0;CPXPARAM_Simplex_Limits_Perturbation=0;CPXPARAM_Simplex_Limits_Singularity=10;CPXPARAM_Simplex_PGradient=0;CPXPARAM_Simplex_Pricing=0;CPXPARAM_Simplex_Refactor=0
15692523014371694371,0,CPXPARAM_Advance=1;CPXPARAM_Barrier_Algorithm=0;CPXPARAM_Barrier_ColNonzeros=0;CPXPARAM_Barrier_Crossover=0;CPXPARAM_Barrier_Limits_Corrections=-1;CPXPARAM_Barrier_Ordering=0;CPXPARAM_Barrier_StartAlg=1;CPXPARAM_Emphasis_MIP=4;CPXPARAM_Emphasis_Memory=0;CPXPARAM_Emphasis_Numerical=0;CPXPARAM_Feasopt_Mode=0;CPXPARAM_LPMethod=0;CPXPARAM_MIP_Cuts_Cliques=-1;CPXPARAM_MIP_Cuts_Covers=0;CPXPARAM_MIP_Cuts_Disjunctive=-1;CPXPARAM_MIP_Cuts_FlowCovers=1;CPXPARAM_MIP_Cuts_GUBCovers=0;CPXPARAM_MIP_Cuts_Gomory=0;CPXPARAM_MIP_Cuts_Implied=0;CPXPARAM_MIP_Cuts_MIRCut=2;CPXPARAM_MIP_Cuts_PathCut=-1;CPXPARAM_MIP_Limits_AggForCut=3;CPXPARAM_MIP_Limits_CutPasses=0;CPXPARAM_MIP_Limits_CutsFactor=-1;CPXPARAM_MIP_Limits_GomoryCand=150;CPXPARAM_MIP_Limits_GomoryPass=0;CPXPARAM_MIP_Limits_Nodes=9223372036800000000;CPXPARAM_MIP_Limits_ProbeTime=1e+75;CPXPARAM_MIP_Limits_RepairTries=0;CPXPARAM_MIP_Limits_StrongCand=10;CPXPARAM_MIP_Limits_StrongIt=0;CPXPARAM_MIP_OrderType=0;CPXPARAM_MIP_Strategy_BBInterval=7;CPXPARAM_MIP_Strategy_Branch=0;CPXPARAM_MIP_Strategy_Dive=0;CPXPARAM_MIP_Strategy_File=1;CPXPARAM_MIP_Strategy_HeuristicFreq=0;CPXPARAM_MIP_Strategy_LBHeur=0;CPXPARAM_MIP_Strategy_NodeSelect=1;CPXPARAM_MIP_Strategy_Order=0;CPXPARAM_MIP_Strategy_PresolveNode=0;CPXPARAM_MIP_Strategy_Probe=-1;CPXPARAM_MIP_Strategy_RINSHeur=0;CPXPARAM_MIP_Strategy_StartAlgorithm=0;CPXPARAM_MIP_Strategy_SubAlgorithm=0;CPXPARAM_MIP_Strategy_VariableSelect=0;CPXPARAM_Network_NetFind=2;CPXPARAM_Network_Pricing=0;CPXPARAM_Parallel=1;CPXPARAM_Preprocessing_Aggregator=-1;CPXPARAM_Preprocessing_BoundStrength=-1;CPXPARAM_Preprocessing_CoeffReduce=-1;CPXPARAM_Preprocessing_Dependency=-1;CPXPARAM_Preprocessing_Dual=0;CPXPARAM_Preprocessing_Fill=10;CPXPARAM_Preprocessing_NumPass=-1;CPXPARAM_Preprocessing_Presolve=1;CPXPARAM_Preprocessing_QPMakePSD=1;CPXPARAM_Preprocessing_Reduce=3;CPXPARAM_Preprocessing_Relax=-1;CPXPARAM_Preprocessing_RepeatPresolve=-1;CPXPARAM_Preprocessing_Symmetry=-1;CPXPARAM_Read_Scale=0;CPXPARAM_Sifting_Algorithm=0;CPXPARAM_Simplex_Crash=1;CPXPARAM_Simplex_DGradient=0;CPXPARAM_Simplex_Limits_Perturbation=0;CPXPARAM_Simplex_Limits_Singularity=10;CPXPARAM_Simplex_PGradient=0;CPXPARAM_Simplex_Pricing=0;CPXPARAM_Simplex_Refactor=0
8899077501028226743,0,CPXPARAM_Advance=1;CPXPARAM_Barrier_Algorithm=0;CPXPARAM_Barrier_ColNonzeros=0;CPXPARAM_Barrier_Crossover=0;CPXPARAM_Barrier_Limits_Corrections=-1;CPXPARAM_Barrier_Ordering=0;CPXPARAM_Barrier_StartAlg=1;CPXPARAM_Emphasis_MIP=4;CPXPARAM_Emphasis_Memory=0;CPXPARAM_Emphasis_Numerical=0;CPXPARAM_Feasopt_Mode=0;CPXPARAM_LPMethod=0;CPXPARAM_MIP_Cuts_Cliques=-1;CPXPARAM_MIP_Cuts_Covers=0;CPXPARAM_MIP_Cuts_Disjunctive=-1;CPXPARAM_MIP_Cuts_FlowCovers=1;CPXPARAM_MIP_Cuts_GUBCovers=0;CPXPARAM_MIP_Cuts_Gomory=0;CPXPARAM_MIP_Cuts_Implied=0;CPXPARAM_MIP_Cuts_MIRCut=2;CPXPARAM_MIP_Cuts_PathCut=-1;CPXPARAM_MIP_Limits_AggForCut=3;CPXPARAM_MIP_Limits_CutPasses=0;CPXPARAM_MIP_Limits_CutsFactor=-1;CPXPARAM_MIP_Limits_GomoryCand=150;CPXPARAM_MIP_Limits_GomoryPass=0;CPXPARAM_MIP_Limits_Nodes=9223372036800000000;CPXPARAM_MIP_Limits_ProbeTime=1e+75;CPXPARAM_MIP_Limits_RepairTries=0;CPXPARAM_MIP_Limits_StrongCand=10;CPXPARAM_MIP_Limits_StrongIt=0;CPXPARAM_MIP_OrderType=0;CPXPARAM_MIP_Strategy_BBInterval=7;CPXPARAM_MIP_Strategy_Branch=0;CPXPARAM_MIP_Strategy_Dive=0;CPXPARAM_MIP_Strategy_File=1;CPXPARAM_MIP_Strategy_HeuristicFreq=0;CPXPARAM_MIP_Strategy_LBHeur=0;CPXPARAM_MIP_Strategy_NodeSelect=1;CPXPARAM_MIP_Strategy_Order=1;CPXPARAM_MIP_Strategy_PresolveNode=0;CPXPARAM_MIP_Strategy_Probe=-1;CPXPARAM_MIP_Strategy_RINSHeur=0;CPXPARAM_MIP_Strategy_StartAlgorithm=0;CPXPARAM_MIP_Strategy_SubAlgorithm=0;CPXPARAM_MIP_Strategy_VariableSelect=0;CPXPARAM_Network_NetFind=2;CPXPARAM_Network_Pricing=0;CPXPARAM_Parallel=1;CPXPARAM_Preprocessing_Aggregator=-1;CPXPARAM_Preprocessing_BoundStrength=-1;CPXPARAM_Preprocessing_CoeffReduce=2;CPXPARAM_Preprocessing_Dependency=3;CPXPARAM_Preprocessing_Dual=0;CPXPARAM_Preprocessing_Fill=10;CPXPARAM_Preprocessing_NumPass=-1;CPXPARAM_Preprocessing_Presolve=1;CPXPARAM_Preprocessing_QPMakePSD=1;CPXPARAM_Preprocessing_Reduce=3;CPXPARAM_Preprocessing_Relax=-1;CPXPARAM_Preprocessing_RepeatPresolve=-1;CPXPARAM_Preprocessing_Symmetry=-1;CPXPARAM_Read_Scale=0;CPXPARAM_Sifting_Algorithm=0;CPXPARAM_Simplex_Crash=1;CPXPARAM_Simplex_DGradient=0;CPXPARAM_Simplex_Limits_Perturbation=0;CPXPARAM_Simplex_Limits_Singularity=10;CPXPARAM_Simplex_PGradient=0;CPXPARAM_Simplex_Pricing=0;CPXPARAM_Simplex_Refactor=0
2990053655365756144,0,CPXPARAM_Advance=1;CPXPARAM_Barrier_Algorithm=0;CPXPARAM_Barrier_ColNonzeros=0;CPXPARAM_Barrier_Crossover=0;CPXPARAM_Barrier_Limits_Corrections=-1;CPXPARAM_Barrier_Ordering=0;CPXPARAM_Barrier_StartAlg=1;CPXPARAM_Emphasis_MIP=4;CPXPARAM_Emphasis_Memory=0;CPXPARAM_Emphasis_Numerical=0;CPXPARAM_Feasopt_Mode=0;CPXPARAM_LPMethod=0;CPXPARAM_MIP_Cuts_Cliques=-1;CPXPARAM_MIP_Cuts_Covers=0;CPXPARAM_MIP_Cuts_Disjunctive=-1;CPXPARAM_MIP_Cuts_FlowCovers=1;CPXPARAM_MIP_Cuts_GUBCovers=0;CPXPARAM_MIP_Cuts_Gomory=0;CPXPARAM_MIP_Cuts_Implied=1;CPXPARAM_MIP_Cuts_MIRCut=2;CPXPARAM_MIP_Cuts_PathCut=-1;CPXPARAM_MIP_Limits_AggForCut=3;CPXPARAM_MIP_Limits_CutPasses=0;CPXPARAM_MIP_Limits_CutsFactor=-1;CPXPARAM_MIP_Limits_GomoryCand=150;CPXPARAM_MIP_Limits_GomoryPass=0;CPXPARAM_MIP_Limits_Nodes=9223372036800000000;CPXPARAM_MIP_Limits_ProbeTime=1e+75;CPXPARAM_MIP_Limits_RepairTries=0;CPXPARAM_MIP_Limits_StrongCand=10;CPXPARAM_MIP_Limits_StrongIt=0;CPXPARAM_MIP_OrderType=0;CPXPARAM_MIP_Strategy_BBInterval=7;CPXPARAM_MIP_Strategy_Branch=0;CPXPARAM_MIP_Strategy_Dive=0;CPXPARAM_MIP_Strategy_File=1;CPXPARAM_MIP_Strategy_HeuristicFreq=0;CPXPARAM_MIP_Strategy_LBHeur=0;CPXPARAM_MIP_Strategy_NodeSelect=1;CPXPARAM_MIP_Strategy_Order=1;CPXPARAM_MIP_Strategy_PresolveNode=0;CPXPARAM_MIP_Strategy_Probe=0;CPXPARAM_MIP_Strategy_RINSHeur=0;CPXPARAM_MIP_Strategy_StartAlgorithm=0;CPXPARAM_MIP_Strategy_SubAlgorithm=0;CPXPARAM_MIP_Strategy_VariableSelect=0;CPXPARAM_Network_NetFind=2;CPXPARAM_Network_Pricing=0;CPXPARAM_Parallel=1;CPXPARAM_Preprocessing_Aggregator=-1;CPXPARAM_Preprocessing_BoundStrength=-1;CPXPARAM_Preprocessing_CoeffReduce=-1;CPXPARAM_Preprocessing_Dependency=-1;CPXPARAM_Preprocessing_Dual=0;CPXPARAM_Preprocessing_Fill=10;CPXPARAM_Preprocessing_NumPass=-1;CPXPARAM_Preprocessing_Presolve=1;CPXPARAM_Preprocessing_QPMakePSD=1;CPXPARAM_Preprocessing_Reduce=3;CPXPARAM_Preprocessing_Relax=-1;CPXPARAM_Preprocessing_RepeatPresolve=-1;CPXPARAM_Preprocessing_Symmetry=-1;CPXPARAM_Read_Scale=0;CPXPARAM_Sifting_Algorithm=0;CPXPARAM_Simplex_Crash=1;CPXPARAM_Simplex_DGradient=0;CPXPARAM_Simplex_Limits_Perturbation=0;CPXPARAM_Simplex_Limits_Singularity=10;CPXPARAM_Simplex_PGradient=0;CPXPARAM_Simplex_Pricing=0;CPXPARAM_Simplex_Refactor=0
6539956452430078225,0,CPXPARAM_Advance=1;CPXPARAM_Barrier_Algorithm=0;CPXPARAM_Barrier_ColNonzeros=0;CPXPARAM_Barrier_Crossover=0;CPXPARAM_Barrier_Limits_Corrections=-1;CPXPARAM_Barrier_Ordering=0;CPXPARAM_Barrier_StartAlg=1;CPXPARAM_Emphasis_MIP=4;CPXPARAM_Emphasis_Memory=0;CPXPARAM_Emphasis_Numerical=0;CPXPARAM_Feasopt_Mode=0;CPXPARAM_LPMethod=0;CPXPARAM_MIP_Cuts_Cliques=-1;CPXPARAM_MIP_Cuts_Covers=0;CPXPARAM_MIP_Cuts_Disjunctive=-1;CPXPARAM_MIP_Cuts_FlowCovers=1;CPXPARAM_MIP_Cuts_GUBCovers=0;CPXPARAM_MIP_Cuts_Gomory=0;CPXPARAM_MIP_Cuts_Implied=0;CPXPARAM_MIP_Cuts_MIRCut=2;CPXPARAM_MIP_Cuts_PathCut=-1;CPXPARAM_MIP_Limits_AggForCut=3;CPXPARAM_MIP_Limits_CutPasses=0;CPXPARAM_MIP_Limits_CutsFactor=-1;CPXPARAM_MIP_Limits_GomoryCand=150;CPXPARAM_MIP_Limits_GomoryPass=0;CPXPARAM_MIP_Limits_Nodes=9223372036800000000;CPXPARAM_MIP_Limits_ProbeTime=1e+75;CPXPARAM_MIP_Limits_RepairTries=0;CPXPARAM_MIP_Limits_StrongCand=10;CPXPARAM_MIP_Limits_StrongIt=0;CPXPARAM_MIP_OrderType=0;CPXPARAM_MIP_Strategy_BBInterval=7;CPXPARAM_MIP_Strategy_Branch=0;CPXPARAM_MIP_Strategy_Dive=0;CPXPARAM_MIP_Strategy_File=1;CPXPARAM_MIP_Strategy_HeuristicFreq=1000;CPXPARAM_MIP_Strategy_LBHeur=0;CPXPARAM_MIP_Strategy_NodeSelect=1;CPXPARAM_MIP_Strategy_Order=1;CPXPARAM_MIP_Strategy_PresolveNode=0;CPXPARAM_MIP_Strategy_Probe=-1;CPXPARAM_MIP_Strategy_RINSHeur=0;CPXPARAM_MIP_Strategy_StartAlgorithm=0;CPXPARAM_MIP_Strategy_SubAlgorithm=0;CPXPARAM_MIP_Strategy_VariableSelect=0;CPXPARAM_Network_NetFind=2;CPXPARAM_Network_Pricing=0;CPXPARAM_Parallel=1;CPXPARAM_Preprocessing_Aggregator=-1;CPXPARAM_Preprocessing_BoundStrength=-1;CPXPARAM_Preprocessing_CoeffReduce=-1;CPXPARAM_Preprocessing_Dependency=-1;CPXPARAM_Preprocessing_Dual=0;CPXPARAM_Preprocessing_Fill=10;CPXPARAM_Preprocessing_NumPass=-1;CPXPARAM_Preprocessing_Presolve=1;CPXPARAM_Preprocessing_QPMakePSD=1;CPXPARAM_Preprocessing_Reduce=3;CPXPARAM_Preprocessing_Relax=-1;CPXPARAM_Preprocessing_RepeatPresolve=-1;CPXPARAM_Preprocessing_Symmetry=-1;CPXPARAM_Read_Scale=0;CPXPARAM_Sifting_Algorithm=0;CPXPARAM_Simplex_Crash=1;CPXPARAM_Simplex_DGradient=0;CPXPARAM_Simplex_Limits_Perturbation=0;CPXPARAM_Simplex_Limits_Singularity=10;CPXPARAM_Simplex_PGradient=0;CPXPARAM_Simplex_Pricing=0;CPXPARAM_Simplex_Refactor=0
16688363484561678105,0,CPXPARAM_Advance=1;CPXPARAM_Barrier_Algorithm=0;CPXPARAM_Barrier_ColNonzeros=0;CPXPARAM_Barrier_Crossover=0;CPXPARAM_Barrier_Limits_Corrections=-1;CPXPARAM_Barrier_Ordering=0;CPXPARAM_Barrier_StartAlg=1;CPXPARAM_Emphasis_MIP=4;CPXPARAM_Emphasis_Memory=0;CPXPARAM_Emphasis_Numerical=0;CPXPARAM_Feasopt_Mode=0;CPXPARAM_LPMethod=0;CPXPARAM_MIP_Cuts_Cliques=-1;CPXPARAM_MIP_Cuts_Covers=0;CPXPARAM_MIP_Cuts_Disjunctive=-1;CPXPARAM_MIP_Cuts_FlowCovers=1;CPXPARAM_MIP_Cuts_GUBCovers=0;CPXPARAM_MIP_Cuts_Gomory=0;CPXPARAM_MIP_Cuts_Implied=0;CPXPARAM_MIP_Cuts_MIRCut=2;CPXPARAM_MIP_Cuts_PathCut=1;CPXPARAM_MIP_Limits_AggForCut=3;CPXPARAM_MIP_Limits_CutPasses=0;CPXPARAM_MIP_Limits_CutsFactor=-1;CPXPARAM_MIP_Limits_GomoryCand=150;CPXPARAM_MIP_Limits_GomoryPass=0;CPXPARAM_MIP_Limits_Nodes=9223372036800000000;CPXPARAM_MIP_Limits_ProbeTime=1e+75;CPXPARAM_MIP_Limits_RepairTries=0;CPXPARAM_MIP_Limits_StrongCand=10;CPXPARAM_MIP_Limits_StrongIt=0;CPXPARAM_MIP_OrderType=0;CPXPARAM_MIP_Strategy_BBInterval=7;CPXPARAM_MIP_Strategy_Branch=0;CPXPARAM_MIP_Strategy_Dive=0;CPXPARAM_MIP_Strategy_File=1;CPXPARAM_MIP_Strategy_HeuristicFreq=0;CPXPARAM_MIP_Strategy_LBHeur=0;CPXPARAM_MIP_Strategy_NodeSelect=1;CPXPARAM_MIP_Strategy_Order=1;CPXPARAM_MIP_Strategy_PresolveNode=0;CPXPARAM_MIP_Strategy_Probe=-1;CPXPARAM_MIP_Strategy_RINSHeur=0;CPXPARAM_MIP_Strategy_StartAlgorithm=0;CPXPARAM_MIP_Strategy_SubAlgorithm=0;CPXPARAM_MIP_Strategy_VariableSelect=0;CPXPARAM_Network_NetFind=2;CPXPARAM_Network_Pricing=0;CPXPARAM_Parallel=1;CPXPARAM_Preprocessing_Aggregator=-1;CPXPARAM_Preprocessing_BoundStrength=-1;CPXPARAM_Preprocessing_CoeffReduce=-1;CPXPARAM_Preprocessing_Dependency=-1;CPXPARAM_Preprocessing_Dual=0;CPXPARAM_Preprocessing_Fill=10;CPXPARAM_Preprocessing_NumPass=-1;CPXPARAM_Preprocessing_Presolve=1;CPXPARAM_Preprocessing_QPMakePSD=1;CPXPARAM_Preprocessing_Reduce=3;CPXPARAM_Preprocessing_Relax=-1;CPXPARAM_Preprocessing_RepeatPresolve=-1;CPXPARAM_Preprocessing_Symmetry=-1;CPXPARAM_Read_Scale=0;CPXPARAM_Sifting_Algorithm=0;CPXPARAM_Simplex_Crash=1;CPXPARAM_Simplex_DGradient=0;CPXPARAM_Simplex_Limits_Perturbation=0;CPXPARAM_Simplex_Limits_Singularity=10;CPXPARAM_Simplex_PGradient=0;CPXPARAM_Simplex_Pricing=0;CPXPARAM_Simplex_Refactor=0
17819249881273122935,0,CPXPARAM_Advance=1;CPXPARAM_Barrier_Algorithm=0;CPXPARAM_Barrier_ColNonzeros=0;CPXPARAM_Barrier_Crossover=0;CPXPARAM_Barrier_Limits_Corrections=-1;CPXPARAM_Barrier_Ordering=0;CPXPARAM_Barrier_StartAlg=1;CPXPARAM_Emphasis_MIP=4;CPXPARAM_Emphasis_Memory=0;CPXPARAM_Emphasis_Numerical=0;CPXPARAM_Feasopt_Mode=0;CPXPARAM_LPMethod=0;CPXPARAM_MIP_Cuts_Cliques=-1;CPXPARAM_MIP_Cuts_Covers=0;CPXPARAM_MIP_Cuts_Disjunctive=-1;CPXPARAM_MIP_Cuts_FlowCovers=1;CPXPARAM_MIP_Cuts_GUBCovers=0;CPXPARAM_MIP_Cuts_Gomory=1;CPXPARAM_MIP_Cuts_Implied=0;CPXPARAM_MIP_Cuts_MIRCut=2;CPXPARAM_MIP_Cuts_PathCut=-1;CPXPARAM_MIP_Limits_AggForCut=3;CPXPARAM_MIP_Limits_CutPasses=0;CPXPARAM_MIP_Limits_CutsFactor=-1;CPXPARAM_MIP_Limits_GomoryCand=150;CPXPARAM_MIP_Limits_GomoryPass=0;CPXPARAM_MIP_Limits_Nodes=9223372036800000000;CPXPARAM_MIP_Limits_ProbeTime=1e+75;CPXPARAM_MIP_Limits_RepairTries=0;CPXPARAM_MIP_Limits_StrongCand=10;CPXPARAM_MIP_Limits_StrongIt=0;CPXPARAM_MIP_OrderType=0;CPXPARAM_MIP_Strategy_BBInterval=7;CPXPARAM_MIP_Strategy_Branch=0;CPXPARAM_MIP_Strategy_Dive=0;CPXPARAM_MIP_Strategy_File=1;CPXPARAM_MIP_Strategy_HeuristicFreq=0;CPXPARAM_MIP_Strategy_LBHeur=0;CPXPARAM_MIP_Strategy_NodeSelect=1;CPXPARAM_MIP_Strategy_Order=1;CPXPARAM_MIP_Strategy_PresolveNode=0;CPXPARAM_MIP_Strategy_Probe=0;CPXPARAM_MIP_Strategy_RINSHeur=0;CPXPARAM_MIP_Strategy_StartAlgorithm=0;CPXPARAM_MIP_Strategy_SubAlgorithm=0;CPXPARAM_MIP_Strategy_VariableSelect=0;CPXPARAM_Network_NetFind=2;CPXPARAM_Network_Pricing=0;CPXPARAM_Parallel=1;CPXPARAM_Preprocessing_Aggregator=-1;CPXPARAM_Preprocessing_BoundStrength=-1;CPXPARAM_Preprocessing_CoeffReduce=-1;CPXPARAM_Preprocessing_Dependency=-1;CPXPARAM_Preprocessing_Dual=0;CPXPARAM_Preprocessing_Fill=10;CPXPARAM_Preprocessing_NumPass=-1;CPXPARAM_Preprocessing_Presolve=1;CPXPARAM_Preprocessing_QPMakePSD=1;CPXPARAM_Preprocessing_Reduce=3;CPXPARAM_Preprocessing_Relax=-1;CPXPARAM_Preprocessing_RepeatPresolve=-1;CPXPARAM_Preprocessing_Symmetry=-1;CPXPARAM_Read_Scale=0;CPXPARAM_Sifting_Algorithm=0;CPXPARAM_Simplex_Crash=1;CPXPARAM_Simplex_DGradient=0;CPXPARAM_Simplex_Limits_Perturbation=0;CPXPARAM_Simplex_Limits_Singularity=10;CPXPARAM_Simplex_PGradient=0;CPXPARAM_Simplex_Pricing=0;CPXPARAM_Simplex_Refactor=0
13259819537014300593,0,CPXPARAM_Advance=1;CPXPARAM_Barrier_Algorithm=0;CPXPARAM_Barrier_ColNonzeros=0;CPXPARAM_Barrier_Crossover=0;CPXPARAM_Barrier_Limits_Corrections=-1;CPXPARAM_Barrier_Ordering=0;CPXPARAM_Barrier_StartAlg=1;CPXPARAM_Emphasis_MIP=4;CPXPARAM_Emphasis_Memory=0;CPXPARAM_Emphasis_Numerical=0;CPXPARAM_Feasopt_Mode=0;CPXPARAM_LPMethod=0;CPXPARAM_MIP_Cuts_Cliques=-1;CPXPARAM_MIP_Cuts_Covers=0;CPXPARAM_MIP_Cuts_Disjunctive=-1;CPXPARAM_MIP_Cuts_FlowCovers=1;CPXPARAM_MIP_Cuts_GUBCovers=0;CPXPARAM_MIP_Cuts_Gomory=0;CPXPARAM_MIP_Cuts_Implied=0;CPXPARAM_MIP_Cuts_MIRCut=2;CPXPARAM_MIP_Cuts_PathCut=-1;CPXPARAM_MIP_Limits_AggForCut=3;CPXPARAM_MIP_Limits_CutPasses=0;CPXPARAM_MIP_Limits_CutsFactor=-1;CPXPARAM_MIP_Limits_GomoryCand=150;CPXPARAM_MIP_Limits_GomoryPass=0;CPXPARAM_MIP_Limits_Nodes=9223372036800000000;CPXPARAM_MIP_Limits_ProbeTime=1e+75;CPXPARAM_MIP_Limits_RepairTries=0;CPXPARAM_MIP_Limits_StrongCand=10;CPXPARAM_MIP_Limits_StrongIt=0;CPXPARAM_MIP_OrderType=0;CPXPARAM_MIP_Strategy_BBInterval=7;CPXPARAM_MIP_Strategy_Branch=0;CPXPARAM_MIP_Strategy_Dive=0;CPXPARAM_MIP_Strategy_File=1;CPXPARAM_MIP_Strategy_HeuristicFreq=500;CPXPARAM_MIP_Strategy_LBHeur=0;CPXPARAM_MIP_Strategy_NodeSelect=1;CPXPARAM_MIP_Strategy_Order=1;CPXPARAM_MIP_Strategy_PresolveNode=0;CPXPARAM_MIP_Strategy_Probe=-1;CPXPARAM_MIP_Strategy_RINSHeur=0;CPXPARAM_MIP_Strategy_StartAlgorithm=0;CPXPARAM_MIP_Strategy_SubAlgorithm=0;CPXPARAM_MIP_Strategy_VariableSelect=0;CPXPARAM_Network_NetFind=2;CPXPARAM_Network_Pricing=0;CPXPARAM_Parallel=1;CPXPARAM_Preprocessing_Aggregator=-1;CPXPARAM_Preprocessing_BoundStrength=-1;CPXPARAM_Preprocessing_CoeffReduce=-1;CPXPARAM_Preprocessing_Dependency=-1;CPXPARAM_Preprocessing_Dual=0;CPXPARAM_Preprocessing_Fill=10;CPXPARAM_Preprocessing_NumPass=-1;CPXPARAM_Preprocessing_Presolve=1;CPXPARAM_Preprocessing_QPMakePSD=1;CPXPARAM_Preprocessing_Reduce=3;CPXPARAM_Preprocessing_Relax=-1;CPXPARAM_Preprocessing_RepeatPresolve=-1;CPXPARAM_Preprocessing_Symmetry=-1;CPXPARAM_Read_Scale=0;CPXPARAM_Sifting_Algorithm=0;CPXPARAM_Simplex_Crash=1;CPXPARAM_Simplex_DGradient=0;CPXPARAM_Simplex_Limits_Perturbation=0;CPXPARAM_Simplex_Limits_Singularity=10;CPXPARAM_Simplex_PGradient=0;CPXPARAM_Simplex_Pricing=0;CPXPARAM_Simplex_Refactor=0
1613922475793550868,0,CPXPARAM_Advance=1;CPXPARAM_Barrier_Algorithm=0;CPXPARAM_Barrier_ColNonzeros=0;CPXPARAM_Barrier_Crossover=0;CPXPARAM_Barrier_Limits_Corrections=-1;CPXPARAM_Barrier_Ordering=0;CPXPARAM_Barrier_StartAlg=1;CPXPARAM_Emphasis_MIP=4;CPXPARAM_Emphasis_Memory=0;CPXPARAM_Emphasis_Numerical=0;CPXPARAM_Feasopt_Mode=0;CPXPARAM_LPMethod=0;CPXPARAM_MIP_Cuts_Cliques=-1;CPXPARAM_MIP_Cuts_Covers=0;CPXPARAM_MIP_Cuts_Disjunctive=-1;CPXPARAM_MIP_Cuts_FlowCovers=1;CPXPARAM_MIP_Cuts_GUBCovers=0;CPXPARAM_MIP_Cuts_Gomory=0;CPXPARAM_MIP_Cuts_Implied=0;CPXPARAM_MIP_Cuts_MIRCut=2;CPXPARAM_MIP_Cuts_PathCut=-1;CPXPARAM_MIP_Limits_AggForCut=3;CPXPARAM_MIP_Limits_CutPasses=0;CPXPARAM_MIP_Limits_CutsFactor=-1;CPXPARAM_MIP_Limits_GomoryCand=150;CPXPARAM_MIP_Limits_GomoryPass=0;CPXPARAM_MIP_Limits_Nodes=9223372036800000000;CPXPARAM_MIP_Limits_ProbeTime=1e+75;CPXPARAM_MIP_Limits_RepairTries=0;CPXPARAM_MIP_Limits_StrongCand=10;CPXPARAM_MIP_Limits_StrongIt=0;CPXPARAM_MIP_OrderType=0;CPXPARAM_MIP_Strategy_BBInterval=7;CPXPARAM_MIP_Strategy_Branch=0;CPXPARAM_MIP_Strategy_Dive=0;CPXPARAM_MIP_Strategy_File=1;CPXPARAM_MIP_Strategy_HeuristicFreq=0;CPXPARAM_MIP_Strategy_LBHeur=0;CPXPARAM_MIP_Strategy_NodeSelect=1;CPXPARAM_MIP_Strategy_Order=1;CPXPARAM_MIP_Strategy_PresolveNode=0;CPXPARAM_MIP_Strategy_Probe=-1;CPXPARAM_MIP_Strategy_RINSHeur=0;CPXPARAM_MIP_Strategy_StartAlgorithm=0;CPXPARAM_MIP_Strategy_SubAlgorithm=0;CPXPARAM_MIP_Strategy_VariableSelect=3;CPXPARAM_Network_NetFind=2;CPXPARAM_Network_Pricing=0;CPXPARAM_Parallel=1;CPXPARAM_Preprocessing_Aggregator=-1;CPXPARAM_Preprocessing_BoundStrength=-1;CPXPARAM_Preprocessing_CoeffReduce=-1;CPXPARAM_Preprocessing_Dependency=3;CPXPARAM_Preprocessing_Dual=0;CPXPARAM_Preprocessing_Fill=10;CPXPARAM_Preprocessing_NumPass=-1;CPXPARAM_Preprocessing_Presolve=1;CPXPARAM_Preprocessing_QPMakePSD=1;CPXPARAM_Preprocessing_Reduce=3;CPXPARAM_Preprocessing_Relax=-1;CPXPARAM_Preprocessing_RepeatPresolve=-1;CPXPARAM_Preprocessing_Symmetry=-1;CPXPARAM_Read_Scale=0;CPXPARAM_Sifting_Algorithm=0;CPXPARAM_Simplex_Crash=1;CPXPARAM_Simplex_DGradient=0;CPXPARAM_Simplex_Limits_Perturbation=0;CPXPARAM_Simplex_Limits_Singularity=10;CPXPARAM_Simplex_PGradient=0;CPXPARAM_Simplex_Pricing=0;CPXPARAM_Simplex_Refactor=0
17505400104968324397,0,CPXPARAM_Advance=1;CPXPARAM_Barrier_Algorithm=0;CPXPARAM_Barrier_ColNonzeros=0;CPXPARAM_Barrier_Crossover=0;CPXPARAM_Barrier_Limits_Corrections=-1;CPXPARAM_Barrier_Ordering=0;CPXPARAM_Barrier_StartAlg=1;CPXPARAM_Emphasis_MIP=4;CPXPARAM_Emphasis_Memory=0;CPXPARAM_Emphasis_Numerical=0;CPXPARAM_Feasopt_Mode=0;CPXPARAM_LPMethod=0;CPXPARAM_MIP_Cuts_Cliques=-1;CPXPARAM_MIP_Cuts_Covers=0;CPXPARAM_MIP_Cuts_Disjunctive=-1;CPXPARAM_MIP_Cuts_FlowCovers=1;CPXPARAM_MIP_Cuts_GUBCovers=0;CPXPARAM_MIP_Cuts_Gomory=0;CPXPARAM_MIP_Cuts_Implied=0;CPXPARAM_MIP_Cuts_MIRCut=1;CPXPARAM_MIP_Cuts_PathCut=-1;CPXPARAM_MIP_Limits_AggForCut=3;CPXPARAM_MIP_Limits_CutPasses=0;CPXPARAM_MIP_Limits_CutsFactor=-1;CPXPARAM_MIP_Limits_GomoryCand=150;CPXPARAM_MIP_Limits_GomoryPass=0;CPXPARAM_MIP_Limits_Nodes=9223372036800000000;CPXPARAM_MIP_Limits_ProbeTime=1e+75;CPXPARAM_MIP_Limits_RepairTries=0;CPXPARAM_MIP_Limits_StrongCand=10;CPXPARAM_MIP_Limits_StrongIt=0;CPXPARAM_MIP_OrderType=0;CPXPARAM_MIP_Strategy_BBInterval=7;CPXPARAM_MIP_Strategy_Branch=0;CPXPARAM_MIP_Strategy_Dive=0;CPXPARAM_MIP_Strategy_File=1;CPXPARAM_MIP_Strategy_HeuristicFreq=0;CPXPARAM_MIP_Strategy_LBHeur=0;CPXPARAM_MIP_Strategy_NodeSelect=1;CPXPARAM_MIP_Strategy_Order=1;CPXPARAM_MIP_Strategy_PresolveNode=0;CPXPARAM_MIP_Strategy_Probe=0;CPXPARAM_MIP_Strategy_RINSHeur=0;CPXPARAM_MIP_Strategy_StartAlgorithm=0;CPXPARAM_MIP_Strategy_SubAlgorithm=0;CPXPARAM_MIP_Strategy_VariableSelect=0;CPXPARAM_Network_NetFind=2;CPXPARAM_Network_Pricing=0;CPXPARAM_Parallel=1;CPXPARAM_Preprocessing_Aggregator=-1;CPXPARAM_Preprocessing_BoundStrength=-1;CPXPARAM_Preprocessing_CoeffReduce=-1;CPXPARAM_Preprocessing_Dependency=-1;CPXPARAM_Preprocessing_Dual=0;CPXPARAM_Preprocessing_Fill=10;CPXPARAM_Preprocessing_NumPass=-1;CPXPARAM_Preprocessing_Presolve=1;CPXPARAM_Preprocessing_QPMakePSD=1;CPXPARAM_Preprocessing_Reduce=3;CPXPARAM_Preprocessing_Relax=-1;CPXPARAM_Preprocessing_RepeatPresolve=-1;CPXPARAM_Preprocessing_Symmetry=-1;CPXPARAM_Read_Scale=0;CPXPARAM_Sifting_Algorithm=0;CPXPARAM_Simplex_Crash=1;CPXPARAM_Simplex_DGradient=0;CPXPARAM_Simplex_Limits_Perturbation=0;CPXPARAM_Simplex_Limits_Singularity=10;CPXPARAM_Simplex_PGradient=0;CPXPARAM_Simplex_Pricing=0;CPXPARAM_Simplex_Refactor=0
7655034642762805872,0,CPXPARAM_Advance=1;CPXPARAM_Barrier_Algorithm=0;CPXPARAM_Barrier_ColNonzeros=0;CPXPARAM_Barrier_Crossover=0;CPXPARAM_Barrier_Limits_Corrections=-1;CPXPARAM_Barrier_Ordering=0;CPXPARAM_Barrier_StartAlg=1;CPXPARAM_Emphasis_MIP=4;CPXPARAM_Emphasis_Memory=0;CPXPARAM_Emphasis_Numerical=0;CPXPARAM_Feasopt_Mode=0;CPXPARAM_LPMethod=0;CPXPARAM_MIP_Cuts_Cliques=-1;CPXPARAM_MIP_Cuts_Covers=0;CPXPARAM_MIP_Cuts_Disjunctive=-1;CPXPARAM_MIP_Cuts_FlowCovers=1;CPXPARAM_MIP_Cuts_GUBCovers=0;CPXPARAM_MIP_Cuts_Gomory=0;CPXPARAM_MIP_Cuts_Implied=0;CPXPARAM_MIP_Cuts_MIRCut=2;CPXPARAM_MIP_Cuts_PathCut=-1;CPXPARAM_MIP_Limits_AggForCut=3;CPXPARAM_MIP_Limits_CutPasses=0;CPXPARAM_MIP_Limits_CutsFactor=-1;CPXPARAM_MIP_Limits_GomoryCand=150;CPXPARAM_MIP_Limits_GomoryPass=0;CPXPARAM_MIP_Limits_Nodes=9223372036800000000;CPXPARAM_MIP_Limits_ProbeTime=1e+75;CPXPARAM_MIP_Limits_RepairTries=0;CPXPARAM_MIP_Limits_StrongCand=10;CPXPARAM_MIP_Limits_StrongIt=0;CPXPARAM_MIP_OrderType=0;CPXPARAM_MIP_Strategy_BBInterval=7;CPXPARAM_MIP_Strategy_Branch=0;CPXPARAM_MIP_Strategy_Dive=0;CPXPARAM_MIP_Strategy_File=1;CPXPARAM_MIP_Strategy_HeuristicFreq=0;CPXPARAM_MIP_Strategy_LBHeur=0;CPXPARAM_MIP_Strategy_NodeSelect=1;CPXPARAM_MIP_Strategy_Order=1;CPXPARAM_MIP_Strategy_PresolveNode=0;CPXPARAM_MIP_Strategy_Probe=-1;CPXPARAM_MIP_Strategy_RINSHeur=0;CPXPARAM_MIP_Strategy_StartAlgorithm=0;CPXPARAM_MIP_Strategy_SubAlgorithm=0;CPXPARAM_MIP_Strategy_VariableSelect=0;CPXPARAM_Network_NetFind=2;CPXPARAM_Network_Pricing=0;CPXPARAM_Parallel=1;CPXPARAM_Preprocessing_Aggregator=-1;CPXPARAM_Preprocessing_BoundStrength=-1;CPXPARAM_Preprocessing_CoeffReduce=-1;CPXPARAM_Preprocessing_Dependency=-1;CPXPARAM_Preprocessing_Dual=0;CPXPARAM_Preprocessing_Fill=5;CPXPARAM_Preprocessing_NumPass=-1;CPXPARAM_Preprocessing_Presolve=1;CPXPARAM_Preprocessing_QPMakePSD=1;CPXPARAM_Preprocessing_Reduce=3;CPXPARAM_Preprocessing_Relax=-1;CPXPARAM_Preprocessing_RepeatPresolve=-1;CPXPARAM_Preprocessing_Symmetry=-1;CPXPARAM_Read_Scale=0;CPXPARAM_Sifting_Algorithm=0;CPXPARAM_Simplex_Crash=1;CPXPARAM_Simplex_DGradient=0;CPXPARAM_Simplex_Limits_Perturbation=0;CPXPARAM_Simplex_Limits_Singularity=10;CPXPARAM_Simplex_PGradient=0;CPXPARAM_Simplex_Pricing=0;CPXPARAM_Simplex_Refactor=0
4956044294539996343,0,CPXPARAM_Advance=1;CPXPARAM_Barrier_Algorithm=0;CPXPARAM_Barrier_ColNonzeros=0;CPXPARAM_Barrier_Crossover=0;CPXPARAM_Barrier_Limits_Corrections=-1;CPXPARAM_Barrier_Ordering=0;CPXPARAM_Barrier_StartAlg=1;CPXPARAM_Emphasis_MIP=4;CPXPARAM_Emphasis_Memory=0;CPXPARAM_Emphasis_Numerical=0;CPXPARAM_Feasopt_Mode=0;CPXPARAM_LPMethod=0;CPXPARAM_MIP_Cuts_Cliques=-1;CPXPARAM_MIP_Cuts_Covers=0;CPXPARAM_MIP_Cuts_Disjunctive=-1;CPXPARAM_MIP_Cuts_FlowCovers=1;CPXPARAM_MIP_Cuts_GUBCovers=-1;CPXPARAM_MIP_Cuts_Gomory=0;CPXPARAM_MIP_Cuts_Implied=0;CPXPARAM_MIP_Cuts_MIRCut=2;CPXPARAM_MIP_Cuts_PathCut=-1;CPXPARAM_MIP_Limits_AggForCut=3;CPXPARAM_MIP_Limits_CutPasses=0;CPXPARAM_MIP_Limits_CutsFactor=-1;CPXPARAM_MIP_Limits_GomoryCand=150;CPXPARAM_MIP_Limits_GomoryPass=0;CPXPARAM_MIP_Limits_Nodes=9223372036800000000;CPXPARAM_MIP_Limits_ProbeTime=1e+75;CPXPARAM_MIP_Limits_RepairTries=0;CPXPARAM_MIP_Limits_StrongCand=10;CPXPARAM_MIP_Limits_StrongIt=0;CPXPARAM_MIP_OrderType=0;CPXPARAM_MIP_Strategy_BBInterval=7;CPXPARAM_MIP_Strategy_Branch=0;CPXPARAM_MIP_Strategy_Dive=0;CPXPARAM_MIP_Strategy_File=1;CPXPARAM_MIP_Strategy_HeuristicFreq=0;CPXPARAM_MIP_Strategy_LBHeur=0;CPXPARAM_MIP_Strategy_NodeSelect=1;CPXPARAM_MIP_Strategy_Order=1;CPXPARAM_MIP_Strategy_PresolveNode=0;CPXPARAM_MIP_Strategy_Probe=0;CPXPARAM_MIP_Strategy_RINSHeur=0;CPXPARAM_MIP_Strategy_StartAlgorithm=0;CPXPARAM_MIP_Strategy_SubAlgorithm=0;CPXPARAM_MIP_Strategy_VariableSelect=0;CPXPARAM_Network_NetFind=2;CPXPARAM_Network_Pricing=0;CPXPARAM_Parallel=1;CPXPARAM_Preprocessing_Aggregator=-1;CPXPARAM_Preprocessing_BoundStrength=-1;CPXPARAM_Preprocessing_CoeffReduce=-1;CPXPARAM_Preprocessing_Dependency=-1;CPXPARAM_Preprocessing_Dual=0;CPXPARAM_Preprocessing_Fill=10;CPXPARAM_Preprocessing_NumPass=-1;CPXPARAM_Preprocessing_Presolve=1;CPXPARAM_Preprocessing_QPMakePSD=1;CPXPARAM_Preprocessing_Reduce=3;CPXPARAM_Preprocessing_Relax=-1;CPXPARAM_Preprocessing_RepeatPresolve=-1;CPXPARAM_Preprocessing_Symmetry=-1;CPXPARAM_Read_Scale=0;CPXPARAM_Sifting_Algorithm=0;CPXPARAM_Simplex_Crash=1;CPXPARAM_Simplex_DGradient=0;CPXPARAM_Simplex_Limits_Perturbation=0;CPXPARAM_Simplex_Limits_Singularity=10;CPXPARAM_Simplex_PGradient=0;CPXPARAM_Simplex_Pricing=0;CPXPARAM_Simplex_Refactor=0
16385097041110849648,0,CPXPARAM_Advance=1;CPXPARAM_Barrier_Algorithm=0;CPXPARAM_Barrier_ColNonzeros=0;CPXPARAM_Barrier_Crossover=0;CPXPARAM_Barrier_Limits_Corrections=-1;CPXPARAM_Barrier_Ordering=0;CPXPARAM_Barrier_StartAlg=1;CPXPARAM_Emphasis_MIP=4;CPXPARAM_Emphasis_Memory=0;CPXPARAM_Emphasis_Numerical=0;CPXPARAM_Feasopt_Mode=0;CPXPARAM_LPMethod=0;CPXPARAM_MIP_Cuts_Cliques=-1;CPXPARAM_MIP_Cuts_Covers=0;CPXPARAM_MIP_Cuts_Disjunctive=-1;CPXPARAM_MIP_Cuts_FlowCovers=1;CPXPARAM_MIP_Cuts_GUBCovers=0;CPXPARAM_MIP_Cuts_Gomory=0;CPXPARAM_MIP_Cuts_Implied=0;CPXPARAM_MIP_Cuts_MIRCut=2;CPXPARAM_MIP_Cuts_PathCut=-1;CPXPARAM_MIP_Limits_AggForCut=3;CPXPARAM_MIP_Limits_CutPasses=0;CPXPARAM_MIP_Limits_CutsFactor=-1;CPXPARAM_MIP_Limits_GomoryCand=150;CPXPARAM_MIP_Limits_GomoryPass=0;CPXPARAM_MIP_Limits_Nodes=9223372036800000000;CPXPARAM_MIP_Limits_ProbeTime=1e+75;CPXPARAM_MIP_Limits_RepairTries=0;CPXPARAM_MIP_Limits_StrongCand=10;CPXPARAM_MIP_Limits_StrongIt=0;CPXPARAM_MIP_OrderType=0;CPXPARAM_MIP_Strategy_BBInterval=7;CPXPARAM_MIP_Strategy_Branch=0;CPXPARAM_MIP_Strategy_Dive=1;CPXPARAM_MIP_Strategy_File=1;CPXPARAM_MIP_Strategy_HeuristicFreq=0;CPXPARAM_MIP_Strategy_LBHeur=0;CPXPARAM_MIP_Strategy_NodeSelect=1;CPXPARAM_MIP_Strategy_Order=1;CPXPARAM_MIP_Strategy_PresolveNode=0;CPXPARAM_MIP_Strategy_Probe=-1;CPXPARAM_MIP_Strategy_RINSHeur=0;CPXPARAM_MIP_Strategy_StartAlgorithm=0;CPXPARAM_MIP_Strategy_SubAlgorithm=0;CPXPARAM_MIP_Strategy_VariableSelect=0;CPXPARAM_Network_NetFind=2;CPXPARAM_Network_Pricing=0;CPXPARAM_Parallel=1;CPXPARAM_Preprocessing_Aggregator=-1;CPXPARAM_Preprocessing_BoundStrength=-1;CPXPARAM_Preprocessing_CoeffReduce=-1;CPXPARAM_Preprocessing_Dependency=-1;CPXPARAM_Preprocessing_Dual=0;CPXPARAM_Preprocessing_Fill=10;CPXPARAM_Preprocessing_NumPass=-1;CPXPARAM_Preprocessing_Presolve=1;CPXPARAM_Preprocessing_QPMakePSD=1;CPXPARAM_Preprocessing_Reduce=3;CPXPARAM_Preprocessing_Relax=-1;CPXPARAM_Preprocessing_RepeatPresolve=-1;CPXPARAM_Preprocessing_Symmetry=-1;CPXPARAM_Read_Scale=0;CPXPARAM_Sifting_Algorithm=0;CPXPARAM_Simplex_Crash=1;CPXPARAM_Simplex_DGradient=0;CPXPARAM_Simplex_Limits_Perturbation=0;CPXPARAM_Simplex_Limits_Singularity=10;CPXPARAM_Simplex_PGradient=0;CPXPARAM_Simplex_Pricing=0;CPXPARAM_Simplex_Refactor=0
11832776170192066236,0,CPXPARAM_Advance=1;CPXPARAM_Barrier_Algorithm=0;CPXPARAM_Barrier_ColNonzeros=0;CPXPARAM_Barrier_Crossover=0;CPXPARAM_Barrier_Limits_Corrections=-1;CPXPARAM_Barrier_Ordering=0;CPXPARAM_Barrier_StartAlg=1;CPXPARAM_Emphasis_MIP=4;CPXPARAM_Emphasis_Memory=0;CPXPARAM_Emphasis_Numerical=0;CPXPARAM_Feasopt_Mode=0;CPXPARAM_LPMethod=0;CPXPARAM_MIP_Cuts_Cliques=-1;CPXPARAM_MIP_Cuts_Covers=0;CPXPARAM_MIP_Cuts_Disjunctive=-1;CPXPARAM_MIP_Cuts_FlowCovers=1;CPXPARAM_MIP_Cuts_GUBCovers=0;CPXPARAM_MIP_Cuts_Gomory=0;CPXPARAM_MIP_Cuts_Implied=0;CPXPARAM_MIP_Cuts_MIRCut=0;CPXPARAM_MIP_Cuts_PathCut=-1;CPXPARAM_MIP_Limits_AggForCut=3;CPXPARAM_MIP_Limits_CutPasses=0;CPXPARAM_MIP_Limits_CutsFactor=-1;CPXPARAM_MIP_Limits_GomoryCand=150;CPXPARAM_MIP_Limits_GomoryPass=0;CPXPARAM_MIP_Limits_Nodes=9223372036800000000;CPXPARAM_MIP_Limits_ProbeTime=1e+75;CPXPARAM_MIP_Limits_RepairTries=0;CPXPARAM_MIP_Limits_StrongCand=10;CPXPARAM_MIP_Limits_StrongIt=0;CPXPARAM_MIP_OrderType=0;CPXPARAM_MIP_Strategy_BBInterval=7;CPXPARAM_MIP_Strategy_Branch=0;CPXPARAM_MIP_Strategy_Dive=0;CPXPARAM_MIP_Strategy_File=1;CPXPARAM_MIP_Strategy_HeuristicFreq=0;CPXPARAM_MIP_Strategy_LBHeur=0;CPXPARAM_MIP_Strategy_NodeSelect=1;CPXPARAM_MIP_Strategy_Order=1;CPXPARAM_MIP_Strategy_PresolveNode=0;CPXPARAM_MIP_Strategy_Probe=0;CPXPARAM_MIP_Strategy_RINSHeur=0;CPXPARAM_MIP_Strategy_StartAlgorithm=0;CPXPARAM_MIP_Strategy_SubAlgorithm=0;CPXPARAM_MIP_Strategy_VariableSelect=0;CPXPARAM_Network_NetFind=2;CPXPARAM_Network_Pricing=0;CPXPARAM_Parallel=1;CPXPARAM_Preprocessing_Aggregator=-1;CPXPARAM_Preprocessing_BoundStrength=-1;CPXPARAM_Preprocessing_CoeffReduce=-1;CPXPARAM_Preprocessing_Dependency=-1;CPXPARAM_Preprocessing_Dual=0;CPXPARAM_Preprocessing_Fill=10;CPXPARAM_Preprocessing_NumPass=-1;CPXPARAM_Preprocessing_Presolve=1;CPXPARAM_Preprocessing_QPMakePSD=1;CPXPARAM_Preprocessing_Reduce=3;CPXPARAM_Preprocessing_Relax=-1;CPXPARAM_Preprocessing_RepeatPresolve=-1;CPXPARAM_Preprocessing_Symmetry=-1;CPXPARAM_Read_Scale=0;CPXPARAM_Sifting_Algorithm=0;CPXPARAM_Simplex_Crash=1;CPXPARAM_Simplex_DGradient=0;CPXPARAM_Simplex_Limits_Perturbation=0;CPXPARAM_Simplex_Limits_Singularity=10;CPXPARAM_Simplex_PGradient=0;CPXPARAM_Simplex_Pricing=0;CPXPARAM_Simplex_Refactor=0
4982382082014289097,0,CPXPARAM_Advance=1;CPXPARAM_Barrier_Algorithm=0;CPXPARAM_Barrier_ColNonzeros=0;CPXPARAM_Barrier_Crossover=0;CPXPARAM_Barrier_Limits_Corrections=-1;CPXPARAM_Barrier_Ordering=0;CPXPARAM_Barrier_StartAlg=1;CPXPARAM_Emphasis_MIP=4;CPXPARAM_Emphasis_Memory=0;CPXPARAM_Emphasis_Numerical=0;CPXPARAM_Feasopt_Mode=0;CPXPARAM_LPMethod=0;CPXPARAM_MIP_Cuts_Cliques=-1;CPXPARAM_MIP_Cuts_Covers=0;CPXPARAM_MIP_Cuts_Disjunctive=-1;CPXPARAM_MIP_Cuts_FlowCovers=1;CPXPARAM_MIP_Cuts_GUBCovers=0;CPXPARAM_MIP_Cuts_Gomory=0;CPXPARAM_MIP_Cuts_Implied=0;CPXPARAM_MIP_Cuts_MIRCut=2;CPXPARAM_MIP_Cuts_PathCut=-1;CPXPARAM_MIP_Limits_AggForCut=3;CPXPARAM_MIP_Limits_CutPasses=0;CPXPARAM_MIP_Limits_CutsFactor=-1;CPXPARAM_MIP_Limits_GomoryCand=150;CPXPARAM_MIP_Limits_GomoryPass=0;CPXPARAM_MIP_Limits_Nodes=9223372036800000000;CPXPARAM_MIP_Limits_ProbeTime=1e+75;CPXPARAM_MIP_Limits_RepairTries=0;CPXPARAM_MIP_Limits_StrongCand=10;CPXPARAM_MIP_Limits_StrongIt=0;CPXPARAM_MIP_OrderType=0;CPXPARAM_MIP_Strategy_BBInterval=7;CPXPARAM_MIP_Strategy_Branch=0;CPXPARAM_MIP_Strategy_Dive=0;CPXPARAM_MIP_Strategy_File=1;CPXPARAM_MIP_Strategy_HeuristicFreq=0;CPXPARAM_MIP_Strategy_LBHeur=0;CPXPARAM_MIP_Strategy_NodeSelect=1;CPXPARAM_MIP_Strategy_Order=1;CPXPARAM_MIP_Strategy_PresolveNode=0;CPXPARAM_MIP_Strategy_Probe=-1;CPXPARAM_MIP_Strategy_RINSHeur=0;CPXPARAM_MIP_Strategy_StartAlgorithm=2;CPXPARAM_MIP_Strategy_SubAlgorithm=0;CPXPARAM_MIP_Strategy_VariableSelect=0;CPXPARAM_Network_NetFind=2;CPXPARAM_Network_Pricing=0;CPXPARAM_Parallel=1;CPXPARAM_Preprocessing_Aggregator=-1;CPXPARAM_Preprocessing_BoundStrength=-1;CPXPARAM_Preprocessing_CoeffReduce=-1;CPXPARAM_Preprocessing_Dependency=-1;CPXPARAM_Preprocessing_Dual=0;CPXPARAM_Preprocessing_Fill=10;CPXPARAM_Preprocessing_NumPass=-1;CPXPARAM_Preprocessing_Presolve=1;CPXPARAM_Preprocessing_QPMakePSD=1;CPXPARAM_Preprocessing_Reduce=3;CPXPARAM_Preprocessing_Relax=-1;CPXPARAM_Preprocessing_RepeatPresolve=-1;CPXPARAM_Preprocessing_Symmetry=-1;CPXPARAM_Read_Scale=0;CPXPARAM_Sifting_Algorithm=0;CPXPARAM_Simplex_Crash=1;CPXPARAM_Simplex_DGradient=0;CPXPARAM_Simplex_Limits_Perturbation=0;CPXPARAM_Simplex_Limits_Singularity=10;CPXPARAM_Simplex_PGradient=0;CPXPARAM_Simplex_Pricing=0;CPXPARAM_Simplex_Refactor=0
2306952645379006761,0,CPXPARAM_Advance=1;CPXPARAM_Barrier_Algorithm=0;CPXPARAM_Barrier_ColNonzeros=0;CPXPARAM_Barrier_Crossover=0;CPXPARAM_Barrier_Limits_Corrections=-1;CPXPARAM_Barrier_Ordering=0;CPXPARAM_Barrier_StartAlg=1;CPXPARAM_Emphasis_MIP=4;CPXPARAM_Emphasis_Memory=0;CPXPARAM_Emphasis_Numerical=0;CPXPARAM_Feasopt_Mode=0;CPXPARAM_LPMethod=0;CPXPARAM_MIP_Cuts_Cliques=-1;CPXPARAM_MIP_Cuts_Covers=0;CPXPARAM_MIP_Cuts_Disjunctive=-1;CPXPARAM_MIP_Cuts_FlowCovers=1;CPXPARAM_MIP_Cuts_GUBCovers=0;CPXPARAM_MIP_Cuts_Gomory=0;CPXPARAM_MIP_Cuts_Implied=0;CPXPARAM_MIP_Cuts_MIRCut=2;CPXPARAM_MIP_Cuts_PathCut=-1;CPXPARAM_MIP_Limits_AggForCut=3;CPXPARAM_MIP_Limits_CutPasses=0;CPXPARAM_MIP_Limits_CutsFactor=-1;CPXPARAM_MIP_Limits_GomoryCand=150;CPXPARAM_MIP_Limits_GomoryPass=0;CPXPARAM_MIP_Limits_Nodes=9223372036800000000;CPXPARAM_MIP_Limits_ProbeTime=1e+75;CPXPARAM_MIP_Limits_RepairTries=0;CPXPARAM_MIP_Limits_StrongCand=10;CPXPARAM_MIP_Limits_StrongIt=0;CPXPARAM_MIP_OrderType=0;CPXPARAM_MIP_Strategy_BBInterval=7;CPXPARAM_MIP_Strategy_Branch=0;CPXPARAM_MIP_Strategy_Dive=0;CPXPARAM_MIP_Strategy_File=1;CPXPARAM_MIP_Strategy_HeuristicFreq=0;CPXPARAM_MIP_Strategy_LBHeur=0;CPXPARAM_MIP_Strategy_NodeSelect=1;CPXPARAM_MIP_Strategy_Order=1;CPXPARAM_MIP_Strategy_PresolveNode=0;CPXPARAM_MIP_Strategy_Probe=-1;CPXPARAM_MIP_Strategy_RINSHeur=0;CPXPARAM_MIP_Strategy_StartAlgorithm=0;CPXPARAM_MIP_Strategy_SubAlgorithm=0;CPXPARAM_MIP_Strategy_VariableSelect=3;CPXPARAM_Network_NetFind=2;CPXPARAM_Network_Pricing=0;CPXPARAM_Parallel=1;CPXPARAM_Preprocessing_Aggregator=-1;CPXPARAM_Preprocessing_BoundStrength=-1;CPXPARAM_Preprocessing_CoeffReduce=-1;CPXPARAM_Preprocessing_Dependency=-1;CPXPARAM_Preprocessing_Dual=0;CPXPARAM_Preprocessing_Fill=10;CPXPARAM_Preprocessing_NumPass=-1;CPXPARAM_Preprocessing_Presolve=1;CPXPARAM_Preprocessing_QPMakePSD=1;CPXPARAM_Preprocessing_Reduce=3;CPXPARAM_Preprocessing_Relax=-1;CPXPARAM_Preprocessing_RepeatPresolve=-1;CPXPARAM_Preprocessing_Symmetry=-1;CPXPARAM_Read_Scale=0;CPXPARAM_Sifting_Algorithm=0;CPXPARAM_Simplex_Crash=1;CPXPARAM_Simplex_DGradient=0;CPXPARAM_Simplex_Limits_Perturbation=0;CPXPARAM_Simplex_Limits_Singularity=10;CPXPARAM_Simplex_PGradient=0;CPXPARAM_Simplex_Pricing=0;CPXPARAM_Simplex_Refactor=0
7681256530111316019,0,CPXPARAM_Advance=1;CPXPARAM_Barrier_Algorithm=0;CPXPARAM_Barrier_ColNonzeros=0;CPXPARAM_Barrier_Crossover=0;CPXPARAM_Barrier_Limits_Corrections=-1;CPXPARAM_Barrier_Ordering=0;CPXPARAM_Barrier_StartAlg=1;CPXPARAM_Emphasis_MIP=4;CPXPARAM_Emphasis_Memory=0;CPXPARAM_Emphasis_Numerical=0;CPXPARAM_Feasopt_Mode=0;CPXPARAM_LPMethod=0;CPXPARAM_MIP_Cuts_Cliques=-1;CPXPARAM_MIP_Cuts_Covers=0;CPXPARAM_MIP_Cuts_Disjunctive=-1;CPXPARAM_MIP_Cuts_FlowCovers=1;CPXPARAM_MIP_Cuts_GUBCovers=0;CPXPARAM_MIP_Cuts_Gomory=0;CPXPARAM_MIP_Cuts_Implied=0;CPXPARAM_MIP_Cuts_MIRCut=2;CPXPARAM_MIP_Cuts_PathCut=-1;CPXPARAM_MIP_Limits_AggForCut=3;CPXPARAM_MIP_Limits_CutPasses=0;CPXPARAM_MIP_Limits_CutsFactor=-1;CPXPARAM_MIP_Limits_GomoryCand=150;CPXPARAM_MIP_Limits_GomoryPass=0;CPXPARAM_MIP_Limits_Nodes=9223372036800000000;CPXPARAM_MIP_Limits_ProbeTime=1e+75;CPXPARAM_MIP_Limits_RepairTries=0;CPXPARAM_MIP_Limits_StrongCand=10;CPXPARAM_MIP_Limits_StrongIt=0;CPXPARAM_MIP_OrderType=0;CPXPARAM_MIP_Strategy_BBInterval=7;CPXPARAM_MIP_Strategy_Branch=0;CPXPARAM_MIP_Strategy_Dive=0;CPXPARAM_MIP_Strategy_File=1;CPXPARAM_MIP_Strategy_HeuristicFreq=0;CPXPARAM_MIP_Strategy_LBHeur=0;CPXPARAM_MIP_Strategy_NodeSelect=1;CPXPARAM_MIP_Strategy_Order=1;CPXPARAM_MIP_Strategy_PresolveNode=0;CPXPARAM_MIP_Strategy_Probe=-1;CPXPARAM_MIP_Strategy_RINSHeur=0;CPXPARAM_MIP_Strategy_StartAlgorithm=0;CPXPARAM_MIP_Strategy_SubAlgorithm=0;CPXPARAM_MIP_Strategy_VariableSelect=0;CPXPARAM_Network_NetFind=2;CPXPARAM_Network_Pricing=0;CPXPARAM_Parallel=1;CPXPARAM_Preprocessing_Aggregator=-1;CPXPARAM_Preprocessing_BoundStrength=-1;CPXPARAM_Preprocessing_CoeffReduce=-1;CPXPARAM_Preprocessing_Dependency=-1;CPXPARAM_Preprocessing_Dual=0;CPXPARAM_Preprocessing_Fill=10;CPXPARAM_Preprocessing_NumPass=-1;CPXPARAM_Preprocessing_Presolve=0;CPXPARAM_Preprocessing_QPMakePSD=1;CPXPARAM_Preprocessing_Reduce=3;CPXPARAM_Preprocessing_Relax=-1;CPXPARAM_Preprocessing_RepeatPresolve=-1;CPXPARAM_Preprocessing_Symmetry=-1;CPXPARAM_Read_Scale=0;CPXPARAM_Sifting_Algorithm=0;CPXPARAM_Simplex_Crash=1;CPXPARAM_Simplex_DGradient=0;CPXPARAM_Simplex_Limits_Perturbation=0;CPXPARAM_Simplex_Limits_Singularity=10;CPXPARAM_Simplex_PGradient=0;CPXPARAM_Simplex_Pricing=0;CPXPARAM_Simplex_Refactor=0
16465413057076613835,0,CPXPARAM_Advance=1;CPXPARAM_Barrier_Algorithm=0;CPXPARAM_Barrier_ColNonzeros=0;CPXPARAM_Barrier_Crossover=0;CPXPARAM_Barrier_Limits_Corrections=-1;CPXPARAM_Barrier_Ordering=0;CPXPARAM_Barrier_StartAlg=1;CPXPARAM_Emphasis_MIP=4;CPXPARAM_Emphasis_Memory=0;CPXPARAM_Emphasis_Numerical=0;CPXPARAM_Feasopt_Mode=0;CPXPARAM_LPMethod=0;CPXPARAM_MIP_Cuts_Cliques=-1;CPXPARAM_MIP_Cuts_Covers=0;CPXPARAM_MIP_Cuts_Disjunctive=-1;CPXPARAM_MIP_Cuts_FlowCovers=1;CPXPARAM_MIP_Cuts_GUBCovers=0;CPXPARAM_MIP_Cuts_Gomory=0;CPXPARAM_MIP_Cuts_Implied=2;CPXPARAM_MIP_Cuts_MIRCut=2;CPXPARAM_MIP_Cuts_PathCut=-1;CPXPARAM_MIP_Limits_AggForCut=3;CPXPARAM_MIP_Limits_CutPasses=0;CPXPARAM_MIP_Limits_CutsFactor=-1;CPXPARAM_MIP_Limits_GomoryCand=150;CPXPARAM_MIP_Limits_GomoryPass=0;CPXPARAM_MIP_Limits_Nodes=9223372036800000000;CPXPARAM_MIP_Limits_ProbeTime=1e+75;CPXPARAM_MIP_Limits_RepairTries=0;CPXPARAM_MIP_Limits_StrongCand=10;CPXPARAM_MIP_Limits_StrongIt=0;CPXPARAM_MIP_OrderType=0;CPXPARAM_MIP_Strategy_BBInterval=7;CPXPARAM_MIP_Strategy_Branch=0;CPXPARAM_MIP_Strategy_Dive=0;CPXPARAM_MIP_Strategy_File=1;CPXPARAM_MIP_Strategy_HeuristicFreq=0;CPXPARAM_MIP_Strategy_LBHeur=0;CPXPARAM_MIP_Strategy_NodeSelect=1;CPXPARAM_MIP_Strategy_Order=1;CPXPARAM_MIP_Strategy_PresolveNode=0;CPXPARAM_MIP_Strategy_Probe=-1;CPXPARAM_MIP_Strategy_RINSHeur=0;CPXPARAM_MIP_Strategy_StartAlgorithm=0;CPXPARAM_MIP_Strategy_SubAlgorithm=0;CPXPARAM_MIP_Strategy_VariableSelect=0;CPXPARAM_Network_NetFind=2;CPXPARAM_Network_Pricing=0;CPXPARAM_Parallel=1;CPXPARAM_Preprocessing_Aggregator=-1;CPXPARAM_Preprocessing_BoundStrength=-1;CPXPARAM_Preprocessing_CoeffReduce=-1;CPXPARAM_Preprocessing_Dependency=-1;CPXPARAM_Preprocessing_Dual=0;CPXPARAM_Preprocessing_Fill=10;CPXPARAM_Preprocessing_NumPass=-1;CPXPARAM_Preprocessing_Presolve=1;CPXPARAM_Preprocessing_QPMakePSD=1;CPXPARAM_Preprocessing_Reduce=3;CPXPARAM_Preprocessing_Relax=-1;CPXPARAM_Preprocessing_RepeatPresolve=-1;CPXPARAM_Preprocessing_Symmetry=-1;CPXPARAM_Read_Scale=0;CPXPARAM_Sifting_Algorithm=0;CPXPARAM_Simplex_Crash=1;CPXPARAM_Simplex_DGradient=0;CPXPARAM_Simplex_Limits_Perturbation=0;CPXPARAM_Simplex_Limits_Singularity=10;CPXPARAM_Simplex_PGradient=0;CPXPARAM_Simplex_Pricing=0;CPXPARAM_Simplex_Refactor=0
3416057807743340713,0,CPXPARAM_Advance=1;CPXPARAM_Barrier_Algorithm=0;CPXPARAM_Barrier_ColNonzeros=0;CPXPARAM_Barrier_Crossover=0;CPXPARAM_Barrier_Limits_Corrections=-1;CPXPARAM_Barrier_Ordering=0;CPXPARAM_Barrier_StartAlg=1;CPXPARAM_Emphasis_MIP=4;CPXPARAM_Emphasis_Memory=0;CPXPARAM_Emphasis_Numerical=0;CPXPARAM_Feasopt_Mode=0;CPXPARAM_LPMethod=0;CPXPARAM_MIP_Cuts_Cliques=-1;CPXPARAM_MIP_Cuts_Covers=0;CPXPARAM_MIP_Cuts_Disjunctive=-1;CPXPARAM_MIP_Cuts_FlowCovers=1;CPXPARAM_MIP_Cuts_GUBCovers=0;CPXPARAM_MIP_Cuts_Gomory=0;CPXPARAM_MIP_Cuts_Implied=0;CPXPARAM_MIP_Cuts_MIRCut=2;CPXPARAM_MIP_Cuts_PathCut=-1;CPXPARAM_MIP_Limits_AggForCut=3;CPXPARAM_MIP_Limits_CutPasses=0;CPXPARAM_MIP_Limits_CutsFactor=-1;CPXPARAM_MIP_Limits_GomoryCand=150;CPXPARAM_MIP_Limits_GomoryPass=0;CPXPARAM_MIP_Limits_Nodes=9223372036800000000;CPXPARAM_MIP_Limits_ProbeTime=1e+75;CPXPARAM_MIP_Limits_RepairTries=0;CPXPARAM_MIP_Limits_StrongCand=10;CPXPARAM_MIP_Limits_StrongIt=0;CPXPARAM_MIP_OrderType=0;CPXPARAM_MIP_Strategy_BBInterval=7;CPXPARAM_MIP_Strategy_Branch=0;CPXPARAM_MIP_Strategy_Dive=0;CPXPARAM_MIP_Strategy_File=1;CPXPARAM_MIP_Strategy_HeuristicFreq=0;CPXPARAM_MIP_Strategy_LBHeur=0;CPXPARAM_MIP_Strategy_NodeSelect=1;CPXPARAM_MIP_Strategy_Order=1;CPXPARAM_MIP_Strategy_PresolveNode=0;CPXPARAM_MIP_Strategy_Probe=-1;CPXPARAM_MIP_Strategy_RINSHeur=200;CPXPARAM_MIP_Strategy_StartAlgorithm=0;CPXPARAM_MIP_Strategy_SubAlgorithm=0;CPXPARAM_MIP_Strategy_VariableSelect=0;CPXPARAM_Network_NetFind=2;CPXPARAM_Network_Pricing=0;CPXPARAM_Parallel=1;CPXPARAM_Preprocessing_Aggregator=-1;CPXPARAM_Preprocessing_BoundStrength=-1;CPXPARAM_Preprocessing_CoeffReduce=-1;CPXPARAM_Preprocessing_Dependency=-1;CPXPARAM_Preprocessing_Dual=0;CPXPARAM_Preprocessing_Fill=10;CPXPARAM_Preprocessing_NumPass=-1;CPXPARAM_Preprocessing_Presolve=1;CPXPARAM_Preprocessing_QPMakePSD=1;CPXPARAM_Preprocessing_Reduce=3;CPXPARAM_Preprocessing_Relax=-1;CPXPARAM_Preprocessing_RepeatPresolve=-1;CPXPARAM_Preprocessing_Symmetry=-1;CPXPARAM_Read_Scale=0;CPXPARAM_Sifting_Algorithm=0;CPXPARAM_Simplex_Crash=1;CPXPARAM_Simplex_DGradient=0;CPXPARAM_Simplex_Limits_Perturbation=0;CPXPARAM_Simplex_Limits_Singularity=10;CPXPARAM_Simplex_PGradient=0;CPXPARAM_Simplex_Pricing=0;CPXPARAM_Simplex_Refactor=0
4009726019070071404,0,CPXPARAM_Advance=1;CPXPARAM_Barrier_Algorithm=0;CPXPARAM_Barrier_ColNonzeros=0;CPXPARAM_Barrier_Crossover=0;CPXPARAM_Barrier_Limits_Corrections=-1;CPXPARAM_Barrier_Ordering=0;CPXPARAM_Barrier_StartAlg=1;CPXPARAM_Emphasis_MIP=4;CPXPARAM_Emphasis_Memory=0;CPXPARAM_Emphasis_Numerical=0;CPXPARAM_Feasopt_Mode=0;CPXPARAM_LPMethod=0;CPXPARAM_MIP_Cuts_Cliques=-1;CPXPARAM_MIP_Cuts_Covers=0;CPXPARAM_MIP_Cuts_Disjunctive=-1;CPXPARAM_MIP_Cuts_FlowCovers=1;CPXPARAM_MIP_Cuts_GUBCovers=0;CPXPARAM_MIP_Cuts_Gomory=0;CPXPARAM_MIP_Cuts_Implied=0;CPXPARAM_MIP_Cuts_MIRCut=2;CPXPARAM_MIP_Cuts_PathCut=-1;CPXPARAM_MIP_Limits_AggForCut=1;CPXPARAM_MIP_Limits_CutPasses=0;CPXPARAM_MIP_Limits_CutsFactor=-1;CPXPARAM_MIP_Limits_GomoryCand=150;CPXPARAM_MIP_Limits_GomoryPass=0;CPXPARAM_MIP_Limits_Nodes=9223372036800000000;CPXPARAM_MIP_Limits_ProbeTime=1e+75;CPXPARAM_MIP_Limits_RepairTries=0;CPXPARAM_MIP_Limits_StrongCand=10;CPXPARAM_MIP_Limits_StrongIt=0;CPXPARAM_MIP_OrderType=0;CPXPARAM_MIP_Strategy_BBInterval=7;CPXPARAM_MIP_Strategy_Branch=0;CPXPARAM_MIP_Strategy_Dive=0;CPXPARAM_MIP_Strategy_File=1;CPXPARAM_MIP_Strategy_HeuristicFreq=0;CPXPARAM_MIP_Strategy_LBHeur=0;CPXPARAM_MIP_Strategy_NodeSelect=1;CPXPARAM_MIP_Strategy_Order=1;CPXPARAM_MIP_Strategy_PresolveNode=0;CPXPARAM_MIP_Strategy_Probe=-1;CPXPARAM_MIP_Strategy_RINSHeur=0;CPXPARAM_MIP_Strategy_StartAlgorithm=0;CPXPARAM_MIP_Strategy_SubAlgorithm=0;CPXPARAM_MIP_Strategy_VariableSelect=0;CPXPARAM_Network_NetFind=2;CPXPARAM_Network_Pricing=0;CPXPARAM_Parallel=1;CPXPARAM_Preprocessing_Aggregator=-1;CPXPARAM_Preprocessing_BoundStrength=-1;CPXPARAM_Preprocessing_CoeffReduce=-1;CPXPARAM_Preprocessing_Dependency=-1;CPXPARAM_Preprocessing_Dual=0;CPXPARAM_Preprocessing_Fill=10;CPXPARAM_Preprocessing_NumPass=-1;CPXPARAM_Preprocessing_Presolve=1;CPXPARAM_Preprocessing_QPMakePSD=1;CPXPARAM_Preprocessing_Reduce=3;CPXPARAM_Preprocessing_Relax=-1;CPXPARAM_Preprocessing_RepeatPresolve=-1;CPXPARAM_Preprocessing_Symmetry=-1;CPXPARAM_Read_Scale=0;CPXPARAM_Sifting_Algorithm=0;CPXPARAM_Simplex_Crash=1;CPXPARAM_Simplex_DGradient=0;CPXPARAM_Simplex_Limits_Perturbation=0;CPXPARAM_Simplex_Limits_Singularity=10;CPXPARAM_Simplex_PGradient=0;CPXPARAM_Simplex_Pricing=0;CPXPARAM_Simplex_Refactor=0
4537758682400076017,0,CPXPARAM_Advance=1;CPXPARAM_Barrier_Algorithm=0;CPXPARAM_Barrier_ColNonzeros=0;CPXPARAM_Barrier_Crossover=0;CPXPARAM_Barrier_Limits_Corrections=-1;CPXPARAM_Barrier_Ordering=0;CPXPARAM_Barrier_StartAlg=1;CPXPARAM_Emphasis_MIP=4;CPXPARAM_Emphasis_Memory=0;CPXPARAM_Emphasis_Numerical=0;CPXPARAM_Feasopt_Mode=0;CPXPARAM_LPMethod=0;CPXPARAM_MIP_Cuts_Cliques=-1;CPXPARAM_MIP_Cuts_Covers=0;CPXPARAM_MIP_Cuts_Disjunctive=-1;CPXPARAM_MIP_Cuts_FlowCovers=1;CPXPARAM_MIP_Cuts_GUBCovers=0;CPXPARAM_MIP_Cuts_Gomory=0;CPXPARAM_MIP_Cuts_Implied=0;CPXPARAM_MIP_Cuts_MIRCut=2;CPXPARAM_MIP_Cuts_PathCut=-1;CPXPARAM_MIP_Limits_AggForCut=3;CPXPARAM_MIP_Limits_CutPasses=0;CPXPARAM_MIP_Limits_CutsFactor=-1;CPXPARAM_MIP_Limits_GomoryCand=150;CPXPARAM_MIP_Limits_GomoryPass=0;CPXPARAM_MIP_Limits_Nodes=9223372036800000000;CPXPARAM_MIP_Limits_ProbeTime=1e+75;CPXPARAM_MIP_Limits_RepairTries=0;CPXPARAM_MIP_Limits_StrongCand=10;CPXPARAM_MIP_Limits_StrongIt=0;CPXPARAM_MIP_OrderType=0;CPXPARAM_MIP_Strategy_BBInterval=30;CPXPARAM_MIP_Strategy_Branch=0;CPXPARAM_MIP_Strategy_Dive=0;CPXPARAM_MIP_Strategy_File=1;CPXPARAM_MIP_Strategy_HeuristicFreq=0;CPXPARAM_MIP_Strategy_LBHeur=0;CPXPARAM_MIP_Strategy_NodeSelect=1;CPXPARAM_MIP_Strategy_Order=1;CPXPARAM_MIP_Strategy_PresolveNode=0;CPXPARAM_MIP_Strategy_Probe=-1;CPXPARAM_MIP_Strategy_RINSHeur=0;CPXPARAM_MIP_Strategy_StartAlgorithm=0;CPXPARAM_MIP_Strategy_SubAlgorithm=0;CPXPARAM_MIP_Strategy_VariableSelect=0;CPXPARAM_Network_NetFind=2;CPXPARAM_Network_Pricing=0;CPXPARAM_Parallel=1;CPXPARAM_Preprocessing_Aggregator=-1;CPXPARAM_Preprocessing_BoundStrength=-1;CPXPARAM_Preprocessing_CoeffReduce=-1;CPXPARAM_Preprocessing_Dependency=-1;CPXPARAM_Preprocessing_Dual=0;CPXPARAM_Preprocessing_Fill=10;CPXPARAM_Preprocessing_NumPass=-1;CPXPARAM_Preprocessing_Presolve=1;CPXPARAM_Preprocessing_QPMakePSD=1;CPXPARAM_Preprocessing_Reduce=3;CPXPARAM_Preprocessing_Relax=-1;CPXPARAM_Preprocessing_RepeatPresolve=-1;CPXPARAM_Preprocessing_Symmetry=-1;CPXPARAM_Read_Scale=0;CPXPARAM_Sifting_Algorithm=0;CPXPARAM_Simplex_Crash=1;CPXPARAM_Simplex_DGradient=0;CPXPARAM_Simplex_Limits_Perturbation=0;CPXPARAM_Simplex_Limits_Singularity=10;CPXPARAM_Simplex_PGradient=0;CPXPARAM_Simplex_Pricing=0;CPXPARAM_Simplex_Refactor=0
14921508010286178949,0,CPXPARAM_Advance=1;CPXPARAM_Barrier_Algorithm=0;CPXPARAM_Barrier_ColNonzeros=0;CPXPARAM_Barrier_Crossover=0;CPXPARAM_Barrier_Limits_Corrections=-1;CPXPARAM_Barrier_Ordering=0;CPXPARAM_Barrier_StartAlg=1;CPXPARAM_Emphasis_MIP=0;CPXPARAM_Emphasis_Memory=0;CPXPARAM_Emphasis_Numerical=0;CPXPARAM_Feasopt_Mode=0;CPXPARAM_LPMethod=0;CPXPARAM_MIP_Cuts_Cliques=0;CPXPARAM_MIP_Cuts_Covers=0;CPXPARAM_MIP_Cuts_Disjunctive=0;CPXPARAM_MIP_Cuts_FlowCovers=0;CPXPARAM_MIP_Cuts_GUBCovers=0;CPXPARAM_MIP_Cuts_Gomory=0;CPXPARAM_MIP_Cuts_Implied=0;CPXPARAM_MIP_Cuts_MIRCut=0;CPXPARAM_MIP_Cuts_PathCut=0;CPXPARAM_MIP_Limits_AggForCut=3;CPXPARAM_MIP_Limits_CutPasses=0;CPXPARAM_MIP_Limits_CutsFactor=-1;CPXPARAM_MIP_Limits_GomoryCand=200;CPXPARAM_MIP_Limits_GomoryPass=0;CPXPARAM_MIP_Limits_Nodes=9223372036800000000;CPXPARAM_MIP_Limits_ProbeTime=1e+75;CPXPARAM_MIP_Limits_RepairTries=0;CPXPARAM_MIP_Limits_StrongCand=10;CPXPARAM_MIP_Limits_StrongIt=0;CPXPARAM_MIP_OrderType=0;CPXPARAM_MIP_Strategy_BBInterval=7;CPXPARAM_MIP_Strategy_Branch=0;CPXPARAM_MIP_Strategy_Dive=0;CPXPARAM_MIP_Strategy_File=1;CPXPARAM_MIP_Strategy_HeuristicFreq=0;CPXPARAM_MIP_Strategy_LBHeur=0;CPXPARAM_MIP_Strategy_NodeSelect=1;CPXPARAM_MIP_Strategy_Order=1;CPXPARAM_MIP_Strategy_PresolveNode=0;CPXPARAM_MIP_Strategy_Probe=0;CPXPARAM_MIP_Strategy_RINSHeur=0;CPXPARAM_MIP_Strategy_StartAlgorithm=0;CPXPARAM_MIP_Strategy_SubAlgorithm=0;CPXPARAM_MIP_Strategy_VariableSelect=0;CPXPARAM_Network_NetFind=2;CPXPARAM_Network_Pricing=0;CPXPARAM_Parallel=1;CPXPARAM_Preprocessing_Aggregator=-1;CPXPARAM_Preprocessing_BoundStrength=-1;CPXPARAM_Preprocessing_CoeffReduce=-1;CPXPARAM_Preprocessing_Dependency=-1;CPXPARAM_Preprocessing_Dual=0;CPXPARAM_Preprocessing_Fill=10;CPXPARAM_Preprocessing_NumPass=-1;CPXPARAM_Preprocessing_Presolve=1;CPXPARAM_Preprocessing_QPMakePSD=1;CPXPARAM_Preprocessing_Reduce=3;CPXPARAM_Preprocessing_Relax=-1;CPXPARAM_Preprocessing_RepeatPresolve=-1;CPXPARAM_Preprocessing_Symmetry=-1;CPXPARAM_Read_Scale=0;CPXPARAM_Sifting_Algorithm=0;CPXPARAM_Simplex_Crash=1;CPXPARAM_Simplex_DGradient=0;CPXPARAM_Simplex_Limits_Perturbation=0;CPXPARAM_Simplex_Limits_Singularity=10;CPXPARAM_Simplex_PGradient=0;CPXPARAM_Simplex_Pricing=0;CPXPARAM_Simplex_Refactor=0
1481349006534420243,0,CPXPARAM_Advance=1;CPXPARAM_Barrier_Algorithm=0;CPXPARAM_Barrier_ColNonzeros=0;CPXPARAM_Barrier_Crossover=0;CPXPARAM_Barrier_Limits_Corrections=-1;CPXPARAM_Barrier_Ordering=0;CPXPARAM_Barrier_StartAlg=2;CPXPARAM_Emphasis_MIP=4;CPXPARAM_Emphasis_Memory=0;CPXPARAM_Emphasis_Numerical=0;CPXPARAM_Feasopt_Mode=0;CPXPARAM_LPMethod=0;CPXPARAM_MIP_Cuts_Cliques=-1;CPXPARAM_MIP_Cuts_Covers=0;CPXPARAM_MIP_Cuts_Disjunctive=-1;CPXPARAM_MIP_Cuts_FlowCovers=1;CPXPARAM_MIP_Cuts_GUBCovers=0;CPXPARAM_MIP_Cuts_Gomory=0;CPXPARAM_MIP_Cuts_Implied=0;CPXPARAM_MIP_Cuts_MIRCut=2;CPXPARAM_MIP_Cuts_PathCut=-1;CPXPARAM_MIP_Limits_AggForCut=3;CPXPARAM_MIP_Limits_CutPasses=0;CPXPARAM_MIP_Limits_CutsFactor=-1;CPXPARAM_MIP_Limits_GomoryCand=150;CPXPARAM_MIP_Limits_GomoryPass=0;CPXPARAM_MIP_Limits_Nodes=9223372036800000000;CPXPARAM_MIP_Limits_ProbeTime=1e+75;CPXPARAM_MIP_Limits_RepairTries=0;CPXPARAM_MIP_Limits_StrongCand=10;CPXPARAM_MIP_Limits_StrongIt=0;CPXPARAM_MIP_OrderType=0;CPXPARAM_MIP_Strategy_BBInterval=7;CPXPARAM_MIP_Strategy_Branch=0;CPXPARAM_MIP_Strategy_Dive=0;CPXPARAM_MIP_Strategy_File=1;CPXPARAM_MIP_Strategy_HeuristicFreq=0;CPXPARAM_MIP_Strategy_LBHeur=0;CPXPARAM_MIP_Strategy_NodeSelect=1;CPXPARAM_MIP_Strategy_Order=1;CPXPARAM_MIP_Strategy_PresolveNode=0;CPXPARAM_MIP_Strategy_Probe=-1;CPXPARAM_MIP_Strategy_RINSHeur=0;CPXPARAM_MIP_Strategy_StartAlgorithm=0;CPXPARAM_MIP_Strategy_SubAlgorithm=0;CPXPARAM_MIP_Strategy_VariableSelect=0;CPXPARAM_Network_NetFind=2;CPXPARAM_Network_Pricing=0;CPXPARAM_Parallel=1;CPXPARAM_Preprocessing_Aggregator=-1;CPXPARAM_Preprocessing_BoundStrength=-1;CPXPARAM_Preprocessing_CoeffReduce=-1;CPXPARAM_Preprocessing_Dependency=-1;CPXPARAM_Preprocessing_Dual=0;CPXPARAM_Preprocessing_Fill=10;CPXPARAM_Preprocessing_NumPass=-1;CPXPARAM_Preprocessing_Presolve=1;CPXPARAM_Preprocessing_QPMakePSD=1;CPXPARAM_Preprocessing_Reduce=3;CPXPARAM_Preprocessing_Relax=-1;CPXPARAM_Preprocessing_RepeatPresolve=-1;CPXPARAM_Preprocessing_Symmetry=-1;CPXPARAM_Read_Scale=0;CPXPARAM_Sifting_Algorithm=0;CPXPARAM_Simplex_Crash=1;CPXPARAM_Simplex_DGradient=0;CPXPARAM_Simplex_Limits_Perturbation=0;CPXPARAM_Simplex_Limits_Singularity=10;CPXPARAM_Simplex_PGradient=0;CPXPARAM_Simplex_Pricing=0;CPXPARAM_Simplex_Refactor=0
4743122269201164085,0,CPXPARAM_Advance=1;CPXPARAM_Barrier_Algorithm=0;CPXPARAM_Barrier_ColNonzeros=0;CPXPARAM_Barrier_Crossover=0;CPXPARAM_Barrier_Limits_Corrections=-1;CPXPARAM_Barrier_Ordering=0;CPXPARAM_Barrier_StartAlg=1;CPXPARAM_Emphasis_MIP=4;CPXPARAM_Emphasis_Memory=0;CPXPARAM_Emphasis_Numerical=0;CPXPARAM_Feasopt_Mode=0;CPXPARAM_LPMethod=0;CPXPARAM_MIP_Cuts_Cliques=-1;CPXPARAM_MIP_Cuts_Covers=0;CPXPARAM_MIP_Cuts_Disjunctive=-1;CPXPARAM_MIP_Cuts_FlowCovers=1;CPXPARAM_MIP_Cuts_GUBCovers=0;CPXPARAM_MIP_Cuts_Gomory=0;CPXPARAM_MIP_Cuts_Implied=0;CPXPARAM_MIP_Cuts_MIRCut=2;CPXPARAM_MIP_Cuts_PathCut=-1;CPXPARAM_MIP_Limits_AggForCut=3;CPXPARAM_MIP_Limits_CutPasses=0;CPXPARAM_MIP_Limits_CutsFactor=-1;CPXPARAM_MIP_Limits_GomoryCand=150;CPXPARAM_MIP_Limits_GomoryPass=0;CPXPARAM_MIP_Limits_Nodes=9223372036800000000;CPXPARAM_MIP_Limits_ProbeTime=1e+75;CPXPARAM_MIP_Limits_RepairTries=0;CPXPARAM_MIP_Limits_StrongCand=10;CPXPARAM_MIP_Limits_StrongIt=0;CPXPARAM_MIP_OrderType=0;CPXPARAM_MIP_Strategy_BBInterval=7;CPXPARAM_MIP_Strategy_Branch=0;CPXPARAM_MIP_Strategy_Dive=0;CPXPARAM_MIP_Strategy_File=1;CPXPARAM_MIP_Strategy_HeuristicFreq=0;CPXPARAM_MIP_Strategy_LBHeur=0;CPXPARAM_MIP_Strategy_NodeSelect=1;CPXPARAM_MIP_Strategy_Order=1;CPXPARAM_MIP_Strategy_PresolveNode=0;CPXPARAM_MIP_Strategy_Probe=-1;CPXPARAM_MIP_Strategy_RINSHeur=0;CPXPARAM_MIP_Strategy_StartAlgorithm=0;CPXPARAM_MIP_Strategy_SubAlgorithm=0;CPXPARAM_MIP_Strategy_VariableSelect=0;CPXPARAM_Network_NetFind=2;CPXPARAM_Network_Pricing=0;CPXPARAM_Parallel=1;CPXPARAM_Preprocessing_Aggregator=-1;CPXPARAM_Preprocessing_BoundStrength=-1;CPXPARAM_Preprocessing_CoeffReduce=-1;CPXPARAM_Preprocessing_Dependency=-1;CPXPARAM_Preprocessing_Dual=0;CPXPARAM_Preprocessing_Fill=10;CPXPARAM_Preprocessing_NumPass=-1;CPXPARAM_Preprocessing_Presolve=1;CPXPARAM_Preprocessing_QPMakePSD=1;CPXPARAM_Preprocessing_Reduce=3;CPXPARAM_Preprocessing_Relax=-1;CPXPARAM_Preprocessing_RepeatPresolve=-1;CPXPARAM_Preprocessing_Symmetry=5;CPXPARAM_Read_Scale=0;CPXPARAM_Sifting_Algorithm=0;CPXPARAM_Simplex_Crash=1;CPXPARAM_Simplex_DGradient=0;CPXPARAM_Simplex_Limits_Perturbation=0;CPXPARAM_Simplex_Limits_Singularity=10;CPXPARAM_Simplex_PGradient=0;CPXPARAM_Simplex_Pricing=0;CPXPARAM_Simplex_Refactor=0
12201655177745633545,0,CPXPARAM_Advance=1;CPXPARAM_Barrier_Algorithm=0;CPXPARAM_Barrier_ColNonzeros=0;CPXPARAM_Barrier_Crossover=0;CPXPARAM_Barrier_Limits_Corrections=-1;CPXPARAM_Barrier_Ordering=0;CPXPARAM_Barrier_StartAlg=1;CPXPARAM_Emphasis_MIP=4;CPXPARAM_Emphasis_Memory=0;CPXPARAM_Emphasis_Numerical=0;CPXPARAM_Feasopt_Mode=0;CPXPARAM_LPMethod=0;CPXPARAM_MIP_Cuts_Cliques=-1;CPXPARAM_MIP_Cuts_Covers=0;CPXPARAM_MIP_Cuts_Disjunctive=-1;CPXPARAM_MIP_Cuts_FlowCovers=1;CPXPARAM_MIP_Cuts_GUBCovers=0;CPXPARAM_MIP_Cuts_Gomory=0;CPXPARAM_MIP_Cuts_Implied=0;CPXPARAM_MIP_Cuts_MIRCut=2;CPXPARAM_MIP_Cuts_PathCut=-1;CPXPARAM_MIP_Limits_AggForCut=3;CPXPARAM_MIP_Limits_CutPasses=0;CPXPARAM_MIP_Limits_CutsFactor=-1;CPXPARAM_MIP_Limits_GomoryCand=150;CPXPARAM_MIP_Limits_GomoryPass=0;CPXPARAM_MIP_Limits_Nodes=9223372036800000000;CPXPARAM_MIP_Limits_ProbeTime=1e+75;CPXPARAM_MIP_Limits_RepairTries=0;CPXPARAM_MIP_Limits_StrongCand=10;CPXPARAM_MIP_Limits_StrongIt=0;CPXPARAM_MIP_OrderType=0;CPXPARAM_MIP_Strategy_BBInterval=7;CPXPARAM_MIP_Strategy_Branch=0;CPXPARAM_MIP_Strategy_Dive=0;CPXPARAM_MIP_Strategy_File=1;CPXPARAM_MIP_Strategy_HeuristicFreq=0;CPXPARAM_MIP_Strategy_LBHeur=0;CPXPARAM_MIP_Strategy_NodeSelect=1;CPXPARAM_MIP_Strategy_Order=1;CPXPARAM_MIP_Strategy_PresolveNode=0;CPXPARAM_MIP_Strategy_Probe=-1;CPXPARAM_MIP_Strategy_RINSHeur=0;CPXPARAM_MIP_Strategy_StartAlgorithm=0;CPXPARAM_MIP_Strategy_SubAlgorithm=0;CPXPARAM_MIP_Strategy_VariableSelect=0;CPXPARAM_Network_NetFind=2;CPXPARAM_Network_Pricing=0;CPXPARAM_Parallel=1;CPXPARAM_Preprocessing_Aggregator=-1;CPXPARAM_Preprocessing_BoundStrength=-1;CPXPARAM_Preprocessing_CoeffReduce=-1;CPXPARAM_Preprocessing_Dependency=-1;CPXPARAM_Preprocessing_Dual=-1;CPXPARAM_Preprocessing_Fill=10;CPXPARAM_Preprocessing_NumPass=-1;CPXPARAM_Preprocessing_Presolve=1;CPXPARAM_Preprocessing_QPMakePSD=1;CPXPARAM_Preprocessing_Reduce=3;CPXPARAM_Preprocessing_Relax=-1;CPXPARAM_Preprocessing_RepeatPresolve=-1;CPXPARAM_Preprocessing_Symmetry=-1;CPXPARAM_Read_Scale=0;CPXPARAM_Sifting_Algorithm=0;CPXPARAM_Simplex_Crash=1;CPXPARAM_Simplex_DGradient=0;CPXPARAM_Simplex_Limits_Perturbation=0;CPXPARAM_Simplex_Limits_Singularity=10;CPXPARAM_Simplex_PGradient=0;CPXPARAM_Simplex_Pricing=0;CPXPARAM_Simplex_Refactor=0
15291830121337745706,0,CPXPARAM_Advance=1;CPXPARAM_Barrier_Algorithm=0;CPXPARAM_Barrier_ColNonzeros=0;CPXPARAM_Barrier_Crossover=0;CPXPARAM_Barrier_Limits_Corrections=-1;CPXPARAM_Barrier_Ordering=0;CPXPARAM_Barrier_StartAlg=1;CPXPARAM_Emphasis_MIP=4;CPXPARAM_Emphasis_Memory=0;CPXPARAM_Emphasis_Numerical=0;CPXPARAM_Feasopt_Mode=0;CPXPARAM_LPMethod=0;CPXPARAM_MIP_Cuts_Cliques=-1;CPXPARAM_MIP_Cuts_Covers=0;CPXPARAM_MIP_Cuts_Disjunctive=-1;CPXPARAM_MIP_Cuts_FlowCovers=1;CPXPARAM_MIP_Cuts_GUBCovers=0;CPXPARAM_MIP_Cuts_Gomory=0;CPXPARAM_MIP_Cuts_Implied=0;CPXPARAM_MIP_Cuts_MIRCut=2;CPXPARAM_MIP_Cuts_PathCut=-1;CPXPARAM_MIP_Limits_AggForCut=3;CPXPARAM_MIP_Limits_CutPasses=0;CPXPARAM_MIP_Limits_CutsFactor=-1;CPXPARAM_MIP_Limits_GomoryCand=150;CPXPARAM_MIP_Limits_GomoryPass=0;CPXPARAM_MIP_Limits_Nodes=9223372036800000000;CPXPARAM_MIP_Limits_ProbeTime=1e+75;CPXPARAM_MIP_Limits_RepairTries=0;CPXPARAM_MIP_Limits_StrongCand=10;CPXPARAM_MIP_Limits_StrongIt=0;CPXPARAM_MIP_OrderType=0;CPXPARAM_MIP_Strategy_BBInterval=7;CPXPARAM_MIP_Strategy_Branch=0;CPXPARAM_MIP_Strategy_Dive=0;CPXPARAM_MIP_Strategy_File=1;CPXPARAM_MIP_Strategy_HeuristicFreq=0;CPXPARAM_MIP_Strategy_LBHeur=0;CPXPARAM_MIP_Strategy_NodeSelect=1;CPXPARAM_MIP_Strategy_Order=1;CPXPARAM_MIP_Strategy_PresolveNode=0;CPXPARAM_MIP_Strategy_Probe=-1;CPXPARAM_MIP_Strategy_RINSHeur=0;CPXPARAM_MIP_Strategy_StartAlgorithm=0;CPXPARAM_MIP_Strategy_SubAlgorithm=0;CPXPARAM_MIP_Strategy_VariableSelect=0;CPXPARAM_Network_NetFind=2;CPXPARAM_Network_Pricing=0;CPXPARAM_Parallel=1;CPXPARAM_Preprocessing_Aggregator=-1;CPXPARAM_Preprocessing_BoundStrength=-1;CPXPARAM_Preprocessing_CoeffReduce=-1;CPXPARAM_Preprocessing_Dependency=3;CPXPARAM_Preprocessing_Dual=0;CPXPARAM_Preprocessing_Fill=10;CPXPARAM_Preprocessing_NumPass=-1;CPXPARAM_Preprocessing_Presolve=1;CPXPARAM_Preprocessing_QPMakePSD=0;CPXPARAM_Preprocessing_Reduce=3;CPXPARAM_Preprocessing_Relax=-1;CPXPARAM_Preprocessing_RepeatPresolve=-1;CPXPARAM_Preprocessing_Symmetry=-1;CPXPARAM_Read_Scale=0;CPXPARAM_Sifting_Algorithm=0;CPXPARAM_Simplex_Crash=1;CPXPARAM_Simplex_DGradient=0;CPXPARAM_Simplex_Limits_Perturbation=0;CPXPARAM_Simplex_Limits_Singularity=10;CPXPARAM_Simplex_PGradient=0;CPXPARAM_Simplex_Pricing=0;CPXPARAM_Simplex_Refactor=0
16480746683684993806,0,CPXPARAM_Advance=1;CPXPARAM_Barrier_Algorithm=0;CPXPARAM_Barrier_ColNonzeros=0;CPXPARAM_Barrier_Crossover=0;CPXPARAM_Barrier_Limits_Corrections=-1;CPXPARAM_Barrier_Ordering=0;CPXPARAM_Barrier_StartAlg=1;CPXPARAM_Emphasis_MIP=4;CPXPARAM_Emphasis_Memory=0;CPXPARAM_Emphasis_Numerical=0;CPXPARAM_Feasopt_Mode=0;CPXPARAM_LPMethod=0;CPXPARAM_MIP_Cuts_Cliques=-1;CPXPARAM_MIP_Cuts_Covers=0;CPXPARAM_MIP_Cuts_Disjunctive=-1;CPXPARAM_MIP_Cuts_FlowCovers=1;CPXPARAM_MIP_Cuts_GUBCovers=0;CPXPARAM_MIP_Cuts_Gomory=0;CPXPARAM_MIP_Cuts_Implied=0;CPXPARAM_MIP_Cuts_MIRCut=2;CPXPARAM_MIP_Cuts_PathCut=-1;CPXPARAM_MIP_Limits_AggForCut=3;CPXPARAM_MIP_Limits_CutPasses=0;CPXPARAM_MIP_Limits_CutsFactor=-1;CPXPARAM_MIP_Limits_GomoryCand=150;CPXPARAM_MIP_Limits_GomoryPass=0;CPXPARAM_MIP_Limits_Nodes=9223372036800000000;CPXPARAM_MIP_Limits_ProbeTime=1e+75;CPXPARAM_MIP_Limits_RepairTries=0;CPXPARAM_MIP_Limits_StrongCand=10;CPXPARAM_MIP_Limits_StrongIt=0;CPXPARAM_MIP_OrderType=0;CPXPARAM_MIP_Strategy_BBInterval=7;CPXPARAM_MIP_Strategy_Branch=0;CPXPARAM_MIP_Strategy_Dive=0;CPXPARAM_MIP_Strategy_File=1;CPXPARAM_MIP_Strategy_HeuristicFreq=0;CPXPARAM_MIP_Strategy_LBHeur=0;CPXPARAM_MIP_Strategy_NodeSelect=1;CPXPARAM_MIP_Strategy_Order=1;CPXPARAM_MIP_Strategy_PresolveNode=0;CPXPARAM_MIP_Strategy_Probe=-1;CPXPARAM_MIP_Strategy_RINSHeur=0;CPXPARAM_MIP_Strategy_StartAlgorithm=0;CPXPARAM_MIP_Strategy_SubAlgorithm=0;CPXPARAM_MIP_Strategy_VariableSelect=0;CPXPARAM_Network_NetFind=2;CPXPARAM_Network_Pricing=0;CPXPARAM_Parallel=1;CPXPARAM_Preprocessing_Aggregator=-1;CPXPARAM_Preprocessing_BoundStrength=-1;CPXPARAM_Preprocessing_CoeffReduce=-1;CPXPARAM_Preprocessing_Dependency=3;CPXPARAM_Preprocessing_Dual=0;CPXPARAM_Preprocessing_Fill=10;CPXPARAM_Preprocessing_NumPass=-1;CPXPARAM_Preprocessing_Presolve=1;CPXPARAM_Preprocessing_QPMakePSD=1;CPXPARAM_Preprocessing_Reduce=3;CPXPARAM_Preprocessing_Relax=-1;CPXPARAM_Preprocessing_RepeatPresolve=-1;CPXPARAM_Preprocessing_Symmetry=-1;CPXPARAM_Read_Scale=0;CPXPARAM_Sifting_Algorithm=4;CPXPARAM_Simplex_Crash=1;CPXPARAM_Simplex_DGradient=0;CPXPARAM_Simplex_Limits_Perturbation=0;CPXPARAM_Simplex_Limits_Singularity=10;CPXPARAM_Simplex_PGradient=0;CPXPARAM_Simplex_Pricing=0;CPXPARAM_Simplex_Refactor=0
1091958386330057619,0,CPXPARAM_Advance=1;CPXPARAM_Barrier_Algorithm=0;CPXPARAM_Barrier_ColNonzeros=0;CPXPARAM_Barrier_Crossover=0;CPXPARAM_Barrier_Limits_Corrections=-1;CPXPARAM_Barrier_Ordering=0;CPXPARAM_Barrier_StartAlg=1;CPXPARAM_Emphasis_MIP=4;CPXPARAM_Emphasis_Memory=0;CPXPARAM_Emphasis_Numerical=0;CPXPARAM_Feasopt_Mode=0;CPXPARAM_LPMethod=0;CPXPARAM_MIP_Cuts_Cliques=-1;CPXPARAM_MIP_Cuts_Covers=0;CPXPARAM_MIP_Cuts_Disjunctive=-1;CPXPARAM_MIP_Cuts_FlowCovers=1;CPXPARAM_MIP_Cuts_GUBCovers=0;CPXPARAM_MIP_Cuts_Gomory=0;CPXPARAM_MIP_Cuts_Implied=0;CPXPARAM_MIP_Cuts_MIRCut=2;CPXPARAM_MIP_Cuts_PathCut=-1;CPXPARAM_MIP_Limits_AggForCut=3;CPXPARAM_MIP_Limits_CutPasses=0;CPXPARAM_MIP_Limits_CutsFactor=-1;CPXPARAM_MIP_Limits_GomoryCand=800;CPXPARAM_MIP_Limits_GomoryPass=0;CPXPARAM_MIP_Limits_Nodes=9223372036800000000;CPXPARAM_MIP_Limits_ProbeTime=1e+75;CPXPARAM_MIP_Limits_RepairTries=0;CPXPARAM_MIP_Limits_StrongCand=10;CPXPARAM_MIP_Limits_StrongIt=0;CPXPARAM_MIP_OrderType=0;CPXPARAM_MIP_Strategy_BBInterval=7;CPXPARAM_MIP_Strategy_Branch=0;CPXPARAM_MIP_Strategy_Dive=0;CPXPARAM_MIP_Strategy_File=1;CPXPARAM_MIP_Strategy_HeuristicFreq=0;CPXPARAM_MIP_Strategy_LBHeur=0;CPXPARAM_MIP_Strategy_NodeSelect=1;CPXPARAM_MIP_Strategy_Order=1;CPXPARAM_MIP_Strategy_PresolveNode=0;CPXPARAM_MIP_Strategy_Probe=-1;CPXPARAM_MIP_Strategy_RINSHeur=0;CPXPARAM_MIP_Strategy_StartAlgorithm=0;CPXPARAM_MIP_Strategy_SubAlgorithm=0;CPXPARAM_MIP_Strategy_VariableSelect=0;CPXPARAM_Network_NetFind=2;CPXPARAM_Network_Pricing=0;CPXPARAM_Parallel=1;CPXPARAM_Preprocessing_Aggregator=-1;CPXPARAM_Preprocessing_BoundStrength=-1;CPXPARAM_Preprocessing_CoeffReduce=-1;CPXPARAM_Preprocessing_Dependency=-1;CPXPARAM_Preprocessing_Dual=0;CPXPARAM_Preprocessing_Fill=10;CPXPARAM_Preprocessing_NumPass=-1;CPXPARAM_Preprocessing_Presolve=1;CPXPARAM_Preprocessing_QPMakePSD=1;CPXPARAM_Preprocessing_Reduce=3;CPXPARAM_Preprocessing_Relax=-1;CPXPARAM_Preprocessing_RepeatPresolve=-1;CPXPARAM_Preprocessing_Symmetry=-1;CPXPARAM_Read_Scale=0;CPXPARAM_Sifting_Algorithm=0;CPXPARAM_Simplex_Crash=1;CPXPARAM_Simplex_DGradient=0;CPXPARAM_Simplex_Limits_Perturbation=0;CPXPARAM_Simplex_Limits_Singularity=10;CPXPARAM_Simplex_PGradient=0;CPXPARAM_Simplex_Pricing=0;CPXPARAM_Simplex_Refactor=0
3917367154977762802,0,CPXPARAM_Advance=1;CPXPARAM_Barrier_Algorithm=0;CPXPARAM_Barrier_ColNonzeros=0;CPXPARAM_Barrier_Crossover=0;CPXPARAM_Barrier_Limits_Corrections=-1;CPXPARAM_Barrier_Ordering=0;CPXPARAM_Barrier_StartAlg=1;CPXPARAM_Emphasis_MIP=4;CPXPARAM_Emphasis_Memory=1;CPXPARAM_Emphasis_Numerical=0;CPXPARAM_Feasopt_Mode=0;CPXPARAM_LPMethod=0;CPXPARAM_MIP_Cuts_Cliques=-1;CPXPARAM_MIP_Cuts_Covers=0;CPXPARAM_MIP_Cuts_Disjunctive=-1;CPXPARAM_MIP_Cuts_FlowCovers=1;CPXPARAM_MIP_Cuts_GUBCovers=0;CPXPARAM_MIP_Cuts_Gomory=0;CPXPARAM_MIP_Cuts_Implied=0;CPXPARAM_MIP_Cuts_MIRCut=2;CPXPARAM_MIP_Cuts_PathCut=-1;CPXPARAM_MIP_Limits_AggForCut=3;CPXPARAM_MIP_Limits_CutPasses=0;CPXPARAM_MIP_Limits_CutsFactor=-1;CPXPARAM_MIP_Limits_GomoryCand=150;CPXPARAM_MIP_Limits_GomoryPass=0;CPXPARAM_MIP_Limits_Nodes=9223372036800000000;CPXPARAM_MIP_Limits_ProbeTime=1e+75;CPXPARAM_MIP_Limits_RepairTries=0;CPXPARAM_MIP_Limits_StrongCand=10;CPXPARAM_MIP_Limits_StrongIt=0;CPXPARAM_MIP_OrderType=0;CPXPARAM_MIP_Strategy_BBInterval=7;CPXPARAM_MIP_Strategy_Branch=0;CPXPARAM_MIP_Strategy_Dive=0;CPXPARAM_MIP_Strategy_File=1;CPXPARAM_MIP_Strategy_HeuristicFreq=0;CPXPARAM_MIP_Strategy_LBHeur=0;CPXPARAM_MIP_Strategy_NodeSelect=1;CPXPARAM_MIP_Strategy_Order=1;CPXPARAM_MIP_Strategy_PresolveNode=0;CPXPARAM_MIP_Strategy_Probe=-1;CPXPARAM_MIP_Strategy_RINSHeur=0;CPXPARAM_MIP_Strategy_StartAlgorithm=0;CPXPARAM_MIP_Strategy_SubAlgorithm=0;CPXPARAM_MIP_Strategy_VariableSelect=0;CPXPARAM_Network_NetFind=2;CPXPARAM_Network_Pricing=0;CPXPARAM_Parallel=1;CPXPARAM_Preprocessing_Aggregator=-1;CPXPARAM_Preprocessing_BoundStrength=-1;CPXPARAM_Preprocessing_CoeffReduce=-1;CPXPARAM_Preprocessing_Dependency=3;CPXPARAM_Preprocessing_Dual=0;CPXPARAM_Preprocessing_Fill=10;CPXPARAM_Preprocessing_NumPass=-1;CPXPARAM_Preprocessing_Presolve=1;CPXPARAM_Preprocessing_QPMakePSD=1;CPXPARAM_Preprocessing_Reduce=3;CPXPARAM_Preprocessing_Relax=-1;CPXPARAM_Preprocessing_RepeatPresolve=-1;CPXPARAM_Preprocessing_Symmetry=-1;CPXPARAM_Read_Scale=0;CPXPARAM_Sifting_Algorithm=0;CPXPARAM_Simplex_Crash=1;CPXPARAM_Simplex_DGradient=0;CPXPARAM_Simplex_Limits_Perturbation=0;CPXPARAM_Simplex_Limits_Singularity=10;CPXPARAM_Simplex_PGradient=0;CPXPARAM_Simplex_Pricing=0;CPXPARAM_Simplex_Refactor=0
10461511658618662125,0,CPXPARAM_Advance=1;CPXPARAM_Barrier_Algorithm=0;CPXPARAM_Barrier_ColNonzeros=0;CPXPARAM_Barrier_Crossover=0;CPXPARAM_Barrier_Limits_Corrections=-1;CPXPARAM_Barrier_Ordering=0;CPXPARAM_Barrier_StartAlg=1;CPXPARAM_Emphasis_MIP=4;CPXPARAM_Emphasis_Memory=0;CPXPARAM_Emphasis_Numerical=0;CPXPARAM_Feasopt_Mode=0;CPXPARAM_LPMethod=0;CPXPARAM_MIP_Cuts_Cliques=-1;CPXPARAM_MIP_Cuts_Covers=0;CPXPARAM_MIP_Cuts_Disjunctive=-1;CPXPARAM_MIP_Cuts_FlowCovers=1;CPXPARAM_MIP_Cuts_GUBCovers=0;CPXPARAM_MIP_Cuts_Gomory=0;CPXPARAM_MIP_Cuts_Implied=0;CPXPARAM_MIP_Cuts_MIRCut=2;CPXPARAM_MIP_Cuts_PathCut=-1;CPXPARAM_MIP_Limits_AggForCut=3;CPXPARAM_MIP_Limits_CutPasses=0;CPXPARAM_MIP_Limits_CutsFactor=-1;CPXPARAM_MIP_Limits_GomoryCand=150;CPXPARAM_MIP_Limits_GomoryPass=0;CPXPARAM_MIP_Limits_Nodes=9223372036800000000;CPXPARAM_MIP_Limits_ProbeTime=1e+75;CPXPARAM_MIP_Limits_RepairTries=0;CPXPARAM_MIP_Limits_StrongCand=10;CPXPARAM_MIP_Limits_StrongIt=0;CPXPARAM_MIP_OrderType=0;CPXPARAM_MIP_Strategy_BBInterval=7;CPXPARAM_MIP_Strategy_Branch=0;CPXPARAM_MIP_Strategy_Dive=0;CPXPARAM_MIP_Strategy_File=1;CPXPARAM_MIP_Strategy_HeuristicFreq=100;CPXPARAM_MIP_Strategy_LBHeur=0;CPXPARAM_MIP_Strategy_NodeSelect=1;CPXPARAM_MIP_Strategy_Order=1;CPXPARAM_MIP_Strategy_PresolveNode=0;CPXPARAM_MIP_Strategy_Probe=-1;CPXPARAM_MIP_Strategy_RINSHeur=0;CPXPARAM_MIP_Strategy_StartAlgorithm=0;CPXPARAM_MIP_Strategy_SubAlgorithm=0;CPXPARAM_MIP_Strategy_VariableSelect=0;CPXPARAM_Network_NetFind=2;CPXPARAM_Network_Pricing=0;CPXPARAM_Parallel=1;CPXPARAM_Preprocessing_Aggregator=-1;CPXPARAM_Preprocessing_BoundStrength=-1;CPXPARAM_Preprocessing_CoeffReduce=-1;CPXPARAM_Preprocessing_Dependency=-1;CPXPARAM_Preprocessing_Dual=0;CPXPARAM_Preprocessing_Fill=10;CPXPARAM_Preprocessing_NumPass=-1;CPXPARAM_Preprocessing_Presolve=1;CPXPARAM_Preprocessing_QPMakePSD=1;CPXPARAM_Preprocessing_Reduce=3;CPXPARAM_Preprocessing_Relax=-1;CPXPARAM_Preprocessing_RepeatPresolve=-1;CPXPARAM_Preprocessing_Symmetry=-1;CPXPARAM_Read_Scale=0;CPXPARAM_Sifting_Algorithm=0;CPXPARAM_Simplex_Crash=1;CPXPARAM_Simplex_DGradient=0;CPXPARAM_Simplex_Limits_Perturbation=0;CPXPARAM_Simplex_Limits_Singularity=10;CPXPARAM_Simplex_PGradient=0;CPXPARAM_Simplex_Pricing=0;CPXPARAM_Simplex_Refactor=0
1214390781046789481,0,CPXPARAM_Advance=1;CPXPARAM_Barrier_Algorithm=0;CPXPARAM_Barrier_ColNonzeros=0;CPXPARAM_Barrier_Crossover=0;CPXPARAM_Barrier_Limits_Corrections=-1;CPXPARAM_Barrier_Ordering=0;CPXPARAM_Barrier_StartAlg=1;CPXPARAM_Emphasis_MIP=4;CPXPARAM_Emphasis_Memory=0;CPXPARAM_Emphasis_Numerical=0;CPXPARAM_Feasopt_Mode=0;CPXPARAM_LPMethod=0;CPXPARAM_MIP_Cuts_Cliques=-1;CPXPARAM_MIP_Cuts_Covers=0;CPXPARAM_MIP_Cuts_Disjunctive=-1;CPXPARAM_MIP_Cuts_FlowCovers=1;CPXPARAM_MIP_Cuts_GUBCovers=0;CPXPARAM_MIP_Cuts_Gomory=0;CPXPARAM_MIP_Cuts_Implied=0;CPXPARAM_MIP_Cuts_MIRCut=2;CPXPARAM_MIP_Cuts_PathCut=-1;CPXPARAM_MIP_Limits_AggForCut=3;CPXPARAM_MIP_Limits_CutPasses=0;CPXPARAM_MIP_Limits_CutsFactor=-1;CPXPARAM_MIP_Limits_GomoryCand=150;CPXPARAM_MIP_Limits_GomoryPass=0;CPXPARAM_MIP_Limits_Nodes=9223372036800000000;CPXPARAM_MIP_Limits_ProbeTime=1e+75;CPXPARAM_MIP_Limits_RepairTries=0;CPXPARAM_MIP_Limits_StrongCand=10;CPXPARAM_MIP_Limits_StrongIt=0;CPXPARAM_MIP_OrderType=0;CPXPARAM_MIP_Strategy_BBInterval=7;CPXPARAM_MIP_Strategy_Branch=0;CPXPARAM_MIP_Strategy_Dive=0;CPXPARAM_MIP_Strategy_File=1;CPXPARAM_MIP_Strategy_HeuristicFreq=0;CPXPARAM_MIP_Strategy_LBHeur=0;CPXPARAM_MIP_Strategy_NodeSelect=1;CPXPARAM_MIP_Strategy_Order=1;CPXPARAM_MIP_Strategy_PresolveNode=0;CPXPARAM_MIP_Strategy_Probe=-1;CPXPARAM_MIP_Strategy_RINSHeur=0;CPXPARAM_MIP_Strategy_StartAlgorithm=0;CPXPARAM_MIP_Strategy_SubAlgorithm=0;CPXPARAM_MIP_Strategy_VariableSelect=0;CPXPARAM_Network_NetFind=2;CPXPARAM_Network_Pricing=0;CPXPARAM_Parallel=1;CPXPARAM_Preprocessing_Aggregator=-1;CPXPARAM_Preprocessing_BoundStrength=-1;CPXPARAM_Preprocessing_CoeffReduce=-1;CPXPARAM_Preprocessing_Dependency=-1;CPXPARAM_Preprocessing_Dual=1;CPXPARAM_Preprocessing_Fill=10;CPXPARAM_Preprocessing_NumPass=-1;CPXPARAM_Preprocessing_Presolve=1;CPXPARAM_Preprocessing_QPMakePSD=1;CPXPARAM_Preprocessing_Reduce=3;CPXPARAM_Preprocessing_Relax=-1;CPXPARAM_Preprocessing_RepeatPresolve=-1;CPXPARAM_Preprocessing_Symmetry=-1;CPXPARAM_Read_Scale=0;CPXPARAM_Sifting_Algorithm=0;CPXPARAM_Simplex_Crash=1;CPXPARAM_Simplex_DGradient=0;CPXPARAM_Simplex_Limits_Perturbation=0;CPXPARAM_Simplex_Limits_Singularity=10;CPXPARAM_Simplex_PGradient=0;CPXPARAM_Simplex_Pricing=0;CPXPARAM_Simplex_Refactor=0
14354903019403673824,0,CPXPARAM_Advance=1;CPXPARAM_Barrier_Algorithm=0;CPXPARAM_Barrier_ColNonzeros=0;CPXPARAM_Barrier_Crossover=0;CPXPARAM_Barrier_Limits_Corrections=-1;CPXPARAM_Barrier_Ordering=0;CPXPARAM_Barrier_StartAlg=1;CPXPARAM_Emphasis_MIP=4;CPXPARAM_Emphasis_Memory=0;CPXPARAM_Emphasis_Numerical=0;CPXPARAM_Feasopt_Mode=0;CPXPARAM_LPMethod=0;CPXPARAM_MIP_Cuts_Cliques=-1;CPXPARAM_MIP_Cuts_Covers=0;CPXPARAM_MIP_Cuts_Disjunctive=-1;CPXPARAM_MIP_Cuts_FlowCovers=1;CPXPARAM_MIP_Cuts_GUBCovers=0;CPXPARAM_MIP_Cuts_Gomory=0;CPXPARAM_MIP_Cuts_Implied=0;CPXPARAM_MIP_Cuts_MIRCut=2;CPXPARAM_MIP_Cuts_PathCut=-1;CPXPARAM_MIP_Limits_AggForCut=3;CPXPARAM_MIP_Limits_CutPasses=0;CPXPARAM_MIP_Limits_CutsFactor=-1;CPXPARAM_MIP_Limits_GomoryCand=150;CPXPARAM_MIP_Limits_GomoryPass=0;CPXPARAM_MIP_Limits_Nodes=9223372036800000000;CPXPARAM_MIP_Limits_ProbeTime=1e+75;CPXPARAM_MIP_Limits_RepairTries=0;CPXPARAM_MIP_Limits_StrongCand=10;CPXPARAM_MIP_Limits_StrongIt=0;CPXPARAM_MIP_OrderType=0;CPXPARAM_MIP_Strategy_BBInterval=7;CPXPARAM_MIP_Strategy_Branch=0;CPXPARAM_MIP_Strategy_Dive=0;CPXPARAM_MIP_Strategy_File=1;CPXPARAM_MIP_Strategy_HeuristicFreq=0;CPXPARAM_MIP_Strategy_LBHeur=0;CPXPARAM_MIP_Strategy_NodeSelect=1;CPXPARAM_MIP_Strategy_Order=1;CPXPARAM_MIP_Strategy_PresolveNode=0;CPXPARAM_MIP_Strategy_Probe=-1;CPXPARAM_MIP_Strategy_RINSHeur=0;CPXPARAM_MIP_Strategy_StartAlgorithm=0;CPXPARAM_MIP_Strategy_SubAlgorithm=0;CPXPARAM_MIP_Strategy_VariableSelect=2;CPXPARAM_Network_NetFind=2;CPXPARAM_Network_Pricing=0;CPXPARAM_Parallel=1;CPXPARAM_Preprocessing_Aggregator=-1;CPXPARAM_Preprocessing_BoundStrength=-1;CPXPARAM_Preprocessing_CoeffReduce=-1;CPXPARAM_Preprocessing_Dependency=-1;CPXPARAM_Preprocessing_Dual=0;CPXPARAM_Preprocessing_Fill=10;CPXPARAM_Preprocessing_NumPass=-1;CPXPARAM_Preprocessing_Presolve=1;CPXPARAM_Preprocessing_QPMakePSD=1;CPXPARAM_Preprocessing_Reduce=3;CPXPARAM_Preprocessing_Relax=-1;CPXPARAM_Preprocessing_RepeatPresolve=-1;CPXPARAM_Preprocessing_Symmetry=-1;CPXPARAM_Read_Scale=0;CPXPARAM_Sifting_Algorithm=0;CPXPARAM_Simplex_Crash=1;CPXPARAM_Simplex_DGradient=0;CPXPARAM_Simplex_Limits_Perturbation=0;CPXPARAM_Simplex_Limits_Singularity=10;CPXPARAM_Simplex_PGradient=0;CPXPARAM_Simplex_Pricing=0;CPXPARAM_Simplex_Refactor=0
610696504832530340,0,CPXPARAM_Advance=1;CPXPARAM_Barrier_Algorithm=0;CPXPARAM_Barrier_ColNonzeros=0;CPXPARAM_Barrier_Crossover=0;CPXPARAM_Barrier_Limits_Corrections=-1;CPXPARAM_Barrier_Ordering=0;CPXPARAM_Barrier_StartAlg=1;CPXPARAM_Emphasis_MIP=4;CPXPARAM_Emphasis_Memory=0;CPXPARAM_Emphasis_Numerical=0;CPXPARAM_Feasopt_Mode=0;CPXPARAM_LPMethod=0;CPXPARAM_MIP_Cuts_Cliques=-1;CPXPARAM_MIP_Cuts_Covers=0;CPXPARAM_MIP_Cuts_Disjunctive=-1;CPXPARAM_MIP_Cuts_FlowCovers=1;CPXPARAM_MIP_Cuts_GUBCovers=0;CPXPARAM_MIP_Cuts_Gomory=0;CPXPARAM_MIP_Cuts_Implied=0;CPXPARAM_MIP_Cuts_MIRCut=2;CPXPARAM_MIP_Cuts_PathCut=-1;CPXPARAM_MIP_Limits_AggForCut=3;CPXPARAM_MIP_Limits_CutPasses=0;CPXPARAM_MIP_Limits_CutsFactor=-1;CPXPARAM_MIP_Limits_GomoryCand=150;CPXPARAM_MIP_Limits_GomoryPass=0;CPXPARAM_MIP_Limits_Nodes=9223372036800000000;CPXPARAM_MIP_Limits_ProbeTime=1e+75;CPXPARAM_MIP_Limits_RepairTries=0;CPXPARAM_MIP_Limits_StrongCand=10;CPXPARAM_MIP_Limits_StrongIt=0;CPXPARAM_MIP_OrderType=0;CPXPARAM_MIP_Strategy_BBInterval=7;CPXPARAM_MIP_Strategy_Branch=0;CPXPARAM_MIP_Strategy_Dive=0;CPXPARAM_MIP_Strategy_File=1;CPXPARAM_MIP_Strategy_HeuristicFreq=0;CPXPARAM_MIP_Strategy_LBHeur=0;CPXPARAM_MIP_Strategy_NodeSelect=1;CPXPARAM_MIP_Strategy_Order=1;CPXPARAM_MIP_Strategy_PresolveNode=0;CPXPARAM_MIP_Strategy_Probe=-1;CPXPARAM_MIP_Strategy_RINSHeur=0;CPXPARAM_MIP_Strategy_StartAlgorithm=3;CPXPARAM_MIP_Strategy_SubAlgorithm=0;CPXPARAM_MIP_Strategy_VariableSelect=0;CPXPARAM_Network_NetFind=2;CPXPARAM_Network_Pricing=0;CPXPARAM_Parallel=1;CPXPARAM_Preprocessing_Aggregator=-1;CPXPARAM_Preprocessing_BoundStrength=-1;CPXPARAM_Preprocessing_CoeffReduce=-1;CPXPARAM_Preprocessing_Dependency=-1;CPXPARAM_Preprocessing_Dual=0;CPXPARAM_Preprocessing_Fill=10;CPXPARAM_Preprocessing_NumPass=-1;CPXPARAM_Preprocessing_Presolve=1;CPXPARAM_Preprocessing_QPMakePSD=1;CPXPARAM_Preprocessing_Reduce=3;CPXPARAM_Preprocessing_Relax=-1;CPXPARAM_Preprocessing_RepeatPresolve=-1;CPXPARAM_Preprocessing_Symmetry=-1;CPXPARAM_Read_Scale=0;CPXPARAM_Sifting_Algorithm=0;CPXPARAM_Simplex_Crash=1;CPXPARAM_Simplex_DGradient=0;CPXPARAM_Simplex_Limits_Perturbation=0;CPXPARAM_Simplex_Limits_Singularity=10;CPXPARAM_Simplex_PGradient=0;CPXPARAM_Simplex_Pricing=0;CPXPARAM_Simplex_Refactor=0
7686042913080989314,0,CPXPARAM_Advance=1;CPXPARAM_Barrier_Algorithm=0;CPXPARAM_Barrier_ColNonzeros=0;CPXPARAM_Barrier_Crossover=0;CPXPARAM_Barrier_Limits_Corrections=-1;CPXPARAM_Barrier_Ordering=0;CPXPARAM_Barrier_StartAlg=1;CPXPARAM_Emphasis_MIP=4;CPXPARAM_Emphasis_Memory=0;CPXPARAM_Emphasis_Numerical=0;CPXPARAM_Feasopt_Mode=0;CPXPARAM_LPMethod=0;CPXPARAM_MIP_Cuts_Cliques=-1;CPXPARAM_MIP_Cuts_Covers=0;CPXPARAM_MIP_Cuts_Disjunctive=-1;CPXPARAM_MIP_Cuts_FlowCovers=1;CPXPARAM_MIP_Cuts_GUBCovers=0;CPXPARAM_MIP_Cuts_Gomory=0;CPXPARAM_MIP_Cuts_Implied=0;CPXPARAM_MIP_Cuts_MIRCut=2;CPXPARAM_MIP_Cuts_PathCut=-1;CPXPARAM_MIP_Limits_AggForCut=3;CPXPARAM_MIP_Limits_CutPasses=0;CPXPARAM_MIP_Limits_CutsFactor=-1;CPXPARAM_MIP_Limits_GomoryCand=150;CPXPARAM_MIP_Limits_GomoryPass=0;CPXPARAM_MIP_Limits_Nodes=9223372036800000000;CPXPARAM_MIP_Limits_ProbeTime=1e+75;CPXPARAM_MIP_Limits_RepairTries=0;CPXPARAM_MIP_Limits_StrongCand=10;CPXPARAM_MIP_Limits_StrongIt=0;CPXPARAM_MIP_OrderType=0;CPXPARAM_MIP_Strategy_BBInterval=7;CPXPARAM_MIP_Strategy_Branch=0;CPXPARAM_MIP_Strategy_Dive=0;CPXPARAM_MIP_Strategy_File=1;CPXPARAM_MIP_Strategy_HeuristicFreq=0;CPXPARAM_MIP_Strategy_LBHeur=0;CPXPARAM_MIP_Strategy_NodeSelect=1;CPXPARAM_MIP_Strategy_Order=1;CPXPARAM_MIP_Strategy_PresolveNode=0;CPXPARAM_MIP_Strategy_Probe=-1;CPXPARAM_MIP_Strategy_RINSHeur=0;CPXPARAM_MIP_Strategy_StartAlgorithm=0;CPXPARAM_MIP_Strategy_SubAlgorithm=0;CPXPARAM_MIP_Strategy_VariableSelect=0;CPXPARAM_Network_NetFind=2;CPXPARAM_Network_Pricing=0;CPXPARAM_Parallel=1;CPXPARAM_Preprocessing_Aggregator=-1;CPXPARAM_Preprocessing_BoundStrength=-1;CPXPARAM_Preprocessing_CoeffReduce=-1;CPXPARAM_Preprocessing_Dependency=3;CPXPARAM_Preprocessing_Dual=0;CPXPARAM_Preprocessing_Fill=10;CPXPARAM_Preprocessing_NumPass=-1;CPXPARAM_Preprocessing_Presolve=1;CPXPARAM_Preprocessing_QPMakePSD=1;CPXPARAM_Preprocessing_Reduce=1;CPXPARAM_Preprocessing_Relax=-1;CPXPARAM_Preprocessing_RepeatPresolve=-1;CPXPARAM_Preprocessing_Symmetry=-1;CPXPARAM_Read_Scale=0;CPXPARAM_Sifting_Algorithm=0;CPXPARAM_Simplex_Crash=1;CPXPARAM_Simplex_DGradient=0;CPXPARAM_Simplex_Limits_Perturbation=0;CPXPARAM_Simplex_Limits_Singularity=10;CPXPARAM_Simplex_PGradient=0;CPXPARAM_Simplex_Pricing=0;CPXPARAM_Simplex_Refactor=0
5723154316466675078,0,CPXPARAM_Advance=1;CPXPARAM_Barrier_Algorithm=0;CPXPARAM_Barrier_ColNonzeros=0;CPXPARAM_Barrier_Crossover=0;CPXPARAM_Barrier_Limits_Corrections=-1;CPXPARAM_Barrier_Ordering=0;CPXPARAM_Barrier_StartAlg=1;CPXPARAM_Emphasis_MIP=4;CPXPARAM_Emphasis_Memory=0;CPXPARAM_Emphasis_Numerical=0;CPXPARAM_Feasopt_Mode=0;CPXPARAM_LPMethod=0;CPXPARAM_MIP_Cuts_Cliques=-1;CPXPARAM_MIP_Cuts_Covers=0;CPXPARAM_MIP_Cuts_Disjunctive=-1;CPXPARAM_MIP_Cuts_FlowCovers=1;CPXPARAM_MIP_Cuts_GUBCovers=0;CPXPARAM_MIP_Cuts_Gomory=0;CPXPARAM_MIP_Cuts_Implied=2;CPXPARAM_MIP_Cuts_MIRCut=2;CPXPARAM_MIP_Cuts_PathCut=-1;CPXPARAM_MIP_Limits_AggForCut=3;CPXPARAM_MIP_Limits_CutPasses=0;CPXPARAM_MIP_Limits_CutsFactor=-1;CPXPARAM_MIP_Limits_GomoryCand=150;CPXPARAM_MIP_Limits_GomoryPass=0;CPXPARAM_MIP_Limits_Nodes=9223372036800000000;CPXPARAM_MIP_Limits_ProbeTime=1e+75;CPXPARAM_MIP_Limits_RepairTries=0;CPXPARAM_MIP_Limits_StrongCand=10;CPXPARAM_MIP_Limits_StrongIt=0;CPXPARAM_MIP_OrderType=0;CPXPARAM_MIP_Strategy_BBInterval=7;CPXPARAM_MIP_Strategy_Branch=0;CPXPARAM_MIP_Strategy_Dive=0;CPXPARAM_MIP_Strategy_File=1;CPXPARAM_MIP_Strategy_HeuristicFreq=0;CPXPARAM_MIP_Strategy_LBHeur=0;CPXPARAM_MIP_Strategy_NodeSelect=1;CPXPARAM_MIP_Strategy_Order=1;CPXPARAM_MIP_Strategy_PresolveNode=0;CPXPARAM_MIP_Strategy_Probe=0;CPXPARAM_MIP_Strategy_RINSHeur=0;CPXPARAM_MIP_Strategy_StartAlgorithm=0;CPXPARAM_MIP_Strategy_SubAlgorithm=0;CPXPARAM_MIP_Strategy_VariableSelect=0;CPXPARAM_Network_NetFind=2;CPXPARAM_Network_Pricing=0;CPXPARAM_Parallel=1;CPXPARAM_Preprocessing_Aggregator=-1;CPXPARAM_Preprocessing_BoundStrength=-1;CPXPARAM_Preprocessing_CoeffReduce=-1;CPXPARAM_Preprocessing_Dependency=-1;CPXPARAM_Preprocessing_Dual=0;CPXPARAM_Preprocessing_Fill=10;CPXPARAM_Preprocessing_NumPass=-1;CPXPARAM_Preprocessing_Presolve=1;CPXPARAM_Preprocessing_QPMakePSD=1;CPXPARAM_Preprocessing_Reduce=3;CPXPARAM_Preprocessing_Relax=-1;CPXPARAM_Preprocessing_RepeatPresolve=-1;CPXPARAM_Preprocessing_Symmetry=-1;CPXPARAM_Read_Scale=0;CPXPARAM_Sifting_Algorithm=0;CPXPARAM_Simplex_Crash=1;CPXPARAM_Simplex_DGradient=0;CPXPARAM_Simplex_Limits_Perturbation=0;CPXPARAM_Simplex_Limits_Singularity=10;CPXPARAM_Simplex_PGradient=0;CPXPARAM_Simplex_Pricing=0;CPXPARAM_Simplex_Refactor=0
2202679112629424935,0,CPXPARAM_Advance=1;CPXPARAM_Barrier_Algorithm=0;CPXPARAM_Barrier_ColNonzeros=0;CPXPARAM_Barrier_Crossover=0;CPXPARAM_Barrier_Limits_Corrections=-1;CPXPARAM_Barrier_Ordering=0;CPXPARAM_Barrier_StartAlg=1;CPXPARAM_Emphasis_MIP=4;CPXPARAM_Emphasis_Memory=0;CPXPARAM_Emphasis_Numerical=0;CPXPARAM_Feasopt_Mode=0;CPXPARAM_LPMethod=4;CPXPARAM_MIP_Cuts_Cliques=-1;CPXPARAM_MIP_Cuts_Covers=0;CPXPARAM_MIP_Cuts_Disjunctive=-1;CPXPARAM_MIP_Cuts_FlowCovers=1;CPXPARAM_MIP_Cuts_GUBCovers=0;CPXPARAM_MIP_Cuts_Gomory=0;CPXPARAM_MIP_Cuts_Implied=0;CPXPARAM_MIP_Cuts_MIRCut=2;CPXPARAM_MIP_Cuts_PathCut=-1;CPXPARAM_MIP_Limits_AggForCut=3;CPXPARAM_MIP_Limits_CutPasses=0;CPXPARAM_MIP_Limits_CutsFactor=-1;CPXPARAM_MIP_Limits_GomoryCand=150;CPXPARAM_MIP_Limits_GomoryPass=0;CPXPARAM_MIP_Limits_Nodes=9223372036800000000;CPXPARAM_MIP_Limits_ProbeTime=1e+75;CPXPARAM_MIP_Limits_RepairTries=0;CPXPARAM_MIP_Limits_StrongCand=10;CPXPARAM_MIP_Limits_StrongIt=0;CPXPARAM_MIP_OrderType=0;CPXPARAM_MIP_Strategy_BBInterval=7;CPXPARAM_MIP_Strategy_Branch=0;CPXPARAM_MIP_Strategy_Dive=0;CPXPARAM_MIP_Strategy_File=1;CPXPARAM_MIP_Strategy_HeuristicFreq=0;CPXPARAM_MIP_Strategy_LBHeur=0;CPXPARAM_MIP_Strategy_NodeSelect=1;CPXPARAM_MIP_Strategy_Order=1;CPXPARAM_MIP_Strategy_PresolveNode=0;CPXPARAM_MIP_Strategy_Probe=-1;CPXPARAM_MIP_Strategy_RINSHeur=0;CPXPARAM_MIP_Strategy_StartAlgorithm=0;CPXPARAM_MIP_Strategy_SubAlgorithm=0;CPXPARAM_MIP_Strategy_VariableSelect=0;CPXPARAM_Network_NetFind=2;CPXPARAM_Network_Pricing=0;CPXPARAM_Parallel=1;CPXPARAM_Preprocessing_Aggregator=-1;CPXPARAM_Preprocessing_BoundStrength=-1;CPXPARAM_Preprocessing_CoeffReduce=-1;CPXPARAM_Preprocessing_Dependency=3;CPXPARAM_Preprocessing_Dual=0;CPXPARAM_Preprocessing_Fill=10;CPXPARAM_Preprocessing_NumPass=-1;CPXPARAM_Preprocessing_Presolve=1;CPXPARAM_Preprocessing_QPMakePSD=1;CPXPARAM_Preprocessing_Reduce=3;CPXPARAM_Preprocessing_Relax=-1;CPXPARAM_Preprocessing_RepeatPresolve=-1;CPXPARAM_Preprocessing_Symmetry=-1;CPXPARAM_Read_Scale=0;CPXPARAM_Sifting_Algorithm=0;CPXPARAM_Simplex_Crash=1;CPXPARAM_Simplex_DGradient=0;CPXPARAM_Simplex_Limits_Perturbation=0;CPXPARAM_Simplex_Limits_Singularity=10;CPXPARAM_Simplex_PGradient=0;CPXPARAM_Simplex_Pricing=0;CPXPARAM_Simplex_Refactor=0
264742626222141093,0,CPXPARAM_Advance=1;CPXPARAM_Barrier_Algorithm=0;CPXPARAM_Barrier_ColNonzeros=0;CPXPARAM_Barrier_Crossover=0;CPXPARAM_Barrier_Limits_Corrections=-1;CPXPARAM_Barrier_Ordering=0;CPXPARAM_Barrier_StartAlg=1;CPXPARAM_Emphasis_MIP=4;CPXPARAM_Emphasis_Memory=0;CPXPARAM_Emphasis_Numerical=0;CPXPARAM_Feasopt_Mode=0;CPXPARAM_LPMethod=0;CPXPARAM_MIP_Cuts_Cliques=-1;CPXPARAM_MIP_Cuts_Covers=0;CPXPARAM_MIP_Cuts_Disjunctive=-1;CPXPARAM_MIP_Cuts_FlowCovers=1;CPXPARAM_MIP_Cuts_GUBCovers=0;CPXPARAM_MIP_Cuts_Gomory=0;CPXPARAM_MIP_Cuts_Implied=0;CPXPARAM_MIP_Cuts_MIRCut=2;CPXPARAM_MIP_Cuts_PathCut=-1;CPXPARAM_MIP_Limits_AggForCut=3;CPXPARAM_MIP_Limits_CutPasses=0;CPXPARAM_MIP_Limits_CutsFactor=-1;CPXPARAM_MIP_Limits_GomoryCand=150;CPXPARAM_MIP_Limits_GomoryPass=0;CPXPARAM_MIP_Limits_Nodes=9223372036800000000;CPXPARAM_MIP_Limits_ProbeTime=1e+75;CPXPARAM_MIP_Limits_RepairTries=0;CPXPARAM_MIP_Limits_StrongCand=10;CPXPARAM_MIP_Limits_StrongIt=0;CPXPARAM_MIP_OrderType=0;CPXPARAM_MIP_Strategy_BBInterval=7;CPXPARAM_MIP_Strategy_Branch=0;CPXPARAM_MIP_Strategy_Dive=0;CPXPARAM_MIP_Strategy_File=1;CPXPARAM_MIP_Strategy_HeuristicFreq=0;CPXPARAM_MIP_Strategy_LBHeur=0;CPXPARAM_MIP_Strategy_NodeSelect=1;CPXPARAM_MIP_Strategy_Order=1;CPXPARAM_MIP_Strategy_PresolveNode=0;CPXPARAM_MIP_Strategy_Probe=-1;CPXPARAM_MIP_Strategy_RINSHeur=0;CPXPARAM_MIP_Strategy_StartAlgorithm=0;CPXPARAM_MIP_Strategy_SubAlgorithm=0;CPXPARAM_MIP_Strategy_VariableSelect=0;CPXPARAM_Network_NetFind=2;CPXPARAM_Network_Pricing=0;CPXPARAM_Parallel=1;CPXPARAM_Preprocessing_Aggregator=-1;CPXPARAM_Preprocessing_BoundStrength=-1;CPXPARAM_Preprocessing_CoeffReduce=-1;CPXPARAM_Preprocessing_Dependency=-1;CPXPARAM_Preprocessing_Dual=0;CPXPARAM_Preprocessing_Fill=40;CPXPARAM_Preprocessing_NumPass=-1;CPXPARAM_Preprocessing_Presolve=1;CPXPARAM_Preprocessing_QPMakePSD=1;CPXPARAM_Preprocessing_Reduce=3;CPXPARAM_Preprocessing_Relax=-1;CPXPARAM_Preprocessing_RepeatPresolve=-1;CPXPARAM_Preprocessing_Symmetry=-1;CPXPARAM_Read_Scale=0;CPXPARAM_Sifting_Algorithm=0;CPXPARAM_Simplex_Crash=1;CPXPARAM_Simplex_DGradient=0;CPXPARAM_Simplex_Limits_Perturbation=0;CPXPARAM_Simplex_Limits_Singularity=10;CPXPARAM_Simplex_PGradient=0;CPXPARAM_Simplex_Pricing=0;CPXPARAM_Simplex_Refactor=0
15341793198557630231,0,CPXPARAM_Advance=1;CPXPARAM_Barrier_Algorithm=0;CPXPARAM_Barrier_ColNonzeros=0;CPXPARAM_Barrier_Crossover=0;CPXPARAM_Barrier_Limits_Corrections=-1;CPXPARAM_Barrier_Ordering=0;CPXPARAM_Barrier_StartAlg=1;CPXPARAM_Emphasis_MIP=4;CPXPARAM_Emphasis_Memory=0;CPXPARAM_Emphasis_Numerical=0;CPXPARAM_Feasopt_Mode=0;CPXPARAM_LPMethod=0;CPXPARAM_MIP_Cuts_Cliques=-1;CPXPARAM_MIP_Cuts_Covers=0;CPXPARAM_MIP_Cuts_Disjunctive=-1;CPXPARAM_MIP_Cuts_FlowCovers=1;CPXPARAM_MIP_Cuts_GUBCovers=0;CPXPARAM_MIP_Cuts_Gomory=0;CPXPARAM_MIP_Cuts_Implied=0;CPXPARAM_MIP_Cuts_MIRCut=2;CPXPARAM_MIP_Cuts_PathCut=-1;CPXPARAM_MIP_Limits_AggForCut=3;CPXPARAM_MIP_Limits_CutPasses=0;CPXPARAM_MIP_Limits_CutsFactor=-1;CPXPARAM_MIP_Limits_GomoryCand=150;CPXPARAM_MIP_Limits_GomoryPass=0;CPXPARAM_MIP_Limits_Nodes=9223372036800000000;CPXPARAM_MIP_Limits_ProbeTime=1e+75;CPXPARAM_MIP_Limits_RepairTries=0;CPXPARAM_MIP_Limits_StrongCand=10;CPXPARAM_MIP_Limits_StrongIt=0;CPXPARAM_MIP_OrderType=0;CPXPARAM_MIP_Strategy_BBInterval=7;CPXPARAM_MIP_Strategy_Branch=0;CPXPARAM_MIP_Strategy_Dive=0;CPXPARAM_MIP_Strategy_File=1;CPXPARAM_MIP_Strategy_HeuristicFreq=0;CPXPARAM_MIP_Strategy_LBHeur=0;CPXPARAM_MIP_Strategy_NodeSelect=1;CPXPARAM_MIP_Strategy_Order=1;CPXPARAM_MIP_Strategy_PresolveNode=0;CPXPARAM_MIP_Strategy_Probe=-1;CPXPARAM_MIP_Strategy_RINSHeur=0;CPXPARAM_MIP_Strategy_StartAlgorithm=0;CPXPARAM_MIP_Strategy_SubAlgorithm=1;CPXPARAM_MIP_Strategy_VariableSelect=0;CPXPARAM_Network_NetFind=2;CPXPARAM_Network_Pricing=0;CPXPARAM_Parallel=1;CPXPARAM_Preprocessing_Aggregator=-1;CPXPARAM_Preprocessing_BoundStrength=-1;CPXPARAM_Preprocessing_CoeffReduce=-1;CPXPARAM_Preprocessing_Dependency=-1;CPXPARAM_Preprocessing_Dual=0;CPXPARAM_Preprocessing_Fill=10;CPXPARAM_Preprocessing_NumPass=-1;CPXPARAM_Preprocessing_Presolve=1;CPXPARAM_Preprocessing_QPMakePSD=1;CPXPARAM_Preprocessing_Reduce=3;CPXPARAM_Preprocessing_Relax=-1;CPXPARAM_Preprocessing_RepeatPresolve=-1;CPXPARAM_Preprocessing_Symmetry=-1;CPXPARAM_Read_Scale=0;CPXPARAM_Sifting_Algorithm=0;CPXPARAM_Simplex_Crash=1;CPXPARAM_Simplex_DGradient=0;CPXPARAM_Simplex_Limits_Perturbation=0;CPXPARAM_Simplex_Limits_Singularity=10;CPXPARAM_Simplex_PGradient=0;CPXPARAM_Simplex_Pricing=0;CPXPARAM_Simplex_Refactor=0
9718937200150851559,0,CPXPARAM_Advance=1;CPXPARAM_Barrier_Algorithm=0;CPXPARAM_Barrier_ColNonzeros=0;CPXPARAM_Barrier_Crossover=0;CPXPARAM_Barrier_Limits_Corrections=-1;CPXPARAM_Barrier_Ordering=0;CPXPARAM_Barrier_StartAlg=1;CPXPARAM_Emphasis_MIP=4;CPXPARAM_Emphasis_Memory=0;CPXPARAM_Emphasis_Numerical=0;CPXPARAM_Feasopt_Mode=0;CPXPARAM_LPMethod=0;CPXPARAM_MIP_Cuts_Cliques=3;CPXPARAM_MIP_Cuts_Covers=0;CPXPARAM_MIP_Cuts_Disjunctive=-1;CPXPARAM_MIP_Cuts_FlowCovers=1;CPXPARAM_MIP_Cuts_GUBCovers=0;CPXPARAM_MIP_Cuts_Gomory=0;CPXPARAM_MIP_Cuts_Implied=0;CPXPARAM_MIP_Cuts_MIRCut=2;CPXPARAM_MIP_Cuts_PathCut=-1;CPXPARAM_MIP_Limits_AggForCut=3;CPXPARAM_MIP_Limits_CutPasses=0;CPXPARAM_MIP_Limits_CutsFactor=-1;CPXPARAM_MIP_Limits_GomoryCand=150;CPXPARAM_MIP_Limits_GomoryPass=0;CPXPARAM_MIP_Limits_Nodes=9223372036800000000;CPXPARAM_MIP_Limits_ProbeTime=1e+75;CPXPARAM_MIP_Limits_RepairTries=0;CPXPARAM_MIP_Limits_StrongCand=10;CPXPARAM_MIP_Limits_StrongIt=0;CPXPARAM_MIP_OrderType=0;CPXPARAM_MIP_Strategy_BBInterval=7;CPXPARAM_MIP_Strategy_Branch=0;CPXPARAM_MIP_Strategy_Dive=0;CPXPARAM_MIP_Strategy_File=1;CPXPARAM_MIP_Strategy_HeuristicFreq=0;CPXPARAM_MIP_Strategy_LBHeur=0;CPXPARAM_MIP_Strategy_NodeSelect=1;CPXPARAM_MIP_Strategy_Order=1;CPXPARAM_MIP_Strategy_PresolveNode=0;CPXPARAM_MIP_Strategy_Probe=-1;CPXPARAM_MIP_Strategy_RINSHeur=0;CPXPARAM_MIP_Strategy_StartAlgorithm=0;CPXPARAM_MIP_Strategy_SubAlgorithm=0;CPXPARAM_MIP_Strategy_VariableSelect=0;CPXPARAM_Network_NetFind=2;CPXPARAM_Network_Pricing=0;CPXPARAM_Parallel=1;CPXPARAM_Preprocessing_Aggregator=-1;CPXPARAM_Preprocessing_BoundStrength=-1;CPXPARAM_Preprocessing_CoeffReduce=-1;CPXPARAM_Preprocessing_Dependency=-1;CPXPARAM_Preprocessing_Dual=0;CPXPARAM_Preprocessing_Fill=10;CPXPARAM_Preprocessing_NumPass=-1;CPXPARAM_Preprocessing_Presolve=1;CPXPARAM_Preprocessing_QPMakePSD=1;CPXPARAM_Preprocessing_Reduce=3;CPXPARAM_Preprocessing_Relax=-1;CPXPARAM_Preprocessing_RepeatPresolve=-1;CPXPARAM_Preprocessing_Symmetry=-1;CPXPARAM_Read_Scale=0;CPXPARAM_Sifting_Algorithm=0;CPXPARAM_Simplex_Crash=1;CPXPARAM_Simplex_DGradient=0;CPXPARAM_Simplex_Limits_Perturbation=0;CPXPARAM_Simplex_Limits_Singularity=10;CPXPARAM_Simplex_PGradient=0;CPXPARAM_Simplex_Pricing=0;CPXPARAM_Simplex_Refactor=0
1824997052632783030,0,CPXPARAM_Advance=1;CPXPARAM_Barrier_Algorithm=0;CPXPARAM_Barrier_ColNonzeros=0;CPXPARAM_Barrier_Crossover=0;CPXPARAM_Barrier_Limits_Corrections=-1;CPXPARAM_Barrier_Ordering=0;CPXPARAM_Barrier_StartAlg=1;CPXPARAM_Emphasis_MIP=4;CPXPARAM_Emphasis_Memory=0;CPXPARAM_Emphasis_Numerical=0;CPXPARAM_Feasopt_Mode=0;CPXPARAM_LPMethod=0;CPXPARAM_MIP_Cuts_Cliques=-1;CPXPARAM_MIP_Cuts_Covers=0;CPXPARAM_MIP_Cuts_Disjunctive=-1;CPXPARAM_MIP_Cuts_FlowCovers=1;CPXPARAM_MIP_Cuts_GUBCovers=0;CPXPARAM_MIP_Cuts_Gomory=0;CPXPARAM_MIP_Cuts_Implied=0;CPXPARAM_MIP_Cuts_MIRCut=2;CPXPARAM_MIP_Cuts_PathCut=-1;CPXPARAM_MIP_Limits_AggForCut=3;CPXPARAM_MIP_Limits_CutPasses=0;CPXPARAM_MIP_Limits_CutsFactor=-1;CPXPARAM_MIP_Limits_GomoryCand=150;CPXPARAM_MIP_Limits_GomoryPass=0;CPXPARAM_MIP_Limits_Nodes=9223372036800000000;CPXPARAM_MIP_Limits_ProbeTime=1e+75;CPXPARAM_MIP_Limits_RepairTries=0;CPXPARAM_MIP_Limits_StrongCand=10;CPXPARAM_MIP_Limits_StrongIt=0;CPXPARAM_MIP_OrderType=0;CPXPARAM_MIP_Strategy_BBInterval=7;CPXPARAM_MIP_Strategy_Branch=0;CPXPARAM_MIP_Strategy_Dive=0;CPXPARAM_MIP_Strategy_File=1;CPXPARAM_MIP_Strategy_HeuristicFreq=0;CPXPARAM_MIP_Strategy_LBHeur=0;CPXPARAM_MIP_Strategy_NodeSelect=1;CPXPARAM_MIP_Strategy_Order=1;CPXPARAM_MIP_Strategy_PresolveNode=0;CPXPARAM_MIP_Strategy_Probe=-1;CPXPARAM_MIP_Strategy_RINSHeur=0;CPXPARAM_MIP_Strategy_StartAlgorithm=0;CPXPARAM_MIP_Strategy_SubAlgorithm=2;CPXPARAM_MIP_Strategy_VariableSelect=0;CPXPARAM_Network_NetFind=2;CPXPARAM_Network_Pricing=0;CPXPARAM_Parallel=1;CPXPARAM_Preprocessing_Aggregator=-1;CPXPARAM_Preprocessing_BoundStrength=-1;CPXPARAM_Preprocessing_CoeffReduce=-1;CPXPARAM_Preprocessing_Dependency=-1;CPXPARAM_Preprocessing_Dual=0;CPXPARAM_Preprocessing_Fill=10;CPXPARAM_Preprocessing_NumPass=-1;CPXPARAM_Preprocessing_Presolve=1;CPXPARAM_Preprocessing_QPMakePSD=1;CPXPARAM_Preprocessing_Reduce=3;CPXPARAM_Preprocessing_Relax=-1;CPXPARAM_Preprocessing_RepeatPresolve=-1;CPXPARAM_Preprocessing_Symmetry=-1;CPXPARAM_Read_Scale=0;CPXPARAM_Sifting_Algorithm=0;CPXPARAM_Simplex_Crash=1;CPXPARAM_Simplex_DGradient=0;CPXPARAM_Simplex_Limits_Perturbation=0;CPXPARAM_Simplex_Limits_Singularity=10;CPXPARAM_Simplex_PGradient=0;CPXPARAM_Simplex_Pricing=0;CPXPARAM_Simplex_Refactor=0
5679388560468417008,0,CPXPARAM_Advance=1;CPXPARAM_Barrier_Algorithm=0;CPXPARAM_Barrier_ColNonzeros=0;CPXPARAM_Barrier_Crossover=0;CPXPARAM_Barrier_Limits_Corrections=-1;CPXPARAM_Barrier_Ordering=0;CPXPARAM_Barrier_StartAlg=1;CPXPARAM_Emphasis_MIP=4;CPXPARAM_Emphasis_Memory=0;CPXPARAM_Emphasis_Numerical=0;CPXPARAM_Feasopt_Mode=0;CPXPARAM_LPMethod=0;CPXPARAM_MIP_Cuts_Cliques=-1;CPXPARAM_MIP_Cuts_Covers=0;CPXPARAM_MIP_Cuts_Disjunctive=-1;CPXPARAM_MIP_Cuts_FlowCovers=1;CPXPARAM_MIP_Cuts_GUBCovers=0;CPXPARAM_MIP_Cuts_Gomory=0;CPXPARAM_MIP_Cuts_Implied=0;CPXPARAM_MIP_Cuts_MIRCut=2;CPXPARAM_MIP_Cuts_PathCut=-1;CPXPARAM_MIP_Limits_AggForCut=3;CPXPARAM_MIP_Limits_CutPasses=0;CPXPARAM_MIP_Limits_CutsFactor=-1;CPXPARAM_MIP_Limits_GomoryCand=150;CPXPARAM_MIP_Limits_GomoryPass=0;CPXPARAM_MIP_Limits_Nodes=9223372036800000000;CPXPARAM_MIP_Limits_ProbeTime=1e+75;CPXPARAM_MIP_Limits_RepairTries=0;CPXPARAM_MIP_Limits_StrongCand=10;CPXPARAM_MIP_Limits_StrongIt=0;CPXPARAM_MIP_OrderType=0;CPXPARAM_MIP_Strategy_BBInterval=7;CPXPARAM_MIP_Strategy_Branch=0;CPXPARAM_MIP_Strategy_Dive=0;CPXPARAM_MIP_Strategy_File=1;CPXPARAM_MIP_Strategy_HeuristicFreq=0;CPXPARAM_MIP_Strategy_LBHeur=0;CPXPARAM_MIP_Strategy_NodeSelect=1;CPXPARAM_MIP_Strategy_Order=1;CPXPARAM_MIP_Strategy_PresolveNode=0;CPXPARAM_MIP_Strategy_Probe=-1;CPXPARAM_MIP_Strategy_RINSHeur=0;CPXPARAM_MIP_Strategy_StartAlgorithm=0;CPXPARAM_MIP_Strategy_SubAlgorithm=4;CPXPARAM_MIP_Strategy_VariableSelect=0;CPXPARAM_Network_NetFind=2;CPXPARAM_Network_Pricing=0;CPXPARAM_Parallel=1;CPXPARAM_Preprocessing_Aggregator=-1;CPXPARAM_Preprocessing_BoundStrength=-1;CPXPARAM_Preprocessing_CoeffReduce=-1;CPXPARAM_Preprocessing_Dependency=-1;CPXPARAM_Preprocessing_Dual=0;CPXPARAM_Preprocessing_Fill=10;CPXPARAM_Preprocessing_NumPass=-1;CPXPARAM_Preprocessing_Presolve=1;CPXPARAM_Preprocessing_QPMakePSD=1;CPXPARAM_Preprocessing_Reduce=3;CPXPARAM_Preprocessing_Relax=-1;CPXPARAM_Preprocessing_RepeatPresolve=-1;CPXPARAM_Preprocessing_Symmetry=-1;CPXPARAM_Read_Scale=0;CPXPARAM_Sifting_Algorithm=0;CPXPARAM_Simplex_Crash=1;CPXPARAM_Simplex_DGradient=0;CPXPARAM_Simplex_Limits_Perturbation=0;CPXPARAM_Simplex_Limits_Singularity=10;CPXPARAM_Simplex_PGradient=0;CPXPARAM_Simplex_Pricing=0;CPXPARAM_Simplex_Refactor=0
13586950776550957627,0,CPXPARAM_Advance=1;CPXPARAM_Barrier_Algorithm=0;CPXPARAM_Barrier_ColNonzeros=0;CPXPARAM_Barrier_Crossover=0;CPXPARAM_Barrier_Limits_Corrections=-1;CPXPARAM_Barrier_Ordering=0;CPXPARAM_Barrier_StartAlg=1;CPXPARAM_Emphasis_MIP=4;CPXPARAM_Emphasis_Memory=0;CPXPARAM_Emphasis_Numerical=0;CPXPARAM_Feasopt_Mode=0;CPXPARAM_LPMethod=0;CPXPARAM_MIP_Cuts_Cliques=-1;CPXPARAM_MIP_Cuts_Covers=0;CPXPARAM_MIP_Cuts_Disjunctive=-1;CPXPARAM_MIP_Cuts_FlowCovers=1;CPXPARAM_MIP_Cuts_GUBCovers=0;CPXPARAM_MIP_Cuts_Gomory=0;CPXPARAM_MIP_Cuts_Implied=0;CPXPARAM_MIP_Cuts_MIRCut=2;CPXPARAM_MIP_Cuts_PathCut=-1;CPXPARAM_MIP_Limits_AggForCut=3;CPXPARAM_MIP_Limits_CutPasses=0;CPXPARAM_MIP_Limits_CutsFactor=-1;CPXPARAM_MIP_Limits_GomoryCand=150;CPXPARAM_MIP_Limits_GomoryPass=0;CPXPARAM_MIP_Limits_Nodes=9223372036800000000;CPXPARAM_MIP_Limits_ProbeTime=1e+75;CPXPARAM_MIP_Limits_RepairTries=0;CPXPARAM_MIP_Limits_StrongCand=10;CPXPARAM_MIP_Limits_StrongIt=0;CPXPARAM_MIP_OrderType=0;CPXPARAM_MIP_Strategy_BBInterval=7;CPXPARAM_MIP_Strategy_Branch=0;CPXPARAM_MIP_Strategy_Dive=0;CPXPARAM_MIP_Strategy_File=1;CPXPARAM_MIP_Strategy_HeuristicFreq=0;CPXPARAM_MIP_Strategy_LBHeur=0;CPXPARAM_MIP_Strategy_NodeSelect=1;CPXPARAM_MIP_Strategy_Order=1;CPXPARAM_MIP_Strategy_PresolveNode=0;CPXPARAM_MIP_Strategy_Probe=-1;CPXPARAM_MIP_Strategy_RINSHeur=0;CPXPARAM_MIP_Strategy_StartAlgorithm=0;CPXPARAM_MIP_Strategy_SubAlgorithm=0;CPXPARAM_MIP_Strategy_VariableSelect=0;CPXPARAM_Network_NetFind=2;CPXPARAM_Network_Pricing=0;CPXPARAM_Parallel=1;CPXPARAM_Preprocessing_Aggregator=-1;CPXPARAM_Preprocessing_BoundStrength=-1;CPXPARAM_Preprocessing_CoeffReduce=-1;CPXPARAM_Preprocessing_Dependency=-1;CPXPARAM_Preprocessing_Dual=0;CPXPARAM_Preprocessing_Fill=10;CPXPARAM_Preprocessing_NumPass=-1;CPXPARAM_Preprocessing_Presolve=1;CPXPARAM_Preprocessing_QPMakePSD=1;CPXPARAM_Preprocessing_Reduce=3;CPXPARAM_Preprocessing_Relax=-1;CPXPARAM_Preprocessing_RepeatPresolve=-1;CPXPARAM_Preprocessing_Symmetry=-1;CPXPARAM_Read_Scale=0;CPXPARAM_Sifting_Algorithm=0;CPXPARAM_Simplex_Crash=1;CPXPARAM_Simplex_DGradient=1;CPXPARAM_Simplex_Limits_Perturbation=0;CPXPARAM_Simplex_Limits_Singularity=10;CPXPARAM_Simplex_PGradient=0;CPXPARAM_Simplex_Pricing=0;CPXPARAM_Simplex_Refactor=0
15567323705133727665,0,CPXPARAM_Advance=1;CPXPARAM_Barrier_Algorithm=0;CPXPARAM_Barrier_ColNonzeros=0;CPXPARAM_Barrier_Crossover=0;CPXPARAM_Barrier_Limits_Corrections=-1;CPXPARAM_Barrier_Ordering=0;CPXPARAM_Barrier_StartAlg=1;CPXPARAM_Emphasis_MIP=4;CPXPARAM_Emphasis_Memory=0;CPXPARAM_Emphasis_Numerical=0;CPXPARAM_Feasopt_Mode=0;CPXPARAM_LPMethod=0;CPXPARAM_MIP_Cuts_Cliques=-1;CPXPARAM_MIP_Cuts_Covers=0;CPXPARAM_MIP_Cuts_Disjunctive=-1;CPXPARAM_MIP_Cuts_FlowCovers=1;CPXPARAM_MIP_Cuts_GUBCovers=0;CPXPARAM_MIP_Cuts_Gomory=0;CPXPARAM_MIP_Cuts_Implied=0;CPXPARAM_MIP_Cuts_MIRCut=2;CPXPARAM_MIP_Cuts_PathCut=-1;CPXPARAM_MIP_Limits_AggForCut=3;CPXPARAM_MIP_Limits_CutPasses=0;CPXPARAM_MIP_Limits_CutsFactor=-1;CPXPARAM_MIP_Limits_GomoryCand=150;CPXPARAM_MIP_Limits_GomoryPass=0;CPXPARAM_MIP_Limits_Nodes=9223372036800000000;CPXPARAM_MIP_Limits_ProbeTime=1e+75;CPXPARAM_MIP_Limits_RepairTries=0;CPXPARAM_MIP_Limits_StrongCand=10;CPXPARAM_MIP_Limits_StrongIt=0;CPXPARAM_MIP_OrderType=0;CPXPARAM_MIP_Strategy_BBInterval=7;CPXPARAM_MIP_Strategy_Branch=0;CPXPARAM_MIP_Strategy_Dive=0;CPXPARAM_MIP_Strategy_File=1;CPXPARAM_MIP_Strategy_HeuristicFreq=0;CPXPARAM_MIP_Strategy_LBHeur=0;CPXPARAM_MIP_Strategy_NodeSelect=1;CPXPARAM_MIP_Strategy_Order=1;CPXPARAM_MIP_Strategy_PresolveNode=0;CPXPARAM_MIP_Strategy_Probe=0;CPXPARAM_MIP_Strategy_RINSHeur=0;CPXPARAM_MIP_Strategy_StartAlgorithm=0;CPXPARAM_MIP_Strategy_SubAlgorithm=0;CPXPARAM_MIP_Strategy_VariableSelect=0;CPXPARAM_Network_NetFind=2;CPXPARAM_Network_Pricing=0;CPXPARAM_Parallel=1;CPXPARAM_Preprocessing_Aggregator=-1;CPXPARAM_Preprocessing_BoundStrength=-1;CPXPARAM_Preprocessing_CoeffReduce=-1;CPXPARAM_Preprocessing_Dependency=-1;CPXPARAM_Preprocessing_Dual=0;CPXPARAM_Preprocessing_Fill=10;CPXPARAM_Preprocessing_NumPass=-1;CPXPARAM_Preprocessing_Presolve=1;CPXPARAM_Preprocessing_QPMakePSD=1;CPXPARAM_Preprocessing_Reduce=3;CPXPARAM_Preprocessing_Relax=-1;CPXPARAM_Preprocessing_RepeatPresolve=-1;CPXPARAM_Preprocessing_Symmetry=-1;CPXPARAM_Read_Scale=0;CPXPARAM_Sifting_Algorithm=0;CPXPARAM_Simplex_Crash=1;CPXPARAM_Simplex_DGradient=0;CPXPARAM_Simplex_Limits_Perturbation=0;CPXPARAM_Simplex_Limits_Singularity=10;CPXPARAM_Simplex_PGradient=0;CPXPARAM_Simplex_Pricing=0;CPXPARAM_Simplex_Refactor=0
4275962905230524130,0,CPXPARAM_Advance=1;CPXPARAM_Barrier_Algorithm=0;CPXPARAM_Barrier_ColNonzeros=0;CPXPARAM_Barrier_Crossover=0;CPXPARAM_Barrier_Limits_Corrections=-1;CPXPARAM_Barrier_Ordering=0;CPXPARAM_Barrier_StartAlg=1;CPXPARAM_Emphasis_MIP=4;CPXPARAM_Emphasis_Memory=0;CPXPARAM_Emphasis_Numerical=0;CPXPARAM_Feasopt_Mode=0;CPXPARAM_LPMethod=0;CPXPARAM_MIP_Cuts_Cliques=-1;CPXPARAM_MIP_Cuts_Covers=0;CPXPARAM_MIP_Cuts_Disjunctive=-1;CPXPARAM_MIP_Cuts_FlowCovers=1;CPXPARAM_MIP_Cuts_GUBCovers=0;CPXPARAM_MIP_Cuts_Gomory=0;CPXPARAM_MIP_Cuts_Implied=0;CPXPARAM_MIP_Cuts_MIRCut=2;CPXPARAM_MIP_Cuts_PathCut=-1;CPXPARAM_MIP_Limits_AggForCut=3;CPXPARAM_MIP_Limits_CutPasses=0;CPXPARAM_MIP_Limits_CutsFactor=-1;CPXPARAM_MIP_Limits_GomoryCand=150;CPXPARAM_MIP_Limits_GomoryPass=0;CPXPARAM_MIP_Limits_Nodes=9223372036800000000;CPXPARAM_MIP_Limits_ProbeTime=1e+75;CPXPARAM_MIP_Limits_RepairTries=0;CPXPARAM_MIP_Limits_StrongCand=10;CPXPARAM_MIP_Limits_StrongIt=0;CPXPARAM_MIP_OrderType=0;CPXPARAM_MIP_Strategy_BBInterval=7;CPXPARAM_MIP_Strategy_Branch=0;CPXPARAM_MIP_Strategy_Dive=0;CPXPARAM_MIP_Strategy_File=1;CPXPARAM_MIP_Strategy_HeuristicFreq=0;CPXPARAM_MIP_Strategy_LBHeur=0;CPXPARAM_MIP_Strategy_NodeSelect=1;CPXPARAM_MIP_Strategy_Order=1;CPXPARAM_MIP_Strategy_PresolveNode=0;CPXPARAM_MIP_Strategy_Probe=-1;CPXPARAM_MIP_Strategy_RINSHeur=0;CPXPARAM_MIP_Strategy_StartAlgorithm=0;CPXPARAM_MIP_Strategy_SubAlgorithm=0;CPXPARAM_MIP_Strategy_VariableSelect=0;CPXPARAM_Network_NetFind=2;CPXPARAM_Network_Pricing=0;CPXPARAM_Parallel=1;CPXPARAM_Preprocessing_Aggregator=-1;CPXPARAM_Preprocessing_BoundStrength=-1;CPXPARAM_Preprocessing_CoeffReduce=-1;CPXPARAM_Preprocessing_Dependency=-1;CPXPARAM_Preprocessing_Dual=0;CPXPARAM_Preprocessing_Fill=10;CPXPARAM_Preprocessing_NumPass=-1;CPXPARAM_Preprocessing_Presolve=1;CPXPARAM_Preprocessing_QPMakePSD=1;CPXPARAM_Preprocessing_Reduce=3;CPXPARAM_Preprocessing_Relax=-1;CPXPARAM_Preprocessing_RepeatPresolve=-1;CPXPARAM_Preprocessing_Symmetry=-1;CPXPARAM_Read_Scale=0;CPXPARAM_Sifting_Algorithm=0;CPXPARAM_Simplex_Crash=1;CPXPARAM_Simplex_DGradient=3;CPXPARAM_Simplex_Limits_Perturbation=0;CPXPARAM_Simplex_Limits_Singularity=10;CPXPARAM_Simplex_PGradient=0;CPXPARAM_Simplex_Pricing=0;CPXPARAM_Simplex_Refactor=0
363275544916012353,0,CPXPARAM_Advance=1;CPXPARAM_Barrier_Algorithm=0;CPXPARAM_Barrier_ColNonzeros=0;CPXPARAM_Barrier_Crossover=0;CPXPARAM_Barrier_Limits_Corrections=-1;CPXPARAM_Barrier_Ordering=0;CPXPARAM_Barrier_StartAlg=1;CPXPARAM_Emphasis_MIP=4;CPXPARAM_Emphasis_Memory=0;CPXPARAM_Emphasis_Numerical=0;CPXPARAM_Feasopt_Mode=0;CPXPARAM_LPMethod=0;CPXPARAM_MIP_Cuts_Cliques=-1;CPXPARAM_MIP_Cuts_Covers=0;CPXPARAM_MIP_Cuts_Disjunctive=-1;CPXPARAM_MIP_Cuts_FlowCovers=1;CPXPARAM_MIP_Cuts_GUBCovers=0;CPXPARAM_MIP_Cuts_Gomory=0;CPXPARAM_MIP_Cuts_Implied=0;CPXPARAM_MIP_Cuts_MIRCut=2;CPXPARAM_MIP_Cuts_PathCut=-1;CPXPARAM_MIP_Limits_AggForCut=3;CPXPARAM_MIP_Limits_CutPasses=0;CPXPARAM_MIP_Limits_CutsFactor=-1;CPXPARAM_MIP_Limits_GomoryCand=150;CPXPARAM_MIP_Limits_GomoryPass=0;CPXPARAM_MIP_Limits_Nodes=9223372036800000000;CPXPARAM_MIP_Limits_ProbeTime=1e+75;CPXPARAM_MIP_Limits_RepairTries=0;CPXPARAM_MIP_Limits_StrongCand=10;CPXPARAM_MIP_Limits_StrongIt=0;CPXPARAM_MIP_OrderType=0;CPXPARAM_MIP_Strategy_BBInterval=7;CPXPARAM_MIP_Strategy_Branch=0;CPXPARAM_MIP_Strategy_Dive=0;CPXPARAM_MIP_Strategy_File=1;CPXPARAM_MIP_Strategy_HeuristicFreq=0;CPXPARAM_MIP_Strategy_LBHeur=0;CPXPARAM_MIP_Strategy_NodeSelect=1;CPXPARAM_MIP_Strategy_Order=1;CPXPARAM_MIP_Strategy_PresolveNode=0;CPXPARAM_MIP_Strategy_Probe=-1;CPXPARAM_MIP_Strategy_RINSHeur=0;CPXPARAM_MIP_Strategy_StartAlgorithm=0;CPXPARAM_MIP_Strategy_SubAlgorithm=0;CPXPARAM_MIP_Strategy_VariableSelect=0;CPXPARAM_Network_NetFind=2;CPXPARAM_Network_Pricing=0;CPXPARAM_Parallel=1;CPXPARAM_Preprocessing_Aggregator=-1;CPXPARAM_Preprocessing_BoundStrength=-1;CPXPARAM_Preprocessing_CoeffReduce=-1;CPXPARAM_Preprocessing_Dependency=-1;CPXPARAM_Preprocessing_Dual=0;CPXPARAM_Preprocessing_Fill=10;CPXPARAM_Preprocessing_NumPass=-1;CPXPARAM_Preprocessing_Presolve=1;CPXPARAM_Preprocessing_QPMakePSD=1;CPXPARAM_Preprocessing_Reduce=3;CPXPARAM_Preprocessing_Relax=-1;CPXPARAM_Preprocessing_RepeatPresolve=-1;CPXPARAM_Preprocessing_Symmetry=-1;CPXPARAM_Read_Scale=0;CPXPARAM_Sifting_Algorithm=0;CPXPARAM_Simplex_Crash=1;CPXPARAM_Simplex_DGradient=4;CPXPARAM_Simplex_Limits_Perturbation=0;CPXPARAM_Simplex_Limits_Singularity=10;CPXPARAM_Simplex_PGradient=0;CPXPARAM_Simplex_Pricing=0;CPXPARAM_Simplex_Refactor=0
13488157154754447342,0,CPXPARAM_Advance=1;CPXPARAM_Barrier_Algorithm=0;CPXPARAM_Barrier_ColNonzeros=0;CPXPARAM_Barrier_Crossover=0;CPXPARAM_Barrier_Limits_Corrections=-1;CPXPARAM_Barrier_Ordering=0;CPXPARAM_Barrier_StartAlg=1;CPXPARAM_Emphasis_MIP=4;CPXPARAM_Emphasis_Memory=0;CPXPARAM_Emphasis_Numerical=0;CPXPARAM_Feasopt_Mode=0;CPXPARAM_LPMethod=0;CPXPARAM_MIP_Cuts_Cliques=-1;CPXPARAM_MIP_Cuts_Covers=0;CPXPARAM_MIP_Cuts_Disjunctive=-1;CPXPARAM_MIP_Cuts_FlowCovers=1;CPXPARAM_MIP_Cuts_GUBCovers=0;CPXPARAM_MIP_Cuts_Gomory=0;CPXPARAM_MIP_Cuts_Implied=0;CPXPARAM_MIP_Cuts_MIRCut=2;CPXPARAM_MIP_Cuts_PathCut=-1;CPXPARAM_MIP_Limits_AggForCut=3;CPXPARAM_MIP_Limits_CutPasses=0;CPXPARAM_MIP_Limits_CutsFactor=-1;CPXPARAM_MIP_Limits_GomoryCand=150;CPXPARAM_MIP_Limits_GomoryPass=0;CPXPARAM_MIP_Limits_Nodes=9223372036800000000;CPXPARAM_MIP_Limits_ProbeTime=1e+75;CPXPARAM_MIP_Limits_RepairTries=0;CPXPARAM_MIP_Limits_StrongCand=10;CPXPARAM_MIP_Limits_StrongIt=0;CPXPARAM_MIP_OrderType=0;CPXPARAM_MIP_Strategy_BBInterval=7;CPXPARAM_MIP_Strategy_Branch=0;CPXPARAM_MIP_Strategy_Dive=0;CPXPARAM_MIP_Strategy_File=1;CPXPARAM_MIP_Strategy_HeuristicFreq=0;CPXPARAM_MIP_Strategy_LBHeur=0;CPXPARAM_MIP_Strategy_NodeSelect=1;CPXPARAM_MIP_Strategy_Order=1;CPXPARAM_MIP_Strategy_PresolveNode=0;CPXPARAM_MIP_Strategy_Probe=-1;CPXPARAM_MIP_Strategy_RINSHeur=0;CPXPARAM_MIP_Strategy_StartAlgorithm=0;CPXPARAM_MIP_Strategy_SubAlgorithm=0;CPXPARAM_MIP_Strategy_VariableSelect=0;CPXPARAM_Network_NetFind=2;CPXPARAM_Network_Pricing=0;CPXPARAM_Parallel=1;CPXPARAM_Preprocessing_Aggregator=-1;CPXPARAM_Preprocessing_BoundStrength=-1;CPXPARAM_Preprocessing_CoeffReduce=-1;CPXPARAM_Preprocessing_Dependency=-1;CPXPARAM_Preprocessing_Dual=0;CPXPARAM_Preprocessing_Fill=10;CPXPARAM_Preprocessing_NumPass=-1;CPXPARAM_Preprocessing_Presolve=1;CPXPARAM_Preprocessing_QPMakePSD=1;CPXPARAM_Preprocessing_Reduce=3;CPXPARAM_Preprocessing_Relax=-1;CPXPARAM_Preprocessing_RepeatPresolve=-1;CPXPARAM_Preprocessing_Symmetry=-1;CPXPARAM_Read_Scale=0;CPXPARAM_Sifting_Algorithm=0;CPXPARAM_Simplex_Crash=1;CPXPARAM_Simplex_DGradient=5;CPXPARAM_Simplex_Limits_Perturbation=0;CPXPARAM_Simplex_Limits_Singularity=10;CPXPARAM_Simplex_PGradient=0;CPXPARAM_Simplex_Pricing=0;CPXPARAM_Simplex_Refactor=0
1458446681119163252,0,CPXPARAM_Advance=1;CPXPARAM_Barrier_Algorithm=0;CPXPARAM_Barrier_ColNonzeros=0;CPXPARAM_Barrier_Crossover=0;CPXPARAM_Barrier_Limits_Corrections=-1;CPXPARAM_Barrier_Ordering=0;CPXPARAM_Barrier_StartAlg=1;CPXPARAM_Emphasis_MIP=4;CPXPARAM_Emphasis_Memory=0;CPXPARAM_Emphasis_Numerical=0;CPXPARAM_Feasopt_Mode=0;CPXPARAM_LPMethod=0;CPXPARAM_MIP_Cuts_Cliques=-1;CPXPARAM_MIP_Cuts_Covers=0;CPXPARAM_MIP_Cuts_Disjunctive=-1;CPXPARAM_MIP_Cuts_FlowCovers=1;CPXPARAM_MIP_Cuts_GUBCovers=0;CPXPARAM_MIP_Cuts_Gomory=0;CPXPARAM_MIP_Cuts_Implied=0;CPXPARAM_MIP_Cuts_MIRCut=2;CPXPARAM_MIP_Cuts_PathCut=-1;CPXPARAM_MIP_Limits_AggForCut=3;CPXPARAM_MIP_Limits_CutPasses=0;CPXPARAM_MIP_Limits_CutsFactor=-1;CPXPARAM_MIP_Limits_GomoryCand=10;CPXPARAM_MIP_Limits_GomoryPass=0;CPXPARAM_MIP_Limits_Nodes=9223372036800000000;CPXPARAM_MIP_Limits_ProbeTime=1e+75;CPXPARAM_MIP_Limits_RepairTries=0;CPXPARAM_MIP_Limits_StrongCand=10;CPXPARAM_MIP_Limits_StrongIt=0;CPXPARAM_MIP_OrderType=0;CPXPARAM_MIP_Strategy_BBInterval=7;CPXPARAM_MIP_Strategy_Branch=0;CPXPARAM_MIP_Strategy_Dive=0;CPXPARAM_MIP_Strategy_File=1;CPXPARAM_MIP_Strategy_HeuristicFreq=0;CPXPARAM_MIP_Strategy_LBHeur=0;CPXPARAM_MIP_Strategy_NodeSelect=1;CPXPARAM_MIP_Strategy_Order=1;CPXPARAM_MIP_Strategy_PresolveNode=0;CPXPARAM_MIP_Strategy_Probe=-1;CPXPARAM_MIP_Strategy_RINSHeur=0;CPXPARAM_MIP_Strategy_StartAlgorithm=0;CPXPARAM_MIP_Strategy_SubAlgorithm=0;CPXPARAM_MIP_Strategy_VariableSelect=0;CPXPARAM_Network_NetFind=2;CPXPARAM_Network_Pricing=0;CPXPARAM_Parallel=1;CPXPARAM_Preprocessing_Aggregator=-1;CPXPARAM_Preprocessing_BoundStrength=-1;CPXPARAM_Preprocessing_CoeffReduce=-1;CPXPARAM_Preprocessing_Dependency=-1;CPXPARAM_Preprocessing_Dual=0;CPXPARAM_Preprocessing_Fill=10;CPXPARAM_Preprocessing_NumPass=-1;CPXPARAM_Preprocessing_Presolve=1;CPXPARAM_Preprocessing_QPMakePSD=1;CPXPARAM_Preprocessing_Reduce=3;CPXPARAM_Preprocessing_Relax=-1;CPXPARAM_Preprocessing_RepeatPresolve=-1;CPXPARAM_Preprocessing_Symmetry=-1;CPXPARAM_Read_Scale=0;CPXPARAM_Sifting_Algorithm=0;CPXPARAM_Simplex_Crash=1;CPXPARAM_Simplex_DGradient=0;CPXPARAM_Simplex_Limits_Perturbation=0;CPXPARAM_Simplex_Limits_Singularity=10;CPXPARAM_Simplex_PGradient=0;CPXPARAM_Simplex_Pricing=0;CPXPARAM_Simplex_Refactor=0
8973217083176626097,0,CPXPARAM_Advance=1;CPXPARAM_Barrier_Algorithm=0;CPXPARAM_Barrier_ColNonzeros=0;CPXPARAM_Barrier_Crossover=0;CPXPARAM_Barrier_Limits_Corrections=-1;CPXPARAM_Barrier_Ordering=0;CPXPARAM_Barrier_StartAlg=1;CPXPARAM_Emphasis_MIP=4;CPXPARAM_Emphasis_Memory=0;CPXPARAM_Emphasis_Numerical=0;CPXPARAM_Feasopt_Mode=0;CPXPARAM_LPMethod=0;CPXPARAM_MIP_Cuts_Cliques=-1;CPXPARAM_MIP_Cuts_Covers=0;CPXPARAM_MIP_Cuts_Disjunctive=-1;CPXPARAM_MIP_Cuts_FlowCovers=1;CPXPARAM_MIP_Cuts_GUBCovers=0;CPXPARAM_MIP_Cuts_Gomory=0;CPXPARAM_MIP_Cuts_Implied=0;CPXPARAM_MIP_Cuts_MIRCut=2;CPXPARAM_MIP_Cuts_PathCut=-1;CPXPARAM_MIP_Limits_AggForCut=3;CPXPARAM_MIP_Limits_CutPasses=0;CPXPARAM_MIP_Limits_CutsFactor=-1;CPXPARAM_MIP_Limits_GomoryCand=150;CPXPARAM_MIP_Limits_GomoryPass=0;CPXPARAM_MIP_Limits_Nodes=9223372036800000000;CPXPARAM_MIP_Limits_ProbeTime=1e+75;CPXPARAM_MIP_Limits_RepairTries=0;CPXPARAM_MIP_Limits_StrongCand=10;CPXPARAM_MIP_Limits_StrongIt=0;CPXPARAM_MIP_OrderType=0;CPXPARAM_MIP_Strategy_BBInterval=7;CPXPARAM_MIP_Strategy_Branch=0;CPXPARAM_MIP_Strategy_Dive=0;CPXPARAM_MIP_Strategy_File=1;CPXPARAM_MIP_Strategy_HeuristicFreq=0;CPXPARAM_MIP_Strategy_LBHeur=0;CPXPARAM_MIP_Strategy_NodeSelect=1;CPXPARAM_MIP_Strategy_Order=1;CPXPARAM_MIP_Strategy_PresolveNode=0;CPXPARAM_MIP_Strategy_Probe=-1;CPXPARAM_MIP_Strategy_RINSHeur=0;CPXPARAM_MIP_Strategy_StartAlgorithm=0;CPXPARAM_MIP_Strategy_SubAlgorithm=0;CPXPARAM_MIP_Strategy_VariableSelect=0;CPXPARAM_Network_NetFind=2;CPXPARAM_Network_Pricing=0;CPXPARAM_Parallel=1;CPXPARAM_Preprocessing_Aggregator=-1;CPXPARAM_Preprocessing_BoundStrength=-1;CPXPARAM_Preprocessing_CoeffReduce=-1;CPXPARAM_Preprocessing_Dependency=-1;CPXPARAM_Preprocessing_Dual=0;CPXPARAM_Preprocessing_Fill=10;CPXPARAM_Preprocessing_NumPass=-1;CPXPARAM_Preprocessing_Presolve=1;CPXPARAM_Preprocessing_QPMakePSD=1;CPXPARAM_Preprocessing_Reduce=3;CPXPARAM_Preprocessing_Relax=-1;CPXPARAM_Preprocessing_RepeatPresolve=-1;CPXPARAM_Preprocessing_Symmetry=-1;CPXPARAM_Read_Scale=0;CPXPARAM_Sifting_Algorithm=0;CPXPARAM_Simplex_Crash=1;CPXPARAM_Simplex_DGradient=0;CPXPARAM_Simplex_Limits_Perturbation=0;CPXPARAM_Simplex_Limits_Singularity=10;CPXPARAM_Simplex_PGradient=-1;CPXPARAM_Simplex_Pricing=0;CPXPARAM_Simplex_Refactor=0
6714258927683475510,0,CPXPARAM_Advance=1;CPXPARAM_Barrier_Algorithm=0;CPXPARAM_Barrier_ColNonzeros=0;CPXPARAM_Barrier_Crossover=0;CPXPARAM_Barrier_Limits_Corrections=-1;CPXPARAM_Barrier_Ordering=0;CPXPARAM_Barrier_StartAlg=1;CPXPARAM_Emphasis_MIP=4;CPXPARAM_Emphasis_Memory=0;CPXPARAM_Emphasis_Numerical=0;CPXPARAM_Feasopt_Mode=0;CPXPARAM_LPMethod=0;CPXPARAM_MIP_Cuts_Cliques=-1;CPXPARAM_MIP_Cuts_Covers=0;CPXPARAM_MIP_Cuts_Disjunctive=-1;CPXPARAM_MIP_Cuts_FlowCovers=1;CPXPARAM_MIP_Cuts_GUBCovers=0;CPXPARAM_MIP_Cuts_Gomory=0;CPXPARAM_MIP_Cuts_Implied=0;CPXPARAM_MIP_Cuts_MIRCut=2;CPXPARAM_MIP_Cuts_PathCut=-1;CPXPARAM_MIP_Limits_AggForCut=0;CPXPARAM_MIP_Limits_CutPasses=0;CPXPARAM_MIP_Limits_CutsFactor=-1;CPXPARAM_MIP_Limits_GomoryCand=150;CPXPARAM_MIP_Limits_GomoryPass=0;CPXPARAM_MIP_Limits_Nodes=9223372036800000000;CPXPARAM_MIP_Limits_ProbeTime=1e+75;CPXPARAM_MIP_Limits_RepairTries=0;CPXPARAM_MIP_Limits_StrongCand=10;CPXPARAM_MIP_Limits_StrongIt=0;CPXPARAM_MIP_OrderType=0;CPXPARAM_MIP_Strategy_BBInterval=7;CPXPARAM_MIP_Strategy_Branch=0;CPXPARAM_MIP_Strategy_Dive=0;CPXPARAM_MIP_Strategy_File=1;CPXPARAM_MIP_Strategy_HeuristicFreq=0;CPXPARAM_MIP_Strategy_LBHeur=0;CPXPARAM_MIP_Strategy_NodeSelect=1;CPXPARAM_MIP_Strategy_Order=1;CPXPARAM_MIP_Strategy_PresolveNode=0;CPXPARAM_MIP_Strategy_Probe=-1;CPXPARAM_MIP_Strategy_RINSHeur=0;CPXPARAM_MIP_Strategy_StartAlgorithm=0;CPXPARAM_MIP_Strategy_SubAlgorithm=0;CPXPARAM_MIP_Strategy_VariableSelect=0;CPXPARAM_Network_NetFind=2;CPXPARAM_Network_Pricing=0;CPXPARAM_Parallel=1;CPXPARAM_Preprocessing_Aggregator=-1;CPXPARAM_Preprocessing_BoundStrength=-1;CPXPARAM_Preprocessing_CoeffReduce=-1;CPXPARAM_Preprocessing_Dependency=-1;CPXPARAM_Preprocessing_Dual=0;CPXPARAM_Preprocessing_Fill=10;CPXPARAM_Preprocessing_NumPass=-1;CPXPARAM_Preprocessing_Presolve=1;CPXPARAM_Preprocessing_QPMakePSD=1;CPXPARAM_Preprocessing_Reduce=3;CPXPARAM_Preprocessing_Relax=-1;CPXPARAM_Preprocessing_RepeatPresolve=-1;CPXPARAM_Preprocessing_Symmetry=-1;CPXPARAM_Read_Scale=0;CPXPARAM_Sifting_Algorithm=0;CPXPARAM_Simplex_Crash=1;CPXPARAM_Simplex_DGradient=0;CPXPARAM_Simplex_Limits_Perturbation=0;CPXPARAM_Simplex_Limits_Singularity=10;CPXPARAM_Simplex_PGradient=0;CPXPARAM_Simplex_Pricing=0;CPXPARAM_Simplex_Refactor=0
15793043866595841352,0,CPXPARAM_Advance=1;CPXPARAM_Barrier_Algorithm=0;CPXPARAM_Barrier_ColNonzeros=0;CPXPARAM_Barrier_Crossover=0;CPXPARAM_Barrier_Limits_Corrections=-1;CPXPARAM_Barrier_Ordering=0;CPXPARAM_Barrier_StartAlg=1;CPXPARAM_Emphasis_MIP=4;CPXPARAM_Emphasis_Memory=0;CPXPARAM_Emphasis_Numerical=0;CPXPARAM_Feasopt_Mode=0;CPXPARAM_LPMethod=0;CPXPARAM_MIP_Cuts_Cliques=-1;CPXPARAM_MIP_Cuts_Covers=0;CPXPARAM_MIP_Cuts_Disjunctive=-1;CPXPARAM_MIP_Cuts_FlowCovers=1;CPXPARAM_MIP_Cuts_GUBCovers=0;CPXPARAM_MIP_Cuts_Gomory=0;CPXPARAM_MIP_Cuts_Implied=0;CPXPARAM_MIP_Cuts_MIRCut=2;CPXPARAM_MIP_Cuts_PathCut=-1;CPXPARAM_MIP_Limits_AggForCut=3;CPXPARAM_MIP_Limits_CutPasses=0;CPXPARAM_MIP_Limits_CutsFactor=-1;CPXPARAM_MIP_Limits_GomoryCand=800;CPXPARAM_MIP_Limits_GomoryPass=0;CPXPARAM_MIP_Limits_Nodes=9223372036800000000;CPXPARAM_MIP_Limits_ProbeTime=1e+75;CPXPARAM_MIP_Limits_RepairTries=0;CPXPARAM_MIP_Limits_StrongCand=10;CPXPARAM_MIP_Limits_StrongIt=0;CPXPARAM_MIP_OrderType=0;CPXPARAM_MIP_Strategy_BBInterval=7;CPXPARAM_MIP_Strategy_Branch=0;CPXPARAM_MIP_Strategy_Dive=0;CPXPARAM_MIP_Strategy_File=1;CPXPARAM_MIP_Strategy_HeuristicFreq=0;CPXPARAM_MIP_Strategy_LBHeur=0;CPXPARAM_MIP_Strategy_NodeSelect=1;CPXPARAM_MIP_Strategy_Order=1;CPXPARAM_MIP_Strategy_PresolveNode=0;CPXPARAM_MIP_Strategy_Probe=0;CPXPARAM_MIP_Strategy_RINSHeur=0;CPXPARAM_MIP_Strategy_StartAlgorithm=0;CPXPARAM_MIP_Strategy_SubAlgorithm=0;CPXPARAM_MIP_Strategy_VariableSelect=0;CPXPARAM_Network_NetFind=2;CPXPARAM_Network_Pricing=0;CPXPARAM_Parallel=1;CPXPARAM_Preprocessing_Aggregator=-1;CPXPARAM_Preprocessing_BoundStrength=-1;CPXPARAM_Preprocessing_CoeffReduce=-1;CPXPARAM_Preprocessing_Dependency=-1;CPXPARAM_Preprocessing_Dual=0;CPXPARAM_Preprocessing_Fill=10;CPXPARAM_Preprocessing_NumPass=-1;CPXPARAM_Preprocessing_Presolve=1;CPXPARAM_Preprocessing_QPMakePSD=1;CPXPARAM_Preprocessing_Reduce=3;CPXPARAM_Preprocessing_Relax=-1;CPXPARAM_Preprocessing_RepeatPresolve=-1;CPXPARAM_Preprocessing_Symmetry=-1;CPXPARAM_Read_Scale=0;CPXPARAM_Sifting_Algorithm=0;CPXPARAM_Simplex_Crash=1;CPXPARAM_Simplex_DGradient=0;CPXPARAM_Simplex_Limits_Perturbation=0;CPXPARAM_Simplex_Limits_Singularity=10;CPXPARAM_Simplex_PGradient=0;CPXPARAM_Simplex_Pricing=0;CPXPARAM_Simplex_Refactor=0
18148787392975242142,0,CPXPARAM_Advance=1;CPXPARAM_Barrier_Algorithm=0;CPXPARAM_Barrier_ColNonzeros=0;CPXPARAM_Barrier_Crossover=0;CPXPARAM_Barrier_Limits_Corrections=-1;CPXPARAM_Barrier_Ordering=0;CPXPARAM_Barrier_StartAlg=1;CPXPARAM_Emphasis_MIP=4;CPXPARAM_Emphasis_Memory=0;CPXPARAM_Emphasis_Numerical=0;CPXPARAM_Feasopt_Mode=0;CPXPARAM_LPMethod=0;CPXPARAM_MIP_Cuts_Cliques=-1;CPXPARAM_MIP_Cuts_Covers=0;CPXPARAM_MIP_Cuts_Disjunctive=-1;CPXPARAM_MIP_Cuts_FlowCovers=1;CPXPARAM_MIP_Cuts_GUBCovers=0;CPXPARAM_MIP_Cuts_Gomory=0;CPXPARAM_MIP_Cuts_Implied=0;CPXPARAM_MIP_Cuts_MIRCut=2;CPXPARAM_MIP_Cuts_PathCut=-1;CPXPARAM_MIP_Limits_AggForCut=3;CPXPARAM_MIP_Limits_CutPasses=0;CPXPARAM_MIP_Limits_CutsFactor=-1;CPXPARAM_MIP_Limits_GomoryCand=150;CPXPARAM_MIP_Limits_GomoryPass=0;CPXPARAM_MIP_Limits_Nodes=9223372036800000000;CPXPARAM_MIP_Limits_ProbeTime=1e+75;CPXPARAM_MIP_Limits_RepairTries=0;CPXPARAM_MIP_Limits_StrongCand=10;CPXPARAM_MIP_Limits_StrongIt=0;CPXPARAM_MIP_OrderType=0;CPXPARAM_MIP_Strategy_BBInterval=7;CPXPARAM_MIP_Strategy_Branch=0;CPXPARAM_MIP_Strategy_Dive=0;CPXPARAM_MIP_Strategy_File=1;CPXPARAM_MIP_Strategy_HeuristicFreq=0;CPXPARAM_MIP_Strategy_LBHeur=0;CPXPARAM_MIP_Strategy_NodeSelect=1;CPXPARAM_MIP_Strategy_Order=1;CPXPARAM_MIP_Strategy_PresolveNode=0;CPXPARAM_MIP_Strategy_Probe=-1;CPXPARAM_MIP_Strategy_RINSHeur=0;CPXPARAM_MIP_Strategy_StartAlgorithm=1;CPXPARAM_MIP_Strategy_SubAlgorithm=0;CPXPARAM_MIP_Strategy_VariableSelect=0;CPXPARAM_Network_NetFind=2;CPXPARAM_Network_Pricing=0;CPXPARAM_Parallel=1;CPXPARAM_Preprocessing_Aggregator=-1;CPXPARAM_Preprocessing_BoundStrength=-1;CPXPARAM_Preprocessing_CoeffReduce=-1;CPXPARAM_Preprocessing_Dependency=-1;CPXPARAM_Preprocessing_Dual=0;CPXPARAM_Preprocessing_Fill=10;CPXPARAM_Preprocessing_NumPass=-1;CPXPARAM_Preprocessing_Presolve=1;CPXPARAM_Preprocessing_QPMakePSD=1;CPXPARAM_Preprocessing_Reduce=3;CPXPARAM_Preprocessing_Relax=-1;CPXPARAM_Preprocessing_RepeatPresolve=-1;CPXPARAM_Preprocessing_Symmetry=-1;CPXPARAM_Read_Scale=0;CPXPARAM_Sifting_Algorithm=0;CPXPARAM_Simplex_Crash=1;CPXPARAM_Simplex_DGradient=0;CPXPARAM_Simplex_Limits_Perturbation=0;CPXPARAM_Simplex_Limits_Singularity=10;CPXPARAM_Simplex_PGradient=0;CPXPARAM_Simplex_Pricing=0;CPXPARAM_Simplex_Refactor=0
2017663042085723791,0,CPXPARAM_Advance=1;CPXPARAM_Barrier_Algorithm=0;CPXPARAM_Barrier_ColNonzeros=0;CPXPARAM_Barrier_Crossover=0;CPXPARAM_Barrier_Limits_Corrections=-1;CPXPARAM_Barrier_Ordering=0;CPXPARAM_Barrier_StartAlg=1;CPXPARAM_Emphasis_MIP=4;CPXPARAM_Emphasis_Memory=0;CPXPARAM_Emphasis_Numerical=0;CPXPARAM_Feasopt_Mode=0;CPXPARAM_LPMethod=0;CPXPARAM_MIP_Cuts_Cliques=-1;CPXPARAM_MIP_Cuts_Covers=0;CPXPARAM_MIP_Cuts_Disjunctive=-1;CPXPARAM_MIP_Cuts_FlowCovers=1;CPXPARAM_MIP_Cuts_GUBCovers=0;CPXPARAM_MIP_Cuts_Gomory=0;CPXPARAM_MIP_Cuts_Implied=0;CPXPARAM_MIP_Cuts_MIRCut=2;CPXPARAM_MIP_Cuts_PathCut=-1;CPXPARAM_MIP_Limits_AggForCut=3;CPXPARAM_MIP_Limits_CutPasses=0;CPXPARAM_MIP_Limits_CutsFactor=-1;CPXPARAM_MIP_Limits_GomoryCand=150;CPXPARAM_MIP_Limits_GomoryPass=0;CPXPARAM_MIP_Limits_Nodes=9223372036800000000;CPXPARAM_MIP_Limits_ProbeTime=1e+75;CPXPARAM_MIP_Limits_RepairTries=0;CPXPARAM_MIP_Limits_StrongCand=10;CPXPARAM_MIP_Limits_StrongIt=0;CPXPARAM_MIP_OrderType=0;CPXPARAM_MIP_Strategy_BBInterval=7;CPXPARAM_MIP_Strategy_Branch=0;CPXPARAM_MIP_Strategy_Dive=0;CPXPARAM_MIP_Strategy_File=1;CPXPARAM_MIP_Strategy_HeuristicFreq=0;CPXPARAM_MIP_Strategy_LBHeur=0;CPXPARAM_MIP_Strategy_NodeSelect=1;CPXPARAM_MIP_Strategy_Order=1;CPXPARAM_MIP_Strategy_PresolveNode=0;CPXPARAM_MIP_Strategy_Probe=-1;CPXPARAM_MIP_Strategy_RINSHeur=0;CPXPARAM_MIP_Strategy_StartAlgorithm=0;CPXPARAM_MIP_Strategy_SubAlgorithm=0;CPXPARAM_MIP_Strategy_VariableSelect=0;CPXPARAM_Network_NetFind=2;CPXPARAM_Network_Pricing=0;CPXPARAM_Parallel=1;CPXPARAM_Preprocessing_Aggregator=-1;CPXPARAM_Preprocessing_BoundStrength=-1;CPXPARAM_Preprocessing_CoeffReduce=-1;CPXPARAM_Preprocessing_Dependency=-1;CPXPARAM_Preprocessing_Dual=0;CPXPARAM_Preprocessing_Fill=10;CPXPARAM_Preprocessing_NumPass=-1;CPXPARAM_Preprocessing_Presolve=1;CPXPARAM_Preprocessing_QPMakePSD=1;CPXPARAM_Preprocessing_Reduce=3;CPXPARAM_Preprocessing_Relax=-1;CPXPARAM_Preprocessing_RepeatPresolve=-1;CPXPARAM_Preprocessing_Symmetry=-1;CPXPARAM_Read_Scale=0;CPXPARAM_Sifting_Algorithm=0;CPXPARAM_Simplex_Crash=1;CPXPARAM_Simplex_DGradient=0;CPXPARAM_Simplex_Limits_Perturbation=0;CPXPARAM_Simplex_Limits_Singularity=10;CPXPARAM_Simplex_PGradient=1;CPXPARAM_Simplex_Pricing=0;CPXPARAM_Simplex_Refactor=0
5861969010370876578,0,CPXPARAM_Advance=1;CPXPARAM_Barrier_Algorithm=0;CPXPARAM_Barrier_ColNonzeros=0;CPXPARAM_Barrier_Crossover=0;CPXPARAM_Barrier_Limits_Corrections=-1;CPXPARAM_Barrier_Ordering=0;CPXPARAM_Barrier_StartAlg=1;CPXPARAM_Emphasis_MIP=4;CPXPARAM_Emphasis_Memory=0;CPXPARAM_Emphasis_Numerical=0;CPXPARAM_Feasopt_Mode=1;CPXPARAM_LPMethod=0;CPXPARAM_MIP_Cuts_Cliques=-1;CPXPARAM_MIP_Cuts_Covers=0;CPXPARAM_MIP_Cuts_Disjunctive=-1;CPXPARAM_MIP_Cuts_FlowCovers=1;CPXPARAM_MIP_Cuts_GUBCovers=0;CPXPARAM_MIP_Cuts_Gomory=0;CPXPARAM_MIP_Cuts_Implied=0;CPXPARAM_MIP_Cuts_MIRCut=2;CPXPARAM_MIP_Cuts_PathCut=-1;CPXPARAM_MIP_Limits_AggForCut=3;CPXPARAM_MIP_Limits_CutPasses=0;CPXPARAM_MIP_Limits_CutsFactor=-1;CPXPARAM_MIP_Limits_GomoryCand=150;CPXPARAM_MIP_Limits_GomoryPass=0;CPXPARAM_MIP_Limits_Nodes=9223372036800000000;CPXPARAM_MIP_Limits_ProbeTime=1e+75;CPXPARAM_MIP_Limits_RepairTries=0;CPXPARAM_MIP_Limits_StrongCand=10;CPXPARAM_MIP_Limits_StrongIt=0;CPXPARAM_MIP_OrderType=0;CPXPARAM_MIP_Strategy_BBInterval=7;CPXPARAM_MIP_Strategy_Branch=0;CPXPARAM_MIP_Strategy_Dive=0;CPXPARAM_MIP_Strategy_File=1;CPXPARAM_MIP_Strategy_HeuristicFreq=0;CPXPARAM_MIP_Strategy_LBHeur=0;CPXPARAM_MIP_Strategy_NodeSelect=1;CPXPARAM_MIP_Strategy_Order=1;CPXPARAM_MIP_Strategy_PresolveNode=0;CPXPARAM_MIP_Strategy_Probe=-1;CPXPARAM_MIP_Strategy_RINSHeur=0;CPXPARAM_MIP_Strategy_StartAlgorithm=0;CPXPARAM_MIP_Strategy_SubAlgorithm=0;CPXPARAM_MIP_Strategy_VariableSelect=0;CPXPARAM_Network_NetFind=2;CPXPARAM_Network_Pricing=0;CPXPARAM_Parallel=1;CPXPARAM_Preprocessing_Aggregator=-1;CPXPARAM_Preprocessing_BoundStrength=-1;CPXPARAM_Preprocessing_CoeffReduce=-1;CPXPARAM_Preprocessing_Dependency=3;CPXPARAM_Preprocessing_Dual=0;CPXPARAM_Preprocessing_Fill=10;CPXPARAM_Preprocessing_NumPass=-1;CPXPARAM_Preprocessing_Presolve=1;CPXPARAM_Preprocessing_QPMakePSD=1;CPXPARAM_Preprocessing_Reduce=3;CPXPARAM_Preprocessing_Relax=-1;CPXPARAM_Preprocessing_RepeatPresolve=-1;CPXPARAM_Preprocessing_Symmetry=-1;CPXPARAM_Read_Scale=0;CPXPARAM_Sifting_Algorithm=0;CPXPARAM_Simplex_Crash=1;CPXPARAM_Simplex_DGradient=0;CPXPARAM_Simplex_Limits_Perturbation=0;CPXPARAM_Simplex_Limits_Singularity=10;CPXPARAM_Simplex_PGradient=0;CPXPARAM_Simplex_Pricing=0;CPXPARAM_Simplex_Refactor=0
1190685121725776935,0,CPXPARAM_Advance=1;CPXPARAM_Barrier_Algorithm=0;CPXPARAM_Barrier_ColNonzeros=0;CPXPARAM_Barrier_Crossover=0;CPXPARAM_Barrier_Limits_Corrections=-1;CPXPARAM_Barrier_Ordering=0;CPXPARAM_Barrier_StartAlg=1;CPXPARAM_Emphasis_MIP=4;CPXPARAM_Emphasis_Memory=0;CPXPARAM_Emphasis_Numerical=0;CPXPARAM_Feasopt_Mode=0;CPXPARAM_LPMethod=0;CPXPARAM_MIP_Cuts_Cliques=-1;CPXPARAM_MIP_Cuts_Covers=0;CPXPARAM_MIP_Cuts_Disjunctive=-1;CPXPARAM_MIP_Cuts_FlowCovers=1;CPXPARAM_MIP_Cuts_GUBCovers=0;CPXPARAM_MIP_Cuts_Gomory=0;CPXPARAM_MIP_Cuts_Implied=0;CPXPARAM_MIP_Cuts_MIRCut=2;CPXPARAM_MIP_Cuts_PathCut=-1;CPXPARAM_MIP_Limits_AggForCut=3;CPXPARAM_MIP_Limits_CutPasses=0;CPXPARAM_MIP_Limits_CutsFactor=-1;CPXPARAM_MIP_Limits_GomoryCand=150;CPXPARAM_MIP_Limits_GomoryPass=0;CPXPARAM_MIP_Limits_Nodes=9223372036800000000;CPXPARAM_MIP_Limits_ProbeTime=1e+75;CPXPARAM_MIP_Limits_RepairTries=0;CPXPARAM_MIP_Limits_StrongCand=10;CPXPARAM_MIP_Limits_StrongIt=0;CPXPARAM_MIP_OrderType=0;CPXPARAM_MIP_Strategy_BBInterval=7;CPXPARAM_MIP_Strategy_Branch=0;CPXPARAM_MIP_Strategy_Dive=0;CPXPARAM_MIP_Strategy_File=1;CPXPARAM_MIP_Strategy_HeuristicFreq=0;CPXPARAM_MIP_Strategy_LBHeur=0;CPXPARAM_MIP_Strategy_NodeSelect=1;CPXPARAM_MIP_Strategy_Order=1;CPXPARAM_MIP_Strategy_PresolveNode=0;CPXPARAM_MIP_Strategy_Probe=-1;CPXPARAM_MIP_Strategy_RINSHeur=0;CPXPARAM_MIP_Strategy_StartAlgorithm=0;CPXPARAM_MIP_Strategy_SubAlgorithm=0;CPXPARAM_MIP_Strategy_VariableSelect=0;CPXPARAM_Network_NetFind=2;CPXPARAM_Network_Pricing=0;CPXPARAM_Parallel=1;CPXPARAM_Preprocessing_Aggregator=-1;CPXPARAM_Preprocessing_BoundStrength=-1;CPXPARAM_Preprocessing_CoeffReduce=-1;CPXPARAM_Preprocessing_Dependency=-1;CPXPARAM_Preprocessing_Dual=0;CPXPARAM_Preprocessing_Fill=10;CPXPARAM_Preprocessing_NumPass=-1;CPXPARAM_Preprocessing_Presolve=1;CPXPARAM_Preprocessing_QPMakePSD=1;CPXPARAM_Preprocessing_Reduce=3;CPXPARAM_Preprocessing_Relax=-1;CPXPARAM_Preprocessing_RepeatPresolve=-1;CPXPARAM_Preprocessing_Symmetry=-1;CPXPARAM_Read_Scale=0;CPXPARAM_Sifting_Algorithm=0;CPXPARAM_Simplex_Crash=1;CPXPARAM_Simplex_DGradient=0;CPXPARAM_Simplex_Limits_Perturbation=0;CPXPARAM_Simplex_Limits_Singularity=10;CPXPARAM_Simplex_PGradient=2;CPXPARAM_Simplex_Pricing=0;CPXPARAM_Simplex_Refactor=0
17326249539337432082,0,CPXPARAM_Advance=1;CPXPARAM_Barrier_Algorithm=0;CPXPARAM_Barrier_ColNonzeros=0;CPXPARAM_Barrier_Crossover=0;CPXPARAM_Barrier_Limits_Corrections=-1;CPXPARAM_Barrier_Ordering=0;CPXPARAM_Barrier_StartAlg=1;CPXPARAM_Emphasis_MIP=4;CPXPARAM_Emphasis_Memory=0;CPXPARAM_Emphasis_Numerical=0;CPXPARAM_Feasopt_Mode=0;CPXPARAM_LPMethod=0;CPXPARAM_MIP_Cuts_Cliques=-1;CPXPARAM_MIP_Cuts_Covers=0;CPXPARAM_MIP_Cuts_Disjunctive=-1;CPXPARAM_MIP_Cuts_FlowCovers=1;CPXPARAM_MIP_Cuts_GUBCovers=0;CPXPARAM_MIP_Cuts_Gomory=0;CPXPARAM_MIP_Cuts_Implied=0;CPXPARAM_MIP_Cuts_MIRCut=2;CPXPARAM_MIP_Cuts_PathCut=-1;CPXPARAM_MIP_Limits_AggForCut=3;CPXPARAM_MIP_Limits_CutPasses=0;CPXPARAM_MIP_Limits_CutsFactor=-1;CPXPARAM_MIP_Limits_GomoryCand=150;CPXPARAM_MIP_Limits_GomoryPass=0;CPXPARAM_MIP_Limits_Nodes=9223372036800000000;CPXPARAM_MIP_Limits_ProbeTime=1e+75;CPXPARAM_MIP_Limits_RepairTries=0;CPXPARAM_MIP_Limits_StrongCand=10;CPXPARAM_MIP_Limits_StrongIt=0;CPXPARAM_MIP_OrderType=0;CPXPARAM_MIP_Strategy_BBInterval=7;CPXPARAM_MIP_Strategy_Branch=0;CPXPARAM_MIP_Strategy_Dive=0;CPXPARAM_MIP_Strategy_File=1;CPXPARAM_MIP_Strategy_HeuristicFreq=0;CPXPARAM_MIP_Strategy_LBHeur=0;CPXPARAM_MIP_Strategy_NodeSelect=1;CPXPARAM_MIP_Strategy_Order=1;CPXPARAM_MIP_Strategy_PresolveNode=0;CPXPARAM_MIP_Strategy_Probe=-1;CPXPARAM_MIP_Strategy_RINSHeur=0;CPXPARAM_MIP_Strategy_StartAlgorithm=0;CPXPARAM_MIP_Strategy_SubAlgorithm=0;CPXPARAM_MIP_Strategy_VariableSelect=0;CPXPARAM_Network_NetFind=2;CPXPARAM_Network_Pricing=0;CPXPARAM_Parallel=1;CPXPARAM_Preprocessing_Aggregator=-1;CPXPARAM_Preprocessing_BoundStrength=-1;CPXPARAM_Preprocessing_CoeffReduce=-1;CPXPARAM_Preprocessing_Dependency=-1;CPXPARAM_Preprocessing_Dual=0;CPXPARAM_Preprocessing_Fill=10;CPXPARAM_Preprocessing_NumPass=-1;CPXPARAM_Preprocessing_Presolve=1;CPXPARAM_Preprocessing_QPMakePSD=1;CPXPARAM_Preprocessing_Reduce=3;CPXPARAM_Preprocessing_Relax=-1;CPXPARAM_Preprocessing_RepeatPresolve=-1;CPXPARAM_Preprocessing_Symmetry=-1;CPXPARAM_Read_Scale=0;CPXPARAM_Sifting_Algorithm=0;CPXPARAM_Simplex_Crash=1;CPXPARAM_Simplex_DGradient=0;CPXPARAM_Simplex_Limits_Perturbation=0;CPXPARAM_Simplex_Limits_Singularity=10;CPXPARAM_Simplex_PGradient=3;CPXPARAM_Simplex_Pricing=0;CPXPARAM_Simplex_Refactor=0
7433152403130154844,0,CPXPARAM_Advance=1;CPXPARAM_Barrier_Algorithm=0;CPXPARAM_Barrier_ColNonzeros=0;CPXPARAM_Barrier_Crossover=0;CPXPARAM_Barrier_Limits_Corrections=-1;CPXPARAM_Barrier_Ordering=0;CPXPARAM_Barrier_StartAlg=1;CPXPARAM_Emphasis_MIP=4;CPXPARAM_Emphasis_Memory=0;CPXPARAM_Emphasis_Numerical=0;CPXPARAM_Feasopt_Mode=0;CPXPARAM_LPMethod=0;CPXPARAM_MIP_Cuts_Cliques=-1;CPXPARAM_MIP_Cuts_Covers=0;CPXPARAM_MIP_Cuts_Disjunctive=-1;CPXPARAM_MIP_Cuts_FlowCovers=1;CPXPARAM_MIP_Cuts_GUBCovers=0;CPXPARAM_MIP_Cuts_Gomory=0;CPXPARAM_MIP_Cuts_Implied=0;CPXPARAM_MIP_Cuts_MIRCut=2;CPXPARAM_MIP_Cuts_PathCut=-1;CPXPARAM_MIP_Limits_AggForCut=2;CPXPARAM_MIP_Limits_CutPasses=0;CPXPARAM_MIP_Limits_CutsFactor=-1;CPXPARAM_MIP_Limits_GomoryCand=150;CPXPARAM_MIP_Limits_GomoryPass=0;CPXPARAM_MIP_Limits_Nodes=9223372036800000000;CPXPARAM_MIP_Limits_ProbeTime=1e+75;CPXPARAM_MIP_Limits_RepairTries=0;CPXPARAM_MIP_Limits_StrongCand=10;CPXPARAM_MIP_Limits_StrongIt=0;CPXPARAM_MIP_OrderType=0;CPXPARAM_MIP_Strategy_BBInterval=7;CPXPARAM_MIP_Strategy_Branch=0;CPXPARAM_MIP_Strategy_Dive=0;CPXPARAM_MIP_Strategy_File=1;CPXPARAM_MIP_Strategy_HeuristicFreq=0;CPXPARAM_MIP_Strategy_LBHeur=0;CPXPARAM_MIP_Strategy_NodeSelect=1;CPXPARAM_MIP_Strategy_Order=1;CPXPARAM_MIP_Strategy_PresolveNode=0;CPXPARAM_MIP_Strategy_Probe=-1;CPXPARAM_MIP_Strategy_RINSHeur=0;CPXPARAM_MIP_Strategy_StartAlgorithm=0;CPXPARAM_MIP_Strategy_SubAlgorithm=0;CPXPARAM_MIP_Strategy_VariableSelect=0;CPXPARAM_Network_NetFind=2;CPXPARAM_Network_Pricing=0;CPXPARAM_Parallel=1;CPXPARAM_Preprocessing_Aggregator=-1;CPXPARAM_Preprocessing_BoundStrength=-1;CPXPARAM_Preprocessing_CoeffReduce=-1;CPXPARAM_Preprocessing_Dependency=-1;CPXPARAM_Preprocessing_Dual=0;CPXPARAM_Preprocessing_Fill=10;CPXPARAM_Preprocessing_NumPass=-1;CPXPARAM_Preprocessing_Presolve=1;CPXPARAM_Preprocessing_QPMakePSD=1;CPXPARAM_Preprocessing_Reduce=3;CPXPARAM_Preprocessing_Relax=-1;CPXPARAM_Preprocessing_RepeatPresolve=-1;CPXPARAM_Preprocessing_Symmetry=-1;CPXPARAM_Read_Scale=0;CPXPARAM_Sifting_Algorithm=0;CPXPARAM_Simplex_Crash=1;CPXPARAM_Simplex_DGradient=0;CPXPARAM_Simplex_Limits_Perturbation=0;CPXPARAM_Simplex_Limits_Singularity=10;CPXPARAM_Simplex_PGradient=0;CPXPARAM_Simplex_Pricing=0;CPXPARAM_Simplex_Refactor=0
11456623837049892879,0,CPXPARAM_Advance=1;CPXPARAM_Barrier_Algorithm=0;CPXPARAM_Barrier_ColNonzeros=0;CPXPARAM_Barrier_Crossover=0;CPXPARAM_Barrier_Limits_Corrections=-1;CPXPARAM_Barrier_Ordering=0;CPXPARAM_Barrier_StartAlg=1;CPXPARAM_Emphasis_MIP=4;CPXPARAM_Emphasis_Memory=0;CPXPARAM_Emphasis_Numerical=0;CPXPARAM_Feasopt_Mode=0;CPXPARAM_LPMethod=0;CPXPARAM_MIP_Cuts_Cliques=-1;CPXPARAM_MIP_Cuts_Covers=0;CPXPARAM_MIP_Cuts_Disjunctive=-1;CPXPARAM_MIP_Cuts_FlowCovers=1;CPXPARAM_MIP_Cuts_GUBCovers=0;CPXPARAM_MIP_Cuts_Gomory=0;CPXPARAM_MIP_Cuts_Implied=0;CPXPARAM_MIP_Cuts_MIRCut=2;CPXPARAM_MIP_Cuts_PathCut=-1;CPXPARAM_MIP_Limits_AggForCut=3;CPXPARAM_MIP_Limits_CutPasses=0;CPXPARAM_MIP_Limits_CutsFactor=-1;CPXPARAM_MIP_Limits_GomoryCand=150;CPXPARAM_MIP_Limits_GomoryPass=0;CPXPARAM_MIP_Limits_Nodes=9223372036800000000;CPXPARAM_MIP_Limits_ProbeTime=1e+75;CPXPARAM_MIP_Limits_RepairTries=0;CPXPARAM_MIP_Limits_StrongCand=10;CPXPARAM_MIP_Limits_StrongIt=0;CPXPARAM_MIP_OrderType=0;CPXPARAM_MIP_Strategy_BBInterval=7;CPXPARAM_MIP_Strategy_Branch=0;CPXPARAM_MIP_Strategy_Dive=0;CPXPARAM_MIP_Strategy_File=1;CPXPARAM_MIP_Strategy_HeuristicFreq=0;CPXPARAM_MIP_Strategy_LBHeur=0;CPXPARAM_MIP_Strategy_NodeSelect=1;CPXPARAM_MIP_Strategy_Order=1;CPXPARAM_MIP_Strategy_PresolveNode=0;CPXPARAM_MIP_Strategy_Probe=-1;CPXPARAM_MIP_Strategy_RINSHeur=0;CPXPARAM_MIP_Strategy_StartAlgorithm=0;CPXPARAM_MIP_Strategy_SubAlgorithm=0;CPXPARAM_MIP_Strategy_VariableSelect=0;CPXPARAM_Network_NetFind=2;CPXPARAM_Network_Pricing=0;CPXPARAM_Parallel=1;CPXPARAM_Preprocessing_Aggregator=-1;CPXPARAM_Preprocessing_BoundStrength=-1;CPXPARAM_Preprocessing_CoeffReduce=-1;CPXPARAM_Preprocessing_Dependency=-1;CPXPARAM_Preprocessing_Dual=0;CPXPARAM_Preprocessing_Fill=10;CPXPARAM_Preprocessing_NumPass=-1;CPXPARAM_Preprocessing_Presolve=1;CPXPARAM_Preprocessing_QPMakePSD=1;CPXPARAM_Preprocessing_Reduce=3;CPXPARAM_Preprocessing_Relax=-1;CPXPARAM_Preprocessing_RepeatPresolve=-1;CPXPARAM_Preprocessing_Symmetry=-1;CPXPARAM_Read_Scale=0;CPXPARAM_Sifting_Algorithm=0;CPXPARAM_Simplex_Crash=1;CPXPARAM_Simplex_DGradient=0;CPXPARAM_Simplex_Limits_Perturbation=0;CPXPARAM_Simplex_Limits_Singularity=10;CPXPARAM_Simplex_PGradient=4;CPXPARAM_Simplex_Pricing=0;CPXPARAM_Simplex_Refactor=0
8698398958905584069,0,CPXPARAM_Advance=1;CPXPARAM_Barrier_Algorithm=0;CPXPARAM_Barrier_ColNonzeros=0;CPXPARAM_Barrier_Crossover=0;CPXPARAM_Barrier_Limits_Corrections=-1;CPXPARAM_Barrier_Ordering=0;CPXPARAM_Barrier_StartAlg=1;CPXPARAM_Emphasis_MIP=4;CPXPARAM_Emphasis_Memory=0;CPXPARAM_Emphasis_Numerical=0;CPXPARAM_Feasopt_Mode=0;CPXPARAM_LPMethod=0;CPXPARAM_MIP_Cuts_Cliques=-1;CPXPARAM_MIP_Cuts_Covers=0;CPXPARAM_MIP_Cuts_Disjunctive=-1;CPXPARAM_MIP_Cuts_FlowCovers=2;CPXPARAM_MIP_Cuts_GUBCovers=0;CPXPARAM_MIP_Cuts_Gomory=0;CPXPARAM_MIP_Cuts_Implied=0;CPXPARAM_MIP_Cuts_MIRCut=2;CPXPARAM_MIP_Cuts_PathCut=-1;CPXPARAM_MIP_Limits_AggForCut=3;CPXPARAM_MIP_Limits_CutPasses=0;CPXPARAM_MIP_Limits_CutsFactor=-1;CPXPARAM_MIP_Limits_GomoryCand=150;CPXPARAM_MIP_Limits_GomoryPass=0;CPXPARAM_MIP_Limits_Nodes=9223372036800000000;CPXPARAM_MIP_Limits_ProbeTime=1e+75;CPXPARAM_MIP_Limits_RepairTries=0;CPXPARAM_MIP_Limits_StrongCand=10;CPXPARAM_MIP_Limits_StrongIt=0;CPXPARAM_MIP_OrderType=0;CPXPARAM_MIP_Strategy_BBInterval=7;CPXPARAM_MIP_Strategy_Branch=0;CPXPARAM_MIP_Strategy_Dive=0;CPXPARAM_MIP_Strategy_File=1;CPXPARAM_MIP_Strategy_HeuristicFreq=0;CPXPARAM_MIP_Strategy_LBHeur=0;CPXPARAM_MIP_Strategy_NodeSelect=1;CPXPARAM_MIP_Strategy_Order=1;CPXPARAM_MIP_Strategy_PresolveNode=0;CPXPARAM_MIP_Strategy_Probe=-1;CPXPARAM_MIP_Strategy_RINSHeur=0;CPXPARAM_MIP_Strategy_StartAlgorithm=0;CPXPARAM_MIP_Strategy_SubAlgorithm=0;CPXPARAM_MIP_Strategy_VariableSelect=0;CPXPARAM_Network_NetFind=2;CPXPARAM_Network_Pricing=0;CPXPARAM_Parallel=1;CPXPARAM_Preprocessing_Aggregator=-1;CPXPARAM_Preprocessing_BoundStrength=-1;CPXPARAM_Preprocessing_CoeffReduce=-1;CPXPARAM_Preprocessing_Dependency=-1;CPXPARAM_Preprocessing_Dual=0;CPXPARAM_Preprocessing_Fill=10;CPXPARAM_Preprocessing_NumPass=-1;CPXPARAM_Preprocessing_Presolve=1;CPXPARAM_Preprocessing_QPMakePSD=1;CPXPARAM_Preprocessing_Reduce=3;CPXPARAM_Preprocessing_Relax=-1;CPXPARAM_Preprocessing_RepeatPresolve=-1;CPXPARAM_Preprocessing_Symmetry=-1;CPXPARAM_Read_Scale=0;CPXPARAM_Sifting_Algorithm=0;CPXPARAM_Simplex_Crash=1;CPXPARAM_Simplex_DGradient=0;CPXPARAM_Simplex_Limits_Perturbation=0;CPXPARAM_Simplex_Limits_Singularity=10;CPXPARAM_Simplex_PGradient=0;CPXPARAM_Simplex_Pricing=0;CPXPARAM_Simplex_Refactor=0
14858539454459490911,0,CPXPARAM_Advance=1;CPXPARAM_Barrier_Algorithm=0;CPXPARAM_Barrier_ColNonzeros=0;CPXPARAM_Barrier_Crossover=0;CPXPARAM_Barrier_Limits_Corrections=-1;CPXPARAM_Barrier_Ordering=0;CPXPARAM_Barrier_StartAlg=1;CPXPARAM_Emphasis_MIP=4;CPXPARAM_Emphasis_Memory=0;CPXPARAM_Emphasis_Numerical=0;CPXPARAM_Feasopt_Mode=0;CPXPARAM_LPMethod=0;CPXPARAM_MIP_Cuts_Cliques=-1;CPXPARAM_MIP_Cuts_Covers=0;CPXPARAM_MIP_Cuts_Disjunctive=-1;CPXPARAM_MIP_Cuts_FlowCovers=1;CPXPARAM_MIP_Cuts_GUBCovers=0;CPXPARAM_MIP_Cuts_Gomory=-1;CPXPARAM_MIP_Cuts_Implied=0;CPXPARAM_MIP_Cuts_MIRCut=2;CPXPARAM_MIP_Cuts_PathCut=-1;CPXPARAM_MIP_Limits_AggForCut=3;CPXPARAM_MIP_Limits_CutPasses=0;CPXPARAM_MIP_Limits_CutsFactor=-1;CPXPARAM_MIP_Limits_GomoryCand=150;CPXPARAM_MIP_Limits_GomoryPass=0;CPXPARAM_MIP_Limits_Nodes=9223372036800000000;CPXPARAM_MIP_Limits_ProbeTime=1e+75;CPXPARAM_MIP_Limits_RepairTries=0;CPXPARAM_MIP_Limits_StrongCand=10;CPXPARAM_MIP_Limits_StrongIt=0;CPXPARAM_MIP_OrderType=0;CPXPARAM_MIP_Strategy_BBInterval=7;CPXPARAM_MIP_Strategy_Branch=0;CPXPARAM_MIP_Strategy_Dive=0;CPXPARAM_MIP_Strategy_File=1;CPXPARAM_MIP_Strategy_HeuristicFreq=0;CPXPARAM_MIP_Strategy_LBHeur=0;CPXPARAM_MIP_Strategy_NodeSelect=1;CPXPARAM_MIP_Strategy_Order=1;CPXPARAM_MIP_Strategy_PresolveNode=0;CPXPARAM_MIP_Strategy_Probe=-1;CPXPARAM_MIP_Strategy_RINSHeur=0;CPXPARAM_MIP_Strategy_StartAlgorithm=0;CPXPARAM_MIP_Strategy_SubAlgorithm=0;CPXPARAM_MIP_Strategy_VariableSelect=0;CPXPARAM_Network_NetFind=2;CPXPARAM_Network_Pricing=0;CPXPARAM_Parallel=1;CPXPARAM_Preprocessing_Aggregator=-1;CPXPARAM_Preprocessing_BoundStrength=-1;CPXPARAM_Preprocessing_CoeffReduce=-1;CPXPARAM_Preprocessing_Dependency=-1;CPXPARAM_Preprocessing_Dual=0;CPXPARAM_Preprocessing_Fill=10;CPXPARAM_Preprocessing_NumPass=-1;CPXPARAM_Preprocessing_Presolve=1;CPXPARAM_Preprocessing_QPMakePSD=1;CPXPARAM_Preprocessing_Reduce=3;CPXPARAM_Preprocessing_Relax=-1;CPXPARAM_Preprocessing_RepeatPresolve=-1;CPXPARAM_Preprocessing_Symmetry=-1;CPXPARAM_Read_Scale=0;CPXPARAM_Sifting_Algorithm=0;CPXPARAM_Simplex_Crash=1;CPXPARAM_Simplex_DGradient=0;CPXPARAM_Simplex_Limits_Perturbation=0;CPXPARAM_Simplex_Limits_Singularity=10;CPXPARAM_Simplex_PGradient=0;CPXPARAM_Simplex_Pricing=0;CPXPARAM_Simplex_Refactor=0
153758555893020471,0,CPXPARAM_Advance=1;CPXPARAM_Barrier_Algorithm=0;CPXPARAM_Barrier_ColNonzeros=0;CPXPARAM_Barrier_Crossover=0;CPXPARAM_Barrier_Limits_Corrections=-1;CPXPARAM_Barrier_Ordering=0;CPXPARAM_Barrier_StartAlg=1;CPXPARAM_Emphasis_MIP=4;CPXPARAM_Emphasis_Memory=0;CPXPARAM_Emphasis_Numerical=0;CPXPARAM_Feasopt_Mode=0;CPXPARAM_LPMethod=0;CPXPARAM_MIP_Cuts_Cliques=-1;CPXPARAM_MIP_Cuts_Covers=0;CPXPARAM_MIP_Cuts_Disjunctive=-1;CPXPARAM_MIP_Cuts_FlowCovers=1;CPXPARAM_MIP_Cuts_GUBCovers=0;CPXPARAM_MIP_Cuts_Gomory=0;CPXPARAM_MIP_Cuts_Implied=0;CPXPARAM_MIP_Cuts_MIRCut=2;CPXPARAM_MIP_Cuts_PathCut=-1;CPXPARAM_MIP_Limits_AggForCut=3;CPXPARAM_MIP_Limits_CutPasses=0;CPXPARAM_MIP_Limits_CutsFactor=-1;CPXPARAM_MIP_Limits_GomoryCand=150;CPXPARAM_MIP_Limits_GomoryPass=0;CPXPARAM_MIP_Limits_Nodes=9223372036800000000;CPXPARAM_MIP_Limits_ProbeTime=1e+75;CPXPARAM_MIP_Limits_RepairTries=0;CPXPARAM_MIP_Limits_StrongCand=10;CPXPARAM_MIP_Limits_StrongIt=0;CPXPARAM_MIP_OrderType=0;CPXPARAM_MIP_Strategy_BBInterval=7;CPXPARAM_MIP_Strategy_Branch=0;CPXPARAM_MIP_Strategy_Dive=0;CPXPARAM_MIP_Strategy_File=1;CPXPARAM_MIP_Strategy_HeuristicFreq=0;CPXPARAM_MIP_Strategy_LBHeur=0;CPXPARAM_MIP_Strategy_NodeSelect=1;CPXPARAM_MIP_Strategy_Order=1;CPXPARAM_MIP_Strategy_PresolveNode=0;CPXPARAM_MIP_Strategy_Probe=-1;CPXPARAM_MIP_Strategy_RINSHeur=0;CPXPARAM_MIP_Strategy_StartAlgorithm=0;CPXPARAM_MIP_Strategy_SubAlgorithm=0;CPXPARAM_MIP_Strategy_VariableSelect=0;CPXPARAM_Network_NetFind=2;CPXPARAM_Network_Pricing=0;CPXPARAM_Parallel=1;CPXPARAM_Preprocessing_Aggregator=-1;CPXPARAM_Preprocessing_BoundStrength=-1;CPXPARAM_Preprocessing_CoeffReduce=-1;CPXPARAM_Preprocessing_Dependency=-1;CPXPARAM_Preprocessing_Dual=0;CPXPARAM_Preprocessing_Fill=10;CPXPARAM_Preprocessing_NumPass=-1;CPXPARAM_Preprocessing_Presolve=1;CPXPARAM_Preprocessing_QPMakePSD=1;CPXPARAM_Preprocessing_Reduce=3;CPXPARAM_Preprocessing_Relax=-1;CPXPARAM_Preprocessing_RepeatPresolve=-1;CPXPARAM_Preprocessing_Symmetry=4;CPXPARAM_Read_Scale=0;CPXPARAM_Sifting_Algorithm=0;CPXPARAM_Simplex_Crash=1;CPXPARAM_Simplex_DGradient=0;CPXPARAM_Simplex_Limits_Perturbation=0;CPXPARAM_Simplex_Limits_Singularity=10;CPXPARAM_Simplex_PGradient=0;CPXPARAM_Simplex_Pricing=0;CPXPARAM_Simplex_Refactor=0
7762939006619699073,0,CPXPARAM_Advance=1;CPXPARAM_Barrier_Algorithm=0;CPXPARAM_Barrier_ColNonzeros=0;CPXPARAM_Barrier_Crossover=0;CPXPARAM_Barrier_Limits_Corrections=-1;CPXPARAM_Barrier_Ordering=0;CPXPARAM_Barrier_StartAlg=1;CPXPARAM_Emphasis_MIP=4;CPXPARAM_Emphasis_Memory=0;CPXPARAM_Emphasis_Numerical=0;CPXPARAM_Feasopt_Mode=0;CPXPARAM_LPMethod=0;CPXPARAM_MIP_Cuts_Cliques=-1;CPXPARAM_MIP_Cuts_Covers=0;CPXPARAM_MIP_Cuts_Disjunctive=-1;CPXPARAM_MIP_Cuts_FlowCovers=1;CPXPARAM_MIP_Cuts_GUBCovers=0;CPXPARAM_MIP_Cuts_Gomory=0;CPXPARAM_MIP_Cuts_Implied=0;CPXPARAM_MIP_Cuts_MIRCut=2;CPXPARAM_MIP_Cuts_PathCut=-1;CPXPARAM_MIP_Limits_AggForCut=3;CPXPARAM_MIP_Limits_CutPasses=0;CPXPARAM_MIP_Limits_CutsFactor=-1;CPXPARAM_MIP_Limits_GomoryCand=200;CPXPARAM_MIP_Limits_GomoryPass=0;CPXPARAM_MIP_Limits_Nodes=9223372036800000000;CPXPARAM_MIP_Limits_ProbeTime=1e+75;CPXPARAM_MIP_Limits_RepairTries=0;CPXPARAM_MIP_Limits_StrongCand=10;CPXPARAM_MIP_Limits_StrongIt=0;CPXPARAM_MIP_OrderType=0;CPXPARAM_MIP_Strategy_BBInterval=7;CPXPARAM_MIP_Strategy_Branch=0;CPXPARAM_MIP_Strategy_Dive=0;CPXPARAM_MIP_Strategy_File=1;CPXPARAM_MIP_Strategy_HeuristicFreq=0;CPXPARAM_MIP_Strategy_LBHeur=0;CPXPARAM_MIP_Strategy_NodeSelect=1;CPXPARAM_MIP_Strategy_Order=1;CPXPARAM_MIP_Strategy_PresolveNode=0;CPXPARAM_MIP_Strategy_Probe=-1;CPXPARAM_MIP_Strategy_RINSHeur=0;CPXPARAM_MIP_Strategy_StartAlgorithm=0;CPXPARAM_MIP_Strategy_SubAlgorithm=0;CPXPARAM_MIP_Strategy_VariableSelect=0;CPXPARAM_Network_NetFind=2;CPXPARAM_Network_Pricing=0;CPXPARAM_Parallel=1;CPXPARAM_Preprocessing_Aggregator=-1;CPXPARAM_Preprocessing_BoundStrength=-1;CPXPARAM_Preprocessing_CoeffReduce=-1;CPXPARAM_Preprocessing_Dependency=-1;CPXPARAM_Preprocessing_Dual=0;CPXPARAM_Preprocessing_Fill=10;CPXPARAM_Preprocessing_NumPass=-1;CPXPARAM_Preprocessing_Presolve=1;CPXPARAM_Preprocessing_QPMakePSD=1;CPXPARAM_Preprocessing_Reduce=3;CPXPARAM_Preprocessing_Relax=-1;CPXPARAM_Preprocessing_RepeatPresolve=-1;CPXPARAM_Preprocessing_Symmetry=-1;CPXPARAM_Read_Scale=0;CPXPARAM_Sifting_Algorithm=0;CPXPARAM_Simplex_Crash=1;CPXPARAM_Simplex_DGradient=0;CPXPARAM_Simplex_Limits_Perturbation=0;CPXPARAM_Simplex_Limits_Singularity=10;CPXPARAM_Simplex_PGradient=0;CPXPARAM_Simplex_Pricing=0;CPXPARAM_Simplex_Refactor=0
11730073311441458664,0,CPXPARAM_Advance=1;CPXPARAM_Barrier_Algorithm=0;CPXPARAM_Barrier_ColNonzeros=0;CPXPARAM_Barrier_Crossover=0;CPXPARAM_Barrier_Limits_Corrections=-1;CPXPARAM_Barrier_Ordering=0;CPXPARAM_Barrier_StartAlg=1;CPXPARAM_Emphasis_MIP=4;CPXPARAM_Emphasis_Memory=0;CPXPARAM_Emphasis_Numerical=0;CPXPARAM_Feasopt_Mode=0;CPXPARAM_LPMethod=0;CPXPARAM_MIP_Cuts_Cliques=-1;CPXPARAM_MIP_Cuts_Covers=0;CPXPARAM_MIP_Cuts_Disjunctive=-1;CPXPARAM_MIP_Cuts_FlowCovers=1;CPXPARAM_MIP_Cuts_GUBCovers=0;CPXPARAM_MIP_Cuts_Gomory=0;CPXPARAM_MIP_Cuts_Implied=0;CPXPARAM_MIP_Cuts_MIRCut=2;CPXPARAM_MIP_Cuts_PathCut=-1;CPXPARAM_MIP_Limits_AggForCut=3;CPXPARAM_MIP_Limits_CutPasses=0;CPXPARAM_MIP_Limits_CutsFactor=-1;CPXPARAM_MIP_Limits_GomoryCand=100;CPXPARAM_MIP_Limits_GomoryPass=0;CPXPARAM_MIP_Limits_Nodes=9223372036800000000;CPXPARAM_MIP_Limits_ProbeTime=1e+75;CPXPARAM_MIP_Limits_RepairTries=0;CPXPARAM_MIP_Limits_StrongCand=10;CPXPARAM_MIP_Limits_StrongIt=0;CPXPARAM_MIP_OrderType=0;CPXPARAM_MIP_Strategy_BBInterval=7;CPXPARAM_MIP_Strategy_Branch=0;CPXPARAM_MIP_Strategy_Dive=0;CPXPARAM_MIP_Strategy_File=1;CPXPARAM_MIP_Strategy_HeuristicFreq=0;CPXPARAM_MIP_Strategy_LBHeur=0;CPXPARAM_MIP_Strategy_NodeSelect=1;CPXPARAM_MIP_Strategy_Order=1;CPXPARAM_MIP_Strategy_PresolveNode=0;CPXPARAM_MIP_Strategy_Probe=-1;CPXPARAM_MIP_Strategy_RINSHeur=0;CPXPARAM_MIP_Strategy_StartAlgorithm=0;CPXPARAM_MIP_Strategy_SubAlgorithm=0;CPXPARAM_MIP_Strategy_VariableSelect=0;CPXPARAM_Network_NetFind=2;CPXPARAM_Network_Pricing=0;CPXPARAM_Parallel=1;CPXPARAM_Preprocessing_Aggregator=-1;CPXPARAM_Preprocessing_BoundStrength=-1;CPXPARAM_Preprocessing_CoeffReduce=-1;CPXPARAM_Preprocessing_Dependency=-1;CPXPARAM_Preprocessing_Dual=0;CPXPARAM_Preprocessing_Fill=10;CPXPARAM_Preprocessing_NumPass=-1;CPXPARAM_Preprocessing_Presolve=1;CPXPARAM_Preprocessing_QPMakePSD=1;CPXPARAM_Preprocessing_Reduce=3;CPXPARAM_Preprocessing_Relax=-1;CPXPARAM_Preprocessing_RepeatPresolve=-1;CPXPARAM_Preprocessing_Symmetry=-1;CPXPARAM_Read_Scale=0;CPXPARAM_Sifting_Algorithm=0;CPXPARAM_Simplex_Crash=1;CPXPARAM_Simplex_DGradient=0;CPXPARAM_Simplex_Limits_Perturbation=0;CPXPARAM_Simplex_Limits_Singularity=10;CPXPARAM_Simplex_PGradient=0;CPXPARAM_Simplex_Pricing=0;CPXPARAM_Simplex_Refactor=0
8916233937937311837,0,CPXPARAM_Advance=1;CPXPARAM_Barrier_Algorithm=0;CPXPARAM_Barrier_ColNonzeros=0;CPXPARAM_Barrier_Crossover=0;CPXPARAM_Barrier_Limits_Corrections=-1;CPXPARAM_Barrier_Ordering=0;CPXPARAM_Barrier_StartAlg=1;CPXPARAM_Emphasis_MIP=4;CPXPARAM_Emphasis_Memory=0;CPXPARAM_Emphasis_Numerical=0;CPXPARAM_Feasopt_Mode=0;CPXPARAM_LPMethod=0;CPXPARAM_MIP_Cuts_Cliques=-1;CPXPARAM_MIP_Cuts_Covers=0;CPXPARAM_MIP_Cuts_Disjunctive=-1;CPXPARAM_MIP_Cuts_FlowCovers=1;CPXPARAM_MIP_Cuts_GUBCovers=0;CPXPARAM_MIP_Cuts_Gomory=0;CPXPARAM_MIP_Cuts_Implied=0;CPXPARAM_MIP_Cuts_MIRCut=2;CPXPARAM_MIP_Cuts_PathCut=-1;CPXPARAM_MIP_Limits_AggForCut=10;CPXPARAM_MIP_Limits_CutPasses=0;CPXPARAM_MIP_Limits_CutsFactor=-1;CPXPARAM_MIP_Limits_GomoryCand=150;CPXPARAM_MIP_Limits_GomoryPass=0;CPXPARAM_MIP_Limits_Nodes=9223372036800000000;CPXPARAM_MIP_Limits_ProbeTime=1e+75;CPXPARAM_MIP_Limits_RepairTries=0;CPXPARAM_MIP_Limits_StrongCand=10;CPXPARAM_MIP_Limits_StrongIt=0;CPXPARAM_MIP_OrderType=0;CPXPARAM_MIP_Strategy_BBInterval=7;CPXPARAM_MIP_Strategy_Branch=0;CPXPARAM_MIP_Strategy_Dive=0;CPXPARAM_MIP_Strategy_File=1;CPXPARAM_MIP_Strategy_HeuristicFreq=0;CPXPARAM_MIP_Strategy_LBHeur=0;CPXPARAM_MIP_Strategy_NodeSelect=1;CPXPARAM_MIP_Strategy_Order=1;CPXPARAM_MIP_Strategy_PresolveNode=0;CPXPARAM_MIP_Strategy_Probe=-1;CPXPARAM_MIP_Strategy_RINSHeur=0;CPXPARAM_MIP_Strategy_StartAlgorithm=0;CPXPARAM_MIP_Strategy_SubAlgorithm=0;CPXPARAM_MIP_Strategy_VariableSelect=0;CPXPARAM_Network_NetFind=2;CPXPARAM_Network_Pricing=0;CPXPARAM_Parallel=1;CPXPARAM_Preprocessing_Aggregator=-1;CPXPARAM_Preprocessing_BoundStrength=-1;CPXPARAM_Preprocessing_CoeffReduce=-1;CPXPARAM_Preprocessing_Dependency=-1;CPXPARAM_Preprocessing_Dual=0;CPXPARAM_Preprocessing_Fill=10;CPXPARAM_Preprocessing_NumPass=-1;CPXPARAM_Preprocessing_Presolve=1;CPXPARAM_Preprocessing_QPMakePSD=1;CPXPARAM_Preprocessing_Reduce=3;CPXPARAM_Preprocessing_Relax=-1;CPXPARAM_Preprocessing_RepeatPresolve=-1;CPXPARAM_Preprocessing_Symmetry=-1;CPXPARAM_Read_Scale=0;CPXPARAM_Sifting_Algorithm=0;CPXPARAM_Simplex_Crash=1;CPXPARAM_Simplex_DGradient=0;CPXPARAM_Simplex_Limits_Perturbation=0;CPXPARAM_Simplex_Limits_Singularity=10;CPXPARAM_Simplex_PGradient=0;CPXPARAM_Simplex_Pricing=0;CPXPARAM_Simplex_Refactor=0
4485069091937778743,0,CPXPARAM_Advance=1;CPXPARAM_Barrier_Algorithm=0;CPXPARAM_Barrier_ColNonzeros=0;CPXPARAM_Barrier_Crossover=0;CPXPARAM_Barrier_Limits_Corrections=-1;CPXPARAM_Barrier_Ordering=0;CPXPARAM_Barrier_StartAlg=1;CPXPARAM_Emphasis_MIP=4;CPXPARAM_Emphasis_Memory=0;CPXPARAM_Emphasis_Numerical=0;CPXPARAM_Feasopt_Mode=0;CPXPARAM_LPMethod=0;CPXPARAM_MIP_Cuts_Cliques=-1;CPXPARAM_MIP_Cuts_Covers=0;CPXPARAM_MIP_Cuts_Disjunctive=-1;CPXPARAM_MIP_Cuts_FlowCovers=1;CPXPARAM_MIP_Cuts_GUBCovers=0;CPXPARAM_MIP_Cuts_Gomory=0;CPXPARAM_MIP_Cuts_Implied=0;CPXPARAM_MIP_Cuts_MIRCut=2;CPXPARAM_MIP_Cuts_PathCut=-1;CPXPARAM_MIP_Limits_AggForCut=3;CPXPARAM_MIP_Limits_CutPasses=0;CPXPARAM_MIP_Limits_CutsFactor=-1;CPXPARAM_MIP_Limits_GomoryCand=150;CPXPARAM_MIP_Limits_GomoryPass=0;CPXPARAM_MIP_Limits_Nodes=9223372036800000000;CPXPARAM_MIP_Limits_ProbeTime=1e+75;CPXPARAM_MIP_Limits_RepairTries=0;CPXPARAM_MIP_Limits_StrongCand=10;CPXPARAM_MIP_Limits_StrongIt=0;CPXPARAM_MIP_OrderType=0;CPXPARAM_MIP_Strategy_BBInterval=7;CPXPARAM_MIP_Strategy_Branch=0;CPXPARAM_MIP_Strategy_Dive=0;CPXPARAM_MIP_Strategy_File=1;CPXPARAM_MIP_Strategy_HeuristicFreq=20;CPXPARAM_MIP_Strategy_LBHeur=0;CPXPARAM_MIP_Strategy_NodeSelect=1;CPXPARAM_MIP_Strategy_Order=1;CPXPARAM_MIP_Strategy_PresolveNode=0;CPXPARAM_MIP_Strategy_Probe=-1;CPXPARAM_MIP_Strategy_RINSHeur=0;CPXPARAM_MIP_Strategy_StartAlgorithm=0;CPXPARAM_MIP_Strategy_SubAlgorithm=0;CPXPARAM_MIP_Strategy_VariableSelect=0;CPXPARAM_Network_NetFind=2;CPXPARAM_Network_Pricing=0;CPXPARAM_Parallel=1;CPXPARAM_Preprocessing_Aggregator=-1;CPXPARAM_Preprocessing_BoundStrength=-1;CPXPARAM_Preprocessing_CoeffReduce=-1;CPXPARAM_Preprocessing_Dependency=-1;CPXPARAM_Preprocessing_Dual=0;CPXPARAM_Preprocessing_Fill=10;CPXPARAM_Preprocessing_NumPass=-1;CPXPARAM_Preprocessing_Presolve=1;CPXPARAM_Preprocessing_QPMakePSD=1;CPXPARAM_Preprocessing_Reduce=3;CPXPARAM_Preprocessing_Relax=-1;CPXPARAM_Preprocessing_RepeatPresolve=-1;CPXPARAM_Preprocessing_Symmetry=-1;CPXPARAM_Read_Scale=0;CPXPARAM_Sifting_Algorithm=0;CPXPARAM_Simplex_Crash=1;CPXPARAM_Simplex_DGradient=0;CPXPARAM_Simplex_Limits_Perturbation=0;CPXPARAM_Simplex_Limits_Singularity=10;CPXPARAM_Simplex_PGradient=0;CPXPARAM_Simplex_Pricing=0;CPXPARAM_Simplex_Refactor=0
15263849372224830100,0,CPXPARAM_Advance=1;CPXPARAM_Barrier_Algorithm=0;CPXPARAM_Barrier_ColNonzeros=0;CPXPARAM_Barrier_Crossover=0;CPXPARAM_Barrier_Limits_Corrections=-1;CPXPARAM_Barrier_Ordering=0;CPXPARAM_Barrier_StartAlg=1;CPXPARAM_Emphasis_MIP=4;CPXPARAM_Emphasis_Memory=0;CPXPARAM_Emphasis_Numerical=0;CPXPARAM_Feasopt_Mode=0;CPXPARAM_LPMethod=0;CPXPARAM_MIP_Cuts_Cliques=-1;CPXPARAM_MIP_Cuts_Covers=0;CPXPARAM_MIP_Cuts_Disjunctive=-1;CPXPARAM_MIP_Cuts_FlowCovers=1;CPXPARAM_MIP_Cuts_GUBCovers=0;CPXPARAM_MIP_Cuts_Gomory=0;CPXPARAM_MIP_Cuts_Implied=0;CPXPARAM_MIP_Cuts_MIRCut=2;CPXPARAM_MIP_Cuts_PathCut=-1;CPXPARAM_MIP_Limits_AggForCut=3;CPXPARAM_MIP_Limits_CutPasses=0;CPXPARAM_MIP_Limits_CutsFactor=-1;CPXPARAM_MIP_Limits_GomoryCand=150;CPXPARAM_MIP_Limits_GomoryPass=0;CPXPARAM_MIP_Limits_Nodes=9223372036800000000;CPXPARAM_MIP_Limits_ProbeTime=1e+75;CPXPARAM_MIP_Limits_RepairTries=0;CPXPARAM_MIP_Limits_StrongCand=10;CPXPARAM_MIP_Limits_StrongIt=0;CPXPARAM_MIP_OrderType=0;CPXPARAM_MIP_Strategy_BBInterval=7;CPXPARAM_MIP_Strategy_Branch=0;CPXPARAM_MIP_Strategy_Dive=0;CPXPARAM_MIP_Strategy_File=1;CPXPARAM_MIP_Strategy_HeuristicFreq=0;CPXPARAM_MIP_Strategy_LBHeur=0;CPXPARAM_MIP_Strategy_NodeSelect=1;CPXPARAM_MIP_Strategy_Order=1;CPXPARAM_MIP_Strategy_PresolveNode=0;CPXPARAM_MIP_Strategy_Probe=-1;CPXPARAM_MIP_Strategy_RINSHeur=0;CPXPARAM_MIP_Strategy_StartAlgorithm=0;CPXPARAM_MIP_Strategy_SubAlgorithm=0;CPXPARAM_MIP_Strategy_VariableSelect=0;CPXPARAM_Network_NetFind=2;CPXPARAM_Network_Pricing=0;CPXPARAM_Parallel=1;CPXPARAM_Preprocessing_Aggregator=-1;CPXPARAM_Preprocessing_BoundStrength=1;CPXPARAM_Preprocessing_CoeffReduce=-1;CPXPARAM_Preprocessing_Dependency=-1;CPXPARAM_Preprocessing_Dual=0;CPXPARAM_Preprocessing_Fill=10;CPXPARAM_Preprocessing_NumPass=-1;CPXPARAM_Preprocessing_Presolve=1;CPXPARAM_Preprocessing_QPMakePSD=1;CPXPARAM_Preprocessing_Reduce=3;CPXPARAM_Preprocessing_Relax=-1;CPXPARAM_Preprocessing_RepeatPresolve=-1;CPXPARAM_Preprocessing_Symmetry=-1;CPXPARAM_Read_Scale=0;CPXPARAM_Sifting_Algorithm=0;CPXPARAM_Simplex_Crash=1;CPXPARAM_Simplex_DGradient=0;CPXPARAM_Simplex_Limits_Perturbation=0;CPXPARAM_Simplex_Limits_Singularity=10;CPXPARAM_Simplex_PGradient=0;CPXPARAM_Simplex_Pricing=0;CPXPARAM_Simplex_Refactor=0
9980777489080555122,0,CPXPARAM_Advance=0;CPXPARAM_Barrier_Algorithm=0;CPXPARAM_Barrier_ColNonzeros=0;CPXPARAM_Barrier_Crossover=0;CPXPARAM_Barrier_Limits_Corrections=-1;CPXPARAM_Barrier_Ordering=0;CPXPARAM_Barrier_StartAlg=1;CPXPARAM_Emphasis_MIP=4;CPXPARAM_Emphasis_Memory=0;CPXPARAM_Emphasis_Numerical=0;CPXPARAM_Feasopt_Mode=0;CPXPARAM_LPMethod=0;CPXPARAM_MIP_Cuts_Cliques=-1;CPXPARAM_MIP_Cuts_Covers=0;CPXPARAM_MIP_Cuts_Disjunctive=-1;CPXPARAM_MIP_Cuts_FlowCovers=1;CPXPARAM_MIP_Cuts_GUBCovers=0;CPXPARAM_MIP_Cuts_Gomory=0;CPXPARAM_MIP_Cuts_Implied=0;CPXPARAM_MIP_Cuts_MIRCut=2;CPXPARAM_MIP_Cuts_PathCut=-1;CPXPARAM_MIP_Limits_AggForCut=3;CPXPARAM_MIP_Limits_CutPasses=0;CPXPARAM_MIP_Limits_CutsFactor=-1;CPXPARAM_MIP_Limits_GomoryCand=150;CPXPARAM_MIP_Limits_GomoryPass=0;CPXPARAM_MIP_Limits_Nodes=9223372036800000000;CPXPARAM_MIP_Limits_ProbeTime=1e+75;CPXPARAM_MIP_Limits_RepairTries=0;CPXPARAM_MIP_Limits_StrongCand=10;CPXPARAM_MIP_Limits_StrongIt=0;CPXPARAM_MIP_OrderType=0;CPXPARAM_MIP_Strategy_BBInterval=7;CPXPARAM_MIP_Strategy_Branch=0;CPXPARAM_MIP_Strategy_Dive=0;CPXPARAM_MIP_Strategy_File=1;CPXPARAM_MIP_Strategy_HeuristicFreq=0;CPXPARAM_MIP_Strategy_LBHeur=0;CPXPARAM_MIP_Strategy_NodeSelect=1;CPXPARAM_MIP_Strategy_Order=1;CPXPARAM_MIP_Strategy_PresolveNode=0;CPXPARAM_MIP_Strategy_Probe=-1;CPXPARAM_MIP_Strategy_RINSHeur=0;CPXPARAM_MIP_Strategy_StartAlgorithm=0;CPXPARAM_MIP_Strategy_SubAlgorithm=0;CPXPARAM_MIP_Strategy_VariableSelect=0;CPXPARAM_Network_NetFind=2;CPXPARAM_Network_Pricing=0;CPXPARAM_Parallel=1;CPXPARAM_Preprocessing_Aggregator=-1;CPXPARAM_Preprocessing_BoundStrength=-1;CPXPARAM_Preprocessing_CoeffReduce=-1;CPXPARAM_Preprocessing_Dependency=-1;CPXPARAM_Preprocessing_Dual=0;CPXPARAM_Preprocessing_Fill=10;CPXPARAM_Preprocessing_NumPass=-1;CPXPARAM_Preprocessing_Presolve=1;CPXPARAM_Preprocessing_QPMakePSD=1;CPXPARAM_Preprocessing_Reduce=3;CPXPARAM_Preprocessing_Relax=-1;CPXPARAM_Preprocessing_RepeatPresolve=-1;CPXPARAM_Preprocessing_Symmetry=-1;CPXPARAM_Read_Scale=0;CPXPARAM_Sifting_Algorithm=0;CPXPARAM_Simplex_Crash=1;CPXPARAM_Simplex_DGradient=0;CPXPARAM_Simplex_Limits_Perturbation=0;CPXPARAM_Simplex_Limits_Singularity=10;CPXPARAM_Simplex_PGradient=0;CPXPARAM_Simplex_Pricing=0;CPXPARAM_Simplex_Refactor=0
12851154496218250987,0,CPXPARAM_Advance=2;CPXPARAM_Barrier_Algorithm=0;CPXPARAM_Barrier_ColNonzeros=0;CPXPARAM_Barrier_Crossover=0;CPXPARAM_Barrier_Limits_Corrections=-1;CPXPARAM_Barrier_Ordering=0;CPXPARAM_Barrier_StartAlg=1;CPXPARAM_Emphasis_MIP=4;CPXPARAM_Emphasis_Memory=0;CPXPARAM_Emphasis_Numerical=0;CPXPARAM_Feasopt_Mode=0;CPXPARAM_LPMethod=0;CPXPARAM_MIP_Cuts_Cliques=-1;CPXPARAM_MIP_Cuts_Covers=0;CPXPARAM_MIP_Cuts_Disjunctive=-1;CPXPARAM_MIP_Cuts_FlowCovers=1;CPXPARAM_MIP_Cuts_GUBCovers=0;CPXPARAM_MIP_Cuts_Gomory=0;CPXPARAM_MIP_Cuts_Implied=0;CPXPARAM_MIP_Cuts_MIRCut=2;CPXPARAM_MIP_Cuts_PathCut=-1;CPXPARAM_MIP_Limits_AggForCut=3;CPXPARAM_MIP_Limits_CutPasses=0;CPXPARAM_MIP_Limits_CutsFactor=-1;CPXPARAM_MIP_Limits_GomoryCand=150;CPXPARAM_MIP_Limits_GomoryPass=0;CPXPARAM_MIP_Limits_Nodes=9223372036800000000;CPXPARAM_MIP_Limits_ProbeTime=1e+75;CPXPARAM_MIP_Limits_RepairTries=0;CPXPARAM_MIP_Limits_StrongCand=10;CPXPARAM_MIP_Limits_StrongIt=0;CPXPARAM_MIP_OrderType=0;CPXPARAM_MIP_Strategy_BBInterval=7;CPXPARAM_MIP_Strategy_Branch=0;CPXPARAM_MIP_Strategy_Dive=0;CPXPARAM_MIP_Strategy_File=1;CPXPARAM_MIP_Strategy_HeuristicFreq=0;CPXPARAM_MIP_Strategy_LBHeur=0;CPXPARAM_MIP_Strategy_NodeSelect=1;CPXPARAM_MIP_Strategy_Order=1;CPXPARAM_MIP_Strategy_PresolveNode=0;CPXPARAM_MIP_Strategy_Probe=-1;CPXPARAM_MIP_Strategy_RINSHeur=0;CPXPARAM_MIP_Strategy_StartAlgorithm=0;CPXPARAM_MIP_Strategy_SubAlgorithm=0;CPXPARAM_MIP_Strategy_VariableSelect=0;CPXPARAM_Network_NetFind=2;CPXPARAM_Network_Pricing=0;CPXPARAM_Parallel=1;CPXPARAM_Preprocessing_Aggregator=-1;CPXPARAM_Preprocessing_BoundStrength=-1;CPXPARAM_Preprocessing_CoeffReduce=-1;CPXPARAM_Preprocessing_Dependency=-1;CPXPARAM_Preprocessing_Dual=0;CPXPARAM_Preprocessing_Fill=10;CPXPARAM_Preprocessing_NumPass=-1;CPXPARAM_Preprocessing_Presolve=1;CPXPARAM_Preprocessing_QPMakePSD=1;CPXPARAM_Preprocessing_Reduce=3;CPXPARAM_Preprocessing_Relax=-1;CPXPARAM_Preprocessing_RepeatPresolve=-1;CPXPARAM_Preprocessing_Symmetry=-1;CPXPARAM_Read_Scale=0;CPXPARAM_Sifting_Algorithm=0;CPXPARAM_Simplex_Crash=1;CPXPARAM_Simplex_DGradient=0;CPXPARAM_Simplex_Limits_Perturbation=0;CPXPARAM_Simplex_Limits_Singularity=10;CPXPARAM_Simplex_PGradient=0;CPXPARAM_Simplex_Pricing=0;CPXPARAM_Simplex_Refactor=0
11090103483586907375,0,CPXPARAM_Advance=1;CPXPARAM_Barrier_Algorithm=0;CPXPARAM_Barrier_ColNonzeros=0;CPXPARAM_Barrier_Crossover=0;CPXPARAM_Barrier_Limits_Corrections=-1;CPXPARAM_Barrier_Ordering=0;CPXPARAM_Barrier_StartAlg=1;CPXPARAM_Emphasis_MIP=4;CPXPARAM_Emphasis_Memory=0;CPXPARAM_Emphasis_Numerical=0;CPXPARAM_Feasopt_Mode=0;CPXPARAM_LPMethod=0;CPXPARAM_MIP_Cuts_Cliques=-1;CPXPARAM_MIP_Cuts_Covers=0;CPXPARAM_MIP_Cuts_Disjunctive=-1;CPXPARAM_MIP_Cuts_FlowCovers=1;CPXPARAM_MIP_Cuts_GUBCovers=0;CPXPARAM_MIP_Cuts_Gomory=0;CPXPARAM_MIP_Cuts_Implied=0;CPXPARAM_MIP_Cuts_MIRCut=2;CPXPARAM_MIP_Cuts_PathCut=-1;CPXPARAM_MIP_Limits_AggForCut=3;CPXPARAM_MIP_Limits_CutPasses=0;CPXPARAM_MIP_Limits_CutsFactor=-1;CPXPARAM_MIP_Limits_GomoryCand=150;CPXPARAM_MIP_Limits_GomoryPass=0;CPXPARAM_MIP_Limits_Nodes=9223372036800000000;CPXPARAM_MIP_Limits_ProbeTime=1e+75;CPXPARAM_MIP_Limits_RepairTries=0;CPXPARAM_MIP_Limits_StrongCand=10;CPXPARAM_MIP_Limits_StrongIt=0;CPXPARAM_MIP_OrderType=0;CPXPARAM_MIP_Strategy_BBInterval=7;CPXPARAM_MIP_Strategy_Branch=0;CPXPARAM_MIP_Strategy_Dive=0;CPXPARAM_MIP_Strategy_File=1;CPXPARAM_MIP_Strategy_HeuristicFreq=0;CPXPARAM_MIP_Strategy_LBHeur=0;CPXPARAM_MIP_Strategy_NodeSelect=1;CPXPARAM_MIP_Strategy_Order=1;CPXPARAM_MIP_Strategy_PresolveNode=0;CPXPARAM_MIP_Strategy_Probe=-1;CPXPARAM_MIP_Strategy_RINSHeur=0;CPXPARAM_MIP_Strategy_StartAlgorithm=0;CPXPARAM_MIP_Strategy_SubAlgorithm=0;CPXPARAM_MIP_Strategy_VariableSelect=0;CPXPARAM_Network_NetFind=2;CPXPARAM_Network_Pricing=0;CPXPARAM_Parallel=1;CPXPARAM_Preprocessing_Aggregator=-1;CPXPARAM_Preprocessing_BoundStrength=-1;CPXPARAM_Preprocessing_CoeffReduce=-1;CPXPARAM_Preprocessing_Dependency=-1;CPXPARAM_Preprocessing_Dual=0;CPXPARAM_Preprocessing_Fill=2;CPXPARAM_Preprocessing_NumPass=-1;CPXPARAM_Preprocessing_Presolve=1;CPXPARAM_Preprocessing_QPMakePSD=1;CPXPARAM_Preprocessing_Reduce=3;CPXPARAM_Preprocessing_Relax=-1;CPXPARAM_Preprocessing_RepeatPresolve=-1;CPXPARAM_Preprocessing_Symmetry=-1;CPXPARAM_Read_Scale=0;CPXPARAM_Sifting_Algorithm=0;CPXPARAM_Simplex_Crash=1;CPXPARAM_Simplex_DGradient=0;CPXPARAM_Simplex_Limits_Perturbation=0;CPXPARAM_Simplex_Limits_Singularity=10;CPXPARAM_Simplex_PGradient=0;CPXPARAM_Simplex_Pricing=0;CPXPARAM_Simplex_Refactor=0
14808326788528846664,0,CPXPARAM_Advance=1;CPXPARAM_Barrier_Algorithm=0;CPXPARAM_Barrier_ColNonzeros=0;CPXPARAM_Barrier_Crossover=0;CPXPARAM_Barrier_Limits_Corrections=-1;CPXPARAM_Barrier_Ordering=0;CPXPARAM_Barrier_StartAlg=1;CPXPARAM_Emphasis_MIP=4;CPXPARAM_Emphasis_Memory=0;CPXPARAM_Emphasis_Numerical=0;CPXPARAM_Feasopt_Mode=0;CPXPARAM_LPMethod=0;CPXPARAM_MIP_Cuts_Cliques=-1;CPXPARAM_MIP_Cuts_Covers=0;CPXPARAM_MIP_Cuts_Disjunctive=-1;CPXPARAM_MIP_Cuts_FlowCovers=1;CPXPARAM_MIP_Cuts_GUBCovers=0;CPXPARAM_MIP_Cuts_Gomory=0;CPXPARAM_MIP_Cuts_Implied=0;CPXPARAM_MIP_Cuts_MIRCut=2;CPXPARAM_MIP_Cuts_PathCut=-1;CPXPARAM_MIP_Limits_AggForCut=3;CPXPARAM_MIP_Limits_CutPasses=0;CPXPARAM_MIP_Limits_CutsFactor=-1;CPXPARAM_MIP_Limits_GomoryCand=150;CPXPARAM_MIP_Limits_GomoryPass=0;CPXPARAM_MIP_Limits_Nodes=9223372036800000000;CPXPARAM_MIP_Limits_ProbeTime=1e+75;CPXPARAM_MIP_Limits_RepairTries=0;CPXPARAM_MIP_Limits_StrongCand=10;CPXPARAM_MIP_Limits_StrongIt=0;CPXPARAM_MIP_OrderType=0;CPXPARAM_MIP_Strategy_BBInterval=7;CPXPARAM_MIP_Strategy_Branch=0;CPXPARAM_MIP_Strategy_Dive=0;CPXPARAM_MIP_Strategy_File=1;CPXPARAM_MIP_Strategy_HeuristicFreq=0;CPXPARAM_MIP_Strategy_LBHeur=0;CPXPARAM_MIP_Strategy_NodeSelect=1;CPXPARAM_MIP_Strategy_Order=1;CPXPARAM_MIP_Strategy_PresolveNode=0;CPXPARAM_MIP_Strategy_Probe=-1;CPXPARAM_MIP_Strategy_RINSHeur=0;CPXPARAM_MIP_Strategy_StartAlgorithm=0;CPXPARAM_MIP_Strategy_SubAlgorithm=0;CPXPARAM_MIP_Strategy_VariableSelect=0;CPXPARAM_Network_NetFind=2;CPXPARAM_Network_Pricing=0;CPXPARAM_Parallel=1;CPXPARAM_Preprocessing_Aggregator=-1;CPXPARAM_Preprocessing_BoundStrength=-1;CPXPARAM_Preprocessing_CoeffReduce=-1;CPXPARAM_Preprocessing_Dependency=1;CPXPARAM_Preprocessing_Dual=0;CPXPARAM_Preprocessing_Fill=10;CPXPARAM_Preprocessing_NumPass=-1;CPXPARAM_Preprocessing_Presolve=1;CPXPARAM_Preprocessing_QPMakePSD=1;CPXPARAM_Preprocessing_Reduce=3;CPXPARAM_Preprocessing_Relax=-1;CPXPARAM_Preprocessing_RepeatPresolve=-1;CPXPARAM_Preprocessing_Symmetry=-1;CPXPARAM_Read_Scale=0;CPXPARAM_Sifting_Algorithm=0;CPXPARAM_Simplex_Crash=1;CPXPARAM_Simplex_DGradient=0;CPXPARAM_Simplex_Limits_Perturbation=0;CPXPARAM_Simplex_Limits_Singularity=10;CPXPARAM_Simplex_PGradient=0;CPXPARAM_Simplex_Pricing=0;CPXPARAM_Simplex_Refactor=0
2059297485186760280,0,CPXPARAM_Advance=1;CPXPARAM_Barrier_Algorithm=0;CPXPARAM_Barrier_ColNonzeros=0;CPXPARAM_Barrier_Crossover=0;CPXPARAM_Barrier_Limits_Corrections=-1;CPXPARAM_Barrier_Ordering=0;CPXPARAM_Barrier_StartAlg=1;CPXPARAM_Emphasis_MIP=4;CPXPARAM_Emphasis_Memory=0;CPXPARAM_Emphasis_Numerical=0;CPXPARAM_Feasopt_Mode=0;CPXPARAM_LPMethod=0;CPXPARAM_MIP_Cuts_Cliques=-1;CPXPARAM_MIP_Cuts_Covers=0;CPXPARAM_MIP_Cuts_Disjunctive=-1;CPXPARAM_MIP_Cuts_FlowCovers=1;CPXPARAM_MIP_Cuts_GUBCovers=0;CPXPARAM_MIP_Cuts_Gomory=0;CPXPARAM_MIP_Cuts_Implied=0;CPXPARAM_MIP_Cuts_MIRCut=2;CPXPARAM_MIP_Cuts_PathCut=-1;CPXPARAM_MIP_Limits_AggForCut=10;CPXPARAM_MIP_Limits_CutPasses=0;CPXPARAM_MIP_Limits_CutsFactor=-1;CPXPARAM_MIP_Limits_GomoryCand=150;CPXPARAM_MIP_Limits_GomoryPass=0;CPXPARAM_MIP_Limits_Nodes=9223372036800000000;CPXPARAM_MIP_Limits_ProbeTime=1e+75;CPXPARAM_MIP_Limits_RepairTries=0;CPXPARAM_MIP_Limits_StrongCand=10;CPXPARAM_MIP_Limits_StrongIt=0;CPXPARAM_MIP_OrderType=0;CPXPARAM_MIP_Strategy_BBInterval=7;CPXPARAM_MIP_Strategy_Branch=0;CPXPARAM_MIP_Strategy_Dive=0;CPXPARAM_MIP_Strategy_File=1;CPXPARAM_MIP_Strategy_HeuristicFreq=0;CPXPARAM_MIP_Strategy_LBHeur=0;CPXPARAM_MIP_Strategy_NodeSelect=1;CPXPARAM_MIP_Strategy_Order=1;CPXPARAM_MIP_Strategy_PresolveNode=0;CPXPARAM_MIP_Strategy_Probe=-1;CPXPARAM_MIP_Strategy_RINSHeur=0;CPXPARAM_MIP_Strategy_StartAlgorithm=0;CPXPARAM_MIP_Strategy_SubAlgorithm=0;CPXPARAM_MIP_Strategy_VariableSelect=0;CPXPARAM_Network_NetFind=2;CPXPARAM_Network_Pricing=0;CPXPARAM_Parallel=1;CPXPARAM_Preprocessing_Aggregator=-1;CPXPARAM_Preprocessing_BoundStrength=-1;CPXPARAM_Preprocessing_CoeffReduce=-1;CPXPARAM_Preprocessing_Dependency=3;CPXPARAM_Preprocessing_Dual=0;CPXPARAM_Preprocessing_Fill=10;CPXPARAM_Preprocessing_NumPass=-1;CPXPARAM_Preprocessing_Presolve=1;CPXPARAM_Preprocessing_QPMakePSD=1;CPXPARAM_Preprocessing_Reduce=3;CPXPARAM_Preprocessing_Relax=-1;CPXPARAM_Preprocessing_RepeatPresolve=-1;CPXPARAM_Preprocessing_Symmetry=-1;CPXPARAM_Read_Scale=0;CPXPARAM_Sifting_Algorithm=0;CPXPARAM_Simplex_Crash=1;CPXPARAM_Simplex_DGradient=0;CPXPARAM_Simplex_Limits_Perturbation=0;CPXPARAM_Simplex_Limits_Singularity=10;CPXPARAM_Simplex_PGradient=0;CPXPARAM_Simplex_Pricing=0;CPXPARAM_Simplex_Refactor=0
10139779635566760615,0,CPXPARAM_Advance=1;CPXPARAM_Barrier_Algorithm=0;CPXPARAM_Barrier_ColNonzeros=0;CPXPARAM_Barrier_Crossover=0;CPXPARAM_Barrier_Limits_Corrections=-1;CPXPARAM_Barrier_Ordering=0;CPXPARAM_Barrier_StartAlg=1;CPXPARAM_Emphasis_MIP=4;CPXPARAM_Emphasis_Memory=0;CPXPARAM_Emphasis_Numerical=0;CPXPARAM_Feasopt_Mode=0;CPXPARAM_LPMethod=0;CPXPARAM_MIP_Cuts_Cliques=-1;CPXPARAM_MIP_Cuts_Covers=0;CPXPARAM_MIP_Cuts_Disjunctive=-1;CPXPARAM_MIP_Cuts_FlowCovers=1;CPXPARAM_MIP_Cuts_GUBCovers=0;CPXPARAM_MIP_Cuts_Gomory=0;CPXPARAM_MIP_Cuts_Implied=0;CPXPARAM_MIP_Cuts_MIRCut=2;CPXPARAM_MIP_Cuts_PathCut=-1;CPXPARAM_MIP_Limits_AggForCut=3;CPXPARAM_MIP_Limits_CutPasses=0;CPXPARAM_MIP_Limits_CutsFactor=-1;CPXPARAM_MIP_Limits_GomoryCand=150;CPXPARAM_MIP_Limits_GomoryPass=0;CPXPARAM_MIP_Limits_Nodes=9223372036800000000;CPXPARAM_MIP_Limits_ProbeTime=1e+75;CPXPARAM_MIP_Limits_RepairTries=0;CPXPARAM_MIP_Limits_StrongCand=10;CPXPARAM_MIP_Limits_StrongIt=0;CPXPARAM_MIP_OrderType=0;CPXPARAM_MIP_Strategy_BBInterval=7;CPXPARAM_MIP_Strategy_Branch=0;CPXPARAM_MIP_Strategy_Dive=0;CPXPARAM_MIP_Strategy_File=1;CPXPARAM_MIP_Strategy_HeuristicFreq=0;CPXPARAM_MIP_Strategy_LBHeur=0;CPXPARAM_MIP_Strategy_NodeSelect=1;CPXPARAM_MIP_Strategy_Order=1;CPXPARAM_MIP_Strategy_PresolveNode=0;CPXPARAM_MIP_Strategy_Probe=-1;CPXPARAM_MIP_Strategy_RINSHeur=0;CPXPARAM_MIP_Strategy_StartAlgorithm=0;CPXPARAM_MIP_Strategy_SubAlgorithm=0;CPXPARAM_MIP_Strategy_VariableSelect=0;CPXPARAM_Network_NetFind=2;CPXPARAM_Network_Pricing=0;CPXPARAM_Parallel=1;CPXPARAM_Preprocessing_Aggregator=-1;CPXPARAM_Preprocessing_BoundStrength=-1;CPXPARAM_Preprocessing_CoeffReduce=-1;CPXPARAM_Preprocessing_Dependency=-1;CPXPARAM_Preprocessing_Dual=0;CPXPARAM_Preprocessing_Fill=20;CPXPARAM_Preprocessing_NumPass=-1;CPXPARAM_Preprocessing_Presolve=1;CPXPARAM_Preprocessing_QPMakePSD=1;CPXPARAM_Preprocessing_Reduce=3;CPXPARAM_Preprocessing_Relax=-1;CPXPARAM_Preprocessing_RepeatPresolve=-1;CPXPARAM_Preprocessing_Symmetry=-1;CPXPARAM_Read_Scale=0;CPXPARAM_Sifting_Algorithm=0;CPXPARAM_Simplex_Crash=1;CPXPARAM_Simplex_DGradient=0;CPXPARAM_Simplex_Limits_Perturbation=0;CPXPARAM_Simplex_Limits_Singularity=10;CPXPARAM_Simplex_PGradient=0;CPXPARAM_Simplex_Pricing=0;CPXPARAM_Simplex_Refactor=0
2208474035032524046,0,CPXPARAM_Advance=1;CPXPARAM_Barrier_Algorithm=0;CPXPARAM_Barrier_ColNonzeros=0;CPXPARAM_Barrier_Crossover=1;CPXPARAM_Barrier_Limits_Corrections=-1;CPXPARAM_Barrier_Ordering=0;CPXPARAM_Barrier_StartAlg=1;CPXPARAM_Emphasis_MIP=4;CPXPARAM_Emphasis_Memory=0;CPXPARAM_Emphasis_Numerical=0;CPXPARAM_Feasopt_Mode=0;CPXPARAM_LPMethod=0;CPXPARAM_MIP_Cuts_Cliques=-1;CPXPARAM_MIP_Cuts_Covers=0;CPXPARAM_MIP_Cuts_Disjunctive=-1;CPXPARAM_MIP_Cuts_FlowCovers=1;CPXPARAM_MIP_Cuts_GUBCovers=0;CPXPARAM_MIP_Cuts_Gomory=0;CPXPARAM_MIP_Cuts_Implied=0;CPXPARAM_MIP_Cuts_MIRCut=2;CPXPARAM_MIP_Cuts_PathCut=-1;CPXPARAM_MIP_Limits_AggForCut=3;CPXPARAM_MIP_Limits_CutPasses=0;CPXPARAM_MIP_Limits_CutsFactor=-1;CPXPARAM_MIP_Limits_GomoryCand=150;CPXPARAM_MIP_Limits_GomoryPass=0;CPXPARAM_MIP_Limits_Nodes=9223372036800000000;CPXPARAM_MIP_Limits_ProbeTime=1e+75;CPXPARAM_MIP_Limits_RepairTries=0;CPXPARAM_MIP_Limits_StrongCand=10;CPXPARAM_MIP_Limits_StrongIt=0;CPXPARAM_MIP_OrderType=0;CPXPARAM_MIP_Strategy_BBInterval=7;CPXPARAM_MIP_Strategy_Branch=0;CPXPARAM_MIP_Strategy_Dive=0;CPXPARAM_MIP_Strategy_File=1;CPXPARAM_MIP_Strategy_HeuristicFreq=0;CPXPARAM_MIP_Strategy_LBHeur=0;CPXPARAM_MIP_Strategy_NodeSelect=1;CPXPARAM_MIP_Strategy_Order=1;CPXPARAM_MIP_Strategy_PresolveNode=0;CPXPARAM_MIP_Strategy_Probe=-1;CPXPARAM_MIP_Strategy_RINSHeur=0;CPXPARAM_MIP_Strategy_StartAlgorithm=0;CPXPARAM_MIP_Strategy_SubAlgorithm=0;CPXPARAM_MIP_Strategy_VariableSelect=0;CPXPARAM_Network_NetFind=2;CPXPARAM_Network_Pricing=0;CPXPARAM_Parallel=1;CPXPARAM_Preprocessing_Aggregator=-1;CPXPARAM_Preprocessing_BoundStrength=-1;CPXPARAM_Preprocessing_CoeffReduce=-1;CPXPARAM_Preprocessing_Dependency=-1;CPXPARAM_Preprocessing_Dual=0;CPXPARAM_Preprocessing_Fill=10;CPXPARAM_Preprocessing_NumPass=-1;CPXPARAM_Preprocessing_Presolve=1;CPXPARAM_Preprocessing_QPMakePSD=1;CPXPARAM_Preprocessing_Reduce=3;CPXPARAM_Preprocessing_Relax=-1;CPXPARAM_Preprocessing_RepeatPresolve=-1;CPXPARAM_Preprocessing_Symmetry=-1;CPXPARAM_Read_Scale=0;CPXPARAM_Sifting_Algorithm=0;CPXPARAM_Simplex_Crash=1;CPXPARAM_Simplex_DGradient=0;CPXPARAM_Simplex_Limits_Perturbation=0;CPXPARAM_Simplex_Limits_Singularity=10;CPXPARAM_Simplex_PGradient=0;CPXPARAM_Simplex_Pricing=0;CPXPARAM_Simplex_Refactor=0
11786939085265727980,0,CPXPARAM_Advance=1;CPXPARAM_Barrier_Algorithm=0;CPXPARAM_Barrier_ColNonzeros=0;CPXPARAM_Barrier_Crossover=0;CPXPARAM_Barrier_Limits_Corrections=-1;CPXPARAM_Barrier_Ordering=1;CPXPARAM_Barrier_StartAlg=1;CPXPARAM_Emphasis_MIP=4;CPXPARAM_Emphasis_Memory=0;CPXPARAM_Emphasis_Numerical=0;CPXPARAM_Feasopt_Mode=0;CPXPARAM_LPMethod=0;CPXPARAM_MIP_Cuts_Cliques=-1;CPXPARAM_MIP_Cuts_Covers=0;CPXPARAM_MIP_Cuts_Disjunctive=-1;CPXPARAM_MIP_Cuts_FlowCovers=1;CPXPARAM_MIP_Cuts_GUBCovers=0;CPXPARAM_MIP_Cuts_Gomory=0;CPXPARAM_MIP_Cuts_Implied=0;CPXPARAM_MIP_Cuts_MIRCut=2;CPXPARAM_MIP_Cuts_PathCut=-1;CPXPARAM_MIP_Limits_AggForCut=3;CPXPARAM_MIP_Limits_CutPasses=0;CPXPARAM_MIP_Limits_CutsFactor=-1;CPXPARAM_MIP_Limits_GomoryCand=150;CPXPARAM_MIP_Limits_GomoryPass=0;CPXPARAM_MIP_Limits_Nodes=9223372036800000000;CPXPARAM_MIP_Limits_ProbeTime=1e+75;CPXPARAM_MIP_Limits_RepairTries=0;CPXPARAM_MIP_Limits_StrongCand=10;CPXPARAM_MIP_Limits_StrongIt=0;CPXPARAM_MIP_OrderType=0;CPXPARAM_MIP_Strategy_BBInterval=7;CPXPARAM_MIP_Strategy_Branch=0;CPXPARAM_MIP_Strategy_Dive=0;CPXPARAM_MIP_Strategy_File=1;CPXPARAM_MIP_Strategy_HeuristicFreq=0;CPXPARAM_MIP_Strategy_LBHeur=0;CPXPARAM_MIP_Strategy_NodeSelect=1;CPXPARAM_MIP_Strategy_Order=1;CPXPARAM_MIP_Strategy_PresolveNode=0;CPXPARAM_MIP_Strategy_Probe=-1;CPXPARAM_MIP_Strategy_RINSHeur=0;CPXPARAM_MIP_Strategy_StartAlgorithm=0;CPXPARAM_MIP_Strategy_SubAlgorithm=0;CPXPARAM_MIP_Strategy_VariableSelect=0;CPXPARAM_Network_NetFind=2;CPXPARAM_Network_Pricing=0;CPXPARAM_Parallel=1;CPXPARAM_Preprocessing_Aggregator=-1;CPXPARAM_Preprocessing_BoundStrength=-1;CPXPARAM_Preprocessing_CoeffReduce=-1;CPXPARAM_Preprocessing_Dependency=-1;CPXPARAM_Preprocessing_Dual=0;CPXPARAM_Preprocessing_Fill=10;CPXPARAM_Preprocessing_NumPass=-1;CPXPARAM_Preprocessing_Presolve=1;CPXPARAM_Preprocessing_QPMakePSD=1;CPXPARAM_Preprocessing_Reduce=3;CPXPARAM_Preprocessing_Relax=-1;CPXPARAM_Preprocessing_RepeatPresolve=-1;CPXPARAM_Preprocessing_Symmetry=-1;CPXPARAM_Read_Scale=0;CPXPARAM_Sifting_Algorithm=0;CPXPARAM_Simplex_Crash=1;CPXPARAM_Simplex_DGradient=0;CPXPARAM_Simplex_Limits_Perturbation=0;CPXPARAM_Simplex_Limits_Singularity=10;CPXPARAM_Simplex_PGradient=0;CPXPARAM_Simplex_Pricing=0;CPXPARAM_Simplex_Refactor=0
354338515516133731,0,CPXPARAM_Advance=1;CPXPARAM_Barrier_Algorithm=0;CPXPARAM_Barrier_ColNonzeros=0;CPXPARAM_Barrier_Crossover=0;CPXPARAM_Barrier_Limits_Corrections=-1;CPXPARAM_Barrier_Ordering=3;CPXPARAM_Barrier_StartAlg=1;CPXPARAM_Emphasis_MIP=4;CPXPARAM_Emphasis_Memory=0;CPXPARAM_Emphasis_Numerical=0;CPXPARAM_Feasopt_Mode=0;CPXPARAM_LPMethod=0;CPXPARAM_MIP_Cuts_Cliques=-1;CPXPARAM_MIP_Cuts_Covers=0;CPXPARAM_MIP_Cuts_Disjunctive=-1;CPXPARAM_MIP_Cuts_FlowCovers=1;CPXPARAM_MIP_Cuts_GUBCovers=0;CPXPARAM_MIP_Cuts_Gomory=0;CPXPARAM_MIP_Cuts_Implied=0;CPXPARAM_MIP_Cuts_MIRCut=2;CPXPARAM_MIP_Cuts_PathCut=-1;CPXPARAM_MIP_Limits_AggForCut=3;CPXPARAM_MIP_Limits_CutPasses=0;CPXPARAM_MIP_Limits_CutsFactor=-1;CPXPARAM_MIP_Limits_GomoryCand=150;CPXPARAM_MIP_Limits_GomoryPass=0;CPXPARAM_MIP_Limits_Nodes=9223372036800000000;CPXPARAM_MIP_Limits_ProbeTime=1e+75;CPXPARAM_MIP_Limits_RepairTries=0;CPXPARAM_MIP_Limits_StrongCand=10;CPXPARAM_MIP_Limits_StrongIt=0;CPXPARAM_MIP_OrderType=0;CPXPARAM_MIP_Strategy_BBInterval=7;CPXPARAM_MIP_Strategy_Branch=0;CPXPARAM_MIP_Strategy_Dive=0;CPXPARAM_MIP_Strategy_File=1;CPXPARAM_MIP_Strategy_HeuristicFreq=0;CPXPARAM_MIP_Strategy_LBHeur=0;CPXPARAM_MIP_Strategy_NodeSelect=1;CPXPARAM_MIP_Strategy_Order=1;CPXPARAM_MIP_Strategy_PresolveNode=0;CPXPARAM_MIP_Strategy_Probe=-1;CPXPARAM_MIP_Strategy_RINSHeur=0;CPXPARAM_MIP_Strategy_StartAlgorithm=0;CPXPARAM_MIP_Strategy_SubAlgorithm=0;CPXPARAM_MIP_Strategy_VariableSelect=0;CPXPARAM_Network_NetFind=2;CPXPARAM_Network_Pricing=0;CPXPARAM_Parallel=1;CPXPARAM_Preprocessing_Aggregator=-1;CPXPARAM_Preprocessing_BoundStrength=-1;CPXPARAM_Preprocessing_CoeffReduce=-1;CPXPARAM_Preprocessing_Dependency=-1;CPXPARAM_Preprocessing_Dual=0;CPXPARAM_Preprocessing_Fill=10;CPXPARAM_Preprocessing_NumPass=-1;CPXPARAM_Preprocessing_Presolve=1;CPXPARAM_Preprocessing_QPMakePSD=1;CPXPARAM_Preprocessing_Reduce=3;CPXPARAM_Preprocessing_Relax=-1;CPXPARAM_Preprocessing_RepeatPresolve=-1;CPXPARAM_Preprocessing_Symmetry=-1;CPXPARAM_Read_Scale=0;CPXPARAM_Sifting_Algorithm=0;CPXPARAM_Simplex_Crash=1;CPXPARAM_Simplex_DGradient=0;CPXPARAM_Simplex_Limits_Perturbation=0;CPXPARAM_Simplex_Limits_Singularity=10;CPXPARAM_Simplex_PGradient=0;CPXPARAM_Simplex_Pricing=0;CPXPARAM_Simplex_Refactor=0
8253476598119072388,0,CPXPARAM_Advance=1;CPXPARAM_Barrier_Algorithm=0;CPXPARAM_Barrier_ColNonzeros=0;CPXPARAM_Barrier_Crossover=0;CPXPARAM_Barrier_Limits_Corrections=-1;CPXPARAM_Barrier_Ordering=0;CPXPARAM_Barrier_StartAlg=4;CPXPARAM_Emphasis_MIP=4;CPXPARAM_Emphasis_Memory=0;CPXPARAM_Emphasis_Numerical=0;CPXPARAM_Feasopt_Mode=0;CPXPARAM_LPMethod=0;CPXPARAM_MIP_Cuts_Cliques=-1;CPXPARAM_MIP_Cuts_Covers=0;CPXPARAM_MIP_Cuts_Disjunctive=-1;CPXPARAM_MIP_Cuts_FlowCovers=1;CPXPARAM_MIP_Cuts_GUBCovers=0;CPXPARAM_MIP_Cuts_Gomory=0;CPXPARAM_MIP_Cuts_Implied=0;CPXPARAM_MIP_Cuts_MIRCut=2;CPXPARAM_MIP_Cuts_PathCut=-1;CPXPARAM_MIP_Limits_AggForCut=3;CPXPARAM_MIP_Limits_CutPasses=0;CPXPARAM_MIP_Limits_CutsFactor=-1;CPXPARAM_MIP_Limits_GomoryCand=150;CPXPARAM_MIP_Limits_GomoryPass=0;CPXPARAM_MIP_Limits_Nodes=9223372036800000000;CPXPARAM_MIP_Limits_ProbeTime=1e+75;CPXPARAM_MIP_Limits_RepairTries=0;CPXPARAM_MIP_Limits_StrongCand=10;CPXPARAM_MIP_Limits_StrongIt=0;CPXPARAM_MIP_OrderType=0;CPXPARAM_MIP_Strategy_BBInterval=7;CPXPARAM_MIP_Strategy_Branch=0;CPXPARAM_MIP_Strategy_Dive=0;CPXPARAM_MIP_Strategy_File=1;CPXPARAM_MIP_Strategy_HeuristicFreq=0;CPXPARAM_MIP_Strategy_LBHeur=0;CPXPARAM_MIP_Strategy_NodeSelect=1;CPXPARAM_MIP_Strategy_Order=1;CPXPARAM_MIP_Strategy_PresolveNode=0;CPXPARAM_MIP_Strategy_Probe=-1;CPXPARAM_MIP_Strategy_RINSHeur=0;CPXPARAM_MIP_Strategy_StartAlgorithm=0;CPXPARAM_MIP_Strategy_SubAlgorithm=0;CPXPARAM_MIP_Strategy_VariableSelect=0;CPXPARAM_Network_NetFind=2;CPXPARAM_Network_Pricing=0;CPXPARAM_Parallel=1;CPXPARAM_Preprocessing_Aggregator=-1;CPXPARAM_Preprocessing_BoundStrength=-1;CPXPARAM_Preprocessing_CoeffReduce=-1;CPXPARAM_Preprocessing_Dependency=-1;CPXPARAM_Preprocessing_Dual=0;CPXPARAM_Preprocessing_Fill=10;CPXPARAM_Preprocessing_NumPass=-1;CPXPARAM_Preprocessing_Presolve=1;CPXPARAM_Preprocessing_QPMakePSD=1;CPXPARAM_Preprocessing_Reduce=3;CPXPARAM_Preprocessing_Relax=-1;CPXPARAM_Preprocessing_RepeatPresolve=-1;CPXPARAM_Preprocessing_Symmetry=-1;CPXPARAM_Read_Scale=0;CPXPARAM_Sifting_Algorithm=0;CPXPARAM_Simplex_Crash=1;CPXPARAM_Simplex_DGradient=0;CPXPARAM_Simplex_Limits_Perturbation=0;CPXPARAM_Simplex_Limits_Singularity=10;CPXPARAM_Simplex_PGradient=0;CPXPARAM_Simplex_Pricing=0;CPXPARAM_Simplex_Refactor=0
16979415189980648883,0,CPXPARAM_Advance=1;CPXPARAM_Barrier_Algorithm=0;CPXPARAM_Barrier_ColNonzeros=0;CPXPARAM_Barrier_Crossover=0;CPXPARAM_Barrier_Limits_Corrections=-1;CPXPARAM_Barrier_Ordering=0;CPXPARAM_Barrier_StartAlg=1;CPXPARAM_Emphasis_MIP=4;CPXPARAM_Emphasis_Memory=0;CPXPARAM_Emphasis_Numerical=0;CPXPARAM_Feasopt_Mode=0;CPXPARAM_LPMethod=0;CPXPARAM_MIP_Cuts_Cliques=-1;CPXPARAM_MIP_Cuts_Covers=0;CPXPARAM_MIP_Cuts_Disjunctive=-1;CPXPARAM_MIP_Cuts_FlowCovers=1;CPXPARAM_MIP_Cuts_GUBCovers=0;CPXPARAM_MIP_Cuts_Gomory=0;CPXPARAM_MIP_Cuts_Implied=0;CPXPARAM_MIP_Cuts_MIRCut=2;CPXPARAM_MIP_Cuts_PathCut=-1;CPXPARAM_MIP_Limits_AggForCut=3;CPXPARAM_MIP_Limits_CutPasses=0;CPXPARAM_MIP_Limits_CutsFactor=-1;CPXPARAM_MIP_Limits_GomoryCand=150;CPXPARAM_MIP_Limits_GomoryPass=0;CPXPARAM_MIP_Limits_Nodes=9223372036800000000;CPXPARAM_MIP_Limits_ProbeTime=1e+75;CPXPARAM_MIP_Limits_RepairTries=0;CPXPARAM_MIP_Limits_StrongCand=10;CPXPARAM_MIP_Limits_StrongIt=0;CPXPARAM_MIP_OrderType=0;CPXPARAM_MIP_Strategy_BBInterval=7;CPXPARAM_MIP_Strategy_Branch=0;CPXPARAM_MIP_Strategy_Dive=0;CPXPARAM_MIP_Strategy_File=1;CPXPARAM_MIP_Strategy_HeuristicFreq=0;CPXPARAM_MIP_Strategy_LBHeur=0;CPXPARAM_MIP_Strategy_NodeSelect=1;CPXPARAM_MIP_Strategy_Order=1;CPXPARAM_MIP_Strategy_PresolveNode=0;CPXPARAM_MIP_Strategy_Probe=-1;CPXPARAM_MIP_Strategy_RINSHeur=0;CPXPARAM_MIP_Strategy_StartAlgorithm=0;CPXPARAM_MIP_Strategy_SubAlgorithm=0;CPXPARAM_MIP_Strategy_VariableSelect=0;CPXPARAM_Network_NetFind=2;CPXPARAM_Network_Pricing=0;CPXPARAM_Parallel=1;CPXPARAM_Preprocessing_Aggregator=-1;CPXPARAM_Preprocessing_BoundStrength=-1;CPXPARAM_Preprocessing_CoeffReduce=0;CPXPARAM_Preprocessing_Dependency=-1;CPXPARAM_Preprocessing_Dual=0;CPXPARAM_Preprocessing_Fill=10;CPXPARAM_Preprocessing_NumPass=-1;CPXPARAM_Preprocessing_Presolve=1;CPXPARAM_Preprocessing_QPMakePSD=1;CPXPARAM_Preprocessing_Reduce=3;CPXPARAM_Preprocessing_Relax=-1;CPXPARAM_Preprocessing_RepeatPresolve=-1;CPXPARAM_Preprocessing_Symmetry=-1;CPXPARAM_Read_Scale=0;CPXPARAM_Sifting_Algorithm=0;CPXPARAM_Simplex_Crash=1;CPXPARAM_Simplex_DGradient=0;CPXPARAM_Simplex_Limits_Perturbation=0;CPXPARAM_Simplex_Limits_Singularity=10;CPXPARAM_Simplex_PGradient=0;CPXPARAM_Simplex_Pricing=0;CPXPARAM_Simplex_Refactor=0
18192772973148413940,0,CPXPARAM_Advance=1;CPXPARAM_Barrier_Algorithm=0;CPXPARAM_Barrier_ColNonzeros=0;CPXPARAM_Barrier_Crossover=0;CPXPARAM_Barrier_Limits_Corrections=-1;CPXPARAM_Barrier_Ordering=0;CPXPARAM_Barrier_StartAlg=1;CPXPARAM_Emphasis_MIP=4;CPXPARAM_Emphasis_Memory=0;CPXPARAM_Emphasis_Numerical=0;CPXPARAM_Feasopt_Mode=0;CPXPARAM_LPMethod=0;CPXPARAM_MIP_Cuts_Cliques=-1;CPXPARAM_MIP_Cuts_Covers=0;CPXPARAM_MIP_Cuts_Disjunctive=-1;CPXPARAM_MIP_Cuts_FlowCovers=1;CPXPARAM_MIP_Cuts_GUBCovers=0;CPXPARAM_MIP_Cuts_Gomory=0;CPXPARAM_MIP_Cuts_Implied=0;CPXPARAM_MIP_Cuts_MIRCut=2;CPXPARAM_MIP_Cuts_PathCut=-1;CPXPARAM_MIP_Limits_AggForCut=3;CPXPARAM_MIP_Limits_CutPasses=0;CPXPARAM_MIP_Limits_CutsFactor=-1;CPXPARAM_MIP_Limits_GomoryCand=150;CPXPARAM_MIP_Limits_GomoryPass=0;CPXPARAM_MIP_Limits_Nodes=9223372036800000000;CPXPARAM_MIP_Limits_ProbeTime=60;CPXPARAM_MIP_Limits_RepairTries=0;CPXPARAM_MIP_Limits_StrongCand=10;CPXPARAM_MIP_Limits_StrongIt=0;CPXPARAM_MIP_OrderType=0;CPXPARAM_MIP_Strategy_BBInterval=7;CPXPARAM_MIP_Strategy_Branch=0;CPXPARAM_MIP_Strategy_Dive=0;CPXPARAM_MIP_Strategy_File=1;CPXPARAM_MIP_Strategy_HeuristicFreq=0;CPXPARAM_MIP_Strategy_LBHeur=0;CPXPARAM_MIP_Strategy_NodeSelect=1;CPXPARAM_MIP_Strategy_Order=1;CPXPARAM_MIP_Strategy_PresolveNode=0;CPXPARAM_MIP_Strategy_Probe=-1;CPXPARAM_MIP_Strategy_RINSHeur=0;CPXPARAM_MIP_Strategy_StartAlgorithm=0;CPXPARAM_MIP_Strategy_SubAlgorithm=0;CPXPARAM_MIP_Strategy_VariableSelect=0;CPXPARAM_Network_NetFind=2;CPXPARAM_Network_Pricing=0;CPXPARAM_Parallel=1;CPXPARAM_Preprocessing_Aggregator=-1;CPXPARAM_Preprocessing_BoundStrength=-1;CPXPARAM_Preprocessing_CoeffReduce=-1;CPXPARAM_Preprocessing_Dependency=-1;CPXPARAM_Preprocessing_Dual=0;CPXPARAM_Preprocessing_Fill=10;CPXPARAM_Preprocessing_NumPass=-1;CPXPARAM_Preprocessing_Presolve=1;CPXPARAM_Preprocessing_QPMakePSD=1;CPXPARAM_Preprocessing_Reduce=3;CPXPARAM_Preprocessing_Relax=-1;CPXPARAM_Preprocessing_RepeatPresolve=-1;CPXPARAM_Preprocessing_Symmetry=-1;CPXPARAM_Read_Scale=0;CPXPARAM_Sifting_Algorithm=0;CPXPARAM_Simplex_Crash=1;CPXPARAM_Simplex_DGradient=0;CPXPARAM_Simplex_Limits_Perturbation=0;CPXPARAM_Simplex_Limits_Singularity=10;CPXPARAM_Simplex_PGradient=0;CPXPARAM_Simplex_Pricing=0;CPXPARAM_Simplex_Refactor=0
13033603277719980461,0,CPXPARAM_Advance=1;CPXPARAM_Barrier_Algorithm=0;CPXPARAM_Barrier_ColNonzeros=0;CPXPARAM_Barrier_Crossover=0;CPXPARAM_Barrier_Limits_Corrections=-1;CPXPARAM_Barrier_Ordering=0;CPXPARAM_Barrier_StartAlg=1;CPXPARAM_Emphasis_MIP=4;CPXPARAM_Emphasis_Memory=0;CPXPARAM_Emphasis_Numerical=0;CPXPARAM_Feasopt_Mode=0;CPXPARAM_LPMethod=0;CPXPARAM_MIP_Cuts_Cliques=-1;CPXPARAM_MIP_Cuts_Covers=0;CPXPARAM_MIP_Cuts_Disjunctive=-1;CPXPARAM_MIP_Cuts_FlowCovers=1;CPXPARAM_MIP_Cuts_GUBCovers=0;CPXPARAM_MIP_Cuts_Gomory=0;CPXPARAM_MIP_Cuts_Implied=0;CPXPARAM_MIP_Cuts_MIRCut=2;CPXPARAM_MIP_Cuts_PathCut=-1;CPXPARAM_MIP_Limits_AggForCut=3;CPXPARAM_MIP_Limits_CutPasses=0;CPXPARAM_MIP_Limits_CutsFactor=-1;CPXPARAM_MIP_Limits_GomoryCand=150;CPXPARAM_MIP_Limits_GomoryPass=0;CPXPARAM_MIP_Limits_Nodes=9223372036800000000;CPXPARAM_MIP_Limits_ProbeTime=1e+75;CPXPARAM_MIP_Limits_RepairTries=0;CPXPARAM_MIP_Limits_StrongCand=10;CPXPARAM_MIP_Limits_StrongIt=0;CPXPARAM_MIP_OrderType=0;CPXPARAM_MIP_Strategy_BBInterval=7;CPXPARAM_MIP_Strategy_Branch=0;CPXPARAM_MIP_Strategy_Dive=0;CPXPARAM_MIP_Strategy_File=1;CPXPARAM_MIP_Strategy_HeuristicFreq=0;CPXPARAM_MIP_Strategy_LBHeur=0;CPXPARAM_MIP_Strategy_NodeSelect=1;CPXPARAM_MIP_Strategy_Order=1;CPXPARAM_MIP_Strategy_PresolveNode=0;CPXPARAM_MIP_Strategy_Probe=-1;CPXPARAM_MIP_Strategy_RINSHeur=0;CPXPARAM_MIP_Strategy_StartAlgorithm=4;CPXPARAM_MIP_Strategy_SubAlgorithm=0;CPXPARAM_MIP_Strategy_VariableSelect=0;CPXPARAM_Network_NetFind=2;CPXPARAM_Network_Pricing=0;CPXPARAM_Parallel=1;CPXPARAM_Preprocessing_Aggregator=-1;CPXPARAM_Preprocessing_BoundStrength=-1;CPXPARAM_Preprocessing_CoeffReduce=-1;CPXPARAM_Preprocessing_Dependency=-1;CPXPARAM_Preprocessing_Dual=0;CPXPARAM_Preprocessing_Fill=10;CPXPARAM_Preprocessing_NumPass=-1;CPXPARAM_Preprocessing_Presolve=1;CPXPARAM_Preprocessing_QPMakePSD=1;CPXPARAM_Preprocessing_Reduce=3;CPXPARAM_Preprocessing_Relax=-1;CPXPARAM_Preprocessing_RepeatPresolve=-1;CPXPARAM_Preprocessing_Symmetry=-1;CPXPARAM_Read_Scale=0;CPXPARAM_Sifting_Algorithm=0;CPXPARAM_Simplex_Crash=1;CPXPARAM_Simplex_DGradient=0;CPXPARAM_Simplex_Limits_Perturbation=0;CPXPARAM_Simplex_Limits_Singularity=10;CPXPARAM_Simplex_PGradient=0;CPXPARAM_Simplex_Pricing=0;CPXPARAM_Simplex_Refactor=0
7383075261365412347,0,CPXPARAM_Advance=1;CPXPARAM_Barrier_Algorithm=0;CPXPARAM_Barrier_ColNonzeros=0;CPXPARAM_Barrier_Crossover=0;CPXPARAM_Barrier_Limits_Corrections=-1;CPXPARAM_Barrier_Ordering=0;CPXPARAM_Barrier_StartAlg=1;CPXPARAM_Emphasis_MIP=4;CPXPARAM_Emphasis_Memory=0;CPXPARAM_Emphasis_Numerical=0;CPXPARAM_Feasopt_Mode=0;CPXPARAM_LPMethod=0;CPXPARAM_MIP_Cuts_Cliques=-1;CPXPARAM_MIP_Cuts_Covers=0;CPXPARAM_MIP_Cuts_Disjunctive=-1;CPXPARAM_MIP_Cuts_FlowCovers=1;CPXPARAM_MIP_Cuts_GUBCovers=0;CPXPARAM_MIP_Cuts_Gomory=0;CPXPARAM_MIP_Cuts_Implied=0;CPXPARAM_MIP_Cuts_MIRCut=2;CPXPARAM_MIP_Cuts_PathCut=-1;CPXPARAM_MIP_Limits_AggForCut=3;CPXPARAM_MIP_Limits_CutPasses=0;CPXPARAM_MIP_Limits_CutsFactor=-1;CPXPARAM_MIP_Limits_GomoryCand=150;CPXPARAM_MIP_Limits_GomoryPass=0;CPXPARAM_MIP_Limits_Nodes=9223372036800000000;CPXPARAM_MIP_Limits_ProbeTime=1e+75;CPXPARAM_MIP_Limits_RepairTries=0;CPXPARAM_MIP_Limits_StrongCand=10;CPXPARAM_MIP_Limits_StrongIt=0;CPXPARAM_MIP_OrderType=0;CPXPARAM_MIP_Strategy_BBInterval=7;CPXPARAM_MIP_Strategy_Branch=0;CPXPARAM_MIP_Strategy_Dive=0;CPXPARAM_MIP_Strategy_File=1;CPXPARAM_MIP_Strategy_HeuristicFreq=0;CPXPARAM_MIP_Strategy_LBHeur=0;CPXPARAM_MIP_Strategy_NodeSelect=1;CPXPARAM_MIP_Strategy_Order=1;CPXPARAM_MIP_Strategy_PresolveNode=0;CPXPARAM_MIP_Strategy_Probe=-1;CPXPARAM_MIP_Strategy_RINSHeur=0;CPXPARAM_MIP_Strategy_StartAlgorithm=0;CPXPARAM_MIP_Strategy_SubAlgorithm=0;CPXPARAM_MIP_Strategy_VariableSelect=0;CPXPARAM_Network_NetFind=2;CPXPARAM_Network_Pricing=0;CPXPARAM_Parallel=1;CPXPARAM_Preprocessing_Aggregator=-1;CPXPARAM_Preprocessing_BoundStrength=-1;CPXPARAM_Preprocessing_CoeffReduce=3;CPXPARAM_Preprocessing_Dependency=-1;CPXPARAM_Preprocessing_Dual=0;CPXPARAM_Preprocessing_Fill=10;CPXPARAM_Preprocessing_NumPass=-1;CPXPARAM_Preprocessing_Presolve=1;CPXPARAM_Preprocessing_QPMakePSD=1;CPXPARAM_Preprocessing_Reduce=3;CPXPARAM_Preprocessing_Relax=-1;CPXPARAM_Preprocessing_RepeatPresolve=-1;CPXPARAM_Preprocessing_Symmetry=-1;CPXPARAM_Read_Scale=0;CPXPARAM_Sifting_Algorithm=0;CPXPARAM_Simplex_Crash=1;CPXPARAM_Simplex_DGradient=0;CPXPARAM_Simplex_Limits_Perturbation=0;CPXPARAM_Simplex_Limits_Singularity=10;CPXPARAM_Simplex_PGradient=0;CPXPARAM_Simplex_Pricing=0;CPXPARAM_Simplex_Refactor=0
17304750962391837372,0,CPXPARAM_Advance=1;CPXPARAM_Barrier_Algorithm=0;CPXPARAM_Barrier_ColNonzeros=0;CPXPARAM_Barrier_Crossover=0;CPXPARAM_Barrier_Limits_Corrections=-1;CPXPARAM_Barrier_Ordering=0;CPXPARAM_Barrier_StartAlg=1;CPXPARAM_Emphasis_MIP=3;CPXPARAM_Emphasis_Memory=0;CPXPARAM_Emphasis_Numerical=0;CPXPARAM_Feasopt_Mode=0;CPXPARAM_LPMethod=0;CPXPARAM_MIP_Cuts_Cliques=1;CPXPARAM_MIP_Cuts_Covers=0;CPXPARAM_MIP_Cuts_Disjunctive=0;CPXPARAM_MIP_Cuts_FlowCovers=2;CPXPARAM_MIP_Cuts_GUBCovers=-1;CPXPARAM_MIP_Cuts_Gomory=1;CPXPARAM_MIP_Cuts_Implied=-1;CPXPARAM_MIP_Cuts_MIRCut=0;CPXPARAM_MIP_Cuts_PathCut=1;CPXPARAM_MIP_Limits_AggForCut=3;CPXPARAM_MIP_Limits_CutPasses=0;CPXPARAM_MIP_Limits_CutsFactor=-1;CPXPARAM_MIP_Limits_GomoryCand=100;CPXPARAM_MIP_Limits_GomoryPass=0;CPXPARAM_MIP_Limits_Nodes=9223372036800000000;CPXPARAM_MIP_Limits_ProbeTime=1e+75;CPXPARAM_MIP_Limits_RepairTries=0;CPXPARAM_MIP_Limits_StrongCand=10;CPXPARAM_MIP_Limits_StrongIt=0;CPXPARAM_MIP_OrderType=0;CPXPARAM_MIP_Strategy_BBInterval=7;CPXPARAM_MIP_Strategy_Branch=0;CPXPARAM_MIP_Strategy_Dive=0;CPXPARAM_MIP_Strategy_File=1;CPXPARAM_MIP_Strategy_HeuristicFreq=0;CPXPARAM_MIP_Strategy_LBHeur=0;CPXPARAM_MIP_Strategy_NodeSelect=1;CPXPARAM_MIP_Strategy_Order=1;CPXPARAM_MIP_Strategy_PresolveNode=0;CPXPARAM_MIP_Strategy_Probe=0;CPXPARAM_MIP_Strategy_RINSHeur=0;CPXPARAM_MIP_Strategy_StartAlgorithm=0;CPXPARAM_MIP_Strategy_SubAlgorithm=0;CPXPARAM_MIP_Strategy_VariableSelect=0;CPXPARAM_Network_NetFind=2;CPXPARAM_Network_Pricing=0;CPXPARAM_Parallel=1;CPXPARAM_Preprocessing_Aggregator=-1;CPXPARAM_Preprocessing_BoundStrength=-1;CPXPARAM_Preprocessing_CoeffReduce=-1;CPXPARAM_Preprocessing_Dependency=-1;CPXPARAM_Preprocessing_Dual=0;CPXPARAM_Preprocessing_Fill=10;CPXPARAM_Preprocessing_NumPass=-1;CPXPARAM_Preprocessing_Presolve=1;CPXPARAM_Preprocessing_QPMakePSD=1;CPXPARAM_Preprocessing_Reduce=3;CPXPARAM_Preprocessing_Relax=-1;CPXPARAM_Preprocessing_RepeatPresolve=-1;CPXPARAM_Preprocessing_Symmetry=-1;CPXPARAM_Read_Scale=0;CPXPARAM_Sifting_Algorithm=0;CPXPARAM_Simplex_Crash=1;CPXPARAM_Simplex_DGradient=0;CPXPARAM_Simplex_Limits_Perturbation=0;CPXPARAM_Simplex_Limits_Singularity=10;CPXPARAM_Simplex_PGradient=0;CPXPARAM_Simplex_Pricing=0;CPXPARAM_Simplex_Refactor=0
324372197119589151,0,CPXPARAM_Advance=1;CPXPARAM_Barrier_Algorithm=0;CPXPARAM_Barrier_ColNonzeros=0;CPXPARAM_Barrier_Crossover=0;CPXPARAM_Barrier_Limits_Corrections=-1;CPXPARAM_Barrier_Ordering=0;CPXPARAM_Barrier_StartAlg=1;CPXPARAM_Emphasis_MIP=4;CPXPARAM_Emphasis_Memory=0;CPXPARAM_Emphasis_Numerical=0;CPXPARAM_Feasopt_Mode=0;CPXPARAM_LPMethod=0;CPXPARAM_MIP_Cuts_Cliques=-1;CPXPARAM_MIP_Cuts_Covers=0;CPXPARAM_MIP_Cuts_Disjunctive=-1;CPXPARAM_MIP_Cuts_FlowCovers=1;CPXPARAM_MIP_Cuts_GUBCovers=0;CPXPARAM_MIP_Cuts_Gomory=0;CPXPARAM_MIP_Cuts_Implied=0;CPXPARAM_MIP_Cuts_MIRCut=2;CPXPARAM_MIP_Cuts_PathCut=-1;CPXPARAM_MIP_Limits_AggForCut=3;CPXPARAM_MIP_Limits_CutPasses=0;CPXPARAM_MIP_Limits_CutsFactor=-1;CPXPARAM_MIP_Limits_GomoryCand=150;CPXPARAM_MIP_Limits_GomoryPass=0;CPXPARAM_MIP_Limits_Nodes=9223372036800000000;CPXPARAM_MIP_Limits_ProbeTime=1e+75;CPXPARAM_MIP_Limits_RepairTries=0;CPXPARAM_MIP_Limits_StrongCand=10;CPXPARAM_MIP_Limits_StrongIt=0;CPXPARAM_MIP_OrderType=0;CPXPARAM_MIP_Strategy_BBInterval=7;CPXPARAM_MIP_Strategy_Branch=0;CPXPARAM_MIP_Strategy_Dive=0;CPXPARAM_MIP_Strategy_File=1;CPXPARAM_MIP_Strategy_HeuristicFreq=0;CPXPARAM_MIP_Strategy_LBHeur=0;CPXPARAM_MIP_Strategy_NodeSelect=1;CPXPARAM_MIP_Strategy_Order=1;CPXPARAM_MIP_Strategy_PresolveNode=0;CPXPARAM_MIP_Strategy_Probe=-1;CPXPARAM_MIP_Strategy_RINSHeur=0;CPXPARAM_MIP_Strategy_StartAlgorithm=0;CPXPARAM_MIP_Strategy_SubAlgorithm=0;CPXPARAM_MIP_Strategy_VariableSelect=0;CPXPARAM_Network_NetFind=2;CPXPARAM_Network_Pricing=0;CPXPARAM_Parallel=1;CPXPARAM_Preprocessing_Aggregator=-1;CPXPARAM_Preprocessing_BoundStrength=-1;CPXPARAM_Preprocessing_CoeffReduce=-1;CPXPARAM_Preprocessing_Dependency=-1;CPXPARAM_Preprocessing_Dual=0;CPXPARAM_Preprocessing_Fill=10;CPXPARAM_Preprocessing_NumPass=-1;CPXPARAM_Preprocessing_Presolve=1;CPXPARAM_Preprocessing_QPMakePSD=1;CPXPARAM_Preprocessing_Reduce=3;CPXPARAM_Preprocessing_Relax=-1;CPXPARAM_Preprocessing_RepeatPresolve=-1;CPXPARAM_Preprocessing_Symmetry=-1;CPXPARAM_Read_Scale=0;CPXPARAM_Sifting_Algorithm=0;CPXPARAM_Simplex_Crash=-1;CPXPARAM_Simplex_DGradient=0;CPXPARAM_Simplex_Limits_Perturbation=0;CPXPARAM_Simplex_Limits_Singularity=10;CPXPARAM_Simplex_PGradient=0;CPXPARAM_Simplex_Pricing=0;CPXPARAM_Simplex_Refactor=0
16460235250807946544,0,CPXPARAM_Advance=1;CPXPARAM_Barrier_Algorithm=0;CPXPARAM_Barrier_ColNonzeros=0;CPXPARAM_Barrier_Crossover=0;CPXPARAM_Barrier_Limits_Corrections=-1;CPXPARAM_Barrier_Ordering=2;CPXPARAM_Barrier_StartAlg=1;CPXPARAM_Emphasis_MIP=4;CPXPARAM_Emphasis_Memory=0;CPXPARAM_Emphasis_Numerical=0;CPXPARAM_Feasopt_Mode=0;CPXPARAM_LPMethod=0;CPXPARAM_MIP_Cuts_Cliques=-1;CPXPARAM_MIP_Cuts_Covers=0;CPXPARAM_MIP_Cuts_Disjunctive=-1;CPXPARAM_MIP_Cuts_FlowCovers=1;CPXPARAM_MIP_Cuts_GUBCovers=0;CPXPARAM_MIP_Cuts_Gomory=0;CPXPARAM_MIP_Cuts_Implied=0;CPXPARAM_MIP_Cuts_MIRCut=2;CPXPARAM_MIP_Cuts_PathCut=-1;CPXPARAM_MIP_Limits_AggForCut=3;CPXPARAM_MIP_Limits_CutPasses=0;CPXPARAM_MIP_Limits_CutsFactor=-1;CPXPARAM_MIP_Limits_GomoryCand=150;CPXPARAM_MIP_Limits_GomoryPass=0;CPXPARAM_MIP_Limits_Nodes=9223372036800000000;CPXPARAM_MIP_Limits_ProbeTime=1e+75;CPXPARAM_MIP_Limits_RepairTries=0;CPXPARAM_MIP_Limits_StrongCand=10;CPXPARAM_MIP_Limits_StrongIt=0;CPXPARAM_MIP_OrderType=0;CPXPARAM_MIP_Strategy_BBInterval=7;CPXPARAM_MIP_Strategy_Branch=0;CPXPARAM_MIP_Strategy_Dive=0;CPXPARAM_MIP_Strategy_File=1;CPXPARAM_MIP_Strategy_HeuristicFreq=0;CPXPARAM_MIP_Strategy_LBHeur=0;CPXPARAM_MIP_Strategy_NodeSelect=1;CPXPARAM_MIP_Strategy_Order=1;CPXPARAM_MIP_Strategy_PresolveNode=0;CPXPARAM_MIP_Strategy_Probe=-1;CPXPARAM_MIP_Strategy_RINSHeur=0;CPXPARAM_MIP_Strategy_StartAlgorithm=0;CPXPARAM_MIP_Strategy_SubAlgorithm=0;CPXPARAM_MIP_Strategy_VariableSelect=0;CPXPARAM_Network_NetFind=2;CPXPARAM_Network_Pricing=0;CPXPARAM_Parallel=1;CPXPARAM_Preprocessing_Aggregator=-1;CPXPARAM_Preprocessing_BoundStrength=-1;CPXPARAM_Preprocessing_CoeffReduce=-1;CPXPARAM_Preprocessing_Dependency=-1;CPXPARAM_Preprocessing_Dual=0;CPXPARAM_Preprocessing_Fill=10;CPXPARAM_Preprocessing_NumPass=-1;CPXPARAM_Preprocessing_Presolve=1;CPXPARAM_Preprocessing_QPMakePSD=1;CPXPARAM_Preprocessing_Reduce=3;CPXPARAM_Preprocessing_Relax=-1;CPXPARAM_Preprocessing_RepeatPresolve=-1;CPXPARAM_Preprocessing_Symmetry=-1;CPXPARAM_Read_Scale=0;CPXPARAM_Sifting_Algorithm=0;CPXPARAM_Simplex_Crash=1;CPXPARAM_Simplex_DGradient=0;CPXPARAM_Simplex_Limits_Perturbation=0;CPXPARAM_Simplex_Limits_Singularity=10;CPXPARAM_Simplex_PGradient=0;CPXPARAM_Simplex_Pricing=0;CPXPARAM_Simplex_Refactor=0
12642057738426585535,0,CPXPARAM_Advance=1;CPXPARAM_Barrier_Algorithm=0;CPXPARAM_Barrier_ColNonzeros=0;CPXPARAM_Barrier_Crossover=0;CPXPARAM_Barrier_Limits_Corrections=-1;CPXPARAM_Barrier_Ordering=0;CPXPARAM_Barrier_StartAlg=1;CPXPARAM_Emphasis_MIP=4;CPXPARAM_Emphasis_Memory=0;CPXPARAM_Emphasis_Numerical=0;CPXPARAM_Feasopt_Mode=0;CPXPARAM_LPMethod=0;CPXPARAM_MIP_Cuts_Cliques=-1;CPXPARAM_MIP_Cuts_Covers=0;CPXPARAM_MIP_Cuts_Disjunctive=-1;CPXPARAM_MIP_Cuts_FlowCovers=1;CPXPARAM_MIP_Cuts_GUBCovers=0;CPXPARAM_MIP_Cuts_Gomory=0;CPXPARAM_MIP_Cuts_Implied=0;CPXPARAM_MIP_Cuts_MIRCut=2;CPXPARAM_MIP_Cuts_PathCut=-1;CPXPARAM_MIP_Limits_AggForCut=3;CPXPARAM_MIP_Limits_CutPasses=0;CPXPARAM_MIP_Limits_CutsFactor=-1;CPXPARAM_MIP_Limits_GomoryCand=150;CPXPARAM_MIP_Limits_GomoryPass=0;CPXPARAM_MIP_Limits_Nodes=9223372036800000000;CPXPARAM_MIP_Limits_ProbeTime=1e+75;CPXPARAM_MIP_Limits_RepairTries=0;CPXPARAM_MIP_Limits_StrongCand=10;CPXPARAM_MIP_Limits_StrongIt=0;CPXPARAM_MIP_OrderType=0;CPXPARAM_MIP_Strategy_BBInterval=7;CPXPARAM_MIP_Strategy_Branch=0;CPXPARAM_MIP_Strategy_Dive=0;CPXPARAM_MIP_Strategy_File=1;CPXPARAM_MIP_Strategy_HeuristicFreq=0;CPXPARAM_MIP_Strategy_LBHeur=0;CPXPARAM_MIP_Strategy_NodeSelect=1;CPXPARAM_MIP_Strategy_Order=1;CPXPARAM_MIP_Strategy_PresolveNode=0;CPXPARAM_MIP_Strategy_Probe=-1;CPXPARAM_MIP_Strategy_RINSHeur=0;CPXPARAM_MIP_Strategy_StartAlgorithm=0;CPXPARAM_MIP_Strategy_SubAlgorithm=0;CPXPARAM_MIP_Strategy_VariableSelect=0;CPXPARAM_Network_NetFind=2;CPXPARAM_Network_Pricing=0;CPXPARAM_Parallel=1;CPXPARAM_Preprocessing_Aggregator=-1;CPXPARAM_Preprocessing_BoundStrength=-1;CPXPARAM_Preprocessing_CoeffReduce=-1;CPXPARAM_Preprocessing_Dependency=-1;CPXPARAM_Preprocessing_Dual=0;CPXPARAM_Preprocessing_Fill=10;CPXPARAM_Preprocessing_NumPass=-1;CPXPARAM_Preprocessing_Presolve=1;CPXPARAM_Preprocessing_QPMakePSD=1;CPXPARAM_Preprocessing_Reduce=3;CPXPARAM_Preprocessing_Relax=-1;CPXPARAM_Preprocessing_RepeatPresolve=-1;CPXPARAM_Preprocessing_Symmetry=-1;CPXPARAM_Read_Scale=0;CPXPARAM_Sifting_Algorithm=0;CPXPARAM_Simplex_Crash=0;CPXPARAM_Simplex_DGradient=0;CPXPARAM_Simplex_Limits_Perturbation=0;CPXPARAM_Simplex_Limits_Singularity=10;CPXPARAM_Simplex_PGradient=0;CPXPARAM_Simplex_Pricing=0;CPXPARAM_Simplex_Refactor=0
4122044004633851832,0,CPXPARAM_Advance=1;CPXPARAM_Barrier_Algorithm=0;CPXPARAM_Barrier_ColNonzeros=0;CPXPARAM_Barrier_Crossover=0;CPXPARAM_Barrier_Limits_Corrections=-1;CPXPARAM_Barrier_Ordering=0;CPXPARAM_Barrier_StartAlg=1;CPXPARAM_Emphasis_MIP=1;CPXPARAM_Emphasis_Memory=0;CPXPARAM_Emphasis_Numerical=0;CPXPARAM_Feasopt_Mode=0;CPXPARAM_LPMethod=0;CPXPARAM_MIP_Cuts_Cliques=-1;CPXPARAM_MIP_Cuts_Covers=0;CPXPARAM_MIP_Cuts_Disjunctive=1;CPXPARAM_MIP_Cuts_FlowCovers=0;CPXPARAM_MIP_Cuts_GUBCovers=-1;CPXPARAM_MIP_Cuts_Gomory=1;CPXPARAM_MIP_Cuts_Implied=-1;CPXPARAM_MIP_Cuts_MIRCut=-1;CPXPARAM_MIP_Cuts_PathCut=2;CPXPARAM_MIP_Limits_AggForCut=3;CPXPARAM_MIP_Limits_CutPasses=0;CPXPARAM_MIP_Limits_CutsFactor=-1;CPXPARAM_MIP_Limits_GomoryCand=25;CPXPARAM_MIP_Limits_GomoryPass=0;CPXPARAM_MIP_Limits_Nodes=9223372036800000000;CPXPARAM_MIP_Limits_ProbeTime=1e+75;CPXPARAM_MIP_Limits_RepairTries=0;CPXPARAM_MIP_Limits_StrongCand=10;CPXPARAM_MIP_Limits_StrongIt=0;CPXPARAM_MIP_OrderType=0;CPXPARAM_MIP_Strategy_BBInterval=7;CPXPARAM_MIP_Strategy_Branch=0;CPXPARAM_MIP_Strategy_Dive=0;CPXPARAM_MIP_Strategy_File=1;CPXPARAM_MIP_Strategy_HeuristicFreq=0;CPXPARAM_MIP_Strategy_LBHeur=0;CPXPARAM_MIP_Strategy_NodeSelect=1;CPXPARAM_MIP_Strategy_Order=1;CPXPARAM_MIP_Strategy_PresolveNode=0;CPXPARAM_MIP_Strategy_Probe=0;CPXPARAM_MIP_Strategy_RINSHeur=0;CPXPARAM_MIP_Strategy_StartAlgorithm=0;CPXPARAM_MIP_Strategy_SubAlgorithm=0;CPXPARAM_MIP_Strategy_VariableSelect=0;CPXPARAM_Network_NetFind=2;CPXPARAM_Network_Pricing=0;CPXPARAM_Parallel=1;CPXPARAM_Preprocessing_Aggregator=-1;CPXPARAM_Preprocessing_BoundStrength=-1;CPXPARAM_Preprocessing_CoeffReduce=-1;CPXPARAM_Preprocessing_Dependency=-1;CPXPARAM_Preprocessing_Dual=0;CPXPARAM_Preprocessing_Fill=10;CPXPARAM_Preprocessing_NumPass=-1;CPXPARAM_Preprocessing_Presolve=1;CPXPARAM_Preprocessing_QPMakePSD=1;CPXPARAM_Preprocessing_Reduce=3;CPXPARAM_Preprocessing_Relax=-1;CPXPARAM_Preprocessing_RepeatPresolve=-1;CPXPARAM_Preprocessing_Symmetry=-1;CPXPARAM_Read_Scale=0;CPXPARAM_Sifting_Algorithm=0;CPXPARAM_Simplex_Crash=1;CPXPARAM_Simplex_DGradient=0;CPXPARAM_Simplex_Limits_Perturbation=0;CPXPARAM_Simplex_Limits_Singularity=10;CPXPARAM_Simplex_PGradient=0;CPXPARAM_Simplex_Pricing=0;CPXPARAM_Simplex_Refactor=0
12960344486235838468,0,CPXPARAM_Advance=1;CPXPARAM_Barrier_Algorithm=0;CPXPARAM_Barrier_ColNonzeros=0;CPXPARAM_Barrier_Crossover=0;CPXPARAM_Barrier_Limits_Corrections=-1;CPXPARAM_Barrier_Ordering=0;CPXPARAM_Barrier_StartAlg=1;CPXPARAM_Emphasis_MIP=4;CPXPARAM_Emphasis_Memory=0;CPXPARAM_Emphasis_Numerical=0;CPXPARAM_Feasopt_Mode=0;CPXPARAM_LPMethod=0;CPXPARAM_MIP_Cuts_Cliques=-1;CPXPARAM_MIP_Cuts_Covers=0;CPXPARAM_MIP_Cuts_Disjunctive=-1;CPXPARAM_MIP_Cuts_FlowCovers=1;CPXPARAM_MIP_Cuts_GUBCovers=0;CPXPARAM_MIP_Cuts_Gomory=0;CPXPARAM_MIP_Cuts_Implied=0;CPXPARAM_MIP_Cuts_MIRCut=2;CPXPARAM_MIP_Cuts_PathCut=-1;CPXPARAM_MIP_Limits_AggForCut=3;CPXPARAM_MIP_Limits_CutPasses=0;CPXPARAM_MIP_Limits_CutsFactor=-1;CPXPARAM_MIP_Limits_GomoryCand=150;CPXPARAM_MIP_Limits_GomoryPass=0;CPXPARAM_MIP_Limits_Nodes=9223372036800000000;CPXPARAM_MIP_Limits_ProbeTime=1e+75;CPXPARAM_MIP_Limits_RepairTries=0;CPXPARAM_MIP_Limits_StrongCand=10;CPXPARAM_MIP_Limits_StrongIt=0;CPXPARAM_MIP_OrderType=0;CPXPARAM_MIP_Strategy_BBInterval=7;CPXPARAM_MIP_Strategy_Branch=0;CPXPARAM_MIP_Strategy_Dive=0;CPXPARAM_MIP_Strategy_File=2;CPXPARAM_MIP_Strategy_HeuristicFreq=0;CPXPARAM_MIP_Strategy_LBHeur=0;CPXPARAM_MIP_Strategy_NodeSelect=1;CPXPARAM_MIP_Strategy_Order=1;CPXPARAM_MIP_Strategy_PresolveNode=0;CPXPARAM_MIP_Strategy_Probe=-1;CPXPARAM_MIP_Strategy_RINSHeur=0;CPXPARAM_MIP_Strategy_StartAlgorithm=0;CPXPARAM_MIP_Strategy_SubAlgorithm=0;CPXPARAM_MIP_Strategy_VariableSelect=0;CPXPARAM_Network_NetFind=2;CPXPARAM_Network_Pricing=0;CPXPARAM_Parallel=1;CPXPARAM_Preprocessing_Aggregator=-1;CPXPARAM_Preprocessing_BoundStrength=-1;CPXPARAM_Preprocessing_CoeffReduce=-1;CPXPARAM_Preprocessing_Dependency=3;CPXPARAM_Preprocessing_Dual=0;CPXPARAM_Preprocessing_Fill=10;CPXPARAM_Preprocessing_NumPass=-1;CPXPARAM_Preprocessing_Presolve=1;CPXPARAM_Preprocessing_QPMakePSD=1;CPXPARAM_Preprocessing_Reduce=3;CPXPARAM_Preprocessing_Relax=-1;CPXPARAM_Preprocessing_RepeatPresolve=-1;CPXPARAM_Preprocessing_Symmetry=-1;CPXPARAM_Read_Scale=0;CPXPARAM_Sifting_Algorithm=0;CPXPARAM_Simplex_Crash=1;CPXPARAM_Simplex_DGradient=0;CPXPARAM_Simplex_Limits_Perturbation=0;CPXPARAM_Simplex_Limits_Singularity=10;CPXPARAM_Simplex_PGradient=0;CPXPARAM_Simplex_Pricing=0;CPXPARAM_Simplex_Refactor=0
1970176804600789010,0,CPXPARAM_Advance=1;CPXPARAM_Barrier_Algorithm=0;CPXPARAM_Barrier_ColNonzeros=0;CPXPARAM_Barrier_Crossover=0;CPXPARAM_Barrier_Limits_Corrections=-1;CPXPARAM_Barrier_Ordering=0;CPXPARAM_Barrier_StartAlg=1;CPXPARAM_Emphasis_MIP=4;CPXPARAM_Emphasis_Memory=0;CPXPARAM_Emphasis_Numerical=0;CPXPARAM_Feasopt_Mode=0;CPXPARAM_LPMethod=0;CPXPARAM_MIP_Cuts_Cliques=-1;CPXPARAM_MIP_Cuts_Covers=0;CPXPARAM_MIP_Cuts_Disjunctive=-1;CPXPARAM_MIP_Cuts_FlowCovers=1;CPXPARAM_MIP_Cuts_GUBCovers=0;CPXPARAM_MIP_Cuts_Gomory=0;CPXPARAM_MIP_Cuts_Implied=0;CPXPARAM_MIP_Cuts_MIRCut=2;CPXPARAM_MIP_Cuts_PathCut=-1;CPXPARAM_MIP_Limits_AggForCut=3;CPXPARAM_MIP_Limits_CutPasses=0;CPXPARAM_MIP_Limits_CutsFactor=-1;CPXPARAM_MIP_Limits_GomoryCand=150;CPXPARAM_MIP_Limits_GomoryPass=0;CPXPARAM_MIP_Limits_Nodes=9223372036800000000;CPXPARAM_MIP_Limits_ProbeTime=1e+75;CPXPARAM_MIP_Limits_RepairTries=0;CPXPARAM_MIP_Limits_StrongCand=10;CPXPARAM_MIP_Limits_StrongIt=0;CPXPARAM_MIP_OrderType=0;CPXPARAM_MIP_Strategy_BBInterval=7;CPXPARAM_MIP_Strategy_Branch=0;CPXPARAM_MIP_Strategy_Dive=0;CPXPARAM_MIP_Strategy_File=1;CPXPARAM_MIP_Strategy_HeuristicFreq=0;CPXPARAM_MIP_Strategy_LBHeur=0;CPXPARAM_MIP_Strategy_NodeSelect=1;CPXPARAM_MIP_Strategy_Order=1;CPXPARAM_MIP_Strategy_PresolveNode=0;CPXPARAM_MIP_Strategy_Probe=-1;CPXPARAM_MIP_Strategy_RINSHeur=0;CPXPARAM_MIP_Strategy_StartAlgorithm=0;CPXPARAM_MIP_Strategy_SubAlgorithm=0;CPXPARAM_MIP_Strategy_VariableSelect=0;CPXPARAM_Network_NetFind=2;CPXPARAM_Network_Pricing=0;CPXPARAM_Parallel=1;CPXPARAM_Preprocessing_Aggregator=-1;CPXPARAM_Preprocessing_BoundStrength=-1;CPXPARAM_Preprocessing_CoeffReduce=-1;CPXPARAM_Preprocessing_Dependency=0;CPXPARAM_Preprocessing_Dual=0;CPXPARAM_Preprocessing_Fill=10;CPXPARAM_Preprocessing_NumPass=-1;CPXPARAM_Preprocessing_Presolve=1;CPXPARAM_Preprocessing_QPMakePSD=1;CPXPARAM_Preprocessing_Reduce=3;CPXPARAM_Preprocessing_Relax=-1;CPXPARAM_Preprocessing_RepeatPresolve=-1;CPXPARAM_Preprocessing_Symmetry=-1;CPXPARAM_Read_Scale=0;CPXPARAM_Sifting_Algorithm=0;CPXPARAM_Simplex_Crash=1;CPXPARAM_Simplex_DGradient=0;CPXPARAM_Simplex_Limits_Perturbation=0;CPXPARAM_Simplex_Limits_Singularity=10;CPXPARAM_Simplex_PGradient=0;CPXPARAM_Simplex_Pricing=0;CPXPARAM_Simplex_Refactor=0
17877060747299719568,0,CPXPARAM_Advance=1;CPXPARAM_Barrier_Algorithm=0;CPXPARAM_Barrier_ColNonzeros=0;CPXPARAM_Barrier_Crossover=0;CPXPARAM_Barrier_Limits_Corrections=-1;CPXPARAM_Barrier_Ordering=0;CPXPARAM_Barrier_StartAlg=1;CPXPARAM_Emphasis_MIP=4;CPXPARAM_Emphasis_Memory=0;CPXPARAM_Emphasis_Numerical=0;CPXPARAM_Feasopt_Mode=0;CPXPARAM_LPMethod=0;CPXPARAM_MIP_Cuts_Cliques=-1;CPXPARAM_MIP_Cuts_Covers=2;CPXPARAM_MIP_Cuts_Disjunctive=-1;CPXPARAM_MIP_Cuts_FlowCovers=1;CPXPARAM_MIP_Cuts_GUBCovers=0;CPXPARAM_MIP_Cuts_Gomory=0;CPXPARAM_MIP_Cuts_Implied=0;CPXPARAM_MIP_Cuts_MIRCut=2;CPXPARAM_MIP_Cuts_PathCut=-1;CPXPARAM_MIP_Limits_AggForCut=3;CPXPARAM_MIP_Limits_CutPasses=0;CPXPARAM_MIP_Limits_CutsFactor=-1;CPXPARAM_MIP_Limits_GomoryCand=150;CPXPARAM_MIP_Limits_GomoryPass=0;CPXPARAM_MIP_Limits_Nodes=9223372036800000000;CPXPARAM_MIP_Limits_ProbeTime=1e+75;CPXPARAM_MIP_Limits_RepairTries=0;CPXPARAM_MIP_Limits_StrongCand=10;CPXPARAM_MIP_Limits_StrongIt=0;CPXPARAM_MIP_OrderType=0;CPXPARAM_MIP_Strategy_BBInterval=7;CPXPARAM_MIP_Strategy_Branch=0;CPXPARAM_MIP_Strategy_Dive=0;CPXPARAM_MIP_Strategy_File=1;CPXPARAM_MIP_Strategy_HeuristicFreq=0;CPXPARAM_MIP_Strategy_LBHeur=0;CPXPARAM_MIP_Strategy_NodeSelect=1;CPXPARAM_MIP_Strategy_Order=1;CPXPARAM_MIP_Strategy_PresolveNode=0;CPXPARAM_MIP_Strategy_Probe=-1;CPXPARAM_MIP_Strategy_RINSHeur=0;CPXPARAM_MIP_Strategy_StartAlgorithm=0;CPXPARAM_MIP_Strategy_SubAlgorithm=0;CPXPARAM_MIP_Strategy_VariableSelect=0;CPXPARAM_Network_NetFind=2;CPXPARAM_Network_Pricing=0;CPXPARAM_Parallel=1;CPXPARAM_Preprocessing_Aggregator=-1;CPXPARAM_Preprocessing_BoundStrength=-1;CPXPARAM_Preprocessing_CoeffReduce=-1;CPXPARAM_Preprocessing_Dependency=-1;CPXPARAM_Preprocessing_Dual=0;CPXPARAM_Preprocessing_Fill=10;CPXPARAM_Preprocessing_NumPass=-1;CPXPARAM_Preprocessing_Presolve=1;CPXPARAM_Preprocessing_QPMakePSD=1;CPXPARAM_Preprocessing_Reduce=3;CPXPARAM_Preprocessing_Relax=-1;CPXPARAM_Preprocessing_RepeatPresolve=-1;CPXPARAM_Preprocessing_Symmetry=-1;CPXPARAM_Read_Scale=0;CPXPARAM_Sifting_Algorithm=0;CPXPARAM_Simplex_Crash=1;CPXPARAM_Simplex_DGradient=0;CPXPARAM_Simplex_Limits_Perturbation=0;CPXPARAM_Simplex_Limits_Singularity=10;CPXPARAM_Simplex_PGradient=0;CPXPARAM_Simplex_Pricing=0;CPXPARAM_Simplex_Refactor=0
19491497969184845,0,CPXPARAM_Advance=1;CPXPARAM_Barrier_Algorithm=0;CPXPARAM_Barrier_ColNonzeros=0;CPXPARAM_Barrier_Crossover=0;CPXPARAM_Barrier_Limits_Corrections=-1;CPXPARAM_Barrier_Ordering=0;CPXPARAM_Barrier_StartAlg=1;CPXPARAM_Emphasis_MIP=4;CPXPARAM_Emphasis_Memory=0;CPXPARAM_Emphasis_Numerical=0;CPXPARAM_Feasopt_Mode=0;CPXPARAM_LPMethod=0;CPXPARAM_MIP_Cuts_Cliques=-1;CPXPARAM_MIP_Cuts_Covers=0;CPXPARAM_MIP_Cuts_Disjunctive=-1;CPXPARAM_MIP_Cuts_FlowCovers=1;CPXPARAM_MIP_Cuts_GUBCovers=0;CPXPARAM_MIP_Cuts_Gomory=0;CPXPARAM_MIP_Cuts_Implied=0;CPXPARAM_MIP_Cuts_MIRCut=2;CPXPARAM_MIP_Cuts_PathCut=-1;CPXPARAM_MIP_Limits_AggForCut=3;CPXPARAM_MIP_Limits_CutPasses=0;CPXPARAM_MIP_Limits_CutsFactor=-1;CPXPARAM_MIP_Limits_GomoryCand=150;CPXPARAM_MIP_Limits_GomoryPass=0;CPXPARAM_MIP_Limits_Nodes=9223372036800000000;CPXPARAM_MIP_Limits_ProbeTime=1e+75;CPXPARAM_MIP_Limits_RepairTries=0;CPXPARAM_MIP_Limits_StrongCand=10;CPXPARAM_MIP_Limits_StrongIt=0;CPXPARAM_MIP_OrderType=0;CPXPARAM_MIP_Strategy_BBInterval=7;CPXPARAM_MIP_Strategy_Branch=0;CPXPARAM_MIP_Strategy_Dive=0;CPXPARAM_MIP_Strategy_File=1;CPXPARAM_MIP_Strategy_HeuristicFreq=0;CPXPARAM_MIP_Strategy_LBHeur=0;CPXPARAM_MIP_Strategy_NodeSelect=1;CPXPARAM_MIP_Strategy_Order=1;CPXPARAM_MIP_Strategy_PresolveNode=0;CPXPARAM_MIP_Strategy_Probe=-1;CPXPARAM_MIP_Strategy_RINSHeur=0;CPXPARAM_MIP_Strategy_StartAlgorithm=0;CPXPARAM_MIP_Strategy_SubAlgorithm=0;CPXPARAM_MIP_Strategy_VariableSelect=0;CPXPARAM_Network_NetFind=2;CPXPARAM_Network_Pricing=0;CPXPARAM_Parallel=1;CPXPARAM_Preprocessing_Aggregator=-1;CPXPARAM_Preprocessing_BoundStrength=-1;CPXPARAM_Preprocessing_CoeffReduce=2;CPXPARAM_Preprocessing_Dependency=-1;CPXPARAM_Preprocessing_Dual=0;CPXPARAM_Preprocessing_Fill=10;CPXPARAM_Preprocessing_NumPass=-1;CPXPARAM_Preprocessing_Presolve=1;CPXPARAM_Preprocessing_QPMakePSD=1;CPXPARAM_Preprocessing_Reduce=3;CPXPARAM_Preprocessing_Relax=-1;CPXPARAM_Preprocessing_RepeatPresolve=-1;CPXPARAM_Preprocessing_Symmetry=-1;CPXPARAM_Read_Scale=0;CPXPARAM_Sifting_Algorithm=0;CPXPARAM_Simplex_Crash=1;CPXPARAM_Simplex_DGradient=0;CPXPARAM_Simplex_Limits_Perturbation=0;CPXPARAM_Simplex_Limits_Singularity=10;CPXPARAM_Simplex_PGradient=0;CPXPARAM_Simplex_Pricing=0;CPXPARAM_Simplex_Refactor=0
16626580501957166952,0,CPXPARAM_Advance=1;CPXPARAM_Barrier_Algorithm=0;CPXPARAM_Barrier_ColNonzeros=0;CPXPARAM_Barrier_Crossover=0;CPXPARAM_Barrier_Limits_Corrections=-1;CPXPARAM_Barrier_Ordering=0;CPXPARAM_Barrier_StartAlg=1;CPXPARAM_Emphasis_MIP=4;CPXPARAM_Emphasis_Memory=0;CPXPARAM_Emphasis_Numerical=0;CPXPARAM_Feasopt_Mode=0;CPXPARAM_LPMethod=0;CPXPARAM_MIP_Cuts_Cliques=-1;CPXPARAM_MIP_Cuts_Covers=0;CPXPARAM_MIP_Cuts_Disjunctive=-1;CPXPARAM_MIP_Cuts_FlowCovers=1;CPXPARAM_MIP_Cuts_GUBCovers=0;CPXPARAM_MIP_Cuts_Gomory=0;CPXPARAM_MIP_Cuts_Implied=0;CPXPARAM_MIP_Cuts_MIRCut=2;CPXPARAM_MIP_Cuts_PathCut=-1;CPXPARAM_MIP_Limits_AggForCut=3;CPXPARAM_MIP_Limits_CutPasses=0;CPXPARAM_MIP_Limits_CutsFactor=-1;CPXPARAM_MIP_Limits_GomoryCand=150;CPXPARAM_MIP_Limits_GomoryPass=0;CPXPARAM_MIP_Limits_Nodes=9223372036800000000;CPXPARAM_MIP_Limits_ProbeTime=1e+75;CPXPARAM_MIP_Limits_RepairTries=0;CPXPARAM_MIP_Limits_StrongCand=10;CPXPARAM_MIP_Limits_StrongIt=0;CPXPARAM_MIP_OrderType=0;CPXPARAM_MIP_Strategy_BBInterval=7;CPXPARAM_MIP_Strategy_Branch=0;CPXPARAM_MIP_Strategy_Dive=0;CPXPARAM_MIP_Strategy_File=1;CPXPARAM_MIP_Strategy_HeuristicFreq=0;CPXPARAM_MIP_Strategy_LBHeur=0;CPXPARAM_MIP_Strategy_NodeSelect=1;CPXPARAM_MIP_Strategy_Order=1;CPXPARAM_MIP_Strategy_PresolveNode=0;CPXPARAM_MIP_Strategy_Probe=-1;CPXPARAM_MIP_Strategy_RINSHeur=0;CPXPARAM_MIP_Strategy_StartAlgorithm=0;CPXPARAM_MIP_Strategy_SubAlgorithm=0;CPXPARAM_MIP_Strategy_VariableSelect=0;CPXPARAM_Network_NetFind=2;CPXPARAM_Network_Pricing=0;CPXPARAM_Parallel=1;CPXPARAM_Preprocessing_Aggregator=-1;CPXPARAM_Preprocessing_BoundStrength=-1;CPXPARAM_Preprocessing_CoeffReduce=-1;CPXPARAM_Preprocessing_Dependency=3;CPXPARAM_Preprocessing_Dual=0;CPXPARAM_Preprocessing_Fill=10;CPXPARAM_Preprocessing_NumPass=-1;CPXPARAM_Preprocessing_Presolve=1;CPXPARAM_Preprocessing_QPMakePSD=1;CPXPARAM_Preprocessing_Reduce=3;CPXPARAM_Preprocessing_Relax=-1;CPXPARAM_Preprocessing_RepeatPresolve=-1;CPXPARAM_Preprocessing_Symmetry=-1;CPXPARAM_Read_Scale=0;CPXPARAM_Sifting_Algorithm=0;CPXPARAM_Simplex_Crash=1;CPXPARAM_Simplex_DGradient=0;CPXPARAM_Simplex_Limits_Perturbation=0;CPXPARAM_Simplex_Limits_Singularity=10;CPXPARAM_Simplex_PGradient=0;CPXPARAM_Simplex_Pricing=0;CPXPARAM_Simplex_Refactor=0
18218345386094085417,0,CPXPARAM_Advance=1;CPXPARAM_Barrier_Algorithm=0;CPXPARAM_Barrier_ColNonzeros=0;CPXPARAM_Barrier_Crossover=0;CPXPARAM_Barrier_Limits_Corrections=-1;CPXPARAM_Barrier_Ordering=0;CPXPARAM_Barrier_StartAlg=1;CPXPARAM_Emphasis_MIP=4;CPXPARAM_Emphasis_Memory=0;CPXPARAM_Emphasis_Numerical=0;CPXPARAM_Feasopt_Mode=2;CPXPARAM_LPMethod=0;CPXPARAM_MIP_Cuts_Cliques=-1;CPXPARAM_MIP_Cuts_Covers=0;CPXPARAM_MIP_Cuts_Disjunctive=-1;CPXPARAM_MIP_Cuts_FlowCovers=1;CPXPARAM_MIP_Cuts_GUBCovers=0;CPXPARAM_MIP_Cuts_Gomory=0;CPXPARAM_MIP_Cuts_Implied=0;CPXPARAM_MIP_Cuts_MIRCut=2;CPXPARAM_MIP_Cuts_PathCut=-1;CPXPARAM_MIP_Limits_AggForCut=3;CPXPARAM_MIP_Limits_CutPasses=0;CPXPARAM_MIP_Limits_CutsFactor=-1;CPXPARAM_MIP_Limits_GomoryCand=150;CPXPARAM_MIP_Limits_GomoryPass=0;CPXPARAM_MIP_Limits_Nodes=9223372036800000000;CPXPARAM_MIP_Limits_ProbeTime=1e+75;CPXPARAM_MIP_Limits_RepairTries=0;CPXPARAM_MIP_Limits_StrongCand=10;CPXPARAM_MIP_Limits_StrongIt=0;CPXPARAM_MIP_OrderType=0;CPXPARAM_MIP_Strategy_BBInterval=7;CPXPARAM_MIP_Strategy_Branch=0;CPXPARAM_MIP_Strategy_Dive=0;CPXPARAM_MIP_Strategy_File=1;CPXPARAM_MIP_Strategy_HeuristicFreq=0;CPXPARAM_MIP_Strategy_LBHeur=0;CPXPARAM_MIP_Strategy_NodeSelect=1;CPXPARAM_MIP_Strategy_Order=1;CPXPARAM_MIP_Strategy_PresolveNode=0;CPXPARAM_MIP_Strategy_Probe=-1;CPXPARAM_MIP_Strategy_RINSHeur=0;CPXPARAM_MIP_Strategy_StartAlgorithm=0;CPXPARAM_MIP_Strategy_SubAlgorithm=0;CPXPARAM_MIP_Strategy_VariableSelect=0;CPXPARAM_Network_NetFind=2;CPXPARAM_Network_Pricing=0;CPXPARAM_Parallel=1;CPXPARAM_Preprocessing_Aggregator=-1;CPXPARAM_Preprocessing_BoundStrength=-1;CPXPARAM_Preprocessing_CoeffReduce=-1;CPXPARAM_Preprocessing_Dependency=3;CPXPARAM_Preprocessing_Dual=0;CPXPARAM_Preprocessing_Fill=10;CPXPARAM_Preprocessing_NumPass=-1;CPXPARAM_Preprocessing_Presolve=1;CPXPARAM_Preprocessing_QPMakePSD=1;CPXPARAM_Preprocessing_Reduce=3;CPXPARAM_Preprocessing_Relax=-1;CPXPARAM_Preprocessing_RepeatPresolve=-1;CPXPARAM_Preprocessing_Symmetry=-1;CPXPARAM_Read_Scale=0;CPXPARAM_Sifting_Algorithm=0;CPXPARAM_Simplex_Crash=1;CPXPARAM_Simplex_DGradient=0;CPXPARAM_Simplex_Limits_Perturbation=0;CPXPARAM_Simplex_Limits_Singularity=10;CPXPARAM_Simplex_PGradient=0;CPXPARAM_Simplex_Pricing=0;CPXPARAM_Simplex_Refactor=0
10532449341447505873,0,CPXPARAM_Advance=1;CPXPARAM_Barrier_Algorithm=0;CPXPARAM_Barrier_ColNonzeros=0;CPXPARAM_Barrier_Crossover=0;CPXPARAM_Barrier_Limits_Corrections=-1;CPXPARAM_Barrier_Ordering=0;CPXPARAM_Barrier_StartAlg=1;CPXPARAM_Emphasis_MIP=4;CPXPARAM_Emphasis_Memory=0;CPXPARAM_Emphasis_Numerical=0;CPXPARAM_Feasopt_Mode=4;CPXPARAM_LPMethod=0;CPXPARAM_MIP_Cuts_Cliques=-1;CPXPARAM_MIP_Cuts_Covers=0;CPXPARAM_MIP_Cuts_Disjunctive=-1;CPXPARAM_MIP_Cuts_FlowCovers=1;CPXPARAM_MIP_Cuts_GUBCovers=0;CPXPARAM_MIP_Cuts_Gomory=0;CPXPARAM_MIP_Cuts_Implied=0;CPXPARAM_MIP_Cuts_MIRCut=2;CPXPARAM_MIP_Cuts_PathCut=-1;CPXPARAM_MIP_Limits_AggForCut=3;CPXPARAM_MIP_Limits_CutPasses=0;CPXPARAM_MIP_Limits_CutsFactor=-1;CPXPARAM_MIP_Limits_GomoryCand=150;CPXPARAM_MIP_Limits_GomoryPass=0;CPXPARAM_MIP_Limits_Nodes=9223372036800000000;CPXPARAM_MIP_Limits_ProbeTime=1e+75;CPXPARAM_MIP_Limits_RepairTries=0;CPXPARAM_MIP_Limits_StrongCand=10;CPXPARAM_MIP_Limits_StrongIt=0;CPXPARAM_MIP_OrderType=0;CPXPARAM_MIP_Strategy_BBInterval=7;CPXPARAM_MIP_Strategy_Branch=0;CPXPARAM_MIP_Strategy_Dive=0;CPXPARAM_MIP_Strategy_File=1;CPXPARAM_MIP_Strategy_HeuristicFreq=0;CPXPARAM_MIP_Strategy_LBHeur=0;CPXPARAM_MIP_Strategy_NodeSelect=1;CPXPARAM_MIP_Strategy_Order=1;CPXPARAM_MIP_Strategy_PresolveNode=0;CPXPARAM_MIP_Strategy_Probe=-1;CPXPARAM_MIP_Strategy_RINSHeur=0;CPXPARAM_MIP_Strategy_StartAlgorithm=0;CPXPARAM_MIP_Strategy_SubAlgorithm=0;CPXPARAM_MIP_Strategy_VariableSelect=0;CPXPARAM_Network_NetFind=2;CPXPARAM_Network_Pricing=0;CPXPARAM_Parallel=1;CPXPARAM_Preprocessing_Aggregator=-1;CPXPARAM_Preprocessing_BoundStrength=-1;CPXPARAM_Preprocessing_CoeffReduce=-1;CPXPARAM_Preprocessing_Dependency=3;CPXPARAM_Preprocessing_Dual=0;CPXPARAM_Preprocessing_Fill=10;CPXPARAM_Preprocessing_NumPass=-1;CPXPARAM_Preprocessing_Presolve=1;CPXPARAM_Preprocessing_QPMakePSD=1;CPXPARAM_Preprocessing_Reduce=3;CPXPARAM_Preprocessing_Relax=-1;CPXPARAM_Preprocessing_RepeatPresolve=-1;CPXPARAM_Preprocessing_Symmetry=-1;CPXPARAM_Read_Scale=0;CPXPARAM_Sifting_Algorithm=0;CPXPARAM_Simplex_Crash=1;CPXPARAM_Simplex_DGradient=0;CPXPARAM_Simplex_Limits_Perturbation=0;CPXPARAM_Simplex_Limits_Singularity=10;CPXPARAM_Simplex_PGradient=0;CPXPARAM_Simplex_Pricing=0;CPXPARAM_Simplex_Refactor=0
5361703551630491609,0,CPXPARAM_Advance=1;CPXPARAM_Barrier_Algorithm=0;CPXPARAM_Barrier_ColNonzeros=0;CPXPARAM_Barrier_Crossover=0;CPXPARAM_Barrier_Limits_Corrections=-1;CPXPARAM_Barrier_Ordering=0;CPXPARAM_Barrier_StartAlg=1;CPXPARAM_Emphasis_MIP=4;CPXPARAM_Emphasis_Memory=0;CPXPARAM_Emphasis_Numerical=0;CPXPARAM_Feasopt_Mode=0;CPXPARAM_LPMethod=0;CPXPARAM_MIP_Cuts_Cliques=-1;CPXPARAM_MIP_Cuts_Covers=0;CPXPARAM_MIP_Cuts_Disjunctive=-1;CPXPARAM_MIP_Cuts_FlowCovers=1;CPXPARAM_MIP_Cuts_GUBCovers=0;CPXPARAM_MIP_Cuts_Gomory=0;CPXPARAM_MIP_Cuts_Implied=0;CPXPARAM_MIP_Cuts_MIRCut=2;CPXPARAM_MIP_Cuts_PathCut=-1;CPXPARAM_MIP_Limits_AggForCut=3;CPXPARAM_MIP_Limits_CutPasses=0;CPXPARAM_MIP_Limits_CutsFactor=-1;CPXPARAM_MIP_Limits_GomoryCand=150;CPXPARAM_MIP_Limits_GomoryPass=0;CPXPARAM_MIP_Limits_Nodes=9223372036800000000;CPXPARAM_MIP_Limits_ProbeTime=1e+75;CPXPARAM_MIP_Limits_RepairTries=0;CPXPARAM_MIP_Limits_StrongCand=5;CPXPARAM_MIP_Limits_StrongIt=0;CPXPARAM_MIP_OrderType=0;CPXPARAM_MIP_Strategy_BBInterval=7;CPXPARAM_MIP_Strategy_Branch=0;CPXPARAM_MIP_Strategy_Dive=0;CPXPARAM_MIP_Strategy_File=1;CPXPARAM_MIP_Strategy_HeuristicFreq=0;CPXPARAM_MIP_Strategy_LBHeur=0;CPXPARAM_MIP_Strategy_NodeSelect=1;CPXPARAM_MIP_Strategy_Order=1;CPXPARAM_MIP_Strategy_PresolveNode=0;CPXPARAM_MIP_Strategy_Probe=-1;CPXPARAM_MIP_Strategy_RINSHeur=0;CPXPARAM_MIP_Strategy_StartAlgorithm=0;CPXPARAM_MIP_Strategy_SubAlgorithm=0;CPXPARAM_MIP_Strategy_VariableSelect=0;CPXPARAM_Network_NetFind=2;CPXPARAM_Network_Pricing=0;CPXPARAM_Parallel=1;CPXPARAM_Preprocessing_Aggregator=-1;CPXPARAM_Preprocessing_BoundStrength=-1;CPXPARAM_Preprocessing_CoeffReduce=-1;CPXPARAM_Preprocessing_Dependency=3;CPXPARAM_Preprocessing_Dual=0;CPXPARAM_Preprocessing_Fill=10;CPXPARAM_Preprocessing_NumPass=-1;CPXPARAM_Preprocessing_Presolve=1;CPXPARAM_Preprocessing_QPMakePSD=1;CPXPARAM_Preprocessing_Reduce=3;CPXPARAM_Preprocessing_Relax=-1;CPXPARAM_Preprocessing_RepeatPresolve=-1;CPXPARAM_Preprocessing_Symmetry=-1;CPXPARAM_Read_Scale=0;CPXPARAM_Sifting_Algorithm=0;CPXPARAM_Simplex_Crash=1;CPXPARAM_Simplex_DGradient=0;CPXPARAM_Simplex_Limits_Perturbation=0;CPXPARAM_Simplex_Limits_Singularity=10;CPXPARAM_Simplex_PGradient=0;CPXPARAM_Simplex_Pricing=0;CPXPARAM_Simplex_Refactor=0
14836092762407622465,0,CPXPARAM_Advance=1;CPXPARAM_Barrier_Algorithm=0;CPXPARAM_Barrier_ColNonzeros=0;CPXPARAM_Barrier_Crossover=0;CPXPARAM_Barrier_Limits_Corrections=-1;CPXPARAM_Barrier_Ordering=0;CPXPARAM_Barrier_StartAlg=1;CPXPARAM_Emphasis_MIP=3;CPXPARAM_Emphasis_Memory=0;CPXPARAM_Emphasis_Numerical=0;CPXPARAM_Feasopt_Mode=0;CPXPARAM_LPMethod=0;CPXPARAM_MIP_Cuts_Cliques=-1;CPXPARAM_MIP_Cuts_Covers=0;CPXPARAM_MIP_Cuts_Disjunctive=0;CPXPARAM_MIP_Cuts_FlowCovers=2;CPXPARAM_MIP_Cuts_GUBCovers=-1;CPXPARAM_MIP_Cuts_Gomory=-1;CPXPARAM_MIP_Cuts_Implied=2;CPXPARAM_MIP_Cuts_MIRCut=2;CPXPARAM_MIP_Cuts_PathCut=1;CPXPARAM_MIP_Limits_AggForCut=3;CPXPARAM_MIP_Limits_CutPasses=0;CPXPARAM_MIP_Limits_CutsFactor=-1;CPXPARAM_MIP_Limits_GomoryCand=200;CPXPARAM_MIP_Limits_GomoryPass=0;CPXPARAM_MIP_Limits_Nodes=9223372036800000000;CPXPARAM_MIP_Limits_ProbeTime=1e+75;CPXPARAM_MIP_Limits_RepairTries=0;CPXPARAM_MIP_Limits_StrongCand=10;CPXPARAM_MIP_Limits_StrongIt=0;CPXPARAM_MIP_OrderType=0;CPXPARAM_MIP_Strategy_BBInterval=7;CPXPARAM_MIP_Strategy_Branch=0;CPXPARAM_MIP_Strategy_Dive=0;CPXPARAM_MIP_Strategy_File=1;CPXPARAM_MIP_Strategy_HeuristicFreq=0;CPXPARAM_MIP_Strategy_LBHeur=0;CPXPARAM_MIP_Strategy_NodeSelect=1;CPXPARAM_MIP_Strategy_Order=1;CPXPARAM_MIP_Strategy_PresolveNode=0;CPXPARAM_MIP_Strategy_Probe=0;CPXPARAM_MIP_Strategy_RINSHeur=0;CPXPARAM_MIP_Strategy_StartAlgorithm=0;CPXPARAM_MIP_Strategy_SubAlgorithm=0;CPXPARAM_MIP_Strategy_VariableSelect=0;CPXPARAM_Network_NetFind=2;CPXPARAM_Network_Pricing=0;CPXPARAM_Parallel=1;CPXPARAM_Preprocessing_Aggregator=-1;CPXPARAM_Preprocessing_BoundStrength=-1;CPXPARAM_Preprocessing_CoeffReduce=-1;CPXPARAM_Preprocessing_Dependency=-1;CPXPARAM_Preprocessing_Dual=0;CPXPARAM_Preprocessing_Fill=10;CPXPARAM_Preprocessing_NumPass=-1;CPXPARAM_Preprocessing_Presolve=1;CPXPARAM_Preprocessing_QPMakePSD=1;CPXPARAM_Preprocessing_Reduce=3;CPXPARAM_Preprocessing_Relax=-1;CPXPARAM_Preprocessing_RepeatPresolve=-1;CPXPARAM_Preprocessing_Symmetry=-1;CPXPARAM_Read_Scale=0;CPXPARAM_Sifting_Algorithm=0;CPXPARAM_Simplex_Crash=1;CPXPARAM_Simplex_DGradient=0;CPXPARAM_Simplex_Limits_Perturbation=0;CPXPARAM_Simplex_Limits_Singularity=10;CPXPARAM_Simplex_PGradient=0;CPXPARAM_Simplex_Pricing=0;CPXPARAM_Simplex_Refactor=0
14921516601891823938,0,CPXPARAM_Advance=1;CPXPARAM_Barrier_Algorithm=0;CPXPARAM_Barrier_ColNonzeros=0;CPXPARAM_Barrier_Crossover=0;CPXPARAM_Barrier_Limits_Corrections=-1;CPXPARAM_Barrier_Ordering=0;CPXPARAM_Barrier_StartAlg=1;CPXPARAM_Emphasis_MIP=4;CPXPARAM_Emphasis_Memory=0;CPXPARAM_Emphasis_Numerical=0;CPXPARAM_Feasopt_Mode=0;CPXPARAM_LPMethod=0;CPXPARAM_MIP_Cuts_Cliques=-1;CPXPARAM_MIP_Cuts_Covers=0;CPXPARAM_MIP_Cuts_Disjunctive=-1;CPXPARAM_MIP_Cuts_FlowCovers=1;CPXPARAM_MIP_Cuts_GUBCovers=0;CPXPARAM_MIP_Cuts_Gomory=0;CPXPARAM_MIP_Cuts_Implied=0;CPXPARAM_MIP_Cuts_MIRCut=2;CPXPARAM_MIP_Cuts_PathCut=-1;CPXPARAM_MIP_Limits_AggForCut=3;CPXPARAM_MIP_Limits_CutPasses=0;CPXPARAM_MIP_Limits_CutsFactor=-1;CPXPARAM_MIP_Limits_GomoryCand=150;CPXPARAM_MIP_Limits_GomoryPass=0;CPXPARAM_MIP_Limits_Nodes=9223372036800000000;CPXPARAM_MIP_Limits_ProbeTime=1e+75;CPXPARAM_MIP_Limits_RepairTries=0;CPXPARAM_MIP_Limits_StrongCand=10;CPXPARAM_MIP_Limits_StrongIt=0;CPXPARAM_MIP_OrderType=2;CPXPARAM_MIP_Strategy_BBInterval=7;CPXPARAM_MIP_Strategy_Branch=0;CPXPARAM_MIP_Strategy_Dive=0;CPXPARAM_MIP_Strategy_File=1;CPXPARAM_MIP_Strategy_HeuristicFreq=0;CPXPARAM_MIP_Strategy_LBHeur=0;CPXPARAM_MIP_Strategy_NodeSelect=1;CPXPARAM_MIP_Strategy_Order=1;CPXPARAM_MIP_Strategy_PresolveNode=0;CPXPARAM_MIP_Strategy_Probe=-1;CPXPARAM_MIP_Strategy_RINSHeur=0;CPXPARAM_MIP_Strategy_StartAlgorithm=0;CPXPARAM_MIP_Strategy_SubAlgorithm=0;CPXPARAM_MIP_Strategy_VariableSelect=0;CPXPARAM_Network_NetFind=2;CPXPARAM_Network_Pricing=0;CPXPARAM_Parallel=1;CPXPARAM_Preprocessing_Aggregator=-1;CPXPARAM_Preprocessing_BoundStrength=-1;CPXPARAM_Preprocessing_CoeffReduce=-1;CPXPARAM_Preprocessing_Dependency=3;CPXPARAM_Preprocessing_Dual=0;CPXPARAM_Preprocessing_Fill=10;CPXPARAM_Preprocessing_NumPass=-1;CPXPARAM_Preprocessing_Presolve=1;CPXPARAM_Preprocessing_QPMakePSD=1;CPXPARAM_Preprocessing_Reduce=3;CPXPARAM_Preprocessing_Relax=-1;CPXPARAM_Preprocessing_RepeatPresolve=-1;CPXPARAM_Preprocessing_Symmetry=-1;CPXPARAM_Read_Scale=0;CPXPARAM_Sifting_Algorithm=0;CPXPARAM_Simplex_Crash=1;CPXPARAM_Simplex_DGradient=0;CPXPARAM_Simplex_Limits_Perturbation=0;CPXPARAM_Simplex_Limits_Singularity=10;CPXPARAM_Simplex_PGradient=0;CPXPARAM_Simplex_Pricing=0;CPXPARAM_Simplex_Refactor=0
4513623968938625285,0,CPXPARAM_Advance=1;CPXPARAM_Barrier_Algorithm=0;CPXPARAM_Barrier_ColNonzeros=0;CPXPARAM_Barrier_Crossover=0;CPXPARAM_Barrier_Limits_Corrections=-1;CPXPARAM_Barrier_Ordering=0;CPXPARAM_Barrier_StartAlg=1;CPXPARAM_Emphasis_MIP=4;CPXPARAM_Emphasis_Memory=0;CPXPARAM_Emphasis_Numerical=0;CPXPARAM_Feasopt_Mode=0;CPXPARAM_LPMethod=0;CPXPARAM_MIP_Cuts_Cliques=-1;CPXPARAM_MIP_Cuts_Covers=0;CPXPARAM_MIP_Cuts_Disjunctive=-1;CPXPARAM_MIP_Cuts_FlowCovers=1;CPXPARAM_MIP_Cuts_GUBCovers=0;CPXPARAM_MIP_Cuts_Gomory=0;CPXPARAM_MIP_Cuts_Implied=0;CPXPARAM_MIP_Cuts_MIRCut=2;CPXPARAM_MIP_Cuts_PathCut=-1;CPXPARAM_MIP_Limits_AggForCut=3;CPXPARAM_MIP_Limits_CutPasses=0;CPXPARAM_MIP_Limits_CutsFactor=-1;CPXPARAM_MIP_Limits_GomoryCand=150;CPXPARAM_MIP_Limits_GomoryPass=0;CPXPARAM_MIP_Limits_Nodes=9223372036800000000;CPXPARAM_MIP_Limits_ProbeTime=1e+75;CPXPARAM_MIP_Limits_RepairTries=0;CPXPARAM_MIP_Limits_StrongCand=10;CPXPARAM_MIP_Limits_StrongIt=0;CPXPARAM_MIP_OrderType=3;CPXPARAM_MIP_Strategy_BBInterval=7;CPXPARAM_MIP_Strategy_Branch=0;CPXPARAM_MIP_Strategy_Dive=0;CPXPARAM_MIP_Strategy_File=1;CPXPARAM_MIP_Strategy_HeuristicFreq=0;CPXPARAM_MIP_Strategy_LBHeur=0;CPXPARAM_MIP_Strategy_NodeSelect=1;CPXPARAM_MIP_Strategy_Order=1;CPXPARAM_MIP_Strategy_PresolveNode=0;CPXPARAM_MIP_Strategy_Probe=-1;CPXPARAM_MIP_Strategy_RINSHeur=0;CPXPARAM_MIP_Strategy_StartAlgorithm=0;CPXPARAM_MIP_Strategy_SubAlgorithm=0;CPXPARAM_MIP_Strategy_VariableSelect=0;CPXPARAM_Network_NetFind=2;CPXPARAM_Network_Pricing=0;CPXPARAM_Parallel=1;CPXPARAM_Preprocessing_Aggregator=-1;CPXPARAM_Preprocessing_BoundStrength=-1;CPXPARAM_Preprocessing_CoeffReduce=-1;CPXPARAM_Preprocessing_Dependency=3;CPXPARAM_Preprocessing_Dual=0;CPXPARAM_Preprocessing_Fill=10;CPXPARAM_Preprocessing_NumPass=-1;CPXPARAM_Preprocessing_Presolve=1;CPXPARAM_Preprocessing_QPMakePSD=1;CPXPARAM_Preprocessing_Reduce=3;CPXPARAM_Preprocessing_Relax=-1;CPXPARAM_Preprocessing_RepeatPresolve=-1;CPXPARAM_Preprocessing_Symmetry=-1;CPXPARAM_Read_Scale=0;CPXPARAM_Sifting_Algorithm=0;CPXPARAM_Simplex_Crash=1;CPXPARAM_Simplex_DGradient=0;CPXPARAM_Simplex_Limits_Perturbation=0;CPXPARAM_Simplex_Limits_Singularity=10;CPXPARAM_Simplex_PGradient=0;CPXPARAM_Simplex_Pricing=0;CPXPARAM_Simplex_Refactor=0
14121950735025040459,0,CPXPARAM_Advance=1;CPXPARAM_Barrier_Algorithm=0;CPXPARAM_Barrier_ColNonzeros=0;CPXPARAM_Barrier_Crossover=0;CPXPARAM_Barrier_Limits_Corrections=-1;CPXPARAM_Barrier_Ordering=0;CPXPARAM_Barrier_StartAlg=1;CPXPARAM_Emphasis_MIP=4;CPXPARAM_Emphasis_Memory=0;CPXPARAM_Emphasis_Numerical=0;CPXPARAM_Feasopt_Mode=0;CPXPARAM_LPMethod=0;CPXPARAM_MIP_Cuts_Cliques=-1;CPXPARAM_MIP_Cuts_Covers=0;CPXPARAM_MIP_Cuts_Disjunctive=-1;CPXPARAM_MIP_Cuts_FlowCovers=1;CPXPARAM_MIP_Cuts_GUBCovers=0;CPXPARAM_MIP_Cuts_Gomory=0;CPXPARAM_MIP_Cuts_Implied=0;CPXPARAM_MIP_Cuts_MIRCut=2;CPXPARAM_MIP_Cuts_PathCut=-1;CPXPARAM_MIP_Limits_AggForCut=3;CPXPARAM_MIP_Limits_CutPasses=0;CPXPARAM_MIP_Limits_CutsFactor=-1;CPXPARAM_MIP_Limits_GomoryCand=150;CPXPARAM_MIP_Limits_GomoryPass=0;CPXPARAM_MIP_Limits_Nodes=9223372036800000000;CPXPARAM_MIP_Limits_ProbeTime=1e+75;CPXPARAM_MIP_Limits_RepairTries=0;CPXPARAM_MIP_Limits_StrongCand=10;CPXPARAM_MIP_Limits_StrongIt=0;CPXPARAM_MIP_OrderType=0;CPXPARAM_MIP_Strategy_BBInterval=7;CPXPARAM_MIP_Strategy_Branch=0;CPXPARAM_MIP_Strategy_Dive=0;CPXPARAM_MIP_Strategy_File=1;CPXPARAM_MIP_Strategy_HeuristicFreq=0;CPXPARAM_MIP_Strategy_LBHeur=0;CPXPARAM_MIP_Strategy_NodeSelect=1;CPXPARAM_MIP_Strategy_Order=1;CPXPARAM_MIP_Strategy_PresolveNode=0;CPXPARAM_MIP_Strategy_Probe=-1;CPXPARAM_MIP_Strategy_RINSHeur=0;CPXPARAM_MIP_Strategy_StartAlgorithm=0;CPXPARAM_MIP_Strategy_SubAlgorithm=0;CPXPARAM_MIP_Strategy_VariableSelect=0;CPXPARAM_Network_NetFind=2;CPXPARAM_Network_Pricing=2;CPXPARAM_Parallel=1;CPXPARAM_Preprocessing_Aggregator=-1;CPXPARAM_Preprocessing_BoundStrength=-1;CPXPARAM_Preprocessing_CoeffReduce=-1;CPXPARAM_Preprocessing_Dependency=3;CPXPARAM_Preprocessing_Dual=0;CPXPARAM_Preprocessing_Fill=10;CPXPARAM_Preprocessing_NumPass=-1;CPXPARAM_Preprocessing_Presolve=1;CPXPARAM_Preprocessing_QPMakePSD=1;CPXPARAM_Preprocessing_Reduce=3;CPXPARAM_Preprocessing_Relax=-1;CPXPARAM_Preprocessing_RepeatPresolve=-1;CPXPARAM_Preprocessing_Symmetry=-1;CPXPARAM_Read_Scale=0;CPXPARAM_Sifting_Algorithm=0;CPXPARAM_Simplex_Crash=1;CPXPARAM_Simplex_DGradient=0;CPXPARAM_Simplex_Limits_Perturbation=0;CPXPARAM_Simplex_Limits_Singularity=10;CPXPARAM_Simplex_PGradient=0;CPXPARAM_Simplex_Pricing=0;CPXPARAM_Simplex_Refactor=0
3692295111691238194,0,CPXPARAM_Advance=1;CPXPARAM_Barrier_Algorithm=0;CPXPARAM_Barrier_ColNonzeros=0;CPXPARAM_Barrier_Crossover=0;CPXPARAM_Barrier_Limits_Corrections=-1;CPXPARAM_Barrier_Ordering=0;CPXPARAM_Barrier_StartAlg=1;CPXPARAM_Emphasis_MIP=4;CPXPARAM_Emphasis_Memory=0;CPXPARAM_Emphasis_Numerical=0;CPXPARAM_Feasopt_Mode=0;CPXPARAM_LPMethod=0;CPXPARAM_MIP_Cuts_Cliques=-1;CPXPARAM_MIP_Cuts_Covers=0;CPXPARAM_MIP_Cuts_Disjunctive=-1;CPXPARAM_MIP_Cuts_FlowCovers=1;CPXPARAM_MIP_Cuts_GUBCovers=0;CPXPARAM_MIP_Cuts_Gomory=0;CPXPARAM_MIP_Cuts_Implied=0;CPXPARAM_MIP_Cuts_MIRCut=2;CPXPARAM_MIP_Cuts_PathCut=-1;CPXPARAM_MIP_Limits_AggForCut=3;CPXPARAM_MIP_Limits_CutPasses=0;CPXPARAM_MIP_Limits_CutsFactor=-1;CPXPARAM_MIP_Limits_GomoryCand=150;CPXPARAM_MIP_Limits_GomoryPass=0;CPXPARAM_MIP_Limits_Nodes=9223372036800000000;CPXPARAM_MIP_Limits_ProbeTime=1e+75;CPXPARAM_MIP_Limits_RepairTries=0;CPXPARAM_MIP_Limits_StrongCand=10;CPXPARAM_MIP_Limits_StrongIt=0;CPXPARAM_MIP_OrderType=0;CPXPARAM_MIP_Strategy_BBInterval=7;CPXPARAM_MIP_Strategy_Branch=0;CPXPARAM_MIP_Strategy_Dive=0;CPXPARAM_MIP_Strategy_File=1;CPXPARAM_MIP_Strategy_HeuristicFreq=0;CPXPARAM_MIP_Strategy_LBHeur=0;CPXPARAM_MIP_Strategy_NodeSelect=1;CPXPARAM_MIP_Strategy_Order=1;CPXPARAM_MIP_Strategy_PresolveNode=0;CPXPARAM_MIP_Strategy_Probe=-1;CPXPARAM_MIP_Strategy_RINSHeur=0;CPXPARAM_MIP_Strategy_StartAlgorithm=0;CPXPARAM_MIP_Strategy_SubAlgorithm=0;CPXPARAM_MIP_Strategy_VariableSelect=0;CPXPARAM_Network_NetFind=2;CPXPARAM_Network_Pricing=0;CPXPARAM_Parallel=1;CPXPARAM_Preprocessing_Aggregator=-1;CPXPARAM_Preprocessing_BoundStrength=-1;CPXPARAM_Preprocessing_CoeffReduce=1;CPXPARAM_Preprocessing_Dependency=-1;CPXPARAM_Preprocessing_Dual=0;CPXPARAM_Preprocessing_Fill=10;CPXPARAM_Preprocessing_NumPass=-1;CPXPARAM_Preprocessing_Presolve=1;CPXPARAM_Preprocessing_QPMakePSD=1;CPXPARAM_Preprocessing_Reduce=3;CPXPARAM_Preprocessing_Relax=-1;CPXPARAM_Preprocessing_RepeatPresolve=-1;CPXPARAM_Preprocessing_Symmetry=-1;CPXPARAM_Read_Scale=0;CPXPARAM_Sifting_Algorithm=0;CPXPARAM_Simplex_Crash=1;CPXPARAM_Simplex_DGradient=0;CPXPARAM_Simplex_Limits_Perturbation=0;CPXPARAM_Simplex_Limits_Singularity=10;CPXPARAM_Simplex_PGradient=0;CPXPARAM_Simplex_Pricing=0;CPXPARAM_Simplex_Refactor=0
6976361289376165353,0,CPXPARAM_Advance=1;CPXPARAM_Barrier_Algorithm=0;CPXPARAM_Barrier_ColNonzeros=0;CPXPARAM_Barrier_Crossover=0;CPXPARAM_Barrier_Limits_Corrections=-1;CPXPARAM_Barrier_Ordering=0;CPXPARAM_Barrier_StartAlg=1;CPXPARAM_Emphasis_MIP=4;CPXPARAM_Emphasis_Memory=0;CPXPARAM_Emphasis_Numerical=0;CPXPARAM_Feasopt_Mode=0;CPXPARAM_LPMethod=0;CPXPARAM_MIP_Cuts_Cliques=-1;CPXPARAM_MIP_Cuts_Covers=0;CPXPARAM_MIP_Cuts_Disjunctive=-1;CPXPARAM_MIP_Cuts_FlowCovers=1;CPXPARAM_MIP_Cuts_GUBCovers=0;CPXPARAM_MIP_Cuts_Gomory=0;CPXPARAM_MIP_Cuts_Implied=0;CPXPARAM_MIP_Cuts_MIRCut=2;CPXPARAM_MIP_Cuts_PathCut=-1;CPXPARAM_MIP_Limits_AggForCut=3;CPXPARAM_MIP_Limits_CutPasses=0;CPXPARAM_MIP_Limits_CutsFactor=-1;CPXPARAM_MIP_Limits_GomoryCand=150;CPXPARAM_MIP_Limits_GomoryPass=0;CPXPARAM_MIP_Limits_Nodes=9223372036800000000;CPXPARAM_MIP_Limits_ProbeTime=1e+75;CPXPARAM_MIP_Limits_RepairTries=0;CPXPARAM_MIP_Limits_StrongCand=10;CPXPARAM_MIP_Limits_StrongIt=0;CPXPARAM_MIP_OrderType=0;CPXPARAM_MIP_Strategy_BBInterval=7;CPXPARAM_MIP_Strategy_Branch=0;CPXPARAM_MIP_Strategy_Dive=0;CPXPARAM_MIP_Strategy_File=1;CPXPARAM_MIP_Strategy_HeuristicFreq=0;CPXPARAM_MIP_Strategy_LBHeur=0;CPXPARAM_MIP_Strategy_NodeSelect=1;CPXPARAM_MIP_Strategy_Order=1;CPXPARAM_MIP_Strategy_PresolveNode=0;CPXPARAM_MIP_Strategy_Probe=-1;CPXPARAM_MIP_Strategy_RINSHeur=0;CPXPARAM_MIP_Strategy_StartAlgorithm=0;CPXPARAM_MIP_Strategy_SubAlgorithm=0;CPXPARAM_MIP_Strategy_VariableSelect=0;CPXPARAM_Network_NetFind=2;CPXPARAM_Network_Pricing=3;CPXPARAM_Parallel=1;CPXPARAM_Preprocessing_Aggregator=-1;CPXPARAM_Preprocessing_BoundStrength=-1;CPXPARAM_Preprocessing_CoeffReduce=-1;CPXPARAM_Preprocessing_Dependency=3;CPXPARAM_Preprocessing_Dual=0;CPXPARAM_Preprocessing_Fill=10;CPXPARAM_Preprocessing_NumPass=-1;CPXPARAM_Preprocessing_Presolve=1;CPXPARAM_Preprocessing_QPMakePSD=1;CPXPARAM_Preprocessing_Reduce=3;CPXPARAM_Preprocessing_Relax=-1;CPXPARAM_Preprocessing_RepeatPresolve=-1;CPXPARAM_Preprocessing_Symmetry=-1;CPXPARAM_Read_Scale=0;CPXPARAM_Sifting_Algorithm=0;CPXPARAM_Simplex_Crash=1;CPXPARAM_Simplex_DGradient=0;CPXPARAM_Simplex_Limits_Perturbation=0;CPXPARAM_Simplex_Limits_Singularity=10;CPXPARAM_Simplex_PGradient=0;CPXPARAM_Simplex_Pricing=0;CPXPARAM_Simplex_Refactor=0
14988554413776982215,0,CPXPARAM_Advance=1;CPXPARAM_Barrier_Algorithm=0;CPXPARAM_Barrier_ColNonzeros=0;CPXPARAM_Barrier_Crossover=0;CPXPARAM_Barrier_Limits_Corrections=-1;CPXPARAM_Barrier_Ordering=0;CPXPARAM_Barrier_StartAlg=1;CPXPARAM_Emphasis_MIP=4;CPXPARAM_Emphasis_Memory=0;CPXPARAM_Emphasis_Numerical=0;CPXPARAM_Feasopt_Mode=0;CPXPARAM_LPMethod=0;CPXPARAM_MIP_Cuts_Cliques=-1;CPXPARAM_MIP_Cuts_Covers=0;CPXPARAM_MIP_Cuts_Disjunctive=-1;CPXPARAM_MIP_Cuts_FlowCovers=1;CPXPARAM_MIP_Cuts_GUBCovers=0;CPXPARAM_MIP_Cuts_Gomory=0;CPXPARAM_MIP_Cuts_Implied=0;CPXPARAM_MIP_Cuts_MIRCut=2;CPXPARAM_MIP_Cuts_PathCut=-1;CPXPARAM_MIP_Limits_AggForCut=3;CPXPARAM_MIP_Limits_CutPasses=0;CPXPARAM_MIP_Limits_CutsFactor=-1;CPXPARAM_MIP_Limits_GomoryCand=150;CPXPARAM_MIP_Limits_GomoryPass=0;CPXPARAM_MIP_Limits_Nodes=9223372036800000000;CPXPARAM_MIP_Limits_ProbeTime=1e+75;CPXPARAM_MIP_Limits_RepairTries=0;CPXPARAM_MIP_Limits_StrongCand=10;CPXPARAM_MIP_Limits_StrongIt=0;CPXPARAM_MIP_OrderType=0;CPXPARAM_MIP_Strategy_BBInterval=7;CPXPARAM_MIP_Strategy_Branch=0;CPXPARAM_MIP_Strategy_Dive=0;CPXPARAM_MIP_Strategy_File=0;CPXPARAM_MIP_Strategy_HeuristicFreq=0;CPXPARAM_MIP_Strategy_LBHeur=0;CPXPARAM_MIP_Strategy_NodeSelect=1;CPXPARAM_MIP_Strategy_Order=1;CPXPARAM_MIP_Strategy_PresolveNode=0;CPXPARAM_MIP_Strategy_Probe=-1;CPXPARAM_MIP_Strategy_RINSHeur=0;CPXPARAM_MIP_Strategy_StartAlgorithm=0;CPXPARAM_MIP_Strategy_SubAlgorithm=0;CPXPARAM_MIP_Strategy_VariableSelect=0;CPXPARAM_Network_NetFind=2;CPXPARAM_Network_Pricing=0;CPXPARAM_Parallel=1;CPXPARAM_Preprocessing_Aggregator=-1;CPXPARAM_Preprocessing_BoundStrength=-1;CPXPARAM_Preprocessing_CoeffReduce=-1;CPXPARAM_Preprocessing_Dependency=3;CPXPARAM_Preprocessing_Dual=0;CPXPARAM_Preprocessing_Fill=10;CPXPARAM_Preprocessing_NumPass=-1;CPXPARAM_Preprocessing_Presolve=1;CPXPARAM_Preprocessing_QPMakePSD=1;CPXPARAM_Preprocessing_Reduce=3;CPXPARAM_Preprocessing_Relax=-1;CPXPARAM_Preprocessing_RepeatPresolve=-1;CPXPARAM_Preprocessing_Symmetry=-1;CPXPARAM_Read_Scale=0;CPXPARAM_Sifting_Algorithm=0;CPXPARAM_Simplex_Crash=1;CPXPARAM_Simplex_DGradient=0;CPXPARAM_Simplex_Limits_Perturbation=0;CPXPARAM_Simplex_Limits_Singularity=10;CPXPARAM_Simplex_PGradient=0;CPXPARAM_Simplex_Pricing=0;CPXPARAM_Simplex_Refactor=0
9377878977195501349,0,CPXPARAM_Advance=1;CPXPARAM_Barrier_Algorithm=0;CPXPARAM_Barrier_ColNonzeros=0;CPXPARAM_Barrier_Crossover=0;CPXPARAM_Barrier_Limits_Corrections=-1;CPXPARAM_Barrier_Ordering=0;CPXPARAM_Barrier_StartAlg=1;CPXPARAM_Emphasis_MIP=4;CPXPARAM_Emphasis_Memory=0;CPXPARAM_Emphasis_Numerical=0;CPXPARAM_Feasopt_Mode=0;CPXPARAM_LPMethod=0;CPXPARAM_MIP_Cuts_Cliques=-1;CPXPARAM_MIP_Cuts_Covers=0;CPXPARAM_MIP_Cuts_Disjunctive=-1;CPXPARAM_MIP_Cuts_FlowCovers=1;CPXPARAM_MIP_Cuts_GUBCovers=0;CPXPARAM_MIP_Cuts_Gomory=0;CPXPARAM_MIP_Cuts_Implied=0;CPXPARAM_MIP_Cuts_MIRCut=2;CPXPARAM_MIP_Cuts_PathCut=-1;CPXPARAM_MIP_Limits_AggForCut=3;CPXPARAM_MIP_Limits_CutPasses=0;CPXPARAM_MIP_Limits_CutsFactor=-1;CPXPARAM_MIP_Limits_GomoryCand=150;CPXPARAM_MIP_Limits_GomoryPass=0;CPXPARAM_MIP_Limits_Nodes=9223372036800000000;CPXPARAM_MIP_Limits_ProbeTime=1e+75;CPXPARAM_MIP_Limits_RepairTries=0;CPXPARAM_MIP_Limits_StrongCand=10;CPXPARAM_MIP_Limits_StrongIt=0;CPXPARAM_MIP_OrderType=0;CPXPARAM_MIP_Strategy_BBInterval=7;CPXPARAM_MIP_Strategy_Branch=0;CPXPARAM_MIP_Strategy_Dive=0;CPXPARAM_MIP_Strategy_File=3;CPXPARAM_MIP_Strategy_HeuristicFreq=0;CPXPARAM_MIP_Strategy_LBHeur=0;CPXPARAM_MIP_Strategy_NodeSelect=1;CPXPARAM_MIP_Strategy_Order=1;CPXPARAM_MIP_Strategy_PresolveNode=0;CPXPARAM_MIP_Strategy_Probe=-1;CPXPARAM_MIP_Strategy_RINSHeur=0;CPXPARAM_MIP_Strategy_StartAlgorithm=0;CPXPARAM_MIP_Strategy_SubAlgorithm=0;CPXPARAM_MIP_Strategy_VariableSelect=0;CPXPARAM_Network_NetFind=2;CPXPARAM_Network_Pricing=0;CPXPARAM_Parallel=1;CPXPARAM_Preprocessing_Aggregator=-1;CPXPARAM_Preprocessing_BoundStrength=-1;CPXPARAM_Preprocessing_CoeffReduce=-1;CPXPARAM_Preprocessing_Dependency=3;CPXPARAM_Preprocessing_Dual=0;CPXPARAM_Preprocessing_Fill=10;CPXPARAM_Preprocessing_NumPass=-1;CPXPARAM_Preprocessing_Presolve=1;CPXPARAM_Preprocessing_QPMakePSD=1;CPXPARAM_Preprocessing_Reduce=3;CPXPARAM_Preprocessing_Relax=-1;CPXPARAM_Preprocessing_RepeatPresolve=-1;CPXPARAM_Preprocessing_Symmetry=-1;CPXPARAM_Read_Scale=0;CPXPARAM_Sifting_Algorithm=0;CPXPARAM_Simplex_Crash=1;CPXPARAM_Simplex_DGradient=0;CPXPARAM_Simplex_Limits_Perturbation=0;CPXPARAM_Simplex_Limits_Singularity=10;CPXPARAM_Simplex_PGradient=0;CPXPARAM_Simplex_Pricing=0;CPXPARAM_Simplex_Refactor=0
5313245746085026341,0,CPXPARAM_Advance=1;CPXPARAM_Barrier_Algorithm=0;CPXPARAM_Barrier_ColNonzeros=0;CPXPARAM_Barrier_Crossover=0;CPXPARAM_Barrier_Limits_Corrections=-1;CPXPARAM_Barrier_Ordering=0;CPXPARAM_Barrier_StartAlg=1;CPXPARAM_Emphasis_MIP=4;CPXPARAM_Emphasis_Memory=0;CPXPARAM_Emphasis_Numerical=0;CPXPARAM_Feasopt_Mode=0;CPXPARAM_LPMethod=0;CPXPARAM_MIP_Cuts_Cliques=-1;CPXPARAM_MIP_Cuts_Covers=0;CPXPARAM_MIP_Cuts_Disjunctive=-1;CPXPARAM_MIP_Cuts_FlowCovers=1;CPXPARAM_MIP_Cuts_GUBCovers=0;CPXPARAM_MIP_Cuts_Gomory=0;CPXPARAM_MIP_Cuts_Implied=0;CPXPARAM_MIP_Cuts_MIRCut=2;CPXPARAM_MIP_Cuts_PathCut=-1;CPXPARAM_MIP_Limits_AggForCut=3;CPXPARAM_MIP_Limits_CutPasses=0;CPXPARAM_MIP_Limits_CutsFactor=-1;CPXPARAM_MIP_Limits_GomoryCand=150;CPXPARAM_MIP_Limits_GomoryPass=0;CPXPARAM_MIP_Limits_Nodes=9223372036800000000;CPXPARAM_MIP_Limits_ProbeTime=1e+75;CPXPARAM_MIP_Limits_RepairTries=0;CPXPARAM_MIP_Limits_StrongCand=10;CPXPARAM_MIP_Limits_StrongIt=0;CPXPARAM_MIP_OrderType=0;CPXPARAM_MIP_Strategy_BBInterval=7;CPXPARAM_MIP_Strategy_Branch=0;CPXPARAM_MIP_Strategy_Dive=0;CPXPARAM_MIP_Strategy_File=1;CPXPARAM_MIP_Strategy_HeuristicFreq=0;CPXPARAM_MIP_Strategy_LBHeur=0;CPXPARAM_MIP_Strategy_NodeSelect=1;CPXPARAM_MIP_Strategy_Order=1;CPXPARAM_MIP_Strategy_PresolveNode=0;CPXPARAM_MIP_Strategy_Probe=-1;CPXPARAM_MIP_Strategy_RINSHeur=40;CPXPARAM_MIP_Strategy_StartAlgorithm=0;CPXPARAM_MIP_Strategy_SubAlgorithm=0;CPXPARAM_MIP_Strategy_VariableSelect=0;CPXPARAM_Network_NetFind=2;CPXPARAM_Network_Pricing=0;CPXPARAM_Parallel=1;CPXPARAM_Preprocessing_Aggregator=-1;CPXPARAM_Preprocessing_BoundStrength=-1;CPXPARAM_Preprocessing_CoeffReduce=-1;CPXPARAM_Preprocessing_Dependency=-1;CPXPARAM_Preprocessing_Dual=0;CPXPARAM_Preprocessing_Fill=10;CPXPARAM_Preprocessing_NumPass=-1;CPXPARAM_Preprocessing_Presolve=1;CPXPARAM_Preprocessing_QPMakePSD=1;CPXPARAM_Preprocessing_Reduce=3;CPXPARAM_Preprocessing_Relax=-1;CPXPARAM_Preprocessing_RepeatPresolve=-1;CPXPARAM_Preprocessing_Symmetry=-1;CPXPARAM_Read_Scale=0;CPXPARAM_Sifting_Algorithm=0;CPXPARAM_Simplex_Crash=1;CPXPARAM_Simplex_DGradient=0;CPXPARAM_Simplex_Limits_Perturbation=0;CPXPARAM_Simplex_Limits_Singularity=10;CPXPARAM_Simplex_PGradient=0;CPXPARAM_Simplex_Pricing=0;CPXPARAM_Simplex_Refactor=0
588831322184608298,0,CPXPARAM_Advance=1;CPXPARAM_Barrier_Algorithm=0;CPXPARAM_Barrier_ColNonzeros=0;CPXPARAM_Barrier_Crossover=0;CPXPARAM_Barrier_Limits_Corrections=-1;CPXPARAM_Barrier_Ordering=0;CPXPARAM_Barrier_StartAlg=1;CPXPARAM_Emphasis_MIP=4;CPXPARAM_Emphasis_Memory=0;CPXPARAM_Emphasis_Numerical=0;CPXPARAM_Feasopt_Mode=0;CPXPARAM_LPMethod=0;CPXPARAM_MIP_Cuts_Cliques=-1;CPXPARAM_MIP_Cuts_Covers=0;CPXPARAM_MIP_Cuts_Disjunctive=-1;CPXPARAM_MIP_Cuts_FlowCovers=1;CPXPARAM_MIP_Cuts_GUBCovers=0;CPXPARAM_MIP_Cuts_Gomory=0;CPXPARAM_MIP_Cuts_Implied=0;CPXPARAM_MIP_Cuts_MIRCut=2;CPXPARAM_MIP_Cuts_PathCut=-1;CPXPARAM_MIP_Limits_AggForCut=3;CPXPARAM_MIP_Limits_CutPasses=0;CPXPARAM_MIP_Limits_CutsFactor=-1;CPXPARAM_MIP_Limits_GomoryCand=150;CPXPARAM_MIP_Limits_GomoryPass=0;CPXPARAM_MIP_Limits_Nodes=9223372036800000000;CPXPARAM_MIP_Limits_ProbeTime=1e+75;CPXPARAM_MIP_Limits_RepairTries=0;CPXPARAM_MIP_Limits_StrongCand=10;CPXPARAM_MIP_Limits_StrongIt=0;CPXPARAM_MIP_OrderType=0;CPXPARAM_MIP_Strategy_BBInterval=7;CPXPARAM_MIP_Strategy_Branch=0;CPXPARAM_MIP_Strategy_Dive=0;CPXPARAM_MIP_Strategy_File=1;CPXPARAM_MIP_Strategy_HeuristicFreq=0;CPXPARAM_MIP_Strategy_LBHeur=0;CPXPARAM_MIP_Strategy_NodeSelect=1;CPXPARAM_MIP_Strategy_Order=1;CPXPARAM_MIP_Strategy_PresolveNode=0;CPXPARAM_MIP_Strategy_Probe=-1;CPXPARAM_MIP_Strategy_RINSHeur=0;CPXPARAM_MIP_Strategy_StartAlgorithm=0;CPXPARAM_MIP_Strategy_SubAlgorithm=0;CPXPARAM_MIP_Strategy_VariableSelect=0;CPXPARAM_Network_NetFind=2;CPXPARAM_Network_Pricing=0;CPXPARAM_Parallel=1;CPXPARAM_Preprocessing_Aggregator=-1;CPXPARAM_Preprocessing_BoundStrength=-1;CPXPARAM_Preprocessing_CoeffReduce=-1;CPXPARAM_Preprocessing_Dependency=3;CPXPARAM_Preprocessing_Dual=0;CPXPARAM_Preprocessing_Fill=10;CPXPARAM_Preprocessing_NumPass=-1;CPXPARAM_Preprocessing_Presolve=1;CPXPARAM_Preprocessing_QPMakePSD=1;CPXPARAM_Preprocessing_Reduce=2;CPXPARAM_Preprocessing_Relax=-1;CPXPARAM_Preprocessing_RepeatPresolve=-1;CPXPARAM_Preprocessing_Symmetry=-1;CPXPARAM_Read_Scale=0;CPXPARAM_Sifting_Algorithm=0;CPXPARAM_Simplex_Crash=1;CPXPARAM_Simplex_DGradient=0;CPXPARAM_Simplex_Limits_Perturbation=0;CPXPARAM_Simplex_Limits_Singularity=10;CPXPARAM_Simplex_PGradient=0;CPXPARAM_Simplex_Pricing=0;CPXPARAM_Simplex_Refactor=0
14404651398574933901,0,CPXPARAM_Advance=1;CPXPARAM_Barrier_Algorithm=0;CPXPARAM_Barrier_ColNonzeros=0;CPXPARAM_Barrier_Crossover=0;CPXPARAM_Barrier_Limits_Corrections=-1;CPXPARAM_Barrier_Ordering=0;CPXPARAM_Barrier_StartAlg=1;CPXPARAM_Emphasis_MIP=4;CPXPARAM_Emphasis_Memory=0;CPXPARAM_Emphasis_Numerical=0;CPXPARAM_Feasopt_Mode=0;CPXPARAM_LPMethod=0;CPXPARAM_MIP_Cuts_Cliques=-1;CPXPARAM_MIP_Cuts_Covers=0;CPXPARAM_MIP_Cuts_Disjunctive=-1;CPXPARAM_MIP_Cuts_FlowCovers=1;CPXPARAM_MIP_Cuts_GUBCovers=0;CPXPARAM_MIP_Cuts_Gomory=0;CPXPARAM_MIP_Cuts_Implied=0;CPXPARAM_MIP_Cuts_MIRCut=2;CPXPARAM_MIP_Cuts_PathCut=-1;CPXPARAM_MIP_Limits_AggForCut=3;CPXPARAM_MIP_Limits_CutPasses=0;CPXPARAM_MIP_Limits_CutsFactor=-1;CPXPARAM_MIP_Limits_GomoryCand=150;CPXPARAM_MIP_Limits_GomoryPass=0;CPXPARAM_MIP_Limits_Nodes=9223372036800000000;CPXPARAM_MIP_Limits_ProbeTime=1e+75;CPXPARAM_MIP_Limits_RepairTries=0;CPXPARAM_MIP_Limits_StrongCand=10;CPXPARAM_MIP_Limits_StrongIt=0;CPXPARAM_MIP_OrderType=0;CPXPARAM_MIP_Strategy_BBInterval=7;CPXPARAM_MIP_Strategy_Branch=1;CPXPARAM_MIP_Strategy_Dive=0;CPXPARAM_MIP_Strategy_File=1;CPXPARAM_MIP_Strategy_HeuristicFreq=0;CPXPARAM_MIP_Strategy_LBHeur=0;CPXPARAM_MIP_Strategy_NodeSelect=1;CPXPARAM_MIP_Strategy_Order=1;CPXPARAM_MIP_Strategy_PresolveNode=0;CPXPARAM_MIP_Strategy_Probe=-1;CPXPARAM_MIP_Strategy_RINSHeur=0;CPXPARAM_MIP_Strategy_StartAlgorithm=0;CPXPARAM_MIP_Strategy_SubAlgorithm=0;CPXPARAM_MIP_Strategy_VariableSelect=0;CPXPARAM_Network_NetFind=2;CPXPARAM_Network_Pricing=0;CPXPARAM_Parallel=1;CPXPARAM_Preprocessing_Aggregator=-1;CPXPARAM_Preprocessing_BoundStrength=-1;CPXPARAM_Preprocessing_CoeffReduce=-1;CPXPARAM_Preprocessing_Dependency=-1;CPXPARAM_Preprocessing_Dual=0;CPXPARAM_Preprocessing_Fill=10;CPXPARAM_Preprocessing_NumPass=-1;CPXPARAM_Preprocessing_Presolve=1;CPXPARAM_Preprocessing_QPMakePSD=1;CPXPARAM_Preprocessing_Reduce=3;CPXPARAM_Preprocessing_Relax=-1;CPXPARAM_Preprocessing_RepeatPresolve=-1;CPXPARAM_Preprocessing_Symmetry=-1;CPXPARAM_Read_Scale=0;CPXPARAM_Sifting_Algorithm=0;CPXPARAM_Simplex_Crash=1;CPXPARAM_Simplex_DGradient=0;CPXPARAM_Simplex_Limits_Perturbation=0;CPXPARAM_Simplex_Limits_Singularity=10;CPXPARAM_Simplex_PGradient=0;CPXPARAM_Simplex_Pricing=0;CPXPARAM_Simplex_Refactor=0
11048648346474764297,0,CPXPARAM_Advance=1;CPXPARAM_Barrier_Algorithm=0;CPXPARAM_Barrier_ColNonzeros=0;CPXPARAM_Barrier_Crossover=0;CPXPARAM_Barrier_Limits_Corrections=-1;CPXPARAM_Barrier_Ordering=0;CPXPARAM_Barrier_StartAlg=1;CPXPARAM_Emphasis_MIP=4;CPXPARAM_Emphasis_Memory=0;CPXPARAM_Emphasis_Numerical=0;CPXPARAM_Feasopt_Mode=0;CPXPARAM_LPMethod=0;CPXPARAM_MIP_Cuts_Cliques=-1;CPXPARAM_MIP_Cuts_Covers=0;CPXPARAM_MIP_Cuts_Disjunctive=-1;CPXPARAM_MIP_Cuts_FlowCovers=1;CPXPARAM_MIP_Cuts_GUBCovers=0;CPXPARAM_MIP_Cuts_Gomory=0;CPXPARAM_MIP_Cuts_Implied=0;CPXPARAM_MIP_Cuts_MIRCut=2;CPXPARAM_MIP_Cuts_PathCut=-1;CPXPARAM_MIP_Limits_AggForCut=3;CPXPARAM_MIP_Limits_CutPasses=0;CPXPARAM_MIP_Limits_CutsFactor=-1;CPXPARAM_MIP_Limits_GomoryCand=150;CPXPARAM_MIP_Limits_GomoryPass=0;CPXPARAM_MIP_Limits_Nodes=9223372036800000000;CPXPARAM_MIP_Limits_ProbeTime=1e+75;CPXPARAM_MIP_Limits_RepairTries=0;CPXPARAM_MIP_Limits_StrongCand=10;CPXPARAM_MIP_Limits_StrongIt=0;CPXPARAM_MIP_OrderType=0;CPXPARAM_MIP_Strategy_BBInterval=7;CPXPARAM_MIP_Strategy_Branch=0;CPXPARAM_MIP_Strategy_Dive=0;CPXPARAM_MIP_Strategy_File=1;CPXPARAM_MIP_Strategy_HeuristicFreq=0;CPXPARAM_MIP_Strategy_LBHeur=0;CPXPARAM_MIP_Strategy_NodeSelect=1;CPXPARAM_MIP_Strategy_Order=1;CPXPARAM_MIP_Strategy_PresolveNode=0;CPXPARAM_MIP_Strategy_Probe=-1;CPXPARAM_MIP_Strategy_RINSHeur=0;CPXPARAM_MIP_Strategy_StartAlgorithm=0;CPXPARAM_MIP_Strategy_SubAlgorithm=0;CPXPARAM_MIP_Strategy_VariableSelect=0;CPXPARAM_Network_NetFind=2;CPXPARAM_Network_Pricing=0;CPXPARAM_Parallel=1;CPXPARAM_Preprocessing_Aggregator=-1;CPXPARAM_Preprocessing_BoundStrength=-1;CPXPARAM_Preprocessing_CoeffReduce=-1;CPXPARAM_Preprocessing_Dependency=3;CPXPARAM_Preprocessing_Dual=0;CPXPARAM_Preprocessing_Fill=10;CPXPARAM_Preprocessing_NumPass=-1;CPXPARAM_Preprocessing_Presolve=1;CPXPARAM_Preprocessing_QPMakePSD=1;CPXPARAM_Preprocessing_Reduce=3;CPXPARAM_Preprocessing_Relax=-1;CPXPARAM_Preprocessing_RepeatPresolve=1;CPXPARAM_Preprocessing_Symmetry=-1;CPXPARAM_Read_Scale=0;CPXPARAM_Sifting_Algorithm=0;CPXPARAM_Simplex_Crash=1;CPXPARAM_Simplex_DGradient=0;CPXPARAM_Simplex_Limits_Perturbation=0;CPXPARAM_Simplex_Limits_Singularity=10;CPXPARAM_Simplex_PGradient=0;CPXPARAM_Simplex_Pricing=0;CPXPARAM_Simplex_Refactor=0
3136797886706246132,0,CPXPARAM_Advance=1;CPXPARAM_Barrier_Algorithm=0;CPXPARAM_Barrier_ColNonzeros=0;CPXPARAM_Barrier_Crossover=0;CPXPARAM_Barrier_Limits_Corrections=-1;CPXPARAM_Barrier_Ordering=0;CPXPARAM_Barrier_StartAlg=1;CPXPARAM_Emphasis_MIP=4;CPXPARAM_Emphasis_Memory=0;CPXPARAM_Emphasis_Numerical=0;CPXPARAM_Feasopt_Mode=0;CPXPARAM_LPMethod=0;CPXPARAM_MIP_Cuts_Cliques=-1;CPXPARAM_MIP_Cuts_Covers=0;CPXPARAM_MIP_Cuts_Disjunctive=-1;CPXPARAM_MIP_Cuts_FlowCovers=1;CPXPARAM_MIP_Cuts_GUBCovers=0;CPXPARAM_MIP_Cuts_Gomory=0;CPXPARAM_MIP_Cuts_Implied=0;CPXPARAM_MIP_Cuts_MIRCut=2;CPXPARAM_MIP_Cuts_PathCut=-1;CPXPARAM_MIP_Limits_AggForCut=3;CPXPARAM_MIP_Limits_CutPasses=0;CPXPARAM_MIP_Limits_CutsFactor=-1;CPXPARAM_MIP_Limits_GomoryCand=150;CPXPARAM_MIP_Limits_GomoryPass=0;CPXPARAM_MIP_Limits_Nodes=9223372036800000000;CPXPARAM_MIP_Limits_ProbeTime=1e+75;CPXPARAM_MIP_Limits_RepairTries=0;CPXPARAM_MIP_Limits_StrongCand=10;CPXPARAM_MIP_Limits_StrongIt=0;CPXPARAM_MIP_OrderType=0;CPXPARAM_MIP_Strategy_BBInterval=7;CPXPARAM_MIP_Strategy_Branch=0;CPXPARAM_MIP_Strategy_Dive=0;CPXPARAM_MIP_Strategy_File=1;CPXPARAM_MIP_Strategy_HeuristicFreq=0;CPXPARAM_MIP_Strategy_LBHeur=0;CPXPARAM_MIP_Strategy_NodeSelect=1;CPXPARAM_MIP_Strategy_Order=1;CPXPARAM_MIP_Strategy_PresolveNode=0;CPXPARAM_MIP_Strategy_Probe=-1;CPXPARAM_MIP_Strategy_RINSHeur=0;CPXPARAM_MIP_Strategy_StartAlgorithm=0;CPXPARAM_MIP_Strategy_SubAlgorithm=0;CPXPARAM_MIP_Strategy_VariableSelect=0;CPXPARAM_Network_NetFind=2;CPXPARAM_Network_Pricing=0;CPXPARAM_Parallel=1;CPXPARAM_Preprocessing_Aggregator=-1;CPXPARAM_Preprocessing_BoundStrength=-1;CPXPARAM_Preprocessing_CoeffReduce=-1;CPXPARAM_Preprocessing_Dependency=3;CPXPARAM_Preprocessing_Dual=0;CPXPARAM_Preprocessing_Fill=10;CPXPARAM_Preprocessing_NumPass=-1;CPXPARAM_Preprocessing_Presolve=1;CPXPARAM_Preprocessing_QPMakePSD=1;CPXPARAM_Preprocessing_Reduce=3;CPXPARAM_Preprocessing_Relax=-1;CPXPARAM_Preprocessing_RepeatPresolve=-1;CPXPARAM_Preprocessing_Symmetry=-1;CPXPARAM_Read_Scale=0;CPXPARAM_Sifting_Algorithm=0;CPXPARAM_Simplex_Crash=1;CPXPARAM_Simplex_DGradient=0;CPXPARAM_Simplex_Limits_Perturbation=0;CPXPARAM_Simplex_Limits_Singularity=0;CPXPARAM_Simplex_PGradient=0;CPXPARAM_Simplex_Pricing=0;CPXPARAM_Simplex_Refactor=0
11016207306012882003,0,CPXPARAM_Advance=1;CPXPARAM_Barrier_Algorithm=0;CPXPARAM_Barrier_ColNonzeros=0;CPXPARAM_Barrier_Crossover=0;CPXPARAM_Barrier_Limits_Corrections=-1;CPXPARAM_Barrier_Ordering=0;CPXPARAM_Barrier_StartAlg=1;CPXPARAM_Emphasis_MIP=4;CPXPARAM_Emphasis_Memory=0;CPXPARAM_Emphasis_Numerical=0;CPXPARAM_Feasopt_Mode=0;CPXPARAM_LPMethod=0;CPXPARAM_MIP_Cuts_Cliques=-1;CPXPARAM_MIP_Cuts_Covers=0;CPXPARAM_MIP_Cuts_Disjunctive=-1;CPXPARAM_MIP_Cuts_FlowCovers=1;CPXPARAM_MIP_Cuts_GUBCovers=0;CPXPARAM_MIP_Cuts_Gomory=0;CPXPARAM_MIP_Cuts_Implied=0;CPXPARAM_MIP_Cuts_MIRCut=2;CPXPARAM_MIP_Cuts_PathCut=-1;CPXPARAM_MIP_Limits_AggForCut=3;CPXPARAM_MIP_Limits_CutPasses=0;CPXPARAM_MIP_Limits_CutsFactor=-1;CPXPARAM_MIP_Limits_GomoryCand=150;CPXPARAM_MIP_Limits_GomoryPass=0;CPXPARAM_MIP_Limits_Nodes=9223372036800000000;CPXPARAM_MIP_Limits_ProbeTime=1e+75;CPXPARAM_MIP_Limits_RepairTries=0;CPXPARAM_MIP_Limits_StrongCand=10;CPXPARAM_MIP_Limits_StrongIt=0;CPXPARAM_MIP_OrderType=0;CPXPARAM_MIP_Strategy_BBInterval=7;CPXPARAM_MIP_Strategy_Branch=0;CPXPARAM_MIP_Strategy_Dive=0;CPXPARAM_MIP_Strategy_File=1;CPXPARAM_MIP_Strategy_HeuristicFreq=0;CPXPARAM_MIP_Strategy_LBHeur=0;CPXPARAM_MIP_Strategy_NodeSelect=1;CPXPARAM_MIP_Strategy_Order=1;CPXPARAM_MIP_Strategy_PresolveNode=0;CPXPARAM_MIP_Strategy_Probe=-1;CPXPARAM_MIP_Strategy_RINSHeur=0;CPXPARAM_MIP_Strategy_StartAlgorithm=0;CPXPARAM_MIP_Strategy_SubAlgorithm=0;CPXPARAM_MIP_Strategy_VariableSelect=0;CPXPARAM_Network_NetFind=2;CPXPARAM_Network_Pricing=0;CPXPARAM_Parallel=1;CPXPARAM_Preprocessing_Aggregator=-1;CPXPARAM_Preprocessing_BoundStrength=-1;CPXPARAM_Preprocessing_CoeffReduce=-1;CPXPARAM_Preprocessing_Dependency=3;CPXPARAM_Preprocessing_Dual=0;CPXPARAM_Preprocessing_Fill=10;CPXPARAM_Preprocessing_NumPass=-1;CPXPARAM_Preprocessing_Presolve=1;CPXPARAM_Preprocessing_QPMakePSD=1;CPXPARAM_Preprocessing_Reduce=3;CPXPARAM_Preprocessing_Relax=-1;CPXPARAM_Preprocessing_RepeatPresolve=3;CPXPARAM_Preprocessing_Symmetry=-1;CPXPARAM_Read_Scale=0;CPXPARAM_Sifting_Algorithm=0;CPXPARAM_Simplex_Crash=1;CPXPARAM_Simplex_DGradient=0;CPXPARAM_Simplex_Limits_Perturbation=0;CPXPARAM_Simplex_Limits_Singularity=10;CPXPARAM_Simplex_PGradient=0;CPXPARAM_Simplex_Pricing=0;CPXPARAM_Simplex_Refactor=0
6572976779803729194,0,CPXPARAM_Advance=1;CPXPARAM_Barrier_Algorithm=0;CPXPARAM_Barrier_ColNonzeros=0;CPXPARAM_Barrier_Crossover=0;CPXPARAM_Barrier_Limits_Corrections=-1;CPXPARAM_Barrier_Ordering=1;CPXPARAM_Barrier_StartAlg=1;CPXPARAM_Emphasis_MIP=4;CPXPARAM_Emphasis_Memory=0;CPXPARAM_Emphasis_Numerical=0;CPXPARAM_Feasopt_Mode=0;CPXPARAM_LPMethod=0;CPXPARAM_MIP_Cuts_Cliques=-1;CPXPARAM_MIP_Cuts_Covers=0;CPXPARAM_MIP_Cuts_Disjunctive=-1;CPXPARAM_MIP_Cuts_FlowCovers=1;CPXPARAM_MIP_Cuts_GUBCovers=0;CPXPARAM_MIP_Cuts_Gomory=0;CPXPARAM_MIP_Cuts_Implied=0;CPXPARAM_MIP_Cuts_MIRCut=2;CPXPARAM_MIP_Cuts_PathCut=-1;CPXPARAM_MIP_Limits_AggForCut=3;CPXPARAM_MIP_Limits_CutPasses=0;CPXPARAM_MIP_Limits_CutsFactor=-1;CPXPARAM_MIP_Limits_GomoryCand=150;CPXPARAM_MIP_Limits_GomoryPass=0;CPXPARAM_MIP_Limits_Nodes=9223372036800000000;CPXPARAM_MIP_Limits_ProbeTime=1e+75;CPXPARAM_MIP_Limits_RepairTries=0;CPXPARAM_MIP_Limits_StrongCand=10;CPXPARAM_MIP_Limits_StrongIt=0;CPXPARAM_MIP_OrderType=0;CPXPARAM_MIP_Strategy_BBInterval=7;CPXPARAM_MIP_Strategy_Branch=0;CPXPARAM_MIP_Strategy_Dive=0;CPXPARAM_MIP_Strategy_File=1;CPXPARAM_MIP_Strategy_HeuristicFreq=0;CPXPARAM_MIP_Strategy_LBHeur=0;CPXPARAM_MIP_Strategy_NodeSelect=1;CPXPARAM_MIP_Strategy_Order=1;CPXPARAM_MIP_Strategy_PresolveNode=0;CPXPARAM_MIP_Strategy_Probe=-1;CPXPARAM_MIP_Strategy_RINSHeur=0;CPXPARAM_MIP_Strategy_StartAlgorithm=0;CPXPARAM_MIP_Strategy_SubAlgorithm=0;CPXPARAM_MIP_Strategy_VariableSelect=0;CPXPARAM_Network_NetFind=2;CPXPARAM_Network_Pricing=0;CPXPARAM_Parallel=1;CPXPARAM_Preprocessing_Aggregator=-1;CPXPARAM_Preprocessing_BoundStrength=-1;CPXPARAM_Preprocessing_CoeffReduce=-1;CPXPARAM_Preprocessing_Dependency=3;CPXPARAM_Preprocessing_Dual=0;CPXPARAM_Preprocessing_Fill=10;CPXPARAM_Preprocessing_NumPass=-1;CPXPARAM_Preprocessing_Presolve=1;CPXPARAM_Preprocessing_QPMakePSD=1;CPXPARAM_Preprocessing_Reduce=3;CPXPARAM_Preprocessing_Relax=-1;CPXPARAM_Preprocessing_RepeatPresolve=-1;CPXPARAM_Preprocessing_Symmetry=-1;CPXPARAM_Read_Scale=0;CPXPARAM_Sifting_Algorithm=0;CPXPARAM_Simplex_Crash=1;CPXPARAM_Simplex_DGradient=0;CPXPARAM_Simplex_Limits_Perturbation=0;CPXPARAM_Simplex_Limits_Singularity=10;CPXPARAM_Simplex_PGradient=0;CPXPARAM_Simplex_Pricing=0;CPXPARAM_Simplex_Refactor=0
3974743854203365549,0,CPXPARAM_Advance=1;CPXPARAM_Barrier_Algorithm=0;CPXPARAM_Barrier_ColNonzeros=0;CPXPARAM_Barrier_Crossover=0;CPXPARAM_Barrier_Limits_Corrections=-1;CPXPARAM_Barrier_Ordering=0;CPXPARAM_Barrier_StartAlg=1;CPXPARAM_Emphasis_MIP=4;CPXPARAM_Emphasis_Memory=0;CPXPARAM_Emphasis_Numerical=0;CPXPARAM_Feasopt_Mode=0;CPXPARAM_LPMethod=0;CPXPARAM_MIP_Cuts_Cliques=-1;CPXPARAM_MIP_Cuts_Covers=0;CPXPARAM_MIP_Cuts_Disjunctive=-1;CPXPARAM_MIP_Cuts_FlowCovers=1;CPXPARAM_MIP_Cuts_GUBCovers=0;CPXPARAM_MIP_Cuts_Gomory=0;CPXPARAM_MIP_Cuts_Implied=0;CPXPARAM_MIP_Cuts_MIRCut=2;CPXPARAM_MIP_Cuts_PathCut=-1;CPXPARAM_MIP_Limits_AggForCut=3;CPXPARAM_MIP_Limits_CutPasses=0;CPXPARAM_MIP_Limits_CutsFactor=-1;CPXPARAM_MIP_Limits_GomoryCand=150;CPXPARAM_MIP_Limits_GomoryPass=0;CPXPARAM_MIP_Limits_Nodes=9223372036800000000;CPXPARAM_MIP_Limits_ProbeTime=1e+75;CPXPARAM_MIP_Limits_RepairTries=0;CPXPARAM_MIP_Limits_StrongCand=10;CPXPARAM_MIP_Limits_StrongIt=0;CPXPARAM_MIP_OrderType=0;CPXPARAM_MIP_Strategy_BBInterval=7;CPXPARAM_MIP_Strategy_Branch=0;CPXPARAM_MIP_Strategy_Dive=0;CPXPARAM_MIP_Strategy_File=1;CPXPARAM_MIP_Strategy_HeuristicFreq=0;CPXPARAM_MIP_Strategy_LBHeur=0;CPXPARAM_MIP_Strategy_NodeSelect=1;CPXPARAM_MIP_Strategy_Order=1;CPXPARAM_MIP_Strategy_PresolveNode=0;CPXPARAM_MIP_Strategy_Probe=-1;CPXPARAM_MIP_Strategy_RINSHeur=0;CPXPARAM_MIP_Strategy_StartAlgorithm=0;CPXPARAM_MIP_Strategy_SubAlgorithm=0;CPXPARAM_MIP_Strategy_VariableSelect=0;CPXPARAM_Network_NetFind=2;CPXPARAM_Network_Pricing=0;CPXPARAM_Parallel=1;CPXPARAM_Preprocessing_Aggregator=-1;CPXPARAM_Preprocessing_BoundStrength=-1;CPXPARAM_Preprocessing_CoeffReduce=-1;CPXPARAM_Preprocessing_Dependency=3;CPXPARAM_Preprocessing_Dual=0;CPXPARAM_Preprocessing_Fill=10;CPXPARAM_Preprocessing_NumPass=-1;CPXPARAM_Preprocessing_Presolve=1;CPXPARAM_Preprocessing_QPMakePSD=1;CPXPARAM_Preprocessing_Reduce=3;CPXPARAM_Preprocessing_Relax=-1;CPXPARAM_Preprocessing_RepeatPresolve=-1;CPXPARAM_Preprocessing_Symmetry=-1;CPXPARAM_Read_Scale=0;CPXPARAM_Sifting_Algorithm=3;CPXPARAM_Simplex_Crash=1;CPXPARAM_Simplex_DGradient=0;CPXPARAM_Simplex_Limits_Perturbation=0;CPXPARAM_Simplex_Limits_Singularity=10;CPXPARAM_Simplex_PGradient=0;CPXPARAM_Simplex_Pricing=0;CPXPARAM_Simplex_Refactor=0
7207662254949857262,0,CPXPARAM_Advance=1;CPXPARAM_Barrier_Algorithm=0;CPXPARAM_Barrier_ColNonzeros=0;CPXPARAM_Barrier_Crossover=0;CPXPARAM_Barrier_Limits_Corrections=-1;CPXPARAM_Barrier_Ordering=0;CPXPARAM_Barrier_StartAlg=1;CPXPARAM_Emphasis_MIP=4;CPXPARAM_Emphasis_Memory=0;CPXPARAM_Emphasis_Numerical=0;CPXPARAM_Feasopt_Mode=0;CPXPARAM_LPMethod=0;CPXPARAM_MIP_Cuts_Cliques=-1;CPXPARAM_MIP_Cuts_Covers=0;CPXPARAM_MIP_Cuts_Disjunctive=-1;CPXPARAM_MIP_Cuts_FlowCovers=1;CPXPARAM_MIP_Cuts_GUBCovers=0;CPXPARAM_MIP_Cuts_Gomory=0;CPXPARAM_MIP_Cuts_Implied=0;CPXPARAM_MIP_Cuts_MIRCut=0;CPXPARAM_MIP_Cuts_PathCut=-1;CPXPARAM_MIP_Limits_AggForCut=3;CPXPARAM_MIP_Limits_CutPasses=0;CPXPARAM_MIP_Limits_CutsFactor=-1;CPXPARAM_MIP_Limits_GomoryCand=150;CPXPARAM_MIP_Limits_GomoryPass=0;CPXPARAM_MIP_Limits_Nodes=9223372036800000000;CPXPARAM_MIP_Limits_ProbeTime=1e+75;CPXPARAM_MIP_Limits_RepairTries=0;CPXPARAM_MIP_Limits_StrongCand=10;CPXPARAM_MIP_Limits_StrongIt=0;CPXPARAM_MIP_OrderType=0;CPXPARAM_MIP_Strategy_BBInterval=7;CPXPARAM_MIP_Strategy_Branch=0;CPXPARAM_MIP_Strategy_Dive=0;CPXPARAM_MIP_Strategy_File=1;CPXPARAM_MIP_Strategy_HeuristicFreq=0;CPXPARAM_MIP_Strategy_LBHeur=0;CPXPARAM_MIP_Strategy_NodeSelect=1;CPXPARAM_MIP_Strategy_Order=1;CPXPARAM_MIP_Strategy_PresolveNode=0;CPXPARAM_MIP_Strategy_Probe=-1;CPXPARAM_MIP_Strategy_RINSHeur=0;CPXPARAM_MIP_Strategy_StartAlgorithm=0;CPXPARAM_MIP_Strategy_SubAlgorithm=0;CPXPARAM_MIP_Strategy_VariableSelect=0;CPXPARAM_Network_NetFind=2;CPXPARAM_Network_Pricing=0;CPXPARAM_Parallel=1;CPXPARAM_Preprocessing_Aggregator=-1;CPXPARAM_Preprocessing_BoundStrength=-1;CPXPARAM_Preprocessing_CoeffReduce=-1;CPXPARAM_Preprocessing_Dependency=3;CPXPARAM_Preprocessing_Dual=0;CPXPARAM_Preprocessing_Fill=10;CPXPARAM_Preprocessing_NumPass=-1;CPXPARAM_Preprocessing_Presolve=1;CPXPARAM_Preprocessing_QPMakePSD=1;CPXPARAM_Preprocessing_Reduce=3;CPXPARAM_Preprocessing_Relax=-1;CPXPARAM_Preprocessing_RepeatPresolve=-1;CPXPARAM_Preprocessing_Symmetry=-1;CPXPARAM_Read_Scale=0;CPXPARAM_Sifting_Algorithm=0;CPXPARAM_Simplex_Crash=1;CPXPARAM_Simplex_DGradient=0;CPXPARAM_Simplex_Limits_Perturbation=0;CPXPARAM_Simplex_Limits_Singularity=10;CPXPARAM_Simplex_PGradient=0;CPXPARAM_Simplex_Pricing=0;CPXPARAM_Simplex_Refactor=0
8800009504934667370,0,CPXPARAM_Advance=1;CPXPARAM_Barrier_Algorithm=0;CPXPARAM_Barrier_ColNonzeros=0;CPXPARAM_Barrier_Crossover=0;CPXPARAM_Barrier_Limits_Corrections=-1;CPXPARAM_Barrier_Ordering=0;CPXPARAM_Barrier_StartAlg=1;CPXPARAM_Emphasis_MIP=4;CPXPARAM_Emphasis_Memory=0;CPXPARAM_Emphasis_Numerical=0;CPXPARAM_Feasopt_Mode=0;CPXPARAM_LPMethod=0;CPXPARAM_MIP_Cuts_Cliques=-1;CPXPARAM_MIP_Cuts_Covers=0;CPXPARAM_MIP_Cuts_Disjunctive=-1;CPXPARAM_MIP_Cuts_FlowCovers=1;CPXPARAM_MIP_Cuts_GUBCovers=0;CPXPARAM_MIP_Cuts_Gomory=0;CPXPARAM_MIP_Cuts_Implied=0;CPXPARAM_MIP_Cuts_MIRCut=2;CPXPARAM_MIP_Cuts_PathCut=-1;CPXPARAM_MIP_Limits_AggForCut=3;CPXPARAM_MIP_Limits_CutPasses=0;CPXPARAM_MIP_Limits_CutsFactor=-1;CPXPARAM_MIP_Limits_GomoryCand=150;CPXPARAM_MIP_Limits_GomoryPass=0;CPXPARAM_MIP_Limits_Nodes=9223372036800000000;CPXPARAM_MIP_Limits_ProbeTime=1e+75;CPXPARAM_MIP_Limits_RepairTries=0;CPXPARAM_MIP_Limits_StrongCand=10;CPXPARAM_MIP_Limits_StrongIt=0;CPXPARAM_MIP_OrderType=0;CPXPARAM_MIP_Strategy_BBInterval=7;CPXPARAM_MIP_Strategy_Branch=0;CPXPARAM_MIP_Strategy_Dive=0;CPXPARAM_MIP_Strategy_File=1;CPXPARAM_MIP_Strategy_HeuristicFreq=0;CPXPARAM_MIP_Strategy_LBHeur=0;CPXPARAM_MIP_Strategy_NodeSelect=1;CPXPARAM_MIP_Strategy_Order=1;CPXPARAM_MIP_Strategy_PresolveNode=0;CPXPARAM_MIP_Strategy_Probe=-1;CPXPARAM_MIP_Strategy_RINSHeur=0;CPXPARAM_MIP_Strategy_StartAlgorithm=0;CPXPARAM_MIP_Strategy_SubAlgorithm=0;CPXPARAM_MIP_Strategy_VariableSelect=0;CPXPARAM_Network_NetFind=2;CPXPARAM_Network_Pricing=0;CPXPARAM_Parallel=1;CPXPARAM_Preprocessing_Aggregator=-1;CPXPARAM_Preprocessing_BoundStrength=0;CPXPARAM_Preprocessing_CoeffReduce=-1;CPXPARAM_Preprocessing_Dependency=3;CPXPARAM_Preprocessing_Dual=0;CPXPARAM_Preprocessing_Fill=10;CPXPARAM_Preprocessing_NumPass=-1;CPXPARAM_Preprocessing_Presolve=1;CPXPARAM_Preprocessing_QPMakePSD=1;CPXPARAM_Preprocessing_Reduce=3;CPXPARAM_Preprocessing_Relax=-1;CPXPARAM_Preprocessing_RepeatPresolve=-1;CPXPARAM_Preprocessing_Symmetry=-1;CPXPARAM_Read_Scale=0;CPXPARAM_Sifting_Algorithm=0;CPXPARAM_Simplex_Crash=1;CPXPARAM_Simplex_DGradient=0;CPXPARAM_Simplex_Limits_Perturbation=0;CPXPARAM_Simplex_Limits_Singularity=10;CPXPARAM_Simplex_PGradient=0;CPXPARAM_Simplex_Pricing=0;CPXPARAM_Simplex_Refactor=0
15497183311966603266,0,CPXPARAM_Advance=1;CPXPARAM_Barrier_Algorithm=0;CPXPARAM_Barrier_ColNonzeros=0;CPXPARAM_Barrier_Crossover=0;CPXPARAM_Barrier_Limits_Corrections=-1;CPXPARAM_Barrier_Ordering=0;CPXPARAM_Barrier_StartAlg=1;CPXPARAM_Emphasis_MIP=4;CPXPARAM_Emphasis_Memory=0;CPXPARAM_Emphasis_Numerical=0;CPXPARAM_Feasopt_Mode=0;CPXPARAM_LPMethod=0;CPXPARAM_MIP_Cuts_Cliques=-1;CPXPARAM_MIP_Cuts_Covers=0;CPXPARAM_MIP_Cuts_Disjunctive=-1;CPXPARAM_MIP_Cuts_FlowCovers=1;CPXPARAM_MIP_Cuts_GUBCovers=0;CPXPARAM_MIP_Cuts_Gomory=0;CPXPARAM_MIP_Cuts_Implied=0;CPXPARAM_MIP_Cuts_MIRCut=2;CPXPARAM_MIP_Cuts_PathCut=-1;CPXPARAM_MIP_Limits_AggForCut=3;CPXPARAM_MIP_Limits_CutPasses=0;CPXPARAM_MIP_Limits_CutsFactor=-1;CPXPARAM_MIP_Limits_GomoryCand=150;CPXPARAM_MIP_Limits_GomoryPass=0;CPXPARAM_MIP_Limits_Nodes=9223372036800000000;CPXPARAM_MIP_Limits_ProbeTime=1e+75;CPXPARAM_MIP_Limits_RepairTries=0;CPXPARAM_MIP_Limits_StrongCand=10;CPXPARAM_MIP_Limits_StrongIt=0;CPXPARAM_MIP_OrderType=0;CPXPARAM_MIP_Strategy_BBInterval=7;CPXPARAM_MIP_Strategy_Branch=0;CPXPARAM_MIP_Strategy_Dive=0;CPXPARAM_MIP_Strategy_File=1;CPXPARAM_MIP_Strategy_HeuristicFreq=0;CPXPARAM_MIP_Strategy_LBHeur=0;CPXPARAM_MIP_Strategy_NodeSelect=1;CPXPARAM_MIP_Strategy_Order=1;CPXPARAM_MIP_Strategy_PresolveNode=0;CPXPARAM_MIP_Strategy_Probe=-1;CPXPARAM_MIP_Strategy_RINSHeur=0;CPXPARAM_MIP_Strategy_StartAlgorithm=0;CPXPARAM_MIP_Strategy_SubAlgorithm=0;CPXPARAM_MIP_Strategy_VariableSelect=0;CPXPARAM_Network_NetFind=2;CPXPARAM_Network_Pricing=0;CPXPARAM_Parallel=1;CPXPARAM_Preprocessing_Aggregator=-1;CPXPARAM_Preprocessing_BoundStrength=-1;CPXPARAM_Preprocessing_CoeffReduce=-1;CPXPARAM_Preprocessing_Dependency=3;CPXPARAM_Preprocessing_Dual=0;CPXPARAM_Preprocessing_Fill=10;CPXPARAM_Preprocessing_NumPass=-1;CPXPARAM_Preprocessing_Presolve=1;CPXPARAM_Preprocessing_QPMakePSD=1;CPXPARAM_Preprocessing_Reduce=3;CPXPARAM_Preprocessing_Relax=-1;CPXPARAM_Preprocessing_RepeatPresolve=-1;CPXPARAM_Preprocessing_Symmetry=-1;CPXPARAM_Read_Scale=0;CPXPARAM_Sifting_Algorithm=1;CPXPARAM_Simplex_Crash=1;CPXPARAM_Simplex_DGradient=0;CPXPARAM_Simplex_Limits_Perturbation=0;CPXPARAM_Simplex_Limits_Singularity=10;CPXPARAM_Simplex_PGradient=0;CPXPARAM_Simplex_Pricing=0;CPXPARAM_Simplex_Refactor=0
6182277350040928863,0,CPXPARAM_Advance=1;CPXPARAM_Barrier_Algorithm=0;CPXPARAM_Barrier_ColNonzeros=0;CPXPARAM_Barrier_Crossover=0;CPXPARAM_Barrier_Limits_Corrections=-1;CPXPARAM_Barrier_Ordering=0;CPXPARAM_Barrier_StartAlg=1;CPXPARAM_Emphasis_MIP=4;CPXPARAM_Emphasis_Memory=0;CPXPARAM_Emphasis_Numerical=0;CPXPARAM_Feasopt_Mode=0;CPXPARAM_LPMethod=0;CPXPARAM_MIP_Cuts_Cliques=-1;CPXPARAM_MIP_Cuts_Covers=0;CPXPARAM_MIP_Cuts_Disjunctive=-1;CPXPARAM_MIP_Cuts_FlowCovers=1;CPXPARAM_MIP_Cuts_GUBCovers=0;CPXPARAM_MIP_Cuts_Gomory=0;CPXPARAM_MIP_Cuts_Implied=0;CPXPARAM_MIP_Cuts_MIRCut=2;CPXPARAM_MIP_Cuts_PathCut=-1;CPXPARAM_MIP_Limits_AggForCut=3;CPXPARAM_MIP_Limits_CutPasses=0;CPXPARAM_MIP_Limits_CutsFactor=-1;CPXPARAM_MIP_Limits_GomoryCand=150;CPXPARAM_MIP_Limits_GomoryPass=0;CPXPARAM_MIP_Limits_Nodes=9223372036800000000;CPXPARAM_MIP_Limits_ProbeTime=1e+75;CPXPARAM_MIP_Limits_RepairTries=0;CPXPARAM_MIP_Limits_StrongCand=10;CPXPARAM_MIP_Limits_StrongIt=0;CPXPARAM_MIP_OrderType=0;CPXPARAM_MIP_Strategy_BBInterval=7;CPXPARAM_MIP_Strategy_Branch=0;CPXPARAM_MIP_Strategy_Dive=0;CPXPARAM_MIP_Strategy_File=1;CPXPARAM_MIP_Strategy_HeuristicFreq=0;CPXPARAM_MIP_Strategy_LBHeur=0;CPXPARAM_MIP_Strategy_NodeSelect=1;CPXPARAM_MIP_Strategy_Order=1;CPXPARAM_MIP_Strategy_PresolveNode=0;CPXPARAM_MIP_Strategy_Probe=-1;CPXPARAM_MIP_Strategy_RINSHeur=0;CPXPARAM_MIP_Strategy_StartAlgorithm=0;CPXPARAM_MIP_Strategy_SubAlgorithm=0;CPXPARAM_MIP_Strategy_VariableSelect=0;CPXPARAM_Network_NetFind=2;CPXPARAM_Network_Pricing=0;CPXPARAM_Parallel=1;CPXPARAM_Preprocessing_Aggregator=-1;CPXPARAM_Preprocessing_BoundStrength=-1;CPXPARAM_Preprocessing_CoeffReduce=-1;CPXPARAM_Preprocessing_Dependency=3;CPXPARAM_Preprocessing_Dual=0;CPXPARAM_Preprocessing_Fill=10;CPXPARAM_Preprocessing_NumPass=-1;CPXPARAM_Preprocessing_Presolve=1;CPXPARAM_Preprocessing_QPMakePSD=1;CPXPARAM_Preprocessing_Reduce=3;CPXPARAM_Preprocessing_Relax=1;CPXPARAM_Preprocessing_RepeatPresolve=-1;CPXPARAM_Preprocessing_Symmetry=-1;CPXPARAM_Read_Scale=0;CPXPARAM_Sifting_Algorithm=0;CPXPARAM_Simplex_Crash=1;CPXPARAM_Simplex_DGradient=0;CPXPARAM_Simplex_Limits_Perturbation=0;CPXPARAM_Simplex_Limits_Singularity=10;CPXPARAM_Simplex_PGradient=0;CPXPARAM_Simplex_Pricing=0;CPXPARAM_Simplex_Refactor=0
1205721336995126942,0,CPXPARAM_Advance=1;CPXPARAM_Barrier_Algorithm=0;CPXPARAM_Barrier_ColNonzeros=0;CPXPARAM_Barrier_Crossover=0;CPXPARAM_Barrier_Limits_Corrections=-1;CPXPARAM_Barrier_Ordering=0;CPXPARAM_Barrier_StartAlg=1;CPXPARAM_Emphasis_MIP=4;CPXPARAM_Emphasis_Memory=0;CPXPARAM_Emphasis_Numerical=0;CPXPARAM_Feasopt_Mode=0;CPXPARAM_LPMethod=0;CPXPARAM_MIP_Cuts_Cliques=-1;CPXPARAM_MIP_Cuts_Covers=0;CPXPARAM_MIP_Cuts_Disjunctive=-1;CPXPARAM_MIP_Cuts_FlowCovers=1;CPXPARAM_MIP_Cuts_GUBCovers=0;CPXPARAM_MIP_Cuts_Gomory=0;CPXPARAM_MIP_Cuts_Implied=0;CPXPARAM_MIP_Cuts_MIRCut=2;CPXPARAM_MIP_Cuts_PathCut=-1;CPXPARAM_MIP_Limits_AggForCut=3;CPXPARAM_MIP_Limits_CutPasses=0;CPXPARAM_MIP_Limits_CutsFactor=-1;CPXPARAM_MIP_Limits_GomoryCand=150;CPXPARAM_MIP_Limits_GomoryPass=0;CPXPARAM_MIP_Limits_Nodes=9223372036800000000;CPXPARAM_MIP_Limits_ProbeTime=1e+75;CPXPARAM_MIP_Limits_RepairTries=0;CPXPARAM_MIP_Limits_StrongCand=10;CPXPARAM_MIP_Limits_StrongIt=0;CPXPARAM_MIP_OrderType=0;CPXPARAM_MIP_Strategy_BBInterval=7;CPXPARAM_MIP_Strategy_Branch=0;CPXPARAM_MIP_Strategy_Dive=0;CPXPARAM_MIP_Strategy_File=1;CPXPARAM_MIP_Strategy_HeuristicFreq=0;CPXPARAM_MIP_Strategy_LBHeur=0;CPXPARAM_MIP_Strategy_NodeSelect=1;CPXPARAM_MIP_Strategy_Order=1;CPXPARAM_MIP_Strategy_PresolveNode=0;CPXPARAM_MIP_Strategy_Probe=-1;CPXPARAM_MIP_Strategy_RINSHeur=0;CPXPARAM_MIP_Strategy_StartAlgorithm=0;CPXPARAM_MIP_Strategy_SubAlgorithm=0;CPXPARAM_MIP_Strategy_VariableSelect=-1;CPXPARAM_Network_NetFind=2;CPXPARAM_Network_Pricing=0;CPXPARAM_Parallel=1;CPXPARAM_Preprocessing_Aggregator=-1;CPXPARAM_Preprocessing_BoundStrength=-1;CPXPARAM_Preprocessing_CoeffReduce=-1;CPXPARAM_Preprocessing_Dependency=3;CPXPARAM_Preprocessing_Dual=0;CPXPARAM_Preprocessing_Fill=10;CPXPARAM_Preprocessing_NumPass=-1;CPXPARAM_Preprocessing_Presolve=1;CPXPARAM_Preprocessing_QPMakePSD=1;CPXPARAM_Preprocessing_Reduce=3;CPXPARAM_Preprocessing_Relax=-1;CPXPARAM_Preprocessing_RepeatPresolve=-1;CPXPARAM_Preprocessing_Symmetry=-1;CPXPARAM_Read_Scale=0;CPXPARAM_Sifting_Algorithm=0;CPXPARAM_Simplex_Crash=1;CPXPARAM_Simplex_DGradient=0;CPXPARAM_Simplex_Limits_Perturbation=0;CPXPARAM_Simplex_Limits_Singularity=10;CPXPARAM_Simplex_PGradient=0;CPXPARAM_Simplex_Pricing=0;CPXPARAM_Simplex_Refactor=0
5200428709851596856,0,CPXPARAM_Advance=1;CPXPARAM_Barrier_Algorithm=0;CPXPARAM_Barrier_ColNonzeros=0;CPXPARAM_Barrier_Crossover=0;CPXPARAM_Barrier_Limits_Corrections=-1;CPXPARAM_Barrier_Ordering=0;CPXPARAM_Barrier_StartAlg=1;CPXPARAM_Emphasis_MIP=4;CPXPARAM_Emphasis_Memory=0;CPXPARAM_Emphasis_Numerical=0;CPXPARAM_Feasopt_Mode=0;CPXPARAM_LPMethod=0;CPXPARAM_MIP_Cuts_Cliques=-1;CPXPARAM_MIP_Cuts_Covers=3;CPXPARAM_MIP_Cuts_Disjunctive=-1;CPXPARAM_MIP_Cuts_FlowCovers=1;CPXPARAM_MIP_Cuts_GUBCovers=0;CPXPARAM_MIP_Cuts_Gomory=0;CPXPARAM_MIP_Cuts_Implied=0;CPXPARAM_MIP_Cuts_MIRCut=2;CPXPARAM_MIP_Cuts_PathCut=-1;CPXPARAM_MIP_Limits_AggForCut=3;CPXPARAM_MIP_Limits_CutPasses=0;CPXPARAM_MIP_Limits_CutsFactor=-1;CPXPARAM_MIP_Limits_GomoryCand=150;CPXPARAM_MIP_Limits_GomoryPass=0;CPXPARAM_MIP_Limits_Nodes=9223372036800000000;CPXPARAM_MIP_Limits_ProbeTime=1e+75;CPXPARAM_MIP_Limits_RepairTries=0;CPXPARAM_MIP_Limits_StrongCand=10;CPXPARAM_MIP_Limits_StrongIt=0;CPXPARAM_MIP_OrderType=0;CPXPARAM_MIP_Strategy_BBInterval=7;CPXPARAM_MIP_Strategy_Branch=0;CPXPARAM_MIP_Strategy_Dive=0;CPXPARAM_MIP_Strategy_File=1;CPXPARAM_MIP_Strategy_HeuristicFreq=0;CPXPARAM_MIP_Strategy_LBHeur=0;CPXPARAM_MIP_Strategy_NodeSelect=1;CPXPARAM_MIP_Strategy_Order=1;CPXPARAM_MIP_Strategy_PresolveNode=0;CPXPARAM_MIP_Strategy_Probe=-1;CPXPARAM_MIP_Strategy_RINSHeur=0;CPXPARAM_MIP_Strategy_StartAlgorithm=0;CPXPARAM_MIP_Strategy_SubAlgorithm=0;CPXPARAM_MIP_Strategy_VariableSelect=0;CPXPARAM_Network_NetFind=2;CPXPARAM_Network_Pricing=0;CPXPARAM_Parallel=1;CPXPARAM_Preprocessing_Aggregator=-1;CPXPARAM_Preprocessing_BoundStrength=-1;CPXPARAM_Preprocessing_CoeffReduce=-1;CPXPARAM_Preprocessing_Dependency=-1;CPXPARAM_Preprocessing_Dual=0;CPXPARAM_Preprocessing_Fill=10;CPXPARAM_Preprocessing_NumPass=-1;CPXPARAM_Preprocessing_Presolve=1;CPXPARAM_Preprocessing_QPMakePSD=1;CPXPARAM_Preprocessing_Reduce=3;CPXPARAM_Preprocessing_Relax=-1;CPXPARAM_Preprocessing_RepeatPresolve=-1;CPXPARAM_Preprocessing_Symmetry=-1;CPXPARAM_Read_Scale=0;CPXPARAM_Sifting_Algorithm=0;CPXPARAM_Simplex_Crash=1;CPXPARAM_Simplex_DGradient=0;CPXPARAM_Simplex_Limits_Perturbation=0;CPXPARAM_Simplex_Limits_Singularity=10;CPXPARAM_Simplex_PGradient=0;CPXPARAM_Simplex_Pricing=0;CPXPARAM_Simplex_Refactor=0
17012910244047908047,0,CPXPARAM_Advance=1;CPXPARAM_Barrier_Algorithm=0;CPXPARAM_Barrier_ColNonzeros=0;CPXPARAM_Barrier_Crossover=0;CPXPARAM_Barrier_Limits_Corrections=-1;CPXPARAM_Barrier_Ordering=0;CPXPARAM_Barrier_StartAlg=1;CPXPARAM_Emphasis_MIP=4;CPXPARAM_Emphasis_Memory=0;CPXPARAM_Emphasis_Numerical=0;CPXPARAM_Feasopt_Mode=0;CPXPARAM_LPMethod=0;CPXPARAM_MIP_Cuts_Cliques=-1;CPXPARAM_MIP_Cuts_Covers=0;CPXPARAM_MIP_Cuts_Disjunctive=-1;CPXPARAM_MIP_Cuts_FlowCovers=1;CPXPARAM_MIP_Cuts_GUBCovers=0;CPXPARAM_MIP_Cuts_Gomory=0;CPXPARAM_MIP_Cuts_Implied=0;CPXPARAM_MIP_Cuts_MIRCut=2;CPXPARAM_MIP_Cuts_PathCut=-1;CPXPARAM_MIP_Limits_AggForCut=3;CPXPARAM_MIP_Limits_CutPasses=0;CPXPARAM_MIP_Limits_CutsFactor=-1;CPXPARAM_MIP_Limits_GomoryCand=150;CPXPARAM_MIP_Limits_GomoryPass=0;CPXPARAM_MIP_Limits_Nodes=9223372036800000000;CPXPARAM_MIP_Limits_ProbeTime=1e+75;CPXPARAM_MIP_Limits_RepairTries=0;CPXPARAM_MIP_Limits_StrongCand=10;CPXPARAM_MIP_Limits_StrongIt=0;CPXPARAM_MIP_OrderType=0;CPXPARAM_MIP_Strategy_BBInterval=7;CPXPARAM_MIP_Strategy_Branch=0;CPXPARAM_MIP_Strategy_Dive=0;CPXPARAM_MIP_Strategy_File=1;CPXPARAM_MIP_Strategy_HeuristicFreq=0;CPXPARAM_MIP_Strategy_LBHeur=0;CPXPARAM_MIP_Strategy_NodeSelect=1;CPXPARAM_MIP_Strategy_Order=1;CPXPARAM_MIP_Strategy_PresolveNode=2;CPXPARAM_MIP_Strategy_Probe=-1;CPXPARAM_MIP_Strategy_RINSHeur=0;CPXPARAM_MIP_Strategy_StartAlgorithm=0;CPXPARAM_MIP_Strategy_SubAlgorithm=0;CPXPARAM_MIP_Strategy_VariableSelect=0;CPXPARAM_Network_NetFind=2;CPXPARAM_Network_Pricing=0;CPXPARAM_Parallel=1;CPXPARAM_Preprocessing_Aggregator=-1;CPXPARAM_Preprocessing_BoundStrength=-1;CPXPARAM_Preprocessing_CoeffReduce=-1;CPXPARAM_Preprocessing_Dependency=3;CPXPARAM_Preprocessing_Dual=0;CPXPARAM_Preprocessing_Fill=10;CPXPARAM_Preprocessing_NumPass=-1;CPXPARAM_Preprocessing_Presolve=1;CPXPARAM_Preprocessing_QPMakePSD=1;CPXPARAM_Preprocessing_Reduce=3;CPXPARAM_Preprocessing_Relax=-1;CPXPARAM_Preprocessing_RepeatPresolve=-1;CPXPARAM_Preprocessing_Symmetry=-1;CPXPARAM_Read_Scale=0;CPXPARAM_Sifting_Algorithm=0;CPXPARAM_Simplex_Crash=1;CPXPARAM_Simplex_DGradient=0;CPXPARAM_Simplex_Limits_Perturbation=0;CPXPARAM_Simplex_Limits_Singularity=10;CPXPARAM_Simplex_PGradient=0;CPXPARAM_Simplex_Pricing=0;CPXPARAM_Simplex_Refactor=0
4472452544442682294,0,CPXPARAM_Advance=1;CPXPARAM_Barrier_Algorithm=0;CPXPARAM_Barrier_ColNonzeros=0;CPXPARAM_Barrier_Crossover=0;CPXPARAM_Barrier_Limits_Corrections=-1;CPXPARAM_Barrier_Ordering=0;CPXPARAM_Barrier_StartAlg=1;CPXPARAM_Emphasis_MIP=4;CPXPARAM_Emphasis_Memory=0;CPXPARAM_Emphasis_Numerical=0;CPXPARAM_Feasopt_Mode=0;CPXPARAM_LPMethod=0;CPXPARAM_MIP_Cuts_Cliques=-1;CPXPARAM_MIP_Cuts_Covers=0;CPXPARAM_MIP_Cuts_Disjunctive=-1;CPXPARAM_MIP_Cuts_FlowCovers=1;CPXPARAM_MIP_Cuts_GUBCovers=0;CPXPARAM_MIP_Cuts_Gomory=0;CPXPARAM_MIP_Cuts_Implied=0;CPXPARAM_MIP_Cuts_MIRCut=2;CPXPARAM_MIP_Cuts_PathCut=-1;CPXPARAM_MIP_Limits_AggForCut=3;CPXPARAM_MIP_Limits_CutPasses=0;CPXPARAM_MIP_Limits_CutsFactor=-1;CPXPARAM_MIP_Limits_GomoryCand=150;CPXPARAM_MIP_Limits_GomoryPass=0;CPXPARAM_MIP_Limits_Nodes=9223372036800000000;CPXPARAM_MIP_Limits_ProbeTime=1e+75;CPXPARAM_MIP_Limits_RepairTries=0;CPXPARAM_MIP_Limits_StrongCand=10;CPXPARAM_MIP_Limits_StrongIt=0;CPXPARAM_MIP_OrderType=0;CPXPARAM_MIP_Strategy_BBInterval=7;CPXPARAM_MIP_Strategy_Branch=0;CPXPARAM_MIP_Strategy_Dive=0;CPXPARAM_MIP_Strategy_File=1;CPXPARAM_MIP_Strategy_HeuristicFreq=0;CPXPARAM_MIP_Strategy_LBHeur=0;CPXPARAM_MIP_Strategy_NodeSelect=1;CPXPARAM_MIP_Strategy_Order=1;CPXPARAM_MIP_Strategy_PresolveNode=0;CPXPARAM_MIP_Strategy_Probe=0;CPXPARAM_MIP_Strategy_RINSHeur=0;CPXPARAM_MIP_Strategy_StartAlgorithm=0;CPXPARAM_MIP_Strategy_SubAlgorithm=0;CPXPARAM_MIP_Strategy_VariableSelect=0;CPXPARAM_Network_NetFind=2;CPXPARAM_Network_Pricing=0;CPXPARAM_Parallel=1;CPXPARAM_Preprocessing_Aggregator=-1;CPXPARAM_Preprocessing_BoundStrength=-1;CPXPARAM_Preprocessing_CoeffReduce=-1;CPXPARAM_Preprocessing_Dependency=3;CPXPARAM_Preprocessing_Dual=0;CPXPARAM_Preprocessing_Fill=10;CPXPARAM_Preprocessing_NumPass=-1;CPXPARAM_Preprocessing_Presolve=1;CPXPARAM_Preprocessing_QPMakePSD=1;CPXPARAM_Preprocessing_Reduce=3;CPXPARAM_Preprocessing_Relax=-1;CPXPARAM_Preprocessing_RepeatPresolve=-1;CPXPARAM_Preprocessing_Symmetry=-1;CPXPARAM_Read_Scale=0;CPXPARAM_Sifting_Algorithm=0;CPXPARAM_Simplex_Crash=1;CPXPARAM_Simplex_DGradient=0;CPXPARAM_Simplex_Limits_Perturbation=0;CPXPARAM_Simplex_Limits_Singularity=10;CPXPARAM_Simplex_PGradient=0;CPXPARAM_Simplex_Pricing=0;CPXPARAM_Simplex_Refactor=0
6676945163949781605,0,CPXPARAM_Advance=1;CPXPARAM_Barrier_Algorithm=0;CPXPARAM_Barrier_ColNonzeros=0;CPXPARAM_Barrier_Crossover=0;CPXPARAM_Barrier_Limits_Corrections=-1;CPXPARAM_Barrier_Ordering=0;CPXPARAM_Barrier_StartAlg=1;CPXPARAM_Emphasis_MIP=5;CPXPARAM_Emphasis_Memory=0;CPXPARAM_Emphasis_Numerical=0;CPXPARAM_Feasopt_Mode=0;CPXPARAM_LPMethod=0;CPXPARAM_MIP_Cuts_Cliques=3;CPXPARAM_MIP_Cuts_Covers=0;CPXPARAM_MIP_Cuts_Disjunctive=1;CPXPARAM_MIP_Cuts_FlowCovers=-1;CPXPARAM_MIP_Cuts_GUBCovers=1;CPXPARAM_MIP_Cuts_Gomory=0;CPXPARAM_MIP_Cuts_Implied=-1;CPXPARAM_MIP_Cuts_MIRCut=0;CPXPARAM_MIP_Cuts_PathCut=1;CPXPARAM_MIP_Limits_AggForCut=3;CPXPARAM_MIP_Limits_CutPasses=0;CPXPARAM_MIP_Limits_CutsFactor=-1;CPXPARAM_MIP_Limits_GomoryCand=10;CPXPARAM_MIP_Limits_GomoryPass=0;CPXPARAM_MIP_Limits_Nodes=9223372036800000000;CPXPARAM_MIP_Limits_ProbeTime=1e+75;CPXPARAM_MIP_Limits_RepairTries=0;CPXPARAM_MIP_Limits_StrongCand=10;CPXPARAM_MIP_Limits_StrongIt=0;CPXPARAM_MIP_OrderType=0;CPXPARAM_MIP_Strategy_BBInterval=7;CPXPARAM_MIP_Strategy_Branch=0;CPXPARAM_MIP_Strategy_Dive=0;CPXPARAM_MIP_Strategy_File=1;CPXPARAM_MIP_Strategy_HeuristicFreq=0;CPXPARAM_MIP_Strategy_LBHeur=0;CPXPARAM_MIP_Strategy_NodeSelect=1;CPXPARAM_MIP_Strategy_Order=1;CPXPARAM_MIP_Strategy_PresolveNode=0;CPXPARAM_MIP_Strategy_Probe=0;CPXPARAM_MIP_Strategy_RINSHeur=0;CPXPARAM_MIP_Strategy_StartAlgorithm=0;CPXPARAM_MIP_Strategy_SubAlgorithm=0;CPXPARAM_MIP_Strategy_VariableSelect=0;CPXPARAM_Network_NetFind=2;CPXPARAM_Network_Pricing=0;CPXPARAM_Parallel=1;CPXPARAM_Preprocessing_Aggregator=-1;CPXPARAM_Preprocessing_BoundStrength=-1;CPXPARAM_Preprocessing_CoeffReduce=-1;CPXPARAM_Preprocessing_Dependency=-1;CPXPARAM_Preprocessing_Dual=0;CPXPARAM_Preprocessing_Fill=10;CPXPARAM_Preprocessing_NumPass=-1;CPXPARAM_Preprocessing_Presolve=1;CPXPARAM_Preprocessing_QPMakePSD=1;CPXPARAM_Preprocessing_Reduce=3;CPXPARAM_Preprocessing_Relax=-1;CPXPARAM_Preprocessing_RepeatPresolve=-1;CPXPARAM_Preprocessing_Symmetry=-1;CPXPARAM_Read_Scale=0;CPXPARAM_Sifting_Algorithm=0;CPXPARAM_Simplex_Crash=1;CPXPARAM_Simplex_DGradient=0;CPXPARAM_Simplex_Limits_Perturbation=0;CPXPARAM_Simplex_Limits_Singularity=10;CPXPARAM_Simplex_PGradient=0;CPXPARAM_Simplex_Pricing=0;CPXPARAM_Simplex_Refactor=0
14755495626777709308,0,CPXPARAM_Advance=1;CPXPARAM_Barrier_Algorithm=0;CPXPARAM_Barrier_ColNonzeros=0;CPXPARAM_Barrier_Crossover=0;CPXPARAM_Barrier_Limits_Corrections=-1;CPXPARAM_Barrier_Ordering=0;CPXPARAM_Barrier_StartAlg=1;CPXPARAM_Emphasis_MIP=4;CPXPARAM_Emphasis_Memory=0;CPXPARAM_Emphasis_Numerical=0;CPXPARAM_Feasopt_Mode=0;CPXPARAM_LPMethod=1;CPXPARAM_MIP_Cuts_Cliques=-1;CPXPARAM_MIP_Cuts_Covers=0;CPXPARAM_MIP_Cuts_Disjunctive=-1;CPXPARAM_MIP_Cuts_FlowCovers=1;CPXPARAM_MIP_Cuts_GUBCovers=0;CPXPARAM_MIP_Cuts_Gomory=0;CPXPARAM_MIP_Cuts_Implied=0;CPXPARAM_MIP_Cuts_MIRCut=2;CPXPARAM_MIP_Cuts_PathCut=-1;CPXPARAM_MIP_Limits_AggForCut=3;CPXPARAM_MIP_Limits_CutPasses=0;CPXPARAM_MIP_Limits_CutsFactor=-1;CPXPARAM_MIP_Limits_GomoryCand=150;CPXPARAM_MIP_Limits_GomoryPass=0;CPXPARAM_MIP_Limits_Nodes=9223372036800000000;CPXPARAM_MIP_Limits_ProbeTime=1e+75;CPXPARAM_MIP_Limits_RepairTries=0;CPXPARAM_MIP_Limits_StrongCand=10;CPXPARAM_MIP_Limits_StrongIt=0;CPXPARAM_MIP_OrderType=0;CPXPARAM_MIP_Strategy_BBInterval=7;CPXPARAM_MIP_Strategy_Branch=0;CPXPARAM_MIP_Strategy_Dive=0;CPXPARAM_MIP_Strategy_File=1;CPXPARAM_MIP_Strategy_HeuristicFreq=0;CPXPARAM_MIP_Strategy_LBHeur=0;CPXPARAM_MIP_Strategy_NodeSelect=1;CPXPARAM_MIP_Strategy_Order=1;CPXPARAM_MIP_Strategy_PresolveNode=0;CPXPARAM_MIP_Strategy_Probe=-1;CPXPARAM_MIP_Strategy_RINSHeur=0;CPXPARAM_MIP_Strategy_StartAlgorithm=0;CPXPARAM_MIP_Strategy_SubAlgorithm=0;CPXPARAM_MIP_Strategy_VariableSelect=0;CPXPARAM_Network_NetFind=2;CPXPARAM_Network_Pricing=0;CPXPARAM_Parallel=1;CPXPARAM_Preprocessing_Aggregator=-1;CPXPARAM_Preprocessing_BoundStrength=-1;CPXPARAM_Preprocessing_CoeffReduce=-1;CPXPARAM_Preprocessing_Dependency=3;CPXPARAM_Preprocessing_Dual=0;CPXPARAM_Preprocessing_Fill=10;CPXPARAM_Preprocessing_NumPass=-1;CPXPARAM_Preprocessing_Presolve=1;CPXPARAM_Preprocessing_QPMakePSD=1;CPXPARAM_Preprocessing_Reduce=3;CPXPARAM_Preprocessing_Relax=-1;CPXPARAM_Preprocessing_RepeatPresolve=-1;CPXPARAM_Preprocessing_Symmetry=-1;CPXPARAM_Read_Scale=0;CPXPARAM_Sifting_Algorithm=0;CPXPARAM_Simplex_Crash=1;CPXPARAM_Simplex_DGradient=0;CPXPARAM_Simplex_Limits_Perturbation=0;CPXPARAM_Simplex_Limits_Singularity=10;CPXPARAM_Simplex_PGradient=0;CPXPARAM_Simplex_Pricing=0;CPXPARAM_Simplex_Refactor=0
5139886125786666133,0,CPXPARAM_Advance=1;CPXPARAM_Barrier_Algorithm=0;CPXPARAM_Barrier_ColNonzeros=0;CPXPARAM_Barrier_Crossover=0;CPXPARAM_Barrier_Limits_Corrections=-1;CPXPARAM_Barrier_Ordering=0;CPXPARAM_Barrier_StartAlg=1;CPXPARAM_Emphasis_MIP=4;CPXPARAM_Emphasis_Memory=0;CPXPARAM_Emphasis_Numerical=0;CPXPARAM_Feasopt_Mode=0;CPXPARAM_LPMethod=2;CPXPARAM_MIP_Cuts_Cliques=-1;CPXPARAM_MIP_Cuts_Covers=0;CPXPARAM_MIP_Cuts_Disjunctive=-1;CPXPARAM_MIP_Cuts_FlowCovers=1;CPXPARAM_MIP_Cuts_GUBCovers=0;CPXPARAM_MIP_Cuts_Gomory=0;CPXPARAM_MIP_Cuts_Implied=0;CPXPARAM_MIP_Cuts_MIRCut=2;CPXPARAM_MIP_Cuts_PathCut=-1;CPXPARAM_MIP_Limits_AggForCut=3;CPXPARAM_MIP_Limits_CutPasses=0;CPXPARAM_MIP_Limits_CutsFactor=-1;CPXPARAM_MIP_Limits_GomoryCand=150;CPXPARAM_MIP_Limits_GomoryPass=0;CPXPARAM_MIP_Limits_Nodes=9223372036800000000;CPXPARAM_MIP_Limits_ProbeTime=1e+75;CPXPARAM_MIP_Limits_RepairTries=0;CPXPARAM_MIP_Limits_StrongCand=10;CPXPARAM_MIP_Limits_StrongIt=0;CPXPARAM_MIP_OrderType=0;CPXPARAM_MIP_Strategy_BBInterval=7;CPXPARAM_MIP_Strategy_Branch=0;CPXPARAM_MIP_Strategy_Dive=0;CPXPARAM_MIP_Strategy_File=1;CPXPARAM_MIP_Strategy_HeuristicFreq=0;CPXPARAM_MIP_Strategy_LBHeur=0;CPXPARAM_MIP_Strategy_NodeSelect=1;CPXPARAM_MIP_Strategy_Order=1;CPXPARAM_MIP_Strategy_PresolveNode=0;CPXPARAM_MIP_Strategy_Probe=-1;CPXPARAM_MIP_Strategy_RINSHeur=0;CPXPARAM_MIP_Strategy_StartAlgorithm=0;CPXPARAM_MIP_Strategy_SubAlgorithm=0;CPXPARAM_MIP_Strategy_VariableSelect=0;CPXPARAM_Network_NetFind=2;CPXPARAM_Network_Pricing=0;CPXPARAM_Parallel=1;CPXPARAM_Preprocessing_Aggregator=-1;CPXPARAM_Preprocessing_BoundStrength=-1;CPXPARAM_Preprocessing_CoeffReduce=-1;CPXPARAM_Preprocessing_Dependency=3;CPXPARAM_Preprocessing_Dual=0;CPXPARAM_Preprocessing_Fill=10;CPXPARAM_Preprocessing_NumPass=-1;CPXPARAM_Preprocessing_Presolve=1;CPXPARAM_Preprocessing_QPMakePSD=1;CPXPARAM_Preprocessing_Reduce=3;CPXPARAM_Preprocessing_Relax=-1;CPXPARAM_Preprocessing_RepeatPresolve=-1;CPXPARAM_Preprocessing_Symmetry=-1;CPXPARAM_Read_Scale=0;CPXPARAM_Sifting_Algorithm=0;CPXPARAM_Simplex_Crash=1;CPXPARAM_Simplex_DGradient=0;CPXPARAM_Simplex_Limits_Perturbation=0;CPXPARAM_Simplex_Limits_Singularity=10;CPXPARAM_Simplex_PGradient=0;CPXPARAM_Simplex_Pricing=0;CPXPARAM_Simplex_Refactor=0
6222382020571470180,0,CPXPARAM_Advance=1;CPXPARAM_Barrier_Algorithm=0;CPXPARAM_Barrier_ColNonzeros=0;CPXPARAM_Barrier_Crossover=0;CPXPARAM_Barrier_Limits_Corrections=-1;CPXPARAM_Barrier_Ordering=0;CPXPARAM_Barrier_StartAlg=1;CPXPARAM_Emphasis_MIP=4;CPXPARAM_Emphasis_Memory=0;CPXPARAM_Emphasis_Numerical=0;CPXPARAM_Feasopt_Mode=0;CPXPARAM_LPMethod=0;CPXPARAM_MIP_Cuts_Cliques=-1;CPXPARAM_MIP_Cuts_Covers=0;CPXPARAM_MIP_Cuts_Disjunctive=-1;CPXPARAM_MIP_Cuts_FlowCovers=1;CPXPARAM_MIP_Cuts_GUBCovers=0;CPXPARAM_MIP_Cuts_Gomory=0;CPXPARAM_MIP_Cuts_Implied=0;CPXPARAM_MIP_Cuts_MIRCut=2;CPXPARAM_MIP_Cuts_PathCut=-1;CPXPARAM_MIP_Limits_AggForCut=3;CPXPARAM_MIP_Limits_CutPasses=0;CPXPARAM_MIP_Limits_CutsFactor=-1;CPXPARAM_MIP_Limits_GomoryCand=150;CPXPARAM_MIP_Limits_GomoryPass=0;CPXPARAM_MIP_Limits_Nodes=9223372036800000000;CPXPARAM_MIP_Limits_ProbeTime=1e+75;CPXPARAM_MIP_Limits_RepairTries=0;CPXPARAM_MIP_Limits_StrongCand=10;CPXPARAM_MIP_Limits_StrongIt=0;CPXPARAM_MIP_OrderType=0;CPXPARAM_MIP_Strategy_BBInterval=7;CPXPARAM_MIP_Strategy_Branch=0;CPXPARAM_MIP_Strategy_Dive=0;CPXPARAM_MIP_Strategy_File=1;CPXPARAM_MIP_Strategy_HeuristicFreq=0;CPXPARAM_MIP_Strategy_LBHeur=0;CPXPARAM_MIP_Strategy_NodeSelect=1;CPXPARAM_MIP_Strategy_Order=1;CPXPARAM_MIP_Strategy_PresolveNode=0;CPXPARAM_MIP_Strategy_Probe=-1;CPXPARAM_MIP_Strategy_RINSHeur=0;CPXPARAM_MIP_Strategy_StartAlgorithm=0;CPXPARAM_MIP_Strategy_SubAlgorithm=0;CPXPARAM_MIP_Strategy_VariableSelect=0;CPXPARAM_Network_NetFind=2;CPXPARAM_Network_Pricing=0;CPXPARAM_Parallel=1;CPXPARAM_Preprocessing_Aggregator=-1;CPXPARAM_Preprocessing_BoundStrength=-1;CPXPARAM_Preprocessing_CoeffReduce=-1;CPXPARAM_Preprocessing_Dependency=3;CPXPARAM_Preprocessing_Dual=0;CPXPARAM_Preprocessing_Fill=10;CPXPARAM_Preprocessing_NumPass=-1;CPXPARAM_Preprocessing_Presolve=1;CPXPARAM_Preprocessing_QPMakePSD=1;CPXPARAM_Preprocessing_Reduce=3;CPXPARAM_Preprocessing_Relax=-1;CPXPARAM_Preprocessing_RepeatPresolve=0;CPXPARAM_Preprocessing_Symmetry=-1;CPXPARAM_Read_Scale=0;CPXPARAM_Sifting_Algorithm=0;CPXPARAM_Simplex_Crash=1;CPXPARAM_Simplex_DGradient=0;CPXPARAM_Simplex_Limits_Perturbation=0;CPXPARAM_Simplex_Limits_Singularity=10;CPXPARAM_Simplex_PGradient=0;CPXPARAM_Simplex_Pricing=0;CPXPARAM_Simplex_Refactor=0
14963395738762280280,0,CPXPARAM_Advance=1;CPXPARAM_Barrier_Algorithm=0;CPXPARAM_Barrier_ColNonzeros=0;CPXPARAM_Barrier_Crossover=0;CPXPARAM_Barrier_Limits_Corrections=-1;CPXPARAM_Barrier_Ordering=0;CPXPARAM_Barrier_StartAlg=1;CPXPARAM_Emphasis_MIP=4;CPXPARAM_Emphasis_Memory=0;CPXPARAM_Emphasis_Numerical=0;CPXPARAM_Feasopt_Mode=0;CPXPARAM_LPMethod=3;CPXPARAM_MIP_Cuts_Cliques=-1;CPXPARAM_MIP_Cuts_Covers=0;CPXPARAM_MIP_Cuts_Disjunctive=-1;CPXPARAM_MIP_Cuts_FlowCovers=1;CPXPARAM_MIP_Cuts_GUBCovers=0;CPXPARAM_MIP_Cuts_Gomory=0;CPXPARAM_MIP_Cuts_Implied=0;CPXPARAM_MIP_Cuts_MIRCut=2;CPXPARAM_MIP_Cuts_PathCut=-1;CPXPARAM_MIP_Limits_AggForCut=3;CPXPARAM_MIP_Limits_CutPasses=0;CPXPARAM_MIP_Limits_CutsFactor=-1;CPXPARAM_MIP_Limits_GomoryCand=150;CPXPARAM_MIP_Limits_GomoryPass=0;CPXPARAM_MIP_Limits_Nodes=9223372036800000000;CPXPARAM_MIP_Limits_ProbeTime=1e+75;CPXPARAM_MIP_Limits_RepairTries=0;CPXPARAM_MIP_Limits_StrongCand=10;CPXPARAM_MIP_Limits_StrongIt=0;CPXPARAM_MIP_OrderType=0;CPXPARAM_MIP_Strategy_BBInterval=7;CPXPARAM_MIP_Strategy_Branch=0;CPXPARAM_MIP_Strategy_Dive=0;CPXPARAM_MIP_Strategy_File=1;CPXPARAM_MIP_Strategy_HeuristicFreq=0;CPXPARAM_MIP_Strategy_LBHeur=0;CPXPARAM_MIP_Strategy_NodeSelect=1;CPXPARAM_MIP_Strategy_Order=1;CPXPARAM_MIP_Strategy_PresolveNode=0;CPXPARAM_MIP_Strategy_Probe=-1;CPXPARAM_MIP_Strategy_RINSHeur=0;CPXPARAM_MIP_Strategy_StartAlgorithm=0;CPXPARAM_MIP_Strategy_SubAlgorithm=0;CPXPARAM_MIP_Strategy_VariableSelect=0;CPXPARAM_Network_NetFind=2;CPXPARAM_Network_Pricing=0;CPXPARAM_Parallel=1;CPXPARAM_Preprocessing_Aggregator=-1;CPXPARAM_Preprocessing_BoundStrength=-1;CPXPARAM_Preprocessing_CoeffReduce=-1;CPXPARAM_Preprocessing_Dependency=3;CPXPARAM_Preprocessing_Dual=0;CPXPARAM_Preprocessing_Fill=10;CPXPARAM_Preprocessing_NumPass=-1;CPXPARAM_Preprocessing_Presolve=1;CPXPARAM_Preprocessing_QPMakePSD=1;CPXPARAM_Preprocessing_Reduce=3;CPXPARAM_Preprocessing_Relax=-1;CPXPARAM_Preprocessing_RepeatPresolve=-1;CPXPARAM_Preprocessing_Symmetry=-1;CPXPARAM_Read_Scale=0;CPXPARAM_Sifting_Algorithm=0;CPXPARAM_Simplex_Crash=1;CPXPARAM_Simplex_DGradient=0;CPXPARAM_Simplex_Limits_Perturbation=0;CPXPARAM_Simplex_Limits_Singularity=10;CPXPARAM_Simplex_PGradient=0;CPXPARAM_Simplex_Pricing=0;CPXPARAM_Simplex_Refactor=0
15047672144358369750,0,CPXPARAM_Advance=1;CPXPARAM_Barrier_Algorithm=0;CPXPARAM_Barrier_ColNonzeros=0;CPXPARAM_Barrier_Crossover=0;CPXPARAM_Barrier_Limits_Corrections=-1;CPXPARAM_Barrier_Ordering=0;CPXPARAM_Barrier_StartAlg=1;CPXPARAM_Emphasis_MIP=4;CPXPARAM_Emphasis_Memory=0;CPXPARAM_Emphasis_Numerical=0;CPXPARAM_Feasopt_Mode=0;CPXPARAM_LPMethod=0;CPXPARAM_MIP_Cuts_Cliques=-1;CPXPARAM_MIP_Cuts_Covers=0;CPXPARAM_MIP_Cuts_Disjunctive=-1;CPXPARAM_MIP_Cuts_FlowCovers=1;CPXPARAM_MIP_Cuts_GUBCovers=0;CPXPARAM_MIP_Cuts_Gomory=0;CPXPARAM_MIP_Cuts_Implied=0;CPXPARAM_MIP_Cuts_MIRCut=2;CPXPARAM_MIP_Cuts_PathCut=-1;CPXPARAM_MIP_Limits_AggForCut=3;CPXPARAM_MIP_Limits_CutPasses=0;CPXPARAM_MIP_Limits_CutsFactor=-1;CPXPARAM_MIP_Limits_GomoryCand=150;CPXPARAM_MIP_Limits_GomoryPass=0;CPXPARAM_MIP_Limits_Nodes=9223372036800000000;CPXPARAM_MIP_Limits_ProbeTime=1e+75;CPXPARAM_MIP_Limits_RepairTries=0;CPXPARAM_MIP_Limits_StrongCand=10;CPXPARAM_MIP_Limits_StrongIt=0;CPXPARAM_MIP_OrderType=0;CPXPARAM_MIP_Strategy_BBInterval=7;CPXPARAM_MIP_Strategy_Branch=0;CPXPARAM_MIP_Strategy_Dive=0;CPXPARAM_MIP_Strategy_File=1;CPXPARAM_MIP_Strategy_HeuristicFreq=0;CPXPARAM_MIP_Strategy_LBHeur=0;CPXPARAM_MIP_Strategy_NodeSelect=1;CPXPARAM_MIP_Strategy_Order=1;CPXPARAM_MIP_Strategy_PresolveNode=0;CPXPARAM_MIP_Strategy_Probe=-1;CPXPARAM_MIP_Strategy_RINSHeur=0;CPXPARAM_MIP_Strategy_StartAlgorithm=0;CPXPARAM_MIP_Strategy_SubAlgorithm=5;CPXPARAM_MIP_Strategy_VariableSelect=0;CPXPARAM_Network_NetFind=2;CPXPARAM_Network_Pricing=0;CPXPARAM_Parallel=1;CPXPARAM_Preprocessing_Aggregator=-1;CPXPARAM_Preprocessing_BoundStrength=-1;CPXPARAM_Preprocessing_CoeffReduce=-1;CPXPARAM_Preprocessing_Dependency=-1;CPXPARAM_Preprocessing_Dual=0;CPXPARAM_Preprocessing_Fill=10;CPXPARAM_Preprocessing_NumPass=-1;CPXPARAM_Preprocessing_Presolve=1;CPXPARAM_Preprocessing_QPMakePSD=1;CPXPARAM_Preprocessing_Reduce=3;CPXPARAM_Preprocessing_Relax=-1;CPXPARAM_Preprocessing_RepeatPresolve=-1;CPXPARAM_Preprocessing_Symmetry=-1;CPXPARAM_Read_Scale=0;CPXPARAM_Sifting_Algorithm=0;CPXPARAM_Simplex_Crash=1;CPXPARAM_Simplex_DGradient=0;CPXPARAM_Simplex_Limits_Perturbation=0;CPXPARAM_Simplex_Limits_Singularity=10;CPXPARAM_Simplex_PGradient=0;CPXPARAM_Simplex_Pricing=0;CPXPARAM_Simplex_Refactor=0
56399785197276880,0,CPXPARAM_Advance=1;CPXPARAM_Barrier_Algorithm=0;CPXPARAM_Barrier_ColNonzeros=0;CPXPARAM_Barrier_Crossover=0;CPXPARAM_Barrier_Limits_Corrections=-1;CPXPARAM_Barrier_Ordering=0;CPXPARAM_Barrier_StartAlg=1;CPXPARAM_Emphasis_MIP=4;CPXPARAM_Emphasis_Memory=0;CPXPARAM_Emphasis_Numerical=0;CPXPARAM_Feasopt_Mode=0;CPXPARAM_LPMethod=0;CPXPARAM_MIP_Cuts_Cliques=-1;CPXPARAM_MIP_Cuts_Covers=0;CPXPARAM_MIP_Cuts_Disjunctive=-1;CPXPARAM_MIP_Cuts_FlowCovers=1;CPXPARAM_MIP_Cuts_GUBCovers=0;CPXPARAM_MIP_Cuts_Gomory=0;CPXPARAM_MIP_Cuts_Implied=0;CPXPARAM_MIP_Cuts_MIRCut=2;CPXPARAM_MIP_Cuts_PathCut=-1;CPXPARAM_MIP_Limits_AggForCut=3;CPXPARAM_MIP_Limits_CutPasses=0;CPXPARAM_MIP_Limits_CutsFactor=-1;CPXPARAM_MIP_Limits_GomoryCand=150;CPXPARAM_MIP_Limits_GomoryPass=0;CPXPARAM_MIP_Limits_Nodes=9223372036800000000;CPXPARAM_MIP_Limits_ProbeTime=1e+75;CPXPARAM_MIP_Limits_RepairTries=0;CPXPARAM_MIP_Limits_StrongCand=10;CPXPARAM_MIP_Limits_StrongIt=0;CPXPARAM_MIP_OrderType=0;CPXPARAM_MIP_Strategy_BBInterval=7;CPXPARAM_MIP_Strategy_Branch=0;CPXPARAM_MIP_Strategy_Dive=0;CPXPARAM_MIP_Strategy_File=1;CPXPARAM_MIP_Strategy_HeuristicFreq=0;CPXPARAM_MIP_Strategy_LBHeur=0;CPXPARAM_MIP_Strategy_NodeSelect=1;CPXPARAM_MIP_Strategy_Order=1;CPXPARAM_MIP_Strategy_PresolveNode=0;CPXPARAM_MIP_Strategy_Probe=-1;CPXPARAM_MIP_Strategy_RINSHeur=0;CPXPARAM_MIP_Strategy_StartAlgorithm=0;CPXPARAM_MIP_Strategy_SubAlgorithm=0;CPXPARAM_MIP_Strategy_VariableSelect=4;CPXPARAM_Network_NetFind=2;CPXPARAM_Network_Pricing=0;CPXPARAM_Parallel=1;CPXPARAM_Preprocessing_Aggregator=-1;CPXPARAM_Preprocessing_BoundStrength=-1;CPXPARAM_Preprocessing_CoeffReduce=-1;CPXPARAM_Preprocessing_Dependency=3;CPXPARAM_Preprocessing_Dual=0;CPXPARAM_Preprocessing_Fill=10;CPXPARAM_Preprocessing_NumPass=-1;CPXPARAM_Preprocessing_Presolve=1;CPXPARAM_Preprocessing_QPMakePSD=1;CPXPARAM_Preprocessing_Reduce=3;CPXPARAM_Preprocessing_Relax=-1;CPXPARAM_Preprocessing_RepeatPresolve=-1;CPXPARAM_Preprocessing_Symmetry=-1;CPXPARAM_Read_Scale=0;CPXPARAM_Sifting_Algorithm=0;CPXPARAM_Simplex_Crash=1;CPXPARAM_Simplex_DGradient=0;CPXPARAM_Simplex_Limits_Perturbation=0;CPXPARAM_Simplex_Limits_Singularity=10;CPXPARAM_Simplex_PGradient=0;CPXPARAM_Simplex_Pricing=0;CPXPARAM_Simplex_Refactor=0
2337270836144037634,0,CPXPARAM_Advance=1;CPXPARAM_Barrier_Algorithm=0;CPXPARAM_Barrier_ColNonzeros=0;CPXPARAM_Barrier_Crossover=0;CPXPARAM_Barrier_Limits_Corrections=-1;CPXPARAM_Barrier_Ordering=0;CPXPARAM_Barrier_StartAlg=1;CPXPARAM_Emphasis_MIP=4;CPXPARAM_Emphasis_Memory=0;CPXPARAM_Emphasis_Numerical=0;CPXPARAM_Feasopt_Mode=0;CPXPARAM_LPMethod=5;CPXPARAM_MIP_Cuts_Cliques=-1;CPXPARAM_MIP_Cuts_Covers=0;CPXPARAM_MIP_Cuts_Disjunctive=-1;CPXPARAM_MIP_Cuts_FlowCovers=1;CPXPARAM_MIP_Cuts_GUBCovers=0;CPXPARAM_MIP_Cuts_Gomory=0;CPXPARAM_MIP_Cuts_Implied=0;CPXPARAM_MIP_Cuts_MIRCut=2;CPXPARAM_MIP_Cuts_PathCut=-1;CPXPARAM_MIP_Limits_AggForCut=3;CPXPARAM_MIP_Limits_CutPasses=0;CPXPARAM_MIP_Limits_CutsFactor=-1;CPXPARAM_MIP_Limits_GomoryCand=150;CPXPARAM_MIP_Limits_GomoryPass=0;CPXPARAM_MIP_Limits_Nodes=9223372036800000000;CPXPARAM_MIP_Limits_ProbeTime=1e+75;CPXPARAM_MIP_Limits_RepairTries=0;CPXPARAM_MIP_Limits_StrongCand=10;CPXPARAM_MIP_Limits_StrongIt=0;CPXPARAM_MIP_OrderType=0;CPXPARAM_MIP_Strategy_BBInterval=7;CPXPARAM_MIP_Strategy_Branch=0;CPXPARAM_MIP_Strategy_Dive=0;CPXPARAM_MIP_Strategy_File=1;CPXPARAM_MIP_Strategy_HeuristicFreq=0;CPXPARAM_MIP_Strategy_LBHeur=0;CPXPARAM_MIP_Strategy_NodeSelect=1;CPXPARAM_MIP_Strategy_Order=1;CPXPARAM_MIP_Strategy_PresolveNode=0;CPXPARAM_MIP_Strategy_Probe=-1;CPXPARAM_MIP_Strategy_RINSHeur=0;CPXPARAM_MIP_Strategy_StartAlgorithm=0;CPXPARAM_MIP_Strategy_SubAlgorithm=0;CPXPARAM_MIP_Strategy_VariableSelect=0;CPXPARAM_Network_NetFind=2;CPXPARAM_Network_Pricing=0;CPXPARAM_Parallel=1;CPXPARAM_Preprocessing_Aggregator=-1;CPXPARAM_Preprocessing_BoundStrength=-1;CPXPARAM_Preprocessing_CoeffReduce=-1;CPXPARAM_Preprocessing_Dependency=3;CPXPARAM_Preprocessing_Dual=0;CPXPARAM_Preprocessing_Fill=10;CPXPARAM_Preprocessing_NumPass=-1;CPXPARAM_Preprocessing_Presolve=1;CPXPARAM_Preprocessing_QPMakePSD=1;CPXPARAM_Preprocessing_Reduce=3;CPXPARAM_Preprocessing_Relax=-1;CPXPARAM_Preprocessing_RepeatPresolve=-1;CPXPARAM_Preprocessing_Symmetry=-1;CPXPARAM_Read_Scale=0;CPXPARAM_Sifting_Algorithm=0;CPXPARAM_Simplex_Crash=1;CPXPARAM_Simplex_DGradient=0;CPXPARAM_Simplex_Limits_Perturbation=0;CPXPARAM_Simplex_Limits_Singularity=10;CPXPARAM_Simplex_PGradient=0;CPXPARAM_Simplex_Pricing=0;CPXPARAM_Simplex_Refactor=0
2758360508712378616,0,CPXPARAM_Advance=1;CPXPARAM_Barrier_Algorithm=0;CPXPARAM_Barrier_ColNonzeros=0;CPXPARAM_Barrier_Crossover=0;CPXPARAM_Barrier_Limits_Corrections=-1;CPXPARAM_Barrier_Ordering=0;CPXPARAM_Barrier_StartAlg=1;CPXPARAM_Emphasis_MIP=4;CPXPARAM_Emphasis_Memory=0;CPXPARAM_Emphasis_Numerical=0;CPXPARAM_Feasopt_Mode=0;CPXPARAM_LPMethod=6;CPXPARAM_MIP_Cuts_Cliques=-1;CPXPARAM_MIP_Cuts_Covers=0;CPXPARAM_MIP_Cuts_Disjunctive=-1;CPXPARAM_MIP_Cuts_FlowCovers=1;CPXPARAM_MIP_Cuts_GUBCovers=0;CPXPARAM_MIP_Cuts_Gomory=0;CPXPARAM_MIP_Cuts_Implied=0;CPXPARAM_MIP_Cuts_MIRCut=2;CPXPARAM_MIP_Cuts_PathCut=-1;CPXPARAM_MIP_Limits_AggForCut=3;CPXPARAM_MIP_Limits_CutPasses=0;CPXPARAM_MIP_Limits_CutsFactor=-1;CPXPARAM_MIP_Limits_GomoryCand=150;CPXPARAM_MIP_Limits_GomoryPass=0;CPXPARAM_MIP_Limits_Nodes=9223372036800000000;CPXPARAM_MIP_Limits_ProbeTime=1e+75;CPXPARAM_MIP_Limits_RepairTries=0;CPXPARAM_MIP_Limits_StrongCand=10;CPXPARAM_MIP_Limits_StrongIt=0;CPXPARAM_MIP_OrderType=0;CPXPARAM_MIP_Strategy_BBInterval=7;CPXPARAM_MIP_Strategy_Branch=0;CPXPARAM_MIP_Strategy_Dive=0;CPXPARAM_MIP_Strategy_File=1;CPXPARAM_MIP_Strategy_HeuristicFreq=0;CPXPARAM_MIP_Strategy_LBHeur=0;CPXPARAM_MIP_Strategy_NodeSelect=1;CPXPARAM_MIP_Strategy_Order=1;CPXPARAM_MIP_Strategy_PresolveNode=0;CPXPARAM_MIP_Strategy_Probe=-1;CPXPARAM_MIP_Strategy_RINSHeur=0;CPXPARAM_MIP_Strategy_StartAlgorithm=0;CPXPARAM_MIP_Strategy_SubAlgorithm=0;CPXPARAM_MIP_Strategy_VariableSelect=0;CPXPARAM_Network_NetFind=2;CPXPARAM_Network_Pricing=0;CPXPARAM_Parallel=1;CPXPARAM_Preprocessing_Aggregator=-1;CPXPARAM_Preprocessing_BoundStrength=-1;CPXPARAM_Preprocessing_CoeffReduce=-1;CPXPARAM_Preprocessing_Dependency=3;CPXPARAM_Preprocessing_Dual=0;CPXPARAM_Preprocessing_Fill=10;CPXPARAM_Preprocessing_NumPass=-1;CPXPARAM_Preprocessing_Presolve=1;CPXPARAM_Preprocessing_QPMakePSD=1;CPXPARAM_Preprocessing_Reduce=3;CPXPARAM_Preprocessing_Relax=-1;CPXPARAM_Preprocessing_RepeatPresolve=-1;CPXPARAM_Preprocessing_Symmetry=-1;CPXPARAM_Read_Scale=0;CPXPARAM_Sifting_Algorithm=0;CPXPARAM_Simplex_Crash=1;CPXPARAM_Simplex_DGradient=0;CPXPARAM_Simplex_Limits_Perturbation=0;CPXPARAM_Simplex_Limits_Singularity=10;CPXPARAM_Simplex_PGradient=0;CPXPARAM_Simplex_Pricing=0;CPXPARAM_Simplex_Refactor=0
14124689108143588925,0,CPXPARAM_Advance=1;CPXPARAM_Barrier_Algorithm=0;CPXPARAM_Barrier_ColNonzeros=0;CPXPARAM_Barrier_Crossover=0;CPXPARAM_Barrier_Limits_Corrections=-1;CPXPARAM_Barrier_Ordering=0;CPXPARAM_Barrier_StartAlg=1;CPXPARAM_Emphasis_MIP=4;CPXPARAM_Emphasis_Memory=0;CPXPARAM_Emphasis_Numerical=0;CPXPARAM_Feasopt_Mode=0;CPXPARAM_LPMethod=0;CPXPARAM_MIP_Cuts_Cliques=-1;CPXPARAM_MIP_Cuts_Covers=0;CPXPARAM_MIP_Cuts_Disjunctive=-1;CPXPARAM_MIP_Cuts_FlowCovers=1;CPXPARAM_MIP_Cuts_GUBCovers=0;CPXPARAM_MIP_Cuts_Gomory=0;CPXPARAM_MIP_Cuts_Implied=0;CPXPARAM_MIP_Cuts_MIRCut=2;CPXPARAM_MIP_Cuts_PathCut=-1;CPXPARAM_MIP_Limits_AggForCut=3;CPXPARAM_MIP_Limits_CutPasses=0;CPXPARAM_MIP_Limits_CutsFactor=-1;CPXPARAM_MIP_Limits_GomoryCand=150;CPXPARAM_MIP_Limits_GomoryPass=0;CPXPARAM_MIP_Limits_Nodes=9223372036800000000;CPXPARAM_MIP_Limits_ProbeTime=1e+75;CPXPARAM_MIP_Limits_RepairTries=0;CPXPARAM_MIP_Limits_StrongCand=10;CPXPARAM_MIP_Limits_StrongIt=0;CPXPARAM_MIP_OrderType=0;CPXPARAM_MIP_Strategy_BBInterval=7;CPXPARAM_MIP_Strategy_Branch=0;CPXPARAM_MIP_Strategy_Dive=0;CPXPARAM_MIP_Strategy_File=1;CPXPARAM_MIP_Strategy_HeuristicFreq=0;CPXPARAM_MIP_Strategy_LBHeur=0;CPXPARAM_MIP_Strategy_NodeSelect=1;CPXPARAM_MIP_Strategy_Order=1;CPXPARAM_MIP_Strategy_PresolveNode=0;CPXPARAM_MIP_Strategy_Probe=-1;CPXPARAM_MIP_Strategy_RINSHeur=0;CPXPARAM_MIP_Strategy_StartAlgorithm=0;CPXPARAM_MIP_Strategy_SubAlgorithm=0;CPXPARAM_MIP_Strategy_VariableSelect=0;CPXPARAM_Network_NetFind=2;CPXPARAM_Network_Pricing=0;CPXPARAM_Parallel=1;CPXPARAM_Preprocessing_Aggregator=-1;CPXPARAM_Preprocessing_BoundStrength=-1;CPXPARAM_Preprocessing_CoeffReduce=-1;CPXPARAM_Preprocessing_Dependency=3;CPXPARAM_Preprocessing_Dual=0;CPXPARAM_Preprocessing_Fill=10;CPXPARAM_Preprocessing_NumPass=-1;CPXPARAM_Preprocessing_Presolve=1;CPXPARAM_Preprocessing_QPMakePSD=1;CPXPARAM_Preprocessing_Reduce=3;CPXPARAM_Preprocessing_Relax=-1;CPXPARAM_Preprocessing_RepeatPresolve=-1;CPXPARAM_Preprocessing_Symmetry=-1;CPXPARAM_Read_Scale=1;CPXPARAM_Sifting_Algorithm=0;CPXPARAM_Simplex_Crash=1;CPXPARAM_Simplex_DGradient=0;CPXPARAM_Simplex_Limits_Perturbation=0;CPXPARAM_Simplex_Limits_Singularity=10;CPXPARAM_Simplex_PGradient=0;CPXPARAM_Simplex_Pricing=0;CPXPARAM_Simplex_Refactor=0
3979592567884397919,0,CPXPARAM_Advance=1;CPXPARAM_Barrier_Algorithm=0;CPXPARAM_Barrier_ColNonzeros=0;CPXPARAM_Barrier_Crossover=0;CPXPARAM_Barrier_Limits_Corrections=-1;CPXPARAM_Barrier_Ordering=0;CPXPARAM_Barrier_StartAlg=1;CPXPARAM_Emphasis_MIP=4;CPXPARAM_Emphasis_Memory=0;CPXPARAM_Emphasis_Numerical=0;CPXPARAM_Feasopt_Mode=0;CPXPARAM_LPMethod=0;CPXPARAM_MIP_Cuts_Cliques=-1;CPXPARAM_MIP_Cuts_Covers=0;CPXPARAM_MIP_Cuts_Disjunctive=-1;CPXPARAM_MIP_Cuts_FlowCovers=1;CPXPARAM_MIP_Cuts_GUBCovers=0;CPXPARAM_MIP_Cuts_Gomory=0;CPXPARAM_MIP_Cuts_Implied=0;CPXPARAM_MIP_Cuts_MIRCut=2;CPXPARAM_MIP_Cuts_PathCut=0;CPXPARAM_MIP_Limits_AggForCut=3;CPXPARAM_MIP_Limits_CutPasses=0;CPXPARAM_MIP_Limits_CutsFactor=-1;CPXPARAM_MIP_Limits_GomoryCand=150;CPXPARAM_MIP_Limits_GomoryPass=0;CPXPARAM_MIP_Limits_Nodes=9223372036800000000;CPXPARAM_MIP_Limits_ProbeTime=1e+75;CPXPARAM_MIP_Limits_RepairTries=0;CPXPARAM_MIP_Limits_StrongCand=10;CPXPARAM_MIP_Limits_StrongIt=0;CPXPARAM_MIP_OrderType=0;CPXPARAM_MIP_Strategy_BBInterval=7;CPXPARAM_MIP_Strategy_Branch=0;CPXPARAM_MIP_Strategy_Dive=0;CPXPARAM_MIP_Strategy_File=1;CPXPARAM_MIP_Strategy_HeuristicFreq=0;CPXPARAM_MIP_Strategy_LBHeur=0;CPXPARAM_MIP_Strategy_NodeSelect=1;CPXPARAM_MIP_Strategy_Order=1;CPXPARAM_MIP_Strategy_PresolveNode=0;CPXPARAM_MIP_Strategy_Probe=-1;CPXPARAM_MIP_Strategy_RINSHeur=0;CPXPARAM_MIP_Strategy_StartAlgorithm=0;CPXPARAM_MIP_Strategy_SubAlgorithm=0;CPXPARAM_MIP_Strategy_VariableSelect=0;CPXPARAM_Network_NetFind=2;CPXPARAM_Network_Pricing=0;CPXPARAM_Parallel=1;CPXPARAM_Preprocessing_Aggregator=-1;CPXPARAM_Preprocessing_BoundStrength=-1;CPXPARAM_Preprocessing_CoeffReduce=-1;CPXPARAM_Preprocessing_Dependency=-1;CPXPARAM_Preprocessing_Dual=0;CPXPARAM_Preprocessing_Fill=10;CPXPARAM_Preprocessing_NumPass=-1;CPXPARAM_Preprocessing_Presolve=1;CPXPARAM_Preprocessing_QPMakePSD=1;CPXPARAM_Preprocessing_Reduce=3;CPXPARAM_Preprocessing_Relax=-1;CPXPARAM_Preprocessing_RepeatPresolve=-1;CPXPARAM_Preprocessing_Symmetry=-1;CPXPARAM_Read_Scale=0;CPXPARAM_Sifting_Algorithm=0;CPXPARAM_Simplex_Crash=1;CPXPARAM_Simplex_DGradient=0;CPXPARAM_Simplex_Limits_Perturbation=0;CPXPARAM_Simplex_Limits_Singularity=10;CPXPARAM_Simplex_PGradient=0;CPXPARAM_Simplex_Pricing=0;CPXPARAM_Simplex_Refactor=0
2959230828101364025,0,CPXPARAM_Advance=1;CPXPARAM_Barrier_Algorithm=0;CPXPARAM_Barrier_ColNonzeros=0;CPXPARAM_Barrier_Crossover=0;CPXPARAM_Barrier_Limits_Corrections=-1;CPXPARAM_Barrier_Ordering=0;CPXPARAM_Barrier_StartAlg=1;CPXPARAM_Emphasis_MIP=4;CPXPARAM_Emphasis_Memory=0;CPXPARAM_Emphasis_Numerical=0;CPXPARAM_Feasopt_Mode=0;CPXPARAM_LPMethod=0;CPXPARAM_MIP_Cuts_Cliques=-1;CPXPARAM_MIP_Cuts_Covers=0;CPXPARAM_MIP_Cuts_Disjunctive=-1;CPXPARAM_MIP_Cuts_FlowCovers=1;CPXPARAM_MIP_Cuts_GUBCovers=0;CPXPARAM_MIP_Cuts_Gomory=0;CPXPARAM_MIP_Cuts_Implied=0;CPXPARAM_MIP_Cuts_MIRCut=2;CPXPARAM_MIP_Cuts_PathCut=-1;CPXPARAM_MIP_Limits_AggForCut=3;CPXPARAM_MIP_Limits_CutPasses=0;CPXPARAM_MIP_Limits_CutsFactor=-1;CPXPARAM_MIP_Limits_GomoryCand=150;CPXPARAM_MIP_Limits_GomoryPass=0;CPXPARAM_MIP_Limits_Nodes=9223372036800000000;CPXPARAM_MIP_Limits_ProbeTime=1e+75;CPXPARAM_MIP_Limits_RepairTries=0;CPXPARAM_MIP_Limits_StrongCand=10;CPXPARAM_MIP_Limits_StrongIt=0;CPXPARAM_MIP_OrderType=0;CPXPARAM_MIP_Strategy_BBInterval=7;CPXPARAM_MIP_Strategy_Branch=0;CPXPARAM_MIP_Strategy_Dive=0;CPXPARAM_MIP_Strategy_File=1;CPXPARAM_MIP_Strategy_HeuristicFreq=0;CPXPARAM_MIP_Strategy_LBHeur=0;CPXPARAM_MIP_Strategy_NodeSelect=1;CPXPARAM_MIP_Strategy_Order=1;CPXPARAM_MIP_Strategy_PresolveNode=0;CPXPARAM_MIP_Strategy_Probe=-1;CPXPARAM_MIP_Strategy_RINSHeur=0;CPXPARAM_MIP_Strategy_StartAlgorithm=0;CPXPARAM_MIP_Strategy_SubAlgorithm=0;CPXPARAM_MIP_Strategy_VariableSelect=0;CPXPARAM_Network_NetFind=2;CPXPARAM_Network_Pricing=0;CPXPARAM_Parallel=1;CPXPARAM_Preprocessing_Aggregator=-1;CPXPARAM_Preprocessing_BoundStrength=-1;CPXPARAM_Preprocessing_CoeffReduce=-1;CPXPARAM_Preprocessing_Dependency=3;CPXPARAM_Preprocessing_Dual=0;CPXPARAM_Preprocessing_Fill=10;CPXPARAM_Preprocessing_NumPass=-1;CPXPARAM_Preprocessing_Presolve=1;CPXPARAM_Preprocessing_QPMakePSD=1;CPXPARAM_Preprocessing_Reduce=3;CPXPARAM_Preprocessing_Relax=-1;CPXPARAM_Preprocessing_RepeatPresolve=-1;CPXPARAM_Preprocessing_Symmetry=-1;CPXPARAM_Read_Scale=0;CPXPARAM_Sifting_Algorithm=0;CPXPARAM_Simplex_Crash=1;CPXPARAM_Simplex_DGradient=0;CPXPARAM_Simplex_Limits_Perturbation=0;CPXPARAM_Simplex_Limits_Singularity=2;CPXPARAM_Simplex_PGradient=0;CPXPARAM_Simplex_Pricing=0;CPXPARAM_Simplex_Refactor=0
