1,0,0,0,-1,0,1,4,0,0,0,0,3,-1,-1,1,0,0,-1,-1,2,3,0,-1,50,0,9223372036800000000,1e+75,0,10,0,0,7,-1,0,1,-1,0,1,1,-1,0,0,0,0,0,2,0,1,-1,-1,-1,-1,0,10,-1,1,1,3,-1,-1,-1,0,0,1,0,0,10,0,0,0,1.54983e+14
1,0,0,0,-1,0,1,4,0,0,0,0,3,-1,-1,1,0,0,-1,-1,2,3,0,-1,50,0,9223372036800000000,1e+75,0,10,0,0,7,-1,0,1,0,1,1,1,-1,0,0,0,0,0,2,0,1,-1,-1,-1,-1,0,10,-1,1,1,3,-1,-1,-1,0,0,1,0,0,10,0,0,0,5.96
1,0,0,0,-1,0,1,4,0,0,0,0,3,-1,-1,1,0,0,-1,-1,2,3,0,-1,50,0,9223372036800000000,1e+75,0,10,0,0,7,-1,0,1,0,0,1,1,-1,0,0,0,0,0,2,0,1,-1,-1,-1,-1,1,10,-1,1,1,3,-1,-1,-1,0,0,1,0,0,10,0,0,0,5.94
1,0,0,0,-1,0,1,4,0,0,0,0,3,-1,-1,1,0,0,-1,-1,2,3,0,-1,50,0,9223372036800000000,1e+75,0,10,0,0,7,-1,0,1,0,0,1,1,-1,0,0,0,0,0,2,0,1,-1,-1,-1,-1,-1,10,-1,1,1,3,-1,-1,-1,0,0,1,0,0,10,0,0,0,3.16
1,0,0,0,-1,0,1,4,0,0,0,0,3,-1,-1,1,0,0,-1,-1,2,3,0,-1,50,0,9223372036800000000,1e+75,0,10,0,0,7,-1,0,1,0,0,1,1,-1,0,0,0,0,0,2,0,1,-1,-1,-1,-1,0,10,-1,1,1,3,-1,-1,5,0,0,1,0,0,10,0,0,0,3.16
1,0,0,0,-1,0,1,4,0,0,0,0,3,-1,-1,1,0,0,-1,-1,2,3,0,-1,50,0,9223372036800000000,1e+75,0,10,0,0,7,-1,0,1,0,0,1,1,-1,0,0,0,0,0,2,0,1,-1,-1,-1,-1,0,10,-1,1,1,3,-1,-1,4,0,0,1,0,0,10,0,0,0,3.18
1,0,0,0,-1,0,1,4,0,0,0,0,3,-1,-1,1,0,0,-1,-1,2,3,0,-1,50,0,9223372036800000000,1e+75,0,10,0,0,7,-1,0,1,0,0,1,1,-1,0,0,0,0,0,2,0,1,-1,-1,-1,-1,0,10,-1,1,1,3,-1,-1,3,0,0,1,0,0,10,0,0,0,3.16
1,0,0,0,-1,0,1,4,0,0,0,0,3,-1,-1,1,0,0,-1,-1,2,3,0,-1,50,0,9223372036800000000,1e+75,0,10,0,0,7,-1,0,1,0,0,1,1,-1,0,0,0,0,0,2,0,1,-1,-1,-1,-1,0,10,-1,1,1,3,-1,-1,1,0,0,1,0,0,10,0,0,0,3.16
1,0,0,0,-1,0,1,4,0,0,0,0,3,-1,-1,1,0,0,-1,-1,2,3,0,-1,50,0,9223372036800000000,1e+75,0,10,0,0,7,-1,0,1,0,0,1,1,-1,0,0,0,0,0,2,0,1,-1,-1,-1,-1,0,10,-1,1,1,3,-1,-1,0,0,0,1,0,0,10,0,0,0,3.16
1,0,0,0,-1,0,1,4,0,0,0,0,3,-1,-1,1,0,0,-1,-1,2,3,0,-1,50,0,9223372036800000000,1e+75,0,10,0,0,7,-1,0,1,0,0,1,1,-1,0,0,0,0,0,2,0,1,-1,-1,-1,-1,0,10,-1,0,1,3,-1,-1,-1,0,0,1,0,0,10,0,0,0,6.42
1,0,0,0,-1,0,1,4,0,0,0,0,3,-1,-1,1,0,0,-1,-1,2,3,0,-1,50,0,9223372036800000000,1e+75,0,10,0,0,7,-1,0,1,0,0,1,0,-1,0,0,0,0,0,2,0,1,-1,-1,-1,-1,0,10,-1,1,1,3,-1,-1,-1,0,0,1,0,0,10,0,0,0,3.16
1,0,0,0,-1,0,1,4,0,0,0,0,3,2,-1,1,1,1,-1,1,-1,3,0,4,10,0,9223372036800000000,2,0,10,0,0,7,-1,0,1,0,0,1,1,2,-1,0,0,0,0,2,0,1,-1,-1,-1,-1,0,10,-1,1,1,3,-1,-1,-1,0,0,1,0,0,10,0,0,0,5.65
1,0,0,0,-1,0,1,4,0,0,0,0,3,1,-1,1,1,1,-1,1,-1,3,0,1,10,0,9223372036800000000,2,0,10,0,0,7,-1,0,1,0,0,1,1,2,-1,0,0,0,0,2,0,1,-1,-1,-1,-1,0,10,-1,1,1,3,-1,-1,-1,0,0,1,0,0,10,0,0,0,3.23
1,0,0,0,-1,0,1,4,0,0,0,0,3,2,-1,1,1,1,-1,1,-1,3,0,1,10,0,9223372036800000000,30,0,10,0,0,7,-1,0,1,0,0,1,1,2,-1,0,0,0,0,2,0,1,-1,-1,-1,-1,0,10,-1,1,1,3,-1,-1,-1,0,0,1,0,0,10,0,0,0,3.23
1,0,0,0,-1,0,1,4,0,0,0,0,3,2,-1,1,1,1,-1,1,-1,3,0,1,10,0,9223372036800000000,2,0,10,0,0,7,-1,0,1,0,0,1,1,2,-1,0,0,0,4,2,0,1,-1,-1,-1,-1,0,10,-1,1,1,3,-1,-1,-1,0,0,1,0,0,10,0,0,0,3.23
1,0,0,0,-1,0,1,4,0,0,0,0,3,2,-1,1,1,1,-1,1,-1,3,0,1,10,0,9223372036800000000,2,0,10,0,0,7,-1,0,1,0,0,1,1,2,1,0,0,0,0,2,0,1,-1,-1,-1,-1,0,10,-1,1,1,3,-1,-1,-1,0,0,1,0,0,10,0,0,0,6.95
1,0,0,0,-1,0,1,4,0,0,0,0,1,1,0,1,-1,1,1,-1,-1,3,0,16,10,0,9223372036800000000,20,0,10,0,0,7,1,0,1,0,0,1,1,2,1,0,0,0,4,2,0,1,-1,-1,-1,-1,0,10,-1,1,1,3,-1,-1,-1,0,0,1,0,0,10,0,0,0,6.88
1,0,0,0,-1,0,1,0,0,0,0,0,3,-1,0,1,2,0,1,2,-1,3,0,1,10,0,9223372036800000000,10,0,10,0,0,7,1,0,1,0,0,1,1,1,-1,0,0,0,-1,2,0,1,-1,-1,-1,-1,0,10,-1,1,1,3,-1,-1,-1,0,0,1,0,0,10,0,0,0,6.57
1,0,0,0,-1,0,1,0,0,0,0,0,-1,1,-1,0,0,2,-1,1,2,3,0,-1,50,0,9223372036800000000,20,0,10,0,0,7,0,0,1,0,0,1,1,0,-1,0,0,0,2,2,0,1,-1,-1,-1,-1,0,10,-1,1,1,3,-1,-1,-1,0,0,1,0,0,10,0,0,0,5.66
1,0,0,0,-1,0,1,4,0,0,0,0,0,1,-1,0,0,2,1,2,-1,3,0,8,10,0,9223372036800000000,40,0,10,0,0,7,-1,0,1,0,0,1,1,1,1,0,0,0,0,2,0,1,-1,-1,-1,-1,0,10,-1,1,1,3,-1,-1,-1,0,0,1,0,0,10,0,0,0,6.88
1,0,0,0,-1,0,1,4,0,0,0,0,1,2,-1,1,1,-1,1,0,2,3,0,1,10,0,9223372036800000000,1e+75,0,10,0,0,7,1,0,1,0,0,1,1,3,1,0,0,0,1,2,0,1,-1,-1,-1,-1,0,10,-1,1,1,3,-1,-1,-1,0,0,1,0,0,10,0,0,0,6.07
1,0,0,0,-1,0,1,4,0,0,0,0,3,2,-1,-1,1,0,1,1,2,3,0,1,50,0,9223372036800000000,120,0,10,0,0,7,0,0,1,0,0,1,1,3,1,0,0,0,1,2,0,1,-1,-1,-1,-1,0,10,-1,1,1,3,-1,-1,-1,0,0,1,0,0,10,0,0,0,6.69
1,0,0,0,-1,0,1,4,0,0,0,0,3,2,-1,1,1,2,-1,1,-1,3,0,1,10,0,9223372036800000000,2,0,10,0,0,7,-1,0,1,0,0,1,1,2,-1,0,0,0,0,2,0,1,-1,-1,-1,-1,0,10,-1,1,1,3,-1,-1,-1,0,0,1,0,0,10,0,0,0,3.23
1,0,0,0,-1,0,1,0,0,0,0,0,1,0,0,-1,-1,2,1,-1,0,3,0,-1,150,0,9223372036800000000,1e+75,0,10,0,0,7,0,0,1,0,0,1,1,1,0,0,0,0,0,2,0,1,-1,-1,-1,-1,0,10,-1,1,1,3,-1,-1,-1,0,0,1,0,0,10,0,0,0,5.57
1,0,0,0,-1,0,1,0,0,0,0,0,1,0,0,-1,-1,2,1,-1,0,3,0,-1,150,0,9223372036800000000,50,0,10,0,0,7,0,0,1,0,0,1,1,0,0,0,0,0,0,2,0,1,-1,-1,-1,-1,0,10,-1,1,1,3,-1,-1,-1,0,0,1,0,0,10,0,0,0,6.02
1,0,0,0,-1,0,1,0,0,0,0,0,1,0,0,-1,-1,2,1,-1,0,3,0,-1,150,0,9223372036800000000,2,0,10,0,0,7,0,0,1,0,0,1,1,0,0,0,0,0,0,2,0,1,-1,-1,-1,-1,0,10,-1,1,1,3,-1,-1,-1,0,0,1,0,0,10,0,0,0,6.02
1,0,0,0,-1,0,1,0,0,0,0,0,1,0,0,-1,-1,2,1,-1,0,3,0,-1,150,0,9223372036800000000,1e+75,0,10,0,0,7,0,0,1,0,0,1,1,0,0,0,0,0,3,2,0,1,-1,-1,-1,-1,0,10,-1,1,1,3,-1,-1,-1,0,0,1,0,0,10,0,0,0,6.21
1,0,0,0,-1,0,1,0,0,0,0,0,1,0,0,-1,-1,2,1,-1,0,3,0,16,150,0,9223372036800000000,1e+75,0,10,0,0,7,0,0,1,0,0,1,1,0,0,0,0,0,0,2,0,1,-1,-1,-1,-1,0,10,-1,1,1,3,-1,-1,-1,0,0,1,0,0,10,0,0,0,3.8
1,0,0,0,-1,0,1,4,0,0,0,0,3,-1,-1,1,0,0,-1,-1,2,3,0,-1,50,0,9223372036800000000,1e+75,0,10,0,0,7,-1,0,1,0,0,1,1,-1,0,0,0,0,0,2,0,1,-1,-1,-1,-1,0,10,-1,1,1,3,-1,-1,-1,0,0,1,0,0,10,0,0,0,3.16
1,0,0,0,-1,0,1,4,0,0,0,0,3,-1,-1,1,0,0,-1,-1,2,3,0,16,50,0,9223372036800000000,1e+75,0,10,0,0,7,-1,0,1,0,0,1,1,0,0,0,0,0,0,2,0,1,-1,-1,-1,-1,0,10,-1,1,1,3,-1,-1,-1,0,0,1,0,0,10,0,0,0,3.24
1,0,0,0,-1,0,1,4,0,0,0,0,3,-1,-1,1,0,0,-1,-1,2,3,0,1,50,0,9223372036800000000,1e+75,0,10,0,0,7,-1,0,1,0,0,1,1,0,0,0,0,0,0,2,0,1,-1,-1,-1,-1,0,10,-1,1,1,3,-1,-1,-1,0,0,1,0,0,10,0,0,0,5.04
1,0,0,0,-1,0,1,3,0,0,0,0,3,0,0,1,0,2,-1,-1,-1,3,0,-1,10,0,9223372036800000000,1e+75,0,10,0,0,7,0,0,1,0,0,1,1,0,-1,0,0,0,4,2,0,1,-1,-1,-1,-1,0,10,-1,1,1,3,-1,-1,-1,0,0,1,0,0,10,0,0,0,4.49
1,0,0,0,-1,0,1,3,0,0,0,0,2,0,0,1,0,2,-1,-1,-1,3,0,-1,50,0,9223372036800000000,1e+75,0,10,0,0,7,0,0,1,0,0,1,1,0,-1,0,0,0,4,2,0,1,-1,-1,-1,-1,0,10,-1,1,1,3,-1,-1,-1,0,0,1,0,0,10,0,0,0,5.55
1,0,0,0,-1,0,1,3,0,0,0,0,3,0,0,1,0,2,-1,-1,-1,3,0,-1,50,0,9223372036800000000,1,0,10,0,0,7,0,0,1,0,0,1,1,0,-1,0,0,0,4,2,0,1,-1,-1,-1,-1,0,10,-1,1,1,3,-1,-1,-1,0,0,1,0,0,10,0,0,0,5.55
1,0,0,0,-1,0,1,3,0,0,0,0,3,0,0,1,0,2,-1,-1,-1,3,0,-1,50,0,9223372036800000000,1e+75,0,10,0,0,7,0,0,1,0,0,1,1,0,3,0,0,0,4,2,0,1,-1,-1,-1,-1,0,10,-1,1,1,3,-1,-1,-1,0,0,1,0,0,10,0,0,0,6.88
1,0,0,0,-1,0,1,0,0,0,0,0,3,0,0,1,0,2,-1,-1,-1,3,0,-1,50,0,9223372036800000000,1e+75,0,10,0,0,7,0,0,1,0,0,1,1,0,-1,0,0,0,4,2,0,1,-1,-1,-1,-1,0,10,-1,1,1,3,-1,-1,-1,0,0,1,0,0,10,0,0,0,5.9
1,0,0,0,-1,0,1,3,0,0,0,0,0,0,-1,-1,-1,1,-1,0,-1,3,0,-1,50,0,9223372036800000000,240,0,10,0,0,7,-1,0,1,0,0,1,1,0,1,0,0,0,0,2,0,1,-1,-1,-1,-1,0,10,-1,1,1,3,-1,-1,-1,0,0,1,0,0,10,0,0,0,6.88
1,0,0,0,-1,0,1,3,0,0,0,0,1,3,-1,1,1,-1,0,1,2,3,0,-1,50,0,9223372036800000000,60,0,10,0,0,7,-1,0,1,0,0,1,1,0,3,0,0,0,3,2,0,1,-1,-1,-1,-1,0,10,-1,1,1,3,-1,-1,-1,0,0,1,0,0,10,0,0,0,7.85
1,0,0,0,-1,0,1,0,0,0,0,0,1,0,0,0,2,0,-1,0,-1,3,0,-1,10,0,9223372036800000000,2,0,10,0,0,7,-1,0,1,0,0,1,1,0,3,0,0,0,-1,2,0,1,-1,-1,-1,-1,0,10,-1,1,1,3,-1,-1,-1,0,0,1,0,0,10,0,0,0,7.96
1,0,0,0,-1,0,1,3,0,0,0,0,2,3,-1,2,-1,2,-1,1,2,3,0,-1,50,0,9223372036800000000,60,0,10,0,0,7,0,0,1,0,0,1,1,0,1,0,0,0,1,2,0,1,-1,-1,-1,-1,0,10,-1,1,1,3,-1,-1,-1,0,0,1,0,0,10,0,0,0,6.67
1,0,0,0,-1,0,1,3,0,0,0,0,0,-1,0,2,2,1,0,-1,2,3,0,-1,50,0,9223372036800000000,5,0,10,0,0,7,-1,0,1,0,0,1,1,0,3,0,0,0,4,2,0,1,-1,-1,-1,-1,0,10,-1,1,1,3,-1,-1,-1,0,0,1,0,0,10,0,0,0,6.88
1,0,0,0,-1,0,1,0,0,0,0,0,1,0,0,-1,-1,2,1,-1,0,3,0,-1,150,0,9223372036800000000,1e+75,0,10,0,0,7,-1,0,1,0,0,1,1,0,0,0,0,0,0,2,0,1,-1,-1,-1,-1,0,10,-1,1,1,3,-1,-1,-1,0,0,1,0,0,10,0,0,0,6.83
1,0,0,0,-1,0,1,0,0,0,0,0,1,2,0,-1,-1,2,1,-1,0,3,0,-1,150,0,9223372036800000000,1e+75,0,10,0,0,7,0,0,1,0,0,1,1,0,0,0,0,0,0,2,0,1,-1,-1,-1,-1,0,10,-1,1,1,3,-1,-1,-1,0,0,1,0,0,10,0,0,0,3.8
1,0,0,0,-1,0,1,1,0,0,0,0,1,0,0,-1,-1,2,1,-1,0,3,0,-1,150,0,9223372036800000000,1e+75,0,10,0,0,7,0,0,1,0,0,1,1,0,0,0,0,0,0,2,0,1,-1,-1,-1,-1,0,10,-1,1,1,3,-1,-1,-1,0,0,1,0,0,10,0,0,0,5.5
1,0,0,0,-1,0,1,4,0,0,0,0,3,-1,-1,1,0,0,-1,-1,2,3,0,-1,50,0,9223372036800000000,1e+75,0,10,0,0,7,-1,0,1,500,0,1,1,-1,0,0,0,0,0,2,0,1,-1,-1,-1,-1,0,10,-1,1,1,3,-1,-1,-1,0,0,1,0,0,10,0,0,0,3.13
1,0,0,0,-1,0,1,4,0,0,0,0,3,0,-1,1,0,0,-1,-1,2,3,0,-1,50,0,9223372036800000000,1e+75,0,10,0,0,7,0,0,1,0,0,1,1,0,3,0,0,0,0,2,0,1,-1,-1,-1,-1,0,10,-1,1,1,3,-1,-1,-1,0,0,1,0,0,10,0,0,0,6.15
1,0,0,0,-1,0,1,4,0,0,0,0,3,0,-1,1,0,0,-1,-1,2,3,0,-1,50,0,9223372036800000000,1e+75,0,10,0,0,7,0,0,1,0,0,1,1,0,2,0,0,0,0,2,0,1,-1,-1,-1,-1,0,10,-1,1,1,3,-1,-1,-1,0,0,1,0,0,10,0,0,0,6.15
1,0,0,0,-1,0,1,0,0,0,0,0,1,0,0,-1,-1,2,1,-1,0,3,0,-1,10,0,9223372036800000000,1e+75,0,10,0,0,7,0,0,1,0,0,1,1,0,0,0,0,0,0,2,0,1,-1,-1,-1,-1,0,10,-1,1,1,3,-1,-1,-1,0,0,1,0,0,10,0,0,0,5.53
1,0,0,0,-1,0,1,4,0,0,0,0,3,-1,-1,1,0,0,-1,-1,2,3,0,-1,50,0,9223372036800000000,1e+75,0,10,0,0,7,0,0,1,0,0,1,1,0,0,0,0,0,3,2,0,1,-1,-1,-1,-1,0,10,-1,1,1,3,-1,-1,-1,0,0,1,0,0,10,0,0,0,3.49
1,0,0,0,-1,0,1,0,0,0,0,0,1,0,0,-1,1,2,1,-1,0,3,0,-1,150,0,9223372036800000000,1e+75,0,10,0,0,7,0,0,1,0,0,1,1,0,0,0,0,0,0,2,0,1,-1,-1,-1,-1,0,10,-1,1,1,3,-1,-1,-1,0,0,1,0,0,10,0,0,0,3.8
1,0,0,0,-1,0,1,4,0,0,0,0,3,0,-1,1,0,0,-1,-1,2,3,0,-1,50,0,9223372036800000000,1e+75,0,10,0,0,7,0,0,1,0,0,1,1,0,-1,0,0,0,0,2,0,1,-1,-1,-1,-1,0,10,-1,1,1,3,-1,-1,-1,0,0,1,0,0,10,0,0,0,3.56
1,0,0,0,-1,0,1,0,0,0,0,0,1,0,0,-1,-1,2,1,-1,2,3,0,-1,150,0,9223372036800000000,1e+75,0,10,0,0,7,0,0,1,0,0,1,1,0,0,0,0,0,0,2,0,1,-1,-1,-1,-1,0,10,-1,1,1,3,-1,-1,-1,0,0,1,0,0,10,0,0,0,3.8
1,0,0,0,-1,0,1,4,0,0,0,0,3,-1,-1,1,0,0,-1,-1,2,3,0,-1,50,0,9223372036800000000,1e+75,0,10,0,0,7,0,0,1,0,0,2,1,0,0,0,0,0,0,2,0,1,-1,-1,-1,-1,0,10,-1,1,1,3,-1,-1,-1,0,0,1,0,0,10,0,0,0,3.73
1,0,0,0,-1,0,1,4,0,0,0,0,0,0,-1,1,0,0,-1,-1,2,3,0,-1,50,0,9223372036800000000,1e+75,0,10,0,0,7,0,0,1,0,0,1,1,0,0,0,0,0,0,2,0,1,-1,-1,-1,-1,0,10,-1,1,1,3,-1,-1,-1,0,0,1,0,0,10,0,0,0,3.34
1,0,0,0,-1,0,1,4,0,0,0,0,3,2,-1,1,1,1,-1,1,-1,3,0,1,10,0,9223372036800000000,5,0,10,0,0,7,-1,0,1,0,0,1,1,2,-1,0,0,0,0,2,0,1,-1,-1,-1,-1,0,10,-1,1,1,3,-1,-1,-1,0,0,1,0,0,10,0,0,0,3.23
1,0,0,0,-1,0,1,2,0,0,0,0,2,0,0,1,-1,2,1,2,2,3,0,-1,100,0,9223372036800000000,1e+75,0,10,0,0,7,0,0,1,0,0,1,1,0,0,0,0,0,0,2,0,1,-1,-1,-1,-1,0,10,-1,1,1,3,-1,-1,-1,0,0,1,0,0,10,0,0,0,6.84
1,0,0,0,-1,0,1,4,0,0,0,0,3,-1,-1,1,0,0,-1,-1,2,3,0,-1,50,0,9223372036800000000,40,0,10,0,0,7,0,0,1,0,0,1,1,0,0,0,0,0,0,2,0,1,-1,-1,-1,-1,0,10,-1,1,1,3,-1,-1,-1,0,0,1,0,0,10,0,0,0,6.15
1,0,0,0,-1,0,1,4,0,0,0,0,-1,-1,1,0,0,0,0,2,1,3,0,-1,50,0,9223372036800000000,1e+75,0,10,0,0,7,0,0,1,0,0,1,1,0,3,0,0,0,0,2,0,1,-1,-1,-1,-1,0,10,-1,1,1,3,-1,-1,-1,0,0,1,0,0,10,0,0,0,6.15
1,0,0,0,-1,0,1,0,0,0,0,0,3,0,0,-1,-1,2,1,-1,0,3,0,-1,150,0,9223372036800000000,1e+75,0,10,0,0,7,0,0,1,0,0,1,1,0,0,0,0,0,0,2,0,1,-1,-1,-1,-1,0,10,-1,1,1,3,-1,-1,-1,0,0,1,0,0,10,0,0,0,5.56
1,0,0,0,-1,0,1,4,0,0,0,0,-1,0,-1,1,0,-1,-1,-1,2,3,0,-1,800,0,9223372036800000000,1e+75,0,10,0,0,7,0,0,1,0,0,1,1,0,0,0,0,0,0,2,0,1,-1,-1,-1,-1,0,10,-1,1,1,3,-1,-1,-1,0,0,1,0,0,10,0,0,0,3.34
1,0,0,0,-1,0,1,4,0,0,0,0,3,2,-1,1,1,0,-1,1,-1,3,0,1,10,0,9223372036800000000,2,0,10,0,0,7,-1,0,1,0,0,1,1,2,-1,0,0,0,0,2,0,1,-1,-1,-1,-1,0,10,-1,1,1,3,-1,-1,-1,0,0,1,0,0,10,0,0,0,3.23
1,0,0,0,-1,0,1,0,0,0,0,0,1,0,0,-1,-1,2,1,2,0,3,0,-1,150,0,9223372036800000000,1e+75,0,10,0,0,7,0,0,1,0,0,1,1,0,0,0,0,0,0,2,0,1,-1,-1,-1,-1,0,10,-1,1,1,3,-1,-1,-1,0,0,1,0,0,10,0,0,0,5.61
1,0,0,0,-1,0,1,4,0,0,0,0,3,-1,-1,1,0,0,-1,-1,2,3,0,-1,50,0,9223372036800000000,20,0,10,0,0,7,0,0,1,0,0,1,1,0,0,0,0,0,0,2,0,1,-1,-1,-1,-1,0,10,-1,1,1,3,-1,-1,-1,0,0,1,0,0,10,0,0,0,6.15
1,0,0,0,-1,0,1,0,0,0,0,0,1,0,0,-1,-1,2,1,-1,0,3,0,2,150,0,9223372036800000000,1e+75,0,10,0,0,7,0,0,1,0,0,1,1,0,0,0,0,0,0,2,0,1,-1,-1,-1,-1,0,10,-1,1,1,3,-1,-1,-1,0,0,1,0,0,10,0,0,0,3.8
1,0,0,0,-1,0,1,4,0,0,0,0,-1,0,-1,1,1,0,-1,-1,2,3,0,-1,50,0,9223372036800000000,1e+75,0,10,0,0,7,0,0,1,0,0,1,1,0,0,0,0,0,0,2,0,1,-1,-1,-1,-1,0,10,-1,1,1,3,-1,-1,-1,0,0,1,0,0,10,0,0,0,3.42
1,0,0,0,-1,0,1,4,0,0,0,0,3,0,-1,1,0,0,-1,-1,2,3,0,-1,50,0,9223372036800000000,1e+75,0,10,0,0,7,0,0,1,0,0,1,1,0,0,0,0,0,0,2,0,1,-1,-1,-1,-1,0,10,-1,1,1,3,-1,-1,-1,0,0,1,0,0,10,0,0,0,3.34
1,0,0,0,-1,0,1,4,0,0,0,0,3,-1,-1,1,0,0,-1,-1,2,3,0,-1,50,0,9223372036800000000,1e+75,0,10,0,0,7,0,0,1,0,0,1,1,0,0,-1,0,0,0,2,0,1,-1,-1,-1,-1,0,10,-1,1,1,3,-1,-1,-1,0,0,1,0,0,10,0,0,0,4.99
1,0,0,0,-1,0,1,4,0,0,0,0,-1,0,-1,1,0,0,-1,-1,2,3,0,-1,10,0,9223372036800000000,1e+75,0,10,0,0,7,0,0,1,0,0,1,1,0,0,0,0,0,0,2,0,1,-1,-1,-1,-1,0,10,-1,1,1,3,-1,-1,-1,0,0,1,0,0,10,0,0,0,3.41
1,0,0,0,-1,0,1,0,0,0,0,0,1,0,0,-1,-1,2,1,-1,0,3,0,-1,150,0,9223372036800000000,60,0,10,0,0,7,0,0,1,0,0,1,1,0,0,0,0,0,0,2,0,1,-1,-1,-1,-1,0,10,-1,1,1,3,-1,-1,-1,0,0,1,0,0,10,0,0,0,6.02
1,0,0,0,-1,0,1,4,0,0,0,0,-1,0,-1,1,0,0,-1,1,2,3,0,-1,50,0,9223372036800000000,1e+75,0,10,0,0,7,0,0,1,0,0,1,1,0,0,0,0,0,0,2,0,1,-1,-1,-1,-1,0,10,-1,1,1,3,-1,-1,-1,0,0,1,0,0,10,0,0,0,3.42
1,0,0,0,-1,0,1,0,0,0,0,0,1,0,0,-1,-1,2,1,-1,0,3,0,-1,50,0,9223372036800000000,1e+75,0,10,0,0,7,0,0,1,0,0,1,1,0,0,0,0,0,0,2,0,1,-1,-1,-1,-1,0,10,-1,1,1,3,-1,-1,-1,0,0,1,0,0,10,0,0,0,5.63
1,0,0,0,-1,0,1,3,0,0,0,0,3,0,0,1,0,2,-1,-1,-1,3,0,-1,50,0,9223372036800000000,30,0,10,0,0,7,0,0,1,0,0,1,1,0,-1,0,0,0,4,2,0,1,-1,-1,-1,-1,0,10,-1,1,1,3,-1,-1,-1,0,0,1,0,0,10,0,0,0,5.55
1,0,0,0,-1,0,1,0,0,0,0,0,-1,0,0,0,0,-1,-1,-1,-1,3,0,-1,800,0,9223372036800000000,1e+75,0,10,0,0,7,0,0,1,0,0,1,1,0,0,0,0,0,0,2,0,1,-1,-1,-1,-1,0,10,-1,1,1,3,-1,-1,-1,0,0,1,0,0,10,0,0,0,5.16
1,0,0,0,-1,0,1,4,0,0,0,0,3,-1,-1,1,0,0,-1,-1,2,3,0,-1,50,0,9223372036800000000,1e+75,0,10,0,0,7,0,0,1,0,0,1,1,0,0,0,0,0,-1,2,0,1,-1,-1,-1,-1,0,10,-1,1,1,3,-1,-1,-1,0,0,1,0,0,10,0,0,0,5.31
1,0,0,0,-1,0,1,0,0,0,0,0,1,0,0,-1,-1,2,1,1,0,3,0,-1,150,0,9223372036800000000,1e+75,0,10,0,0,7,0,0,1,0,0,1,1,0,0,0,0,0,0,2,0,1,-1,-1,-1,-1,0,10,-1,1,1,3,-1,-1,-1,0,0,1,0,0,10,0,0,0,3.8
1,0,0,0,-1,0,1,4,0,0,0,0,3,-1,-1,1,0,0,-1,-1,2,3,0,-1,50,0,9223372036800000000,1e+75,0,10,0,0,7,-1,0,1,100,0,1,1,-1,0,0,0,0,0,2,0,1,-1,-1,-1,-1,0,10,-1,1,1,3,-1,-1,-1,0,0,1,0,0,10,0,0,0,5.11
1,0,0,0,-1,0,1,0,0,0,0,0,1,0,0,-1,-1,-1,-1,0,2,3,0,-1,50,0,9223372036800000000,120,0,10,0,0,7,0,0,1,0,0,1,1,0,-1,0,0,0,3,2,0,1,-1,-1,-1,-1,0,10,-1,1,1,3,-1,-1,-1,0,0,1,0,0,10,0,0,0,5.63
1,0,0,0,-1,0,1,3,0,0,0,0,0,0,1,0,0,0,0,-1,2,3,0,-1,200,0,9223372036800000000,1e+75,0,10,0,0,7,0,0,1,0,0,1,1,0,0,0,0,0,0,2,0,1,-1,-1,-1,-1,0,10,-1,1,1,3,-1,-1,-1,0,0,1,0,0,10,0,0,0,6.68
1,0,0,0,-1,0,1,4,0,0,0,0,3,2,-1,1,1,1,-1,1,-1,3,0,1,10,0,9223372036800000000,2,0,10,0,0,7,-1,0,1,0,0,1,1,2,-1,0,0,0,2,2,0,1,-1,-1,-1,-1,0,10,-1,1,1,3,-1,-1,-1,0,0,1,0,0,10,0,0,0,6.15
1,0,0,0,-1,0,1,4,0,0,0,0,3,2,-1,1,1,1,-1,1,-1,3,0,1,10,0,9223372036800000000,2,0,10,0,0,7,-1,0,1,0,0,1,1,2,-1,0,0,0,0,2,0,1,-1,-1,-1,-1,0,10,-1,1,1,3,-1,-1,-1,0,0,1,0,0,10,0,0,0,3.23
1,0,0,0,-1,0,1,0,0,0,0,0,2,1,-1,2,0,2,-1,0,2,3,0,-1,10,0,9223372036800000000,1e+75,0,10,0,0,7,0,0,1,0,0,1,1,0,-1,0,0,0,0,2,0,1,-1,-1,-1,-1,0,10,-1,1,1,3,-1,-1,-1,0,0,1,0,0,10,0,0,0,6.12
1,0,0,0,-1,0,1,1,0,0,0,0,0,0,0,2,-1,1,1,2,2,3,0,-1,10,0,9223372036800000000,1e+75,0,10,0,0,7,0,0,1,0,0,1,1,0,0,0,0,0,0,2,0,1,-1,-1,-1,-1,0,10,-1,1,1,3,-1,-1,-1,0,0,1,0,0,10,0,0,0,4.56
1,0,0,0,-1,0,1,3,0,0,0,0,0,3,-1,0,1,0,-1,0,2,3,0,-1,50,0,9223372036800000000,5,0,10,0,0,7,1,0,1,0,0,1,1,0,3,0,0,0,3,2,0,1,-1,-1,-1,-1,0,10,-1,1,1,3,-1,-1,-1,0,0,1,0,0,10,0,0,0,6.85
1,0,0,0,-1,0,1,0,0,0,0,0,1,0,1,0,1,-1,2,-1,0,3,0,-1,200,0,9223372036800000000,1e+75,0,10,0,0,7,0,0,1,0,0,1,1,0,0,0,0,0,0,2,0,1,-1,-1,-1,-1,0,10,-1,1,1,3,-1,-1,-1,0,0,1,0,0,10,0,0,0,5.16
1,0,0,0,-1,0,1,4,0,0,0,0,-1,0,-1,1,2,0,-1,-1,2,3,0,-1,50,0,9223372036800000000,1e+75,0,10,0,0,7,0,0,1,0,0,1,1,0,0,0,0,0,0,2,0,1,-1,-1,-1,-1,0,10,-1,1,1,3,-1,-1,-1,0,0,1,0,0,10,0,0,0,3.42
1,0,0,0,-1,0,1,0,0,0,0,0,-1,0,0,-1,0,2,1,-1,-1,3,0,-1,800,0,9223372036800000000,1e+75,0,10,0,0,7,0,0,1,0,0,1,1,0,0,0,0,0,0,2,0,1,-1,-1,-1,-1,0,10,-1,1,1,3,-1,-1,-1,0,0,1,0,0,10,0,0,0,7.39
1,0,0,0,-1,0,1,4,0,0,0,0,3,2,-1,1,1,1,-1,1,-1,3,0,1,10,0,9223372036800000000,50,0,10,0,0,7,-1,0,1,0,0,1,1,2,-1,0,0,0,0,2,0,1,-1,-1,-1,-1,0,10,-1,1,1,3,-1,-1,-1,0,0,1,0,0,10,0,0,0,3.23
1,0,0,0,-1,0,1,0,0,0,0,0,0,0,0,0,0,0,0,0,0,3,0,-1,200,0,9223372036800000000,1e+75,0,10,0,0,7,0,0,1,0,0,1,1,0,0,0,0,0,0,2,0,1,-1,-1,-1,-1,0,10,-1,1,1,3,-1,-1,-1,0,0,1,0,0,10,0,0,0,5.36
1,0,0,0,-1,0,1,0,0,0,0,0,1,0,1,-1,-1,2,1,-1,0,3,0,-1,150,0,9223372036800000000,1e+75,0,10,0,0,7,0,0,1,0,0,1,1,0,0,0,0,0,0,2,0,1,-1,-1,-1,-1,0,10,-1,1,1,3,-1,-1,-1,0,0,1,0,0,10,0,0,0,3.8
1,0,0,0,-1,0,1,3,0,0,0,0,2,3,-1,0,2,1,0,0,-1,3,0,-1,50,0,9223372036800000000,5,0,10,0,0,7,0,0,1,0,0,1,1,0,1,0,0,0,3,2,0,1,-1,-1,-1,-1,0,10,-1,1,1,3,-1,-1,-1,0,0,1,0,0,10,0,0,0,6.85
1,0,0,0,-1,0,1,0,0,0,0,0,1,1,0,-1,-1,2,1,-1,0,3,0,-1,150,0,9223372036800000000,1e+75,0,10,0,0,7,0,0,1,0,0,1,1,0,0,0,0,0,0,2,0,1,-1,-1,-1,-1,0,10,-1,1,1,3,-1,-1,-1,0,0,1,0,0,10,0,0,0,5.56
1,0,0,0,-1,0,1,0,0,0,0,0,1,0,0,0,-1,2,1,-1,0,3,0,-1,150,0,9223372036800000000,1e+75,0,10,0,0,7,0,0,1,0,0,1,1,0,0,0,0,0,0,2,0,1,-1,-1,-1,-1,0,10,-1,1,1,3,-1,-1,-1,0,0,1,0,0,10,0,0,0,3.8
1,0,0,0,-1,0,1,0,0,0,0,0,1,-1,0,-1,-1,2,1,-1,0,3,0,-1,150,0,9223372036800000000,1e+75,0,10,0,0,7,0,0,1,0,0,1,1,0,0,0,0,0,0,2,0,1,-1,-1,-1,-1,0,10,-1,1,1,3,-1,-1,-1,0,0,1,0,0,10,0,0,0,5.56
1,0,0,0,-1,0,1,4,0,0,0,0,3,-1,-1,1,0,0,-1,-1,2,3,0,4,50,0,9223372036800000000,1e+75,0,10,0,0,7,-1,0,1,0,0,1,1,0,0,0,0,0,0,2,0,1,-1,-1,-1,-1,0,10,-1,1,1,3,-1,-1,-1,0,0,1,0,0,10,0,0,0,3.24
1,0,0,0,-1,0,1,0,0,0,0,0,1,0,0,-1,-1,0,1,-1,0,3,0,-1,150,0,9223372036800000000,1e+75,0,10,0,0,7,0,0,1,0,0,1,1,0,0,0,0,0,0,2,0,1,-1,-1,-1,-1,0,10,-1,1,1,3,-1,-1,-1,0,0,1,0,0,10,0,0,0,4.62
1,0,0,0,-1,0,1,2,0,0,0,0,-1,0,0,0,0,0,0,2,1,3,0,-1,400,0,9223372036800000000,1e+75,0,10,0,0,7,0,0,1,0,0,1,1,0,0,0,0,0,0,2,0,1,-1,-1,-1,-1,0,10,-1,1,1,3,-1,-1,-1,0,0,1,0,0,10,0,0,0,5.5
1,0,0,0,-1,0,1,4,0,0,0,0,3,-1,-1,1,0,0,-1,-1,2,3,0,-1,50,0,9223372036800000000,1e+75,0,10,0,0,7,-1,0,1,0,0,1,1,0,0,0,0,0,0,2,0,1,-1,-1,-1,-1,0,10,-1,1,1,3,-1,-1,-1,0,0,1,0,0,10,0,0,0,3.24
1,0,0,0,-1,0,1,4,0,0,0,0,2,0,0,2,0,0,2,-1,-1,3,0,-1,100,0,9223372036800000000,1e+75,0,10,0,0,7,0,0,1,0,0,1,1,0,0,0,0,0,0,2,0,1,-1,-1,-1,-1,0,10,-1,1,1,3,-1,-1,-1,0,0,1,0,0,10,0,0,0,5.1
1,0,0,0,-1,0,1,0,0,0,0,0,1,0,0,-1,-1,-1,1,-1,0,3,0,-1,150,0,9223372036800000000,1e+75,0,10,0,0,7,0,0,1,0,0,1,1,0,0,0,0,0,0,2,0,1,-1,-1,-1,-1,0,10,-1,1,1,3,-1,-1,-1,0,0,1,0,0,10,0,0,0,5.16
1,0,0,0,-1,0,1,4,0,0,0,0,3,-1,-1,1,0,0,-1,-1,2,3,0,8,50,0,9223372036800000000,1e+75,0,10,0,0,7,-1,0,1,0,0,1,1,0,0,0,0,0,0,2,0,1,-1,-1,-1,-1,0,10,-1,1,1,3,-1,-1,-1,0,0,1,0,0,10,0,0,0,3.24
1,0,0,0,-1,0,1,4,0,0,0,0,3,-1,-1,1,0,0,-1,-1,2,3,0,-1,50,0,9223372036800000000,1e+75,0,10,0,0,7,0,1,1,0,0,1,1,0,0,0,0,0,0,2,0,1,-1,-1,-1,-1,0,10,-1,1,1,3,-1,-1,-1,0,0,1,0,0,10,0,0,0,3.33
1,0,0,0,-1,0,1,4,0,0,0,0,-1,0,-1,1,0,0,-1,-1,2,3,0,-1,50,0,9223372036800000000,1e+75,0,10,0,0,7,0,0,1,0,0,1,1,0,0,0,0,0,0,2,0,1,-1,-1,-1,-1,0,10,-1,1,1,3,-1,-1,-1,0,0,1,0,0,10,0,0,0,3.42
1,0,0,0,-1,0,1,0,0,0,0,0,1,0,0,2,-1,2,1,-1,0,3,0,-1,150,0,9223372036800000000,1e+75,0,10,0,0,7,0,0,1,0,0,1,1,0,0,0,0,0,0,2,0,1,-1,-1,-1,-1,0,10,-1,1,1,3,-1,-1,-1,0,0,1,0,0,10,0,0,0,3.8
1,0,0,0,-1,0,1,4,0,0,0,0,3,-1,-1,1,0,0,-1,-1,2,3,0,-1,50,0,9223372036800000000,1e+75,0,10,0,0,7,0,0,1,0,0,1,1,0,0,40,0,0,0,2,0,1,-1,-1,-1,-1,0,10,-1,1,1,3,-1,-1,-1,0,0,1,0,0,10,0,0,0,3.33
1,0,0,0,-1,0,1,4,0,0,0,0,-1,0,-1,1,0,0,-1,-1,2,3,0,-1,200,0,9223372036800000000,1e+75,0,10,0,0,7,0,0,1,0,0,1,1,0,0,0,0,0,0,2,0,1,-1,-1,-1,-1,0,10,-1,1,1,3,-1,-1,-1,0,0,1,0,0,10,0,0,0,5.1
1,0,0,0,-1,0,1,5,0,0,0,0,-1,0,1,0,1,0,1,-1,-1,3,0,-1,800,0,9223372036800000000,1e+75,0,10,0,0,7,0,0,1,0,0,1,1,0,0,0,0,0,0,2,0,1,-1,-1,-1,-1,0,10,-1,1,1,3,-1,-1,-1,0,0,1,0,0,10,0,0,0,8.38
1,0,0,0,-1,0,1,0,0,0,0,0,1,0,0,-1,-1,2,1,-1,0,3,0,8,150,0,9223372036800000000,1e+75,0,10,0,0,7,0,0,1,0,0,1,1,0,0,0,0,0,0,2,0,1,-1,-1,-1,-1,0,10,-1,1,1,3,-1,-1,-1,0,0,1,0,0,10,0,0,0,3.8
1,0,0,0,-1,0,1,4,0,0,0,0,3,-1,-1,1,0,0,-1,-1,2,3,0,2,50,0,9223372036800000000,1e+75,0,10,0,0,7,-1,0,1,0,0,1,1,0,0,0,0,0,0,2,0,1,-1,-1,-1,-1,0,10,-1,1,1,3,-1,-1,-1,0,0,1,0,0,10,0,0,0,3.24
1,0,0,0,-1,0,1,4,0,0,0,0,3,-1,-1,1,0,0,-1,-1,2,3,0,-1,50,0,9223372036800000000,10,0,10,0,0,7,0,0,1,0,0,1,1,0,0,0,0,0,0,2,0,1,-1,-1,-1,-1,0,10,-1,1,1,3,-1,-1,-1,0,0,1,0,0,10,0,0,0,6.15
1,0,0,0,-1,0,1,0,0,0,0,0,2,0,0,-1,2,1,2,2,-1,3,0,-1,800,0,9223372036800000000,1e+75,0,10,0,0,7,0,0,1,0,0,1,1,0,0,0,0,0,0,2,0,1,-1,-1,-1,-1,0,10,-1,1,1,3,-1,-1,-1,0,0,1,0,0,10,0,0,0,6.34
1,0,0,0,-1,0,1,4,0,0,0,0,3,-1,-1,1,0,0,-1,-1,2,3,0,-1,50,0,9223372036800000000,1e+75,0,10,0,0,7,0,0,1,0,0,1,1,0,0,0,0,0,0,2,0,1,-1,-1,-1,-1,0,10,-1,1,1,3,-1,-1,-1,0,0,1,0,0,10,0,0,0,3.32
1,0,0,0,-1,0,1,2,0,0,0,0,3,0,1,2,0,0,-1,1,2,3,0,-1,800,0,9223372036800000000,1e+75,0,10,0,0,7,0,0,1,0,0,1,1,0,0,0,0,0,0,2,0,1,-1,-1,-1,-1,0,10,-1,1,1,3,-1,-1,-1,0,0,1,0,0,10,0,0,0,5.46
1,0,0,0,-1,0,1,0,0,0,0,0,-1,0,-1,1,-1,-1,0,2,-1,3,0,-1,200,0,9223372036800000000,1e+75,0,10,0,0,7,0,0,1,0,0,1,1,0,0,0,0,0,0,2,0,1,-1,-1,-1,-1,0,10,-1,1,1,3,-1,-1,-1,0,0,1,0,0,10,0,0,0,6.23
1,0,0,0,-1,0,1,4,0,0,0,0,3,-1,-1,1,0,0,-1,-1,2,3,0,-1,50,0,9223372036800000000,1e+75,0,10,0,0,7,-1,0,1,20,0,1,1,-1,0,0,0,0,0,2,0,1,-1,-1,-1,-1,0,10,-1,1,1,3,-1,-1,-1,0,0,1,0,0,10,0,0,0,5.76
1,0,0,0,-1,0,1,4,0,0,0,0,3,0,-1,1,0,0,-1,-1,2,3,0,-1,50,0,9223372036800000000,1e+75,0,10,0,0,7,0,0,1,0,0,1,1,0,1,0,0,0,0,2,0,1,-1,-1,-1,-1,0,10,-1,1,1,3,-1,-1,-1,0,0,1,0,0,10,0,0,0,6.15
1,0,0,0,-1,0,1,2,0,0,0,0,3,0,-1,-1,2,-1,2,1,0,3,0,-1,200,0,9223372036800000000,1e+75,0,10,0,0,7,0,0,1,0,0,1,1,0,0,0,0,0,0,2,0,1,-1,-1,-1,-1,0,10,-1,1,1,3,-1,-1,-1,0,0,1,0,0,10,0,0,0,5.45
1,0,0,0,-1,0,1,4,0,0,0,0,0,2,0,1,1,0,1,2,2,3,0,-1,800,0,9223372036800000000,1e+75,0,10,0,0,7,0,0,1,0,0,1,1,0,0,0,0,0,0,2,0,1,-1,-1,-1,-1,0,10,-1,1,1,3,-1,-1,-1,0,0,1,0,0,10,0,0,0,3.51
1,0,0,0,-1,0,1,0,0,0,0,0,1,0,0,-1,-1,2,0,-1,0,3,0,-1,150,0,9223372036800000000,1e+75,0,10,0,0,7,0,0,1,0,0,1,1,0,0,0,0,0,0,2,0,1,-1,-1,-1,-1,0,10,-1,1,1,3,-1,-1,-1,0,0,1,0,0,10,0,0,0,3.8
1,0,0,0,-1,0,1,4,0,0,0,0,3,-1,-1,1,0,0,-1,-1,2,3,0,-1,50,0,9223372036800000000,1e+75,0,10,0,0,7,-1,0,1,40,0,1,1,-1,0,0,0,0,0,2,0,1,-1,-1,-1,-1,0,10,-1,1,1,3,-1,-1,-1,0,0,1,0,0,10,0,0,0,3.19
1,0,0,0,-1,0,1,1,0,0,0,0,-1,0,-1,-1,1,-1,-1,0,2,3,0,-1,800,0,9223372036800000000,1e+75,0,10,0,0,7,0,0,1,0,0,1,1,0,0,0,0,0,0,2,0,1,-1,-1,-1,-1,0,10,-1,1,1,3,-1,-1,-1,0,0,1,0,0,10,0,0,0,6.03
1,0,0,0,-1,0,1,3,0,0,0,0,3,0,0,1,0,2,-1,-1,-1,3,0,-1,50,0,9223372036800000000,2,0,10,0,0,7,0,0,1,0,0,1,1,0,-1,0,0,0,4,2,0,1,-1,-1,-1,-1,0,10,-1,1,1,3,-1,-1,-1,0,0,1,0,0,10,0,0,0,5.55
1,0,0,0,-1,0,1,0,0,0,0,0,1,0,0,-1,-1,2,1,-1,0,3,0,-1,150,0,9223372036800000000,5,0,10,0,0,7,0,0,1,0,0,1,1,0,0,0,0,0,0,2,0,1,-1,-1,-1,-1,0,10,-1,1,1,3,-1,-1,-1,0,0,1,0,0,10,0,0,0,6.02
1,0,0,0,-1,0,1,4,0,0,0,0,-1,0,1,1,0,0,-1,-1,2,3,0,-1,50,0,9223372036800000000,1e+75,0,10,0,0,7,0,0,1,0,0,1,1,0,0,0,0,0,0,2,0,1,-1,-1,-1,-1,0,10,-1,1,1,3,-1,-1,-1,0,0,1,0,0,10,0,0,0,3.42
1,0,0,0,-1,0,1,4,0,0,0,0,3,2,0,-1,-1,1,-1,-1,-1,3,0,-1,50,0,9223372036800000000,5,0,10,0,0,7,1,0,1,0,0,1,1,-1,1,0,0,0,-1,2,0,1,-1,-1,-1,-1,0,10,-1,1,1,3,-1,-1,-1,0,0,1,0,0,10,0,0,0,7.96
1,0,0,0,-1,0,1,0,0,0,0,0,1,0,0,-1,-1,2,1,-1,0,3,0,-1,150,0,9223372036800000000,1e+75,0,10,0,0,7,0,0,1,0,0,1,1,0,0,0,0,0,0,2,0,1,-1,-1,-1,-1,0,10,-1,1,1,3,-1,-1,-1,0,0,1,0,0,10,0,0,0,3.8
1,0,0,0,-1,0,1,3,0,0,0,0,0,1,0,-1,-1,0,0,-1,2,3,0,-1,10,0,9223372036800000000,1,0,10,0,0,7,1,0,1,0,0,1,1,0,3,0,0,0,1,2,0,1,-1,-1,-1,-1,0,10,-1,1,1,3,-1,-1,-1,0,0,1,0,0,10,0,0,0,6.67
1,0,0,0,-1,0,1,4,0,0,0,0,3,-1,-1,1,0,0,-1,-1,2,3,0,-1,50,0,9223372036800000000,30,0,10,0,0,7,0,0,1,0,0,1,1,0,0,0,0,0,0,2,0,1,-1,-1,-1,-1,0,10,-1,1,1,3,-1,-1,-1,0,0,1,0,0,10,0,0,0,6.15
1,0,0,0,-1,0,1,4,0,0,0,0,3,-1,-1,1,0,0,-1,-1,2,3,0,-1,50,0,9223372036800000000,1e+75,0,10,0,0,7,-1,0,1,0,0,1,1,-1,0,0,0,0,0,2,0,1,-1,-1,-1,-1,0,10,-1,1,1,3,-1,-1,2,0,0,1,0,0,10,0,0,0,3.16
1,0,0,0,-1,0,1,5,0,0,0,0,0,0,0,1,0,0,2,-1,1,3,0,-1,100,0,9223372036800000000,1e+75,0,10,0,0,7,0,0,1,0,0,1,1,0,0,0,0,0,0,2,0,1,-1,-1,-1,-1,0,10,-1,1,1,3,-1,-1,-1,0,0,1,0,0,10,0,0,0,8.36
1,0,0,0,-1,0,1,0,0,0,0,0,1,0,0,-1,-1,2,1,-1,0,3,0,-1,150,0,9223372036800000000,1e+75,0,10,0,0,7,0,0,1,0,0,1,1,0,3,0,0,0,0,2,0,1,-1,-1,-1,-1,0,10,-1,1,1,3,-1,-1,-1,0,0,1,0,0,10,0,0,0,6.79
1,0,0,0,-1,0,1,0,0,0,0,0,-1,0,0,-1,-1,2,-1,2,-1,3,0,-1,100,0,9223372036800000000,1e+75,0,10,0,0,7,0,0,1,0,0,1,1,0,0,0,0,0,0,2,0,1,-1,-1,-1,-1,0,10,-1,1,1,3,-1,-1,-1,0,0,1,0,0,10,0,0,0,5.61
1,0,0,0,-1,0,1,4,0,0,0,0,-1,0,0,1,0,0,-1,-1,2,3,0,-1,50,0,9223372036800000000,1e+75,0,10,0,0,7,0,0,1,0,0,1,1,0,0,0,0,0,0,2,0,1,-1,-1,-1,-1,0,10,-1,1,1,3,-1,-1,-1,0,0,1,0,0,10,0,0,0,3.42
1,0,0,0,-1,0,1,0,0,0,0,0,1,0,0,-1,-1,2,-1,-1,0,3,0,-1,150,0,9223372036800000000,1e+75,0,10,0,0,7,0,0,1,0,0,1,1,0,0,0,0,0,0,2,0,1,-1,-1,-1,-1,0,10,-1,1,1,3,-1,-1,-1,0,0,1,0,0,10,0,0,0,3.8
1,0,0,0,-1,0,1,4,0,0,0,0,-1,-1,-1,2,0,1,0,0,1,3,0,-1,800,0,9223372036800000000,1e+75,0,10,0,0,7,0,0,1,0,0,1,1,0,2,0,0,0,0,2,0,1,-1,-1,-1,-1,0,10,-1,1,1,3,-1,-1,-1,0,0,1,0,0,10,0,0,0,6.75
1,0,0,0,-1,0,1,4,0,0,0,0,3,2,0,1,1,1,-1,1,-1,3,0,1,10,0,9223372036800000000,2,0,10,0,0,7,-1,0,1,0,0,1,1,2,-1,0,0,0,0,2,0,1,-1,-1,-1,-1,0,10,-1,1,1,3,-1,-1,-1,0,0,1,0,0,10,0,0,0,3.23
1,0,0,0,-1,0,1,0,0,0,0,0,1,0,0,-1,-1,2,1,-1,1,3,0,-1,150,0,9223372036800000000,1e+75,0,10,0,0,7,0,0,1,0,0,1,1,0,0,0,0,0,0,2,0,1,-1,-1,-1,-1,0,10,-1,1,1,3,-1,-1,-1,0,0,1,0,0,10,0,0,0,3.8
1,0,0,0,-1,0,1,0,0,0,0,0,-1,0,0,-1,-1,2,1,-1,0,3,0,-1,150,0,9223372036800000000,1e+75,0,10,0,0,7,0,0,1,0,0,1,1,0,0,0,0,0,0,2,0,1,-1,-1,-1,-1,0,10,-1,1,1,3,-1,-1,-1,0,0,1,0,0,10,0,0,0,3.8
1,0,0,0,-1,0,1,4,0,0,0,0,3,-1,-1,1,0,0,-1,-1,2,3,0,-1,50,0,9223372036800000000,1e+75,0,10,0,0,5,0,0,1,0,0,1,1,0,0,0,0,0,0,2,0,1,-1,-1,-1,-1,0,10,-1,1,1,3,-1,-1,-1,0,0,1,0,0,10,0,0,0,3.32
1,0,0,0,-1,0,1,0,0,0,0,0,1,0,0,-1,-1,2,1,-1,-1,3,0,-1,150,0,9223372036800000000,1e+75,0,10,0,0,7,0,0,1,0,0,1,1,0,0,0,0,0,0,2,0,1,-1,-1,-1,-1,0,10,-1,1,1,3,-1,-1,-1,0,0,1,0,0,10,0,0,0,3.8
1,0,0,0,-1,0,1,4,0,0,0,0,2,0,0,2,-1,1,2,1,2,3,0,-1,800,0,9223372036800000000,1e+75,0,10,0,0,7,0,0,1,0,0,1,1,0,0,0,0,0,0,2,0,1,-1,-1,-1,-1,0,10,-1,1,1,3,-1,-1,-1,0,0,1,0,0,10,0,0,0,5.25
1,0,0,0,-1,0,1,0,0,0,0,0,-1,0,-1,2,2,-1,2,-1,-1,3,0,-1,200,0,9223372036800000000,1e+75,0,10,0,0,7,0,0,1,0,0,1,1,0,0,0,0,0,0,2,0,1,-1,-1,-1,-1,0,10,-1,1,1,3,-1,-1,-1,0,0,1,0,0,10,0,0,0,5.16
1,0,0,0,-1,0,1,4,0,0,0,0,2,0,1,2,-1,2,2,-1,2,3,0,-1,400,0,9223372036800000000,1e+75,0,10,0,0,7,0,0,1,0,0,1,1,0,0,0,0,0,0,2,0,1,-1,-1,-1,-1,0,10,-1,1,1,3,-1,-1,-1,0,0,1,0,0,10,0,0,0,7.75
1,0,0,0,-1,0,1,0,0,0,0,0,2,0,0,-1,-1,2,1,-1,0,3,0,-1,150,0,9223372036800000000,1e+75,0,10,0,0,7,0,0,1,0,0,1,1,0,0,0,0,0,0,2,0,1,-1,-1,-1,-1,0,10,-1,1,1,3,-1,-1,-1,0,0,1,0,0,10,0,0,0,5.56
1,0,0,0,-1,0,1,4,0,0,0,0,3,-1,-1,1,0,0,-1,-1,2,3,0,-1,50,0,9223372036800000000,1e+75,0,10,0,0,7,0,0,1,0,0,1,1,0,0,0,0,0,4,2,0,1,-1,-1,-1,-1,0,10,-1,1,1,3,-1,-1,-1,0,0,1,0,0,10,0,0,0,3.32
1,0,0,0,-1,0,1,4,0,0,0,0,3,-1,-1,1,0,0,-1,-1,2,3,0,-1,50,0,9223372036800000000,240,0,10,0,0,7,0,0,1,0,0,1,1,0,0,0,0,0,0,2,0,1,-1,-1,-1,-1,0,10,-1,1,1,3,-1,-1,-1,0,0,1,0,0,10,0,0,0,6.15
1,0,0,0,-1,0,1,3,0,0,0,0,3,0,0,1,0,2,0,-1,-1,3,0,-1,50,0,9223372036800000000,1e+75,0,10,0,0,7,0,0,1,0,0,1,1,0,-1,0,0,0,4,2,0,1,-1,-1,-1,-1,0,10,-1,1,1,3,-1,-1,-1,0,0,1,0,0,10,0,0,0,5.56
1,0,0,0,-1,0,1,0,0,0,0,0,1,0,0,-1,-1,2,1,-1,0,3,0,-1,150,0,9223372036800000000,240,0,10,0,0,7,0,0,1,0,0,1,1,0,0,0,0,0,0,2,0,1,-1,-1,-1,-1,0,10,-1,1,1,3,-1,-1,-1,0,0,1,0,0,10,0,0,0,6.02
1,0,0,0,-1,0,1,4,0,0,0,0,0,0,0,1,2,-1,0,-1,2,3,0,-1,800,0,9223372036800000000,1e+75,0,10,0,0,7,0,0,1,0,0,1,1,0,1,0,0,0,0,2,0,1,-1,-1,-1,-1,0,10,-1,1,1,3,-1,-1,-1,0,0,1,0,0,10,0,0,0,6.94
1,0,0,0,-1,0,1,3,0,0,0,0,0,-1,-1,1,2,2,-1,-1,-1,3,0,-1,50,0,9223372036800000000,30,0,10,0,0,7,1,0,1,0,0,1,1,0,1,0,0,0,3,2,0,1,-1,-1,-1,-1,0,10,-1,1,1,3,-1,-1,-1,0,0,1,0,0,10,0,0,0,6.85
1,0,0,0,-1,0,1,0,0,0,0,0,-1,0,0,-1,1,1,-1,0,1,3,0,-1,50,0,9223372036800000000,1e+75,0,10,0,0,7,0,0,1,0,0,1,1,0,0,0,0,0,0,2,0,1,-1,-1,-1,-1,0,10,-1,1,1,3,-1,-1,-1,0,0,1,0,0,10,0,0,0,5.63
1,0,0,0,-1,0,1,0,0,0,0,0,2,3,0,2,0,2,0,2,1,3,0,-1,50,0,9223372036800000000,1e+75,0,10,0,0,7,0,0,1,0,0,1,1,0,1,0,0,0,0,2,0,1,-1,-1,-1,-1,0,10,-1,1,1,3,-1,-1,-1,0,0,1,0,0,10,0,0,0,6.15
1,0,0,0,-1,0,1,0,0,0,0,0,-1,2,-1,0,-1,-1,1,1,-1,3,0,-1,800,0,9223372036800000000,1e+75,0,10,0,0,7,0,0,1,0,0,1,1,0,-1,0,0,0,0,2,0,1,-1,-1,-1,-1,0,10,-1,1,1,3,-1,-1,-1,0,0,1,0,0,10,0,0,0,4.71
1,0,0,0,-1,0,1,4,0,0,0,0,3,-1,-1,1,0,0,-1,-1,2,3,0,-1,50,0,9223372036800000000,1e+75,0,10,0,0,7,0,0,1,0,0,3,1,0,0,0,0,0,0,2,0,1,-1,-1,-1,-1,0,10,-1,1,1,3,-1,-1,-1,0,0,1,0,0,10,0,0,0,3.73
1,0,0,0,-1,0,1,4,0,0,0,0,3,2,-1,0,1,1,-1,1,-1,3,0,1,10,0,9223372036800000000,2,0,10,0,0,7,-1,0,1,0,0,1,1,2,-1,0,0,0,0,2,0,1,-1,-1,-1,-1,0,10,-1,1,1,3,-1,-1,-1,0,0,1,0,0,10,0,0,0,3.23
1,0,0,0,-1,0,1,0,0,0,0,0,1,0,0,-1,-1,2,1,-1,0,3,0,1,150,0,9223372036800000000,1e+75,0,10,0,0,7,0,0,1,0,0,1,1,0,0,0,0,0,0,2,0,1,-1,-1,-1,-1,0,10,-1,1,1,3,-1,-1,-1,0,0,1,0,0,10,0,0,0,5.02
1,0,0,0,-1,0,1,4,0,0,0,0,1,1,0,-1,1,1,0,2,1,3,0,-1,800,0,9223372036800000000,1e+75,0,10,0,0,7,0,0,1,0,0,1,1,0,3,0,0,0,0,2,0,1,-1,-1,-1,-1,0,10,-1,1,1,3,-1,-1,-1,0,0,1,0,0,10,0,0,0,6.89
1,0,0,0,-1,0,1,1,0,0,0,0,2,0,-1,2,2,1,-1,1,-1,3,0,-1,800,0,9223372036800000000,1e+75,0,10,0,0,7,0,0,1,0,0,1,1,0,0,0,0,0,0,2,0,1,-1,-1,-1,-1,0,10,-1,1,1,3,-1,-1,-1,0,0,1,0,0,10,0,0,0,3.83
1,0,0,0,-1,0,1,2,0,0,0,0,1,0,0,-1,-1,2,1,-1,0,3,0,-1,150,0,9223372036800000000,1e+75,0,10,0,0,7,0,0,1,0,0,1,1,0,0,0,0,0,0,2,0,1,-1,-1,-1,-1,0,10,-1,1,1,3,-1,-1,-1,0,0,1,0,0,10,0,0,0,5.48
1,0,0,0,-1,0,1,4,0,0,0,0,3,-1,-1,1,0,0,-1,-1,2,3,0,-1,50,0,9223372036800000000,1e+75,0,10,0,0,7,0,0,1,0,0,1,1,0,0,1000,0,0,0,2,0,1,-1,-1,-1,-1,0,10,-1,1,1,3,-1,-1,-1,0,0,1,0,0,10,0,0,0,3.33
1,0,0,0,-1,0,1,4,0,0,0,0,3,-1,-1,1,0,0,-1,-1,2,3,0,-1,50,0,9223372036800000000,1e+75,0,10,0,0,7,0,0,1,0,0,1,1,0,0,0,0,0,1,2,0,1,-1,-1,-1,-1,0,10,-1,1,1,3,-1,-1,-1,0,0,1,0,0,10,0,0,0,5.34
1,0,0,0,-1,0,1,1,0,0,0,0,3,0,0,2,-1,0,1,2,-1,3,0,-1,25,0,9223372036800000000,1e+75,0,10,0,0,7,0,0,1,0,0,1,1,0,0,0,0,0,0,2,0,1,-1,-1,-1,-1,0,10,-1,1,1,3,-1,-1,-1,0,0,1,0,0,10,0,0,0,3.84
1,0,0,0,-1,0,1,4,0,0,0,0,-1,3,-1,1,0,0,-1,0,1,3,0,-1,10,0,9223372036800000000,1e+75,0,10,0,0,7,0,0,1,0,0,1,1,0,2,0,0,0,0,2,0,1,-1,-1,-1,-1,0,10,-1,1,1,3,-1,-1,-1,0,0,1,0,0,10,0,0,0,6.87
1,0,0,0,-1,0,1,4,0,0,0,0,3,-1,-1,1,0,0,-1,-1,2,3,0,-1,50,0,9223372036800000000,1e+75,0,10,0,0,7,0,0,1,0,0,1,1,0,0,0,0,0,2,2,0,1,-1,-1,-1,-1,0,10,-1,1,1,3,-1,-1,-1,0,0,1,0,0,10,0,0,0,6.15
1,0,0,0,-1,0,1,4,0,0,0,0,3,-1,-1,1,0,0,-1,-1,2,3,0,-1,50,0,9223372036800000000,1e+75,0,10,0,0,7,0,0,1,0,0,0,1,0,0,0,0,0,0,2,0,1,-1,-1,-1,-1,0,10,-1,1,1,3,-1,-1,-1,0,0,1,0,0,10,0,0,0,5.49
1,0,0,0,-1,0,1,4,0,0,0,0,3,-1,-1,1,0,0,-1,-1,2,3,0,-1,50,0,9223372036800000000,1e+75,0,10,0,0,7,0,2,1,0,0,1,1,0,0,0,0,0,0,2,0,1,-1,-1,-1,-1,0,10,-1,1,1,3,-1,-1,-1,0,0,1,0,0,10,0,0,0,5.5
1,0,0,0,-1,0,1,4,0,0,0,0,3,-1,-1,1,0,0,-1,-1,2,3,0,-1,50,0,9223372036800000000,50,0,10,0,0,7,0,0,1,0,0,1,1,0,0,0,0,0,0,2,0,1,-1,-1,-1,-1,0,10,-1,1,1,3,-1,-1,-1,0,0,1,0,0,10,0,0,0,6.15
1,0,0,0,-1,0,1,3,0,0,0,0,3,0,0,1,0,2,-1,-1,-1,3,0,-1,50,0,9223372036800000000,1e+75,0,10,0,0,7,1,0,1,0,0,1,1,0,-1,0,0,0,4,2,0,1,-1,-1,-1,-1,0,10,-1,1,1,3,-1,-1,-1,0,0,1,0,0,10,0,0,0,4.88
1,0,0,0,-1,0,1,4,0,0,0,0,3,-1,-1,1,0,0,-1,-1,2,3,0,-1,50,0,9223372036800000000,1e+75,0,10,0,0,7,0,3,1,0,0,1,1,0,0,0,0,0,0,2,0,1,-1,-1,-1,-1,0,10,-1,1,1,3,-1,-1,-1,0,0,1,0,0,10,0,0,0,3.32
1,0,0,0,-1,0,1,4,0,0,0,0,2,2,-1,0,1,0,1,-1,2,3,0,16,10,0,9223372036800000000,40,0,10,0,0,7,0,0,1,0,0,1,1,0,-1,0,0,0,3,2,0,1,-1,-1,-1,-1,0,10,-1,1,1,3,-1,-1,-1,0,0,1,0,0,10,0,0,0,6.13
1,0,0,0,-1,0,1,4,0,0,0,0,3,-1,-1,1,0,0,-1,-1,2,3,0,-1,50,0,9223372036800000000,0,0,10,0,0,7,0,0,1,0,0,1,1,0,0,0,0,0,0,2,0,1,-1,-1,-1,-1,0,10,-1,1,1,3,-1,-1,-1,0,0,1,0,0,10,0,0,0,6.24
1,0,0,0,-1,0,1,4,0,0,0,0,3,-1,-1,1,0,0,-1,-1,2,3,0,-1,50,0,9223372036800000000,1,0,10,0,0,7,0,0,1,0,0,1,1,0,0,0,0,0,0,2,0,1,-1,-1,-1,-1,0,10,-1,1,1,3,-1,-1,-1,0,0,1,0,0,10,0,0,0,6.15
1,0,0,0,-1,0,1,3,0,0,0,0,3,0,0,1,0,2,-1,-1,-1,3,0,-1,50,0,9223372036800000000,1e+75,0,10,0,0,7,0,0,1,0,0,1,1,0,-1,0,0,0,4,2,0,1,-1,-1,-1,-1,0,10,-1,1,1,3,-1,-1,-1,0,0,1,0,0,10,0,0,0,5.55
1,0,0,0,-1,0,1,4,0,0,0,0,3,-1,-1,1,0,0,-1,-1,2,3,0,-1,50,0,9223372036800000000,2,0,10,0,0,7,0,0,1,0,0,1,1,0,0,0,0,0,0,2,0,1,-1,-1,-1,-1,0,10,-1,1,1,3,-1,-1,-1,0,0,1,0,0,10,0,0,0,6.15
1,0,0,0,-1,0,1,3,0,0,0,0,3,0,0,0,0,2,-1,-1,-1,3,0,-1,50,0,9223372036800000000,1e+75,0,10,0,0,7,0,0,1,0,0,1,1,0,-1,0,0,0,4,2,0,1,-1,-1,-1,-1,0,10,-1,1,1,3,-1,-1,-1,0,0,1,0,0,10,0,0,0,5.55
1,0,0,0,-1,0,1,0,0,0,0,0,1,0,0,-1,-1,2,1,-1,0,3,0,-1,150,0,9223372036800000000,1e+75,0,10,0,0,7,0,0,1,0,0,1,1,0,0,0,0,0,2,2,0,1,-1,-1,-1,-1,0,10,-1,1,1,3,-1,-1,-1,0,0,1,0,0,10,0,0,0,6.31
1,0,0,0,-1,0,1,4,0,0,0,0,-1,0,-1,1,0,1,-1,-1,2,3,0,-1,50,0,9223372036800000000,1e+75,0,10,0,0,7,0,0,1,0,0,1,1,0,0,0,0,0,0,2,0,1,-1,-1,-1,-1,0,10,-1,1,1,3,-1,-1,-1,0,0,1,0,0,10,0,0,0,3.42
1,0,0,0,-1,0,1,4,0,0,0,0,3,-1,-1,1,0,0,-1,-1,2,3,0,-1,50,0,9223372036800000000,5,0,10,0,0,7,0,0,1,0,0,1,1,0,0,0,0,0,0,2,0,1,-1,-1,-1,-1,0,10,-1,1,1,3,-1,-1,-1,0,0,1,0,0,10,0,0,0,6.15
1,0,0,0,-1,0,1,4,0,0,0,0,3,-1,-1,1,0,0,-1,-1,2,3,0,-1,50,0,9223372036800000000,120,0,10,0,0,7,0,0,1,0,0,1,1,0,0,0,0,0,0,2,0,1,-1,-1,-1,-1,0,10,-1,1,1,3,-1,-1,-1,0,0,1,0,0,10,0,0,0,6.15
1,0,0,0,-1,0,1,4,0,0,0,0,0,2,0,0,-1,0,-1,1,2,3,0,-1,50,0,9223372036800000000,2,0,10,0,0,7,1,0,1,0,0,1,1,0,-1,0,0,0,4,2,0,1,-1,-1,-1,-1,0,10,-1,1,1,3,-1,-1,-1,0,0,1,0,0,10,0,0,0,6.46
1,0,0,0,-1,0,1,4,0,0,0,0,3,-1,-1,1,0,0,-1,-1,2,3,0,-1,50,0,9223372036800000000,1e+75,0,10,0,0,7,0,0,1,0,0,1,1,0,0,20,0,0,0,2,0,1,-1,-1,-1,-1,0,10,-1,1,1,3,-1,-1,-1,0,0,1,0,0,10,0,0,0,3.33
1,0,0,0,-1,0,1,4,0,0,0,0,-1,0,-1,0,0,0,-1,-1,2,3,0,-1,50,0,9223372036800000000,1e+75,0,10,0,0,7,0,0,1,0,0,1,1,0,0,0,0,0,0,2,0,1,-1,-1,-1,-1,0,10,-1,1,1,3,-1,-1,-1,0,0,1,0,0,10,0,0,0,3.42
1,0,0,0,-1,0,1,4,0,0,0,0,3,-1,-1,1,0,0,-1,-1,2,3,0,-1,50,0,9223372036800000000,1e+75,0,10,0,0,7,0,0,1,0,0,1,1,0,0,60,0,0,0,2,0,1,-1,-1,-1,-1,0,10,-1,1,1,3,-1,-1,-1,0,0,1,0,0,10,0,0,0,3.33
1,0,0,0,-1,0,1,3,0,0,0,0,3,0,0,1,0,2,-1,-1,-1,3,0,-1,50,0,9223372036800000000,1e+75,0,10,0,0,7,0,0,1,0,0,1,1,0,-1,0,0,0,0,2,0,1,-1,-1,-1,-1,0,10,-1,1,1,3,-1,-1,-1,0,0,1,0,0,10,0,0,0,5.55
1,0,0,0,-1,0,1,4,0,0,0,0,3,-1,-1,1,0,0,-1,-1,2,3,0,-1,50,0,9223372036800000000,1e+75,0,10,0,0,7,0,0,1,0,0,1,1,0,0,100,0,0,0,2,0,1,-1,-1,-1,-1,0,10,-1,1,1,3,-1,-1,-1,0,0,1,0,0,10,0,0,0,3.32
1,0,0,0,-1,0,1,4,0,0,0,0,3,-1,-1,1,0,0,-1,-1,2,3,0,-1,50,0,9223372036800000000,1e+75,0,10,0,0,7,0,0,1,0,0,1,1,0,0,200,0,0,0,2,0,1,-1,-1,-1,-1,0,10,-1,1,1,3,-1,-1,-1,0,0,1,0,0,10,0,0,0,3.33
1,0,0,0,-1,0,1,3,0,0,0,0,3,0,0,1,0,2,-1,-1,-1,3,0,-1,50,0,9223372036800000000,240,0,10,0,0,7,0,0,1,0,0,1,1,0,-1,0,0,0,4,2,0,1,-1,-1,-1,-1,0,10,-1,1,1,3,-1,-1,-1,0,0,1,0,0,10,0,0,0,5.55
1,0,0,0,-1,0,1,0,0,0,0,0,1,0,0,-1,-1,2,1,-1,0,3,0,-1,150,0,9223372036800000000,1e+75,0,10,0,0,7,0,0,1,0,0,1,1,0,0,0,0,0,1,2,0,1,-1,-1,-1,-1,0,10,-1,1,1,3,-1,-1,-1,0,0,1,0,0,10,0,0,0,6.39
1,0,0,0,-1,0,1,4,0,0,0,0,3,-1,-1,1,0,0,-1,-1,2,3,0,-1,50,0,9223372036800000000,1e+75,0,10,0,0,7,0,0,1,0,0,1,1,0,0,500,0,0,0,2,0,1,-1,-1,-1,-1,0,10,-1,1,1,3,-1,-1,-1,0,0,1,0,0,10,0,0,0,3.33
1,0,0,0,-1,0,1,4,0,0,0,0,3,-1,-1,1,0,0,-1,-1,2,3,0,-1,50,0,9223372036800000000,1e+75,0,10,0,0,0,0,0,1,0,0,1,1,0,0,0,0,0,0,2,0,1,-1,-1,-1,-1,0,10,-1,1,1,3,-1,-1,-1,0,0,1,0,0,10,0,0,0,3.32
1,0,0,0,-1,0,1,4,0,0,0,0,3,-1,-1,1,0,0,-1,-1,2,3,0,-1,50,0,9223372036800000000,1e+75,0,10,0,0,2,0,0,1,0,0,1,1,0,0,0,0,0,0,2,0,1,-1,-1,-1,-1,0,10,-1,1,1,3,-1,-1,-1,0,0,1,0,0,10,0,0,0,3.32
1,0,0,0,-1,0,1,0,0,0,0,0,-1,1,0,1,0,1,1,1,-1,3,0,4,10,0,9223372036800000000,20,0,10,0,0,7,-1,0,1,0,0,1,1,2,-1,0,0,0,2,2,0,1,-1,-1,-1,-1,0,10,-1,1,1,3,-1,-1,-1,0,0,1,0,0,10,0,0,0,6.12
1,0,0,0,-1,0,1,4,0,0,0,0,3,-1,-1,1,0,0,-1,-1,2,3,0,-1,50,0,9223372036800000000,1e+75,0,10,0,0,3,0,0,1,0,0,1,1,0,0,0,0,0,0,2,0,1,-1,-1,-1,-1,0,10,-1,1,1,3,-1,-1,-1,0,0,1,0,0,10,0,0,0,3.32
1,0,0,0,-1,0,1,4,0,0,0,0,3,-1,-1,1,0,0,-1,-1,2,3,0,-1,50,0,9223372036800000000,1e+75,0,10,0,0,4,0,0,1,0,0,1,1,0,0,0,0,0,0,2,0,1,-1,-1,-1,-1,0,10,-1,1,1,3,-1,-1,-1,0,0,1,0,0,10,0,0,0,3.32
1,0,0,0,-1,0,1,4,0,0,0,0,3,-1,-1,1,0,0,-1,-1,2,3,0,-1,50,0,9223372036800000000,1e+75,0,10,0,0,10,0,0,1,0,0,1,1,0,0,0,0,0,0,2,0,1,-1,-1,-1,-1,0,10,-1,1,1,3,-1,-1,-1,0,0,1,0,0,10,0,0,0,3.32
1,0,0,0,-1,0,1,4,0,0,0,0,3,-1,-1,1,0,0,-1,-1,2,3,0,-1,50,0,9223372036800000000,1e+75,0,10,0,0,15,0,0,1,0,0,1,1,0,0,0,0,0,0,2,0,1,-1,-1,-1,-1,0,10,-1,1,1,3,-1,-1,-1,0,0,1,0,0,10,0,0,0,3.32
1,0,0,0,-1,0,1,0,0,0,0,0,-1,3,0,2,0,-1,-1,1,-1,3,0,-1,50,0,9223372036800000000,120,0,10,0,0,7,1,0,1,0,0,1,1,0,-1,0,0,0,-1,2,0,1,-1,-1,-1,-1,0,10,-1,1,1,3,-1,-1,-1,0,0,1,0,0,10,0,0,0,6.57
1,0,0,0,-1,0,1,4,0,0,0,0,2,1,1,1,-1,1,1,0,1,3,0,-1,50,0,9223372036800000000,1e+75,0,10,0,0,7,0,0,1,0,0,1,1,0,-1,0,0,0,0,2,0,1,-1,-1,-1,-1,0,10,-1,1,1,3,-1,-1,-1,0,0,1,0,0,10,0,0,0,6.24
1,0,0,0,-1,0,1,4,0,0,0,0,3,-1,-1,1,0,0,-1,-1,2,3,0,-1,50,0,9223372036800000000,1e+75,0,10,0,0,30,0,0,1,0,0,1,1,0,0,0,0,0,0,2,0,1,-1,-1,-1,-1,0,10,-1,1,1,3,-1,-1,-1,0,0,1,0,0,10,0,0,0,3.32
1,0,0,0,-1,0,1,0,0,0,0,0,1,0,0,-1,-1,2,1,-1,0,3,0,-1,150,0,9223372036800000000,1e+75,0,10,0,0,7,0,0,1,0,0,1,1,0,0,0,0,0,-1,2,0,1,-1,-1,-1,-1,0,10,-1,1,1,3,-1,-1,-1,0,0,1,0,0,10,0,0,0,6.71
1,0,0,0,-1,0,1,0,0,0,0,0,1,0,0,-1,0,2,1,-1,0,3,0,-1,150,0,9223372036800000000,1e+75,0,10,0,0,7,0,0,1,0,0,1,1,0,0,0,0,0,0,2,0,1,-1,-1,-1,-1,0,10,-1,1,1,3,-1,-1,-1,0,0,1,0,0,10,0,0,0,3.8
1,0,0,0,-1,0,1,0,0,0,0,0,1,0,0,-1,-1,2,1,-1,0,3,0,-1,150,0,9223372036800000000,1e+75,0,10,0,0,7,0,0,1,0,0,1,1,0,1,0,0,0,0,2,0,1,-1,-1,-1,-1,0,10,-1,1,1,3,-1,-1,-1,0,0,1,0,0,10,0,0,0,6.01
1,0,0,0,-1,0,1,0,0,0,0,0,1,0,0,-1,-1,2,1,-1,0,3,0,-1,150,0,9223372036800000000,1,0,10,0,0,7,0,0,1,0,0,1,1,0,0,0,0,0,0,2,0,1,-1,-1,-1,-1,0,10,-1,1,1,3,-1,-1,-1,0,0,1,0,0,10,0,0,0,6.02
1,0,0,0,-1,0,1,4,0,0,0,0,1,-1,-1,0,2,2,1,-1,2,3,0,-1,50,0,9223372036800000000,240,0,10,0,0,7,1,0,1,0,0,1,1,3,-1,0,0,0,1,2,0,1,-1,-1,-1,-1,0,10,-1,1,1,3,-1,-1,-1,0,0,1,0,0,10,0,0,0,6.67
1,0,0,0,-1,0,1,0,0,0,0,0,1,0,0,-1,-1,2,1,-1,0,3,0,-1,150,0,9223372036800000000,1e+75,0,10,0,0,7,0,0,1,0,0,1,1,0,0,0,0,0,4,2,0,1,-1,-1,-1,-1,0,10,-1,1,1,3,-1,-1,-1,0,0,1,0,0,10,0,0,0,3.8
1,0,0,0,-1,0,1,0,0,0,0,0,1,0,0,-1,-1,2,1,0,0,3,0,-1,150,0,9223372036800000000,1e+75,0,10,0,0,7,0,0,1,0,0,1,1,0,0,0,0,0,0,2,0,1,-1,-1,-1,-1,0,10,-1,1,1,3,-1,-1,-1,0,0,1,0,0,10,0,0,0,3.8
1,0,0,0,-1,0,1,4,0,0,0,0,1,0,-1,2,0,-1,-1,-1,-1,3,0,-1,800,0,9223372036800000000,1e+75,0,10,0,0,7,0,0,1,0,0,1,1,0,3,0,0,0,0,2,0,1,-1,-1,-1,-1,0,10,-1,1,1,3,-1,-1,-1,0,0,1,0,0,10,0,0,0,6.95
1,0,0,0,-1,0,1,4,0,0,0,0,3,-1,-1,1,0,0,-1,-1,2,3,0,-1,50,0,9223372036800000000,60,0,10,0,0,7,0,0,1,0,0,1,1,0,0,0,0,0,0,2,0,1,-1,-1,-1,-1,0,10,-1,1,1,3,-1,-1,-1,0,0,1,0,0,10,0,0,0,6.15
1,0,0,0,-1,0,1,0,0,0,0,0,1,0,0,-1,-1,2,1,-1,0,3,0,-1,150,0,9223372036800000000,120,0,10,0,0,7,0,0,1,0,0,1,1,0,0,0,0,0,0,2,0,1,-1,-1,-1,-1,0,10,-1,1,1,3,-1,-1,-1,0,0,1,0,0,10,0,0,0,6.02
