1,1,0,1,-1,0,2,2,0,0,0,1,-1,-1,-1,-1,-1,1,-1,1,-1,5,0,16,400,0,9223372036800000000,60,0,2,0,0,7,0,0,1,100,0,1,1,3,-1,0,6,0,-1,2,0,1,-1,-1,3,-1,1,20,-1,1,0,1,-1,-1,-1,0,0,1,0,0,40,0,0,0,6.75
1,1,0,1,-1,0,2,2,0,0,0,1,-1,-1,-1,-1,-1,1,-1,1,-1,5,0,16,400,0,9223372036800000000,60,0,2,0,0,7,0,0,1,100,0,1,1,3,-1,0,6,2,-1,2,0,1,-1,-1,3,-1,1,20,-1,1,0,1,-1,-1,-1,0,0,1,0,0,5,0,0,0,6.75
1,1,0,1,-1,0,2,2,0,0,0,1,-1,-1,-1,-1,-1,1,-1,1,-1,5,0,1,400,0,9223372036800000000,60,0,2,0,0,7,0,0,1,100,0,1,1,3,-1,0,6,0,-1,2,0,1,-1,-1,3,-1,1,20,-1,1,0,1,-1,-1,-1,0,0,1,0,0,5,0,0,0,6.96
1,1,0,1,-1,0,2,2,0,0,0,1,-1,-1,-1,-1,-1,1,-1,1,-1,5,0,16,400,0,9223372036800000000,60,0,2,0,0,7,0,0,1,100,0,1,1,3,-1,0,6,3,-1,2,0,1,-1,-1,3,-1,1,20,-1,1,0,1,-1,-1,-1,0,0,1,0,0,5,0,0,0,11.53
1,1,0,1,-1,0,2,2,0,0,0,1,-1,-1,-1,-1,-1,1,-1,1,-1,5,0,16,400,0,9223372036800000000,120,0,2,0,0,7,0,0,1,100,0,1,1,3,-1,0,6,0,-1,2,0,1,-1,-1,3,-1,1,20,-1,1,0,1,-1,-1,-1,0,0,1,0,0,5,0,0,0,6.75
1,1,0,1,-1,0,2,2,0,0,0,1,-1,-1,-1,-1,-1,1,-1,1,-1,5,0,16,10,0,9223372036800000000,60,0,2,0,0,7,0,0,1,100,0,1,1,3,-1,0,6,0,-1,2,0,1,-1,-1,3,-1,1,20,-1,1,0,1,-1,-1,-1,0,0,1,0,0,5,0,0,0,6.8
1,0,0,0,-1,2,2,0,0,0,0,1,-1,-1,1,-1,-1,1,-1,-1,2,10,0,-1,400,0,9223372036800000000,50,0,10,0,0,7,-1,0,1,-1,0,1,1,3,-1,0,4,2,3,2,0,1,-1,-1,2,-1,1,40,-1,1,0,2,0,3,-1,0,0,1,0,0,0,0,0,0,1.79769e+308
1,0,0,0,-1,2,1,0,0,0,0,1,-1,-1,-1,-1,-1,1,-1,1,-1,3,0,4,10,0,9223372036800000000,240,0,2,0,0,7,-1,0,1,-1,0,1,1,3,-1,0,1,1,-1,2,0,1,-1,1,3,-1,-1,2,-1,1,0,3,0,1,-1,0,2,1,0,0,40,0,0,0,1.79769e+308
1,1,0,1,-1,2,2,2,0,0,0,1,-1,-1,-1,-1,2,1,-1,1,-1,2,0,16,10,0,9223372036800000000,20,0,2,0,0,7,0,0,1,-1,0,1,1,3,-1,0,0,2,-1,2,0,1,-1,-1,3,-1,-1,10,-1,1,0,3,-1,3,-1,0,0,1,0,0,2,0,0,0,1.79769e+308
1,0,0,1,-1,0,1,0,0,0,0,0,-1,-1,1,-1,-1,1,-1,1,-1,3,0,1,10,0,9223372036800000000,20,0,2,0,0,7,0,0,1,100,0,1,1,3,-1,0,0,2,3,2,0,1,-1,-1,3,-1,1,40,-1,1,0,1,0,1,-1,0,1,1,0,0,40,0,0,0,6.96
1,1,0,1,-1,0,2,2,0,0,0,1,-1,-1,-1,-1,-1,1,-1,1,-1,5,0,16,400,0,9223372036800000000,60,0,2,0,0,7,0,0,1,100,0,1,1,3,-1,0,6,0,-1,2,0,1,-1,-1,3,-1,1,20,-1,1,0,1,-1,-1,-1,0,0,1,0,0,5,0,0,0,6.75
1,0,0,0,-1,2,2,2,0,0,0,0,-1,0,1,-1,-1,1,-1,1,-1,1,0,1,400,0,9223372036800000000,60,0,2,0,0,7,0,0,1,-1,0,1,1,3,-1,0,4,0,3,2,0,1,-1,-1,-1,-1,1,10,-1,1,0,2,1,1,-1,0,4,1,0,0,40,0,0,0,1.79769e+308
1,0,0,0,-1,0,2,2,0,0,0,0,-1,0,1,-1,-1,1,-1,1,2,0,0,4,10,0,9223372036800000000,10,0,10,0,0,7,1,0,1,-1,0,1,1,3,-1,0,4,3,3,2,0,1,-1,-1,0,-1,1,40,-1,1,0,3,1,0,-1,0,2,1,0,0,10,0,0,0,1.79769e+308
1,0,0,0,-1,0,1,0,0,0,0,0,1,0,0,-1,-1,2,1,-1,0,3,0,-1,150,0,9223372036800000000,0,0,10,0,0,7,0,0,1,0,0,1,1,0,0,0,0,0,0,2,0,1,-1,-1,0,-1,0,10,-1,1,1,1,-1,-1,-1,0,0,1,0,0,10,0,0,0,4.96
1,0,0,0,-1,0,1,0,0,0,0,0,1,0,0,-1,-1,2,1,-1,0,3,0,-1,150,0,9223372036800000000,1e+75,0,10,0,0,7,0,0,1,0,0,1,1,0,0,0,0,0,0,2,0,1,-1,-1,0,-1,0,40,-1,1,1,1,-1,-1,-1,0,0,1,0,0,10,0,0,0,3.09
1,0,0,0,-1,0,1,0,0,0,0,0,1,0,0,-1,-1,2,1,-1,0,3,0,-1,150,0,9223372036800000000,120,0,10,0,0,7,0,0,1,0,0,1,1,0,0,0,0,0,0,2,0,1,-1,-1,0,-1,0,10,-1,1,1,1,-1,-1,-1,0,0,1,0,0,10,0,0,0,5.02
1,0,0,0,-1,0,1,0,0,0,0,0,1,0,0,-1,-1,2,1,-1,0,3,0,-1,150,0,9223372036800000000,1e+75,0,10,0,0,7,0,0,1,0,0,1,1,0,0,0,6,0,0,2,0,1,-1,-1,0,-1,0,10,-1,1,1,1,-1,-1,-1,0,0,1,0,0,10,0,0,0,3.09
1,0,0,0,-1,0,1,0,0,0,0,0,1,0,0,-1,-1,2,1,-1,0,3,0,-1,150,0,9223372036800000000,1e+75,0,10,0,0,7,0,0,1,-1,0,1,1,0,0,0,0,0,0,2,0,1,-1,-1,0,-1,0,10,-1,1,1,1,-1,-1,-1,0,0,1,0,0,10,0,0,0,1.79769e+308
1,0,0,0,-1,0,1,0,0,0,0,0,1,0,0,-1,-1,2,1,-1,0,3,0,4,150,0,9223372036800000000,1e+75,0,10,0,0,7,0,0,1,0,0,1,1,0,0,0,0,0,0,2,0,1,-1,-1,0,-1,0,10,-1,1,1,1,-1,-1,-1,0,0,1,0,0,10,0,0,0,3.09
1,0,0,0,-1,0,1,0,0,0,0,0,1,0,0,-1,-1,2,1,-1,0,3,0,-1,150,0,9223372036800000000,1e+75,0,10,0,0,7,0,0,1,0,0,1,1,0,0,0,0,0,0,2,0,1,-1,-1,0,-1,0,10,-1,1,1,3,-1,-1,-1,0,0,1,0,0,0,0,0,0,3.66
1,0,0,0,-1,0,1,0,0,0,0,0,1,0,0,-1,-1,2,1,-1,0,3,0,-1,150,0,9223372036800000000,1e+75,0,10,0,0,7,0,0,1,0,0,1,1,0,0,0,0,0,0,2,0,1,-1,-1,0,-1,0,40,-1,1,1,3,-1,-1,-1,0,0,1,0,0,10,0,0,0,3.66
1,0,0,0,-1,0,1,0,0,0,0,0,1,0,0,-1,-1,2,1,-1,0,3,0,-1,150,0,9223372036800000000,1e+75,0,10,0,0,7,0,0,1,0,0,1,1,0,0,0,0,3,0,2,0,1,-1,-1,0,-1,0,10,-1,1,1,3,-1,-1,-1,0,0,1,0,0,10,0,0,0,8.98
1,0,0,0,-1,0,1,0,0,0,0,0,1,0,0,-1,-1,2,1,-1,0,3,0,-1,150,0,9223372036800000000,1e+75,0,10,0,0,7,0,0,1,0,0,1,1,0,0,0,0,0,0,2,0,1,-1,-1,0,-1,0,10,-1,1,1,1,-1,-1,-1,0,0,1,0,0,10,0,0,0,3.09
1,0,0,0,-1,0,1,0,0,0,0,0,1,0,0,-1,-1,2,1,-1,0,3,0,-1,150,0,9223372036800000000,1e+75,0,10,0,0,7,0,0,1,0,0,1,1,0,0,0,0,0,0,2,0,1,-1,-1,0,-1,0,20,-1,1,1,3,-1,-1,-1,0,0,1,0,0,10,0,0,0,3.66
1,0,0,0,-1,0,1,0,0,0,0,0,1,0,0,-1,-1,2,1,-1,0,3,0,-1,150,0,9223372036800000000,1e+75,0,10,0,0,7,0,0,1,0,0,1,1,0,0,0,0,0,0,2,0,1,-1,-1,0,-1,0,10,-1,1,1,3,-1,-1,-1,0,4,1,0,0,10,0,0,0,3.66
1,0,0,0,-1,0,1,0,0,0,0,0,1,0,0,-1,-1,2,1,-1,0,1,0,-1,150,0,9223372036800000000,1e+75,0,10,0,0,7,0,0,1,0,0,1,1,0,0,0,0,0,0,2,0,1,-1,-1,0,-1,0,10,-1,1,1,3,-1,-1,-1,0,0,1,0,0,10,0,0,0,3.66
1,0,0,0,-1,0,1,0,0,0,0,0,1,0,0,-1,-1,2,1,-1,0,3,0,-1,150,0,9223372036800000000,1e+75,0,10,0,0,7,0,0,1,0,0,1,1,-1,0,0,0,0,0,2,0,1,-1,-1,0,-1,0,10,-1,1,1,3,-1,-1,-1,0,0,1,0,0,10,0,0,0,6.72
1,0,0,0,-1,0,1,0,0,0,0,0,1,0,0,-1,-1,2,1,-1,0,3,0,-1,150,0,9223372036800000000,1e+75,0,10,0,0,7,0,0,1,0,0,1,1,0,0,0,0,0,4,2,0,1,-1,-1,0,-1,0,10,-1,1,1,3,-1,-1,-1,0,0,1,0,0,10,0,0,0,3.66
1,1,0,1,-1,0,2,2,0,0,0,1,-1,-1,-1,-1,-1,1,-1,1,-1,5,0,16,400,0,9223372036800000000,60,0,2,0,0,7,0,0,1,100,0,1,1,3,-1,0,6,0,-1,2,0,1,-1,-1,3,-1,1,20,-1,1,0,2,-1,-1,-1,0,0,1,0,0,5,0,0,0,8.97
1,0,0,0,-1,0,1,0,0,0,0,0,1,0,0,-1,-1,2,1,-1,0,3,0,-1,150,0,9223372036800000000,1e+75,0,10,0,0,7,0,0,1,0,0,1,1,0,0,0,0,0,0,2,0,1,-1,-1,0,-1,-1,10,-1,1,1,3,-1,-1,-1,0,0,1,0,0,10,0,0,0,3.66
1,0,0,0,-1,0,1,0,0,0,0,0,1,-1,0,-1,-1,2,1,-1,0,3,0,-1,150,0,9223372036800000000,1e+75,0,10,0,0,7,0,0,1,0,0,1,1,0,0,0,0,0,0,2,0,1,-1,-1,0,-1,0,10,-1,1,1,3,-1,-1,-1,0,0,1,0,0,10,0,0,0,5.56
1,0,0,0,-1,0,1,0,0,0,0,0,1,0,0,-1,-1,2,1,-1,0,3,0,-1,150,0,9223372036800000000,40,0,10,0,0,7,0,0,1,0,0,1,1,0,0,0,0,0,0,2,0,1,-1,-1,0,-1,0,10,-1,1,1,3,-1,-1,-1,0,0,1,0,0,10,0,0,0,6.02
1,0,0,0,-1,0,1,0,0,0,0,0,1,0,0,-1,-1,2,1,-1,-1,3,0,-1,150,0,9223372036800000000,1e+75,0,10,0,0,7,0,0,1,0,0,1,1,0,0,0,0,0,0,2,0,1,-1,-1,0,-1,0,10,-1,1,1,3,-1,-1,-1,0,0,1,0,0,10,0,0,0,3.66
1,0,0,0,-1,0,1,3,0,0,0,0,-1,-1,1,-1,-1,2,-1,1,-1,2,0,1,10,0,9223372036800000000,40,0,10,0,0,7,-1,0,1,1000,0,1,1,-1,-1,0,0,0,4,2,0,1,-1,1,-1,-1,0,5,-1,1,0,3,-1,-1,-1,0,0,1,0,0,10,0,0,0,2.48
1,0,0,0,-1,0,1,3,0,0,0,0,-1,-1,1,-1,-1,2,-1,1,-1,2,0,1,10,0,9223372036800000000,40,0,20,0,0,7,-1,0,1,1000,0,1,1,-1,-1,0,0,0,4,2,0,1,-1,1,-1,-1,0,5,-1,1,1,3,-1,-1,-1,0,0,1,0,0,10,0,0,0,2.48
1,3,0,0,-1,0,1,3,0,0,0,0,-1,-1,1,-1,-1,2,-1,1,-1,2,0,1,10,0,9223372036800000000,40,0,10,0,0,7,-1,0,1,1000,0,1,1,-1,-1,0,0,0,4,2,0,1,-1,1,-1,-1,0,5,-1,1,1,3,-1,-1,-1,0,0,1,0,0,10,0,0,0,2.48
1,2,0,0,-1,0,1,3,0,0,0,0,-1,-1,1,-1,-1,2,-1,1,-1,2,0,1,10,0,9223372036800000000,40,0,10,0,0,7,-1,0,1,1000,0,1,1,-1,-1,0,0,0,4,2,0,1,-1,1,-1,-1,0,5,-1,1,1,3,-1,-1,-1,0,0,1,0,0,10,0,0,0,2.48
1,1,0,1,-1,0,2,2,0,0,0,1,-1,-1,-1,-1,-1,1,-1,1,-1,5,0,16,400,0,9223372036800000000,0,0,2,0,0,7,0,0,1,100,0,1,1,3,-1,0,6,0,-1,2,0,1,-1,-1,3,-1,1,20,-1,1,0,1,-1,-1,-1,0,0,1,0,0,5,0,0,0,6.75
1,0,0,0,-1,0,1,3,0,0,0,0,-1,-1,1,-1,-1,2,-1,1,-1,2,0,1,10,0,9223372036800000000,40,0,10,0,0,7,-1,0,1,1000,0,1,1,-1,-1,0,0,0,4,2,0,1,-1,1,-1,-1,0,5,-1,1,1,3,-1,-1,-1,0,0,1,0,0,5,0,0,0,2.48
1,0,0,0,-1,0,1,0,0,0,0,0,1,0,0,-1,-1,2,1,-1,0,3,0,-1,150,0,9223372036800000000,1e+75,0,10,0,0,7,0,0,1,0,0,1,1,0,0,0,0,0,0,2,0,1,-1,-1,0,-1,0,10,-1,1,1,1,-1,-1,-1,0,0,1,0,0,40,0,0,0,3.09
1,0,0,0,-1,0,1,3,0,0,0,0,-1,-1,1,-1,-1,2,-1,1,-1,2,0,1,10,0,9223372036800000000,40,0,10,0,0,7,-1,0,1,1000,0,1,1,-1,-1,0,0,0,4,2,0,1,-1,1,-1,-1,0,5,-1,1,1,3,-1,-1,-1,0,0,1,0,0,2,0,0,0,2.48
1,0,0,0,-1,0,1,3,0,0,0,0,-1,-1,1,-1,-1,2,-1,1,-1,2,0,1,10,0,9223372036800000000,40,0,10,0,0,7,-1,0,1,1000,0,1,1,-1,-1,0,0,0,4,2,0,1,-1,1,-1,-1,0,5,-1,1,1,3,-1,-1,-1,0,0,1,0,0,0,0,0,0,2.48
1,1,0,1,-1,0,2,2,0,0,0,1,-1,-1,-1,-1,-1,1,-1,1,-1,5,0,16,400,0,9223372036800000000,1e+75,0,2,0,0,7,0,0,1,100,0,1,1,3,-1,0,6,0,-1,2,0,1,-1,-1,3,-1,1,20,-1,1,0,1,-1,-1,-1,0,0,1,0,0,5,0,0,0,6.75
1,0,0,0,-1,0,1,3,0,0,0,0,-1,-1,1,-1,-1,2,-1,1,-1,2,0,1,10,0,9223372036800000000,40,0,10,0,0,7,-1,0,1,1000,0,1,1,-1,-1,0,0,0,4,2,0,1,-1,1,-1,-1,0,5,-1,1,1,3,-1,-1,-1,0,1,1,0,0,10,0,0,0,2.48
1,0,0,0,-1,0,1,3,0,0,0,0,-1,-1,1,-1,-1,2,-1,1,-1,2,0,1,10,0,9223372036800000000,40,0,10,0,0,7,-1,0,1,1000,0,1,1,-1,-1,0,0,0,4,2,0,1,-1,1,-1,-1,0,5,-1,1,1,3,-1,-1,-1,1,0,1,0,0,10,0,0,0,4.98
1,0,0,0,-1,0,1,3,0,0,0,5,-1,-1,1,-1,-1,2,-1,1,-1,2,0,1,10,0,9223372036800000000,40,0,10,0,0,7,-1,0,1,1000,0,1,1,-1,-1,0,0,0,4,2,0,1,-1,1,-1,-1,0,5,-1,1,1,3,-1,-1,-1,0,0,1,0,0,10,0,0,0,2.48
1,0,0,0,-1,0,1,3,0,0,0,4,-1,-1,1,-1,-1,2,-1,1,-1,2,0,1,10,0,9223372036800000000,40,0,10,0,0,7,-1,0,1,1000,0,1,1,-1,-1,0,0,0,4,2,0,1,-1,1,-1,-1,0,5,-1,1,1,3,-1,-1,-1,0,0,1,0,0,10,0,0,0,2.48
1,0,0,0,-1,0,1,3,0,0,0,0,-1,-1,1,-1,-1,2,-1,1,-1,2,0,1,10,0,9223372036800000000,40,0,40,0,0,7,-1,0,1,1000,0,1,1,-1,-1,0,0,0,4,2,0,1,-1,1,-1,-1,0,5,-1,1,1,3,-1,-1,-1,0,0,1,0,0,10,0,0,0,2.48
1,0,0,0,-1,0,1,3,0,0,0,3,-1,-1,1,-1,-1,2,-1,1,-1,2,0,1,10,0,9223372036800000000,40,0,10,0,0,7,-1,0,1,1000,0,1,1,-1,-1,0,0,0,4,2,0,1,-1,1,-1,-1,0,5,-1,1,1,3,-1,-1,-1,0,0,1,0,0,10,0,0,0,2.48
1,0,0,0,-1,0,1,3,0,0,0,2,-1,-1,1,-1,-1,2,-1,1,-1,2,0,1,10,0,9223372036800000000,40,0,10,0,0,7,-1,0,1,1000,0,1,1,-1,-1,0,0,0,4,2,0,1,-1,1,-1,-1,0,5,-1,1,1,3,-1,-1,-1,0,0,1,0,0,10,0,0,0,2.48
1,0,0,0,-1,0,1,3,0,0,0,0,-1,-1,1,-1,-1,2,-1,1,-1,2,0,1,10,0,9223372036800000000,40,0,10,0,0,7,-1,0,1,1000,0,1,1,-1,-1,0,0,0,4,2,0,1,-1,1,-1,-1,0,5,-1,1,1,3,1,-1,-1,0,0,1,0,0,10,0,0,0,2.48
1,0,0,0,-1,0,1,3,0,0,0,0,-1,-1,1,-1,-1,2,-1,1,-1,2,0,1,10,0,9223372036800000000,40,0,10,0,0,7,-1,0,1,1000,0,1,1,-1,-1,0,0,0,4,2,0,1,-1,1,-1,-1,0,5,-1,1,1,1,-1,-1,-1,0,0,1,0,0,10,0,0,0,2.54
1,0,0,1,-1,0,1,0,0,0,0,0,-1,-1,-1,-1,0,-1,2,-1,-1,10,0,2,10,0,9223372036800000000,20,0,10,0,0,7,0,0,1,-1,0,1,1,0,-1,0,0,3,-1,2,0,1,-1,1,2,-1,0,20,-1,1,1,3,-1,-1,-1,0,0,1,0,0,10,0,0,0,1.79769e+308
1,0,0,0,-1,0,1,0,0,0,0,0,1,3,1,-1,-1,0,-1,-1,-1,10,0,1,10,0,9223372036800000000,0,0,10,0,0,7,1,0,1,100,0,1,1,0,-1,0,1,1,3,2,0,1,-1,1,-1,-1,0,20,-1,1,1,3,-1,-1,-1,0,0,1,0,0,10,0,0,0,7.9
1,0,0,0,-1,0,1,0,0,0,0,0,1,-1,-1,-1,-1,0,-1,-1,2,10,0,1,10,0,9223372036800000000,240,0,10,0,0,7,0,0,1,100,0,1,1,0,-1,0,1,1,3,2,0,1,-1,-1,2,-1,-1,2,-1,1,1,3,-1,-1,-1,0,0,1,0,0,10,0,0,0,11.52
1,0,0,0,-1,0,1,3,0,0,0,0,-1,-1,1,-1,-1,2,-1,1,-1,2,0,1,10,0,9223372036800000000,40,0,10,0,0,7,-1,0,1,1000,0,1,1,-1,-1,0,0,0,4,2,0,1,-1,1,-1,-1,0,5,-1,1,1,3,-1,-1,-1,0,0,1,0,0,20,0,0,0,2.48
1,0,0,0,-1,0,2,0,0,0,0,0,-1,3,-1,-1,-1,0,-1,-1,2,1,0,-1,10,0,9223372036800000000,240,0,10,0,0,7,-1,0,1,-1,0,1,1,0,0,0,6,1,-1,2,0,1,-1,1,1,-1,1,20,-1,1,1,3,-1,-1,-1,0,0,1,0,0,10,0,0,0,1.79769e+308
1,0,0,0,-1,0,2,0,0,0,0,0,1,3,-1,-1,-1,-1,2,-1,-1,1,0,1,10,0,9223372036800000000,30,0,10,0,0,7,0,0,1,-1,0,1,1,0,0,0,1,1,-1,2,0,1,-1,1,2,-1,1,20,-1,1,1,3,-1,-1,-1,0,0,1,0,0,10,0,0,0,1.79769e+308
1,0,0,1,-1,0,2,0,0,0,0,0,1,3,1,-1,0,0,2,-1,-1,2,0,2,10,0,9223372036800000000,0,0,10,0,0,7,1,0,1,100,0,1,1,0,0,0,1,5,3,2,0,1,-1,-1,1,-1,0,20,-1,1,1,3,-1,-1,-1,0,0,1,0,0,10,0,0,0,60.16
1,0,0,0,-1,0,1,0,0,0,0,0,1,0,0,-1,-1,2,1,-1,0,3,0,-1,150,0,9223372036800000000,1e+75,0,10,0,0,7,0,0,1,0,0,1,1,0,0,0,0,0,0,2,0,1,-1,-1,-1,-1,0,20,-1,1,1,3,-1,-1,-1,0,0,1,0,0,10,0,0,0,3.8
1,0,0,0,-1,0,1,3,0,1,0,0,-1,-1,1,-1,-1,2,-1,1,-1,2,0,1,10,0,9223372036800000000,40,0,10,0,0,7,-1,0,1,1000,0,1,1,-1,-1,0,0,0,4,2,0,1,-1,1,-1,-1,0,5,-1,1,1,3,-1,-1,-1,0,0,1,0,0,10,0,0,0,5.13
1,0,0,0,-1,0,1,3,0,0,0,0,-1,-1,1,-1,-1,2,-1,1,-1,2,0,1,10,0,9223372036800000000,40,0,10,0,0,7,-1,0,3,1000,0,1,1,-1,-1,0,0,0,4,2,0,1,-1,1,-1,-1,0,5,-1,1,1,3,-1,-1,-1,0,0,1,0,0,10,0,0,0,2.48
1,0,0,0,-1,0,1,3,0,0,0,0,-1,-1,1,-1,-1,2,-1,1,-1,2,0,1,10,0,9223372036800000000,40,0,10,0,0,7,-1,0,1,1000,0,1,1,-1,-1,0,0,0,4,2,3,1,-1,1,-1,-1,0,5,-1,1,1,3,-1,-1,-1,0,0,1,0,0,10,0,0,0,2.48
1,0,0,0,-1,0,1,3,0,0,0,0,-1,-1,1,-1,-1,2,-1,1,-1,2,0,1,10,0,9223372036800000000,40,0,10,0,0,7,-1,0,1,1000,0,1,1,-1,-1,0,0,0,4,3,0,1,-1,1,-1,-1,0,5,-1,1,1,3,-1,-1,-1,0,0,1,0,0,10,0,0,0,2.48
1,0,0,0,-1,0,1,3,0,0,0,0,-1,-1,1,-1,-1,2,-1,1,-1,2,0,1,10,0,9223372036800000000,40,0,10,0,2,7,-1,0,1,1000,0,1,1,-1,-1,0,0,0,4,2,0,1,-1,1,-1,-1,0,5,-1,1,1,3,-1,-1,-1,0,0,1,0,0,10,0,0,0,2.48
1,0,0,0,-1,0,1,3,1,0,0,0,-1,-1,1,-1,-1,2,-1,1,-1,2,0,1,10,0,9223372036800000000,40,0,10,0,0,7,-1,0,1,1000,0,1,1,-1,-1,0,0,0,4,2,0,1,-1,1,-1,-1,0,5,-1,1,1,3,-1,-1,-1,0,0,1,0,0,10,0,0,0,4.37
1,0,0,0,-1,0,1,3,0,0,4,0,-1,-1,1,-1,-1,2,-1,1,-1,2,0,1,10,0,9223372036800000000,40,0,10,0,0,7,-1,0,1,1000,0,1,1,-1,-1,0,0,0,4,2,0,1,-1,1,-1,-1,0,5,-1,1,1,3,-1,-1,-1,0,0,1,0,0,10,0,0,0,2.48
1,0,0,0,-1,0,1,3,0,0,3,0,-1,-1,1,-1,-1,2,-1,1,-1,2,0,1,10,0,9223372036800000000,40,0,10,0,0,7,-1,0,1,1000,0,1,1,-1,-1,0,0,0,4,2,0,1,-1,1,-1,-1,0,5,-1,1,1,3,-1,-1,-1,0,0,1,0,0,10,0,0,0,2.48
1,0,0,0,-1,0,1,3,0,0,2,0,-1,-1,1,-1,-1,2,-1,1,-1,2,0,1,10,0,9223372036800000000,40,0,10,0,0,7,-1,0,1,1000,0,1,1,-1,-1,0,0,0,4,2,0,1,-1,1,-1,-1,0,5,-1,1,1,3,-1,-1,-1,0,0,1,0,0,10,0,0,0,2.48
1,0,0,0,-1,0,1,3,0,0,1,0,-1,-1,1,-1,-1,2,-1,1,-1,2,0,1,10,0,9223372036800000000,40,0,10,0,0,7,-1,0,1,1000,0,1,1,-1,-1,0,0,0,4,2,0,1,-1,1,-1,-1,0,5,-1,1,1,3,-1,-1,-1,0,0,1,0,0,10,0,0,0,2.48
1,0,0,0,-1,0,1,3,0,0,0,0,-1,-1,1,-1,-1,2,-1,1,-1,2,0,1,10,0,9223372036800000000,40,0,10,0,0,7,-1,0,1,1000,0,1,1,-1,-1,0,0,0,4,2,0,1,-1,1,-1,2,0,5,-1,1,1,3,-1,-1,-1,0,0,1,0,0,10,0,0,0,2.48
1,0,0,0,-1,0,1,3,0,0,0,0,-1,-1,1,-1,-1,2,-1,1,-1,2,0,1,10,0,9223372036800000000,40,0,10,0,0,7,-1,0,1,1000,0,1,1,-1,-1,0,0,0,4,2,0,1,-1,1,3,-1,0,5,-1,1,1,3,-1,-1,-1,0,0,1,0,0,10,0,0,0,2.48
1,0,0,0,-1,0,1,3,0,0,0,0,-1,-1,1,-1,-1,2,-1,1,-1,2,0,1,10,0,9223372036800000000,40,0,10,0,0,7,-1,0,1,1000,0,1,1,-1,-1,0,0,0,4,2,0,1,-1,1,2,-1,0,5,-1,1,1,3,-1,-1,-1,0,0,1,0,0,10,0,0,0,2.48
1,0,0,0,-1,0,1,3,0,0,0,0,2,-1,1,-1,-1,2,-1,1,-1,2,0,1,10,0,9223372036800000000,60,0,10,0,0,7,-1,0,1,1000,0,1,1,-1,-1,0,0,0,4,2,0,1,-1,1,-1,-1,0,5,-1,1,1,3,-1,-1,-1,0,0,1,0,0,10,0,0,0,2.49
1,0,0,0,-1,0,1,3,0,0,0,6,-1,-1,1,-1,-1,2,-1,1,-1,2,0,1,10,0,9223372036800000000,40,0,10,0,0,7,-1,0,1,1000,0,1,1,-1,-1,0,0,0,4,2,0,1,-1,1,-1,-1,0,5,-1,1,1,3,-1,-1,-1,0,0,1,0,0,10,0,0,0,2.48
1,0,0,0,-1,0,1,3,0,0,0,0,2,-1,1,-1,-1,2,-1,1,-1,2,0,1,10,0,9223372036800000000,40,0,10,0,0,7,-1,0,1,1000,0,1,1,-1,-1,0,0,0,4,2,0,1,-1,1,-1,-1,1,5,-1,1,1,3,-1,-1,-1,0,0,1,0,0,10,0,0,0,5.66
1,0,0,0,-1,0,1,3,0,0,0,0,-1,-1,1,-1,-1,2,-1,1,-1,2,0,1,10,0,9223372036800000000,40,0,10,0,0,7,-1,0,1,1000,0,1,1,-1,-1,0,0,0,4,2,0,1,-1,1,-1,1,0,5,-1,1,1,3,-1,-1,-1,0,0,1,0,0,10,0,0,0,2.48
1,0,0,0,-1,0,1,3,0,0,0,0,2,-1,1,-1,-1,2,-1,1,-1,2,0,1,10,0,9223372036800000000,40,0,10,0,0,7,-1,0,1,1000,0,1,1,-1,-1,0,0,3,4,2,0,1,-1,1,-1,-1,0,5,-1,1,1,3,-1,-1,-1,0,0,1,0,0,10,0,0,0,14.11
1,0,0,0,-1,0,1,3,0,0,0,0,2,-1,1,-1,-1,2,-1,1,-1,2,0,1,10,0,9223372036800000000,40,0,10,0,0,7,-1,0,1,1000,0,1,1,-1,-1,0,0,0,-1,2,0,1,-1,1,-1,-1,0,5,-1,1,1,3,-1,-1,-1,0,0,1,0,0,10,0,0,0,5.91
1,0,0,0,-1,0,1,3,0,0,0,0,2,-1,1,-1,-1,2,-1,1,-1,2,0,1,10,0,9223372036800000000,240,0,10,0,0,7,-1,0,1,1000,0,1,1,-1,-1,0,0,0,4,2,0,1,-1,1,-1,-1,0,5,-1,1,1,3,-1,-1,-1,0,0,1,0,0,10,0,0,0,2.49
1,0,0,0,-1,0,1,3,0,0,0,0,2,-1,1,-1,-1,2,-1,1,-1,2,0,16,10,0,9223372036800000000,40,0,10,0,0,7,-1,0,1,1000,0,1,1,-1,-1,0,0,0,4,2,0,1,-1,1,-1,-1,0,5,-1,1,1,3,-1,-1,-1,0,0,1,0,0,10,0,0,0,5.2
1,0,0,0,-1,0,1,3,0,0,0,0,2,1,1,-1,-1,2,-1,1,-1,2,0,1,10,0,9223372036800000000,40,0,10,0,0,7,-1,0,1,1000,0,1,1,-1,-1,0,0,0,4,2,0,1,-1,1,-1,-1,0,5,-1,1,1,3,-1,-1,-1,0,0,1,0,0,10,0,0,0,2.49
1,0,0,0,-1,0,1,3,0,0,0,0,2,-1,1,-1,-1,2,-1,1,-1,2,0,1,100,0,9223372036800000000,40,0,10,0,0,7,0,0,1,1000,0,1,1,-1,-1,0,0,0,4,2,0,1,-1,1,-1,-1,0,5,-1,1,1,3,-1,-1,-1,0,0,1,0,0,10,0,0,0,2.5
1,0,0,0,-1,0,1,3,0,0,0,0,2,-1,1,-1,-1,2,-1,1,-1,10,0,1,10,0,9223372036800000000,40,0,10,0,0,7,0,0,1,1000,0,1,1,-1,-1,0,0,0,4,2,0,1,-1,1,-1,-1,0,5,-1,1,1,3,-1,-1,-1,0,0,1,0,0,10,0,0,0,2.5
1,0,0,0,-1,0,1,3,0,0,0,0,-1,-1,1,-1,-1,2,-1,1,-1,2,0,1,10,0,9223372036800000000,40,0,10,0,0,7,-1,0,1,1000,0,1,1,-1,-1,0,0,0,4,2,0,1,-1,1,-1,-1,0,5,-1,1,1,2,-1,-1,-1,0,0,1,0,0,10,0,0,0,4.97
1,0,0,0,-1,0,1,3,0,0,0,0,2,-1,1,-1,-1,2,-1,1,-1,2,0,1,10,0,9223372036800000000,40,0,10,0,0,7,0,0,1,1000,0,1,1,-1,-1,0,4,0,4,2,0,1,-1,1,-1,-1,0,5,-1,1,1,3,-1,-1,-1,0,0,1,0,0,10,0,0,0,5.3
1,0,0,0,-1,0,1,0,0,0,0,0,1,0,0,-1,-1,2,1,-1,0,3,0,-1,150,0,9223372036800000000,1e+75,0,10,0,0,7,0,0,1,0,0,1,1,0,0,0,0,0,0,2,0,1,-1,-1,0,-1,0,10,-1,1,1,3,1,-1,-1,0,0,1,0,0,10,0,0,0,3.66
1,0,0,0,-1,0,1,3,0,0,0,0,2,-1,1,-1,-1,2,-1,1,-1,2,0,1,10,0,9223372036800000000,40,0,10,0,0,7,-1,0,1,1000,0,1,1,-1,-1,0,0,0,4,2,0,1,-1,1,-1,-1,0,5,-1,1,1,3,-1,-1,-1,0,0,1,0,0,10,0,0,0,2.49
1,0,0,0,-1,0,1,3,0,0,0,0,2,-1,1,-1,-1,2,-1,1,-1,2,0,1,10,0,9223372036800000000,240,0,10,0,0,7,0,0,1,1000,0,1,1,-1,-1,0,0,0,4,2,0,1,-1,1,-1,-1,0,5,-1,1,1,3,-1,-1,-1,0,0,1,0,0,10,0,0,0,2.5
1,0,0,0,-1,0,1,3,0,0,0,0,2,-1,1,-1,-1,2,-1,1,-1,2,0,-1,10,0,9223372036800000000,40,0,10,0,0,7,0,0,1,1000,0,1,1,-1,-1,0,0,0,4,2,0,1,-1,1,-1,-1,0,5,-1,1,1,3,-1,-1,-1,0,0,1,0,0,10,0,0,0,5.21
1,0,0,0,-1,0,1,3,0,0,0,0,2,-1,1,-1,-1,2,-1,1,-1,2,0,1,10,0,9223372036800000000,20,0,10,0,0,7,0,0,1,1000,0,1,1,-1,-1,0,0,0,4,2,0,1,-1,1,-1,-1,0,5,-1,1,1,3,-1,-1,-1,0,0,1,0,0,10,0,0,0,2.5
1,0,0,0,-1,2,1,0,0,0,0,0,2,-1,1,-1,-1,2,-1,-1,-1,10,0,-1,10,0,9223372036800000000,1e+75,0,10,0,0,7,-1,0,1,-1,0,1,1,-1,0,0,4,0,-1,2,0,1,-1,-1,-1,-1,1,10,-1,1,1,3,-1,-1,-1,0,0,1,0,0,10,0,0,0,1.79769e+308
1,0,0,0,-1,2,3,0,0,0,0,0,2,-1,-1,-1,-1,-1,-1,-1,2,2,0,16,100,0,9223372036800000000,10,0,10,0,0,7,0,0,1,-1,0,1,1,-1,0,0,6,3,-1,2,0,1,-1,1,-1,-1,1,10,-1,1,1,3,-1,-1,-1,0,0,1,0,0,10,0,0,0,1.79769e+308
1,1,0,0,-1,0,1,3,0,0,0,0,-1,-1,1,-1,-1,2,-1,1,-1,2,0,1,10,0,9223372036800000000,40,0,10,0,0,7,-1,0,1,1000,0,1,1,-1,-1,0,0,0,4,2,0,1,-1,1,-1,-1,0,5,-1,1,1,3,-1,-1,-1,0,0,1,0,0,10,0,0,0,2.48
1,0,0,0,-1,0,3,0,0,0,0,0,-1,-1,1,-1,1,2,0,1,-1,2,0,1,100,0,9223372036800000000,120,0,10,0,0,7,-1,0,1,-1,0,1,1,-1,0,0,4,1,-1,2,0,1,-1,1,-1,-1,-1,5,-1,1,1,3,-1,-1,-1,0,0,1,0,0,10,0,0,0,1.79769e+308
1,0,0,0,-1,0,3,0,0,0,0,0,-1,-1,1,-1,-1,-1,0,1,2,0,0,4,100,0,9223372036800000000,2,0,10,0,0,7,-1,0,1,1000,0,1,1,-1,1,0,4,3,-1,2,0,1,-1,-1,-1,-1,1,40,-1,1,1,3,-1,-1,-1,0,0,1,0,0,10,0,0,0,1.68309e+15
1,1,0,1,-1,0,2,2,0,0,0,1,-1,-1,-1,-1,-1,1,-1,1,-1,5,0,16,400,0,9223372036800000000,60,0,2,0,0,7,0,0,1,100,0,1,1,3,-1,0,6,0,-1,2,0,1,-1,-1,3,-1,1,20,-1,1,0,1,-1,-1,-1,0,4,1,0,0,5,0,0,0,6.75
1,0,0,0,-1,0,1,3,0,0,0,1,-1,-1,1,-1,-1,2,-1,1,-1,2,0,1,10,0,9223372036800000000,40,0,10,0,0,7,-1,0,1,1000,0,1,1,-1,-1,0,0,0,4,2,0,1,-1,1,-1,-1,0,5,-1,1,1,3,-1,-1,-1,0,0,1,0,0,10,0,0,0,2.48
1,0,0,1,-1,2,1,0,0,0,0,0,-1,-1,-1,-1,1,-1,-1,1,2,1,0,1,100,0,9223372036800000000,0,0,10,0,0,7,-1,0,1,1000,0,1,1,-1,-1,0,4,1,4,2,0,1,-1,1,-1,-1,0,20,-1,1,1,3,-1,-1,-1,0,0,1,0,0,10,0,0,0,6.31
1,0,0,0,-1,0,3,0,0,0,0,0,-1,1,1,-1,1,-1,0,1,0,1,0,4,100,0,9223372036800000000,40,0,10,0,0,7,-1,0,1,20,0,1,1,-1,1,0,1,3,-1,2,0,1,-1,1,-1,-1,-1,40,-1,1,1,3,-1,-1,-1,0,0,1,0,0,10,0,0,0,14.88
1,0,0,0,-1,0,1,3,0,0,0,0,-1,-1,1,-1,-1,2,0,-1,2,1,0,4,10,0,9223372036800000000,10,0,10,0,0,7,-1,0,1,-1,0,1,1,-1,0,0,1,1,-1,2,0,1,-1,1,-1,-1,-1,5,-1,1,1,3,-1,-1,-1,0,0,1,0,0,10,0,0,0,1.79769e+308
1,0,0,0,-1,0,1,0,0,0,0,0,-1,1,-1,-1,1,2,0,-1,0,3,0,-1,100,0,9223372036800000000,10,0,10,0,0,7,-1,0,1,20,0,1,1,-1,0,0,6,0,4,2,0,1,-1,-1,-1,-1,1,2,-1,1,1,3,-1,-1,-1,0,0,1,0,0,10,0,0,0,7.38
1,0,0,1,-1,2,3,3,0,0,0,0,2,1,1,-1,1,2,0,1,0,2,0,2,100,0,9223372036800000000,2,0,10,0,0,7,-1,0,1,20,0,1,1,-1,0,0,4,1,-1,2,0,1,-1,1,-1,-1,0,5,-1,1,1,3,-1,-1,-1,0,0,1,0,0,10,0,0,0,12.34
1,0,0,0,-1,0,1,0,0,0,0,0,1,0,0,-1,-1,2,1,-1,0,2,0,-1,150,0,9223372036800000000,1e+75,0,10,0,0,7,0,0,1,0,0,1,1,0,0,0,0,0,0,2,0,1,-1,-1,-1,-1,0,10,-1,1,1,3,-1,-1,-1,0,0,1,0,0,10,0,0,0,3.8
1,0,0,0,-1,0,1,0,0,0,0,0,1,0,0,-1,-1,2,1,-1,0,3,0,-1,150,0,9223372036800000000,1e+75,0,10,0,0,7,0,0,1,1000,0,1,1,0,0,0,0,0,0,2,0,1,-1,-1,-1,-1,0,10,-1,1,1,3,-1,-1,-1,0,0,1,0,0,10,0,0,0,6.86
1,0,0,0,-1,0,1,0,0,0,0,0,1,0,0,-1,-1,2,1,-1,0,1,0,-1,150,0,9223372036800000000,1e+75,0,10,0,0,7,0,0,1,0,0,1,1,0,0,0,0,0,0,2,0,1,-1,-1,-1,-1,0,10,-1,1,1,3,-1,-1,-1,0,0,1,0,0,10,0,0,0,3.8
1,0,0,0,-1,0,1,0,0,0,0,0,1,0,0,-1,-1,2,1,-1,0,0,0,-1,150,0,9223372036800000000,1e+75,0,10,0,0,7,0,0,1,0,0,1,1,0,0,0,0,0,0,2,0,1,-1,-1,-1,-1,0,10,-1,1,1,3,-1,-1,-1,0,0,1,0,0,10,0,0,0,3.8
1,0,0,0,-1,0,1,4,0,0,0,0,3,-1,-1,1,0,0,-1,-1,2,0,0,-1,50,0,9223372036800000000,1e+75,0,10,0,0,7,-1,0,1,500,0,1,1,-1,0,0,6,0,0,2,0,1,-1,0,-1,-1,0,10,-1,1,1,3,-1,-1,-1,0,0,1,0,0,10,0,0,0,3.01
1,0,0,0,-1,0,4,4,0,0,0,0,3,-1,-1,1,0,0,-1,-1,2,0,0,-1,50,0,9223372036800000000,1e+75,0,10,0,0,7,-1,0,1,500,0,1,1,-1,0,0,6,0,0,2,0,1,-1,-1,-1,-1,0,10,-1,1,1,3,-1,-1,-1,0,0,1,0,0,10,0,0,0,3.09
1,0,0,0,-1,0,3,4,0,0,0,0,3,-1,-1,1,0,0,-1,-1,2,0,0,-1,50,0,9223372036800000000,1e+75,0,10,0,0,7,-1,0,1,500,0,1,1,-1,0,0,6,0,0,2,0,1,-1,-1,-1,-1,0,10,-1,1,1,3,-1,-1,-1,0,0,1,0,0,10,0,0,0,3.09
1,1,0,1,-1,0,2,2,0,0,0,1,-1,-1,-1,-1,-1,1,-1,1,-1,5,0,16,400,0,9223372036800000000,10,0,2,0,0,7,0,0,1,100,0,1,1,3,-1,0,6,0,-1,2,0,1,-1,-1,3,-1,1,20,-1,1,0,1,-1,-1,-1,0,0,1,0,0,5,0,0,0,6.75
1,0,0,0,-1,0,2,4,0,0,0,0,3,-1,-1,1,0,0,-1,-1,2,0,0,-1,50,0,9223372036800000000,1e+75,0,10,0,0,7,-1,0,1,500,0,1,1,-1,0,0,6,0,0,2,0,1,-1,-1,-1,-1,0,10,-1,1,1,3,-1,-1,-1,0,0,1,0,0,10,0,0,0,3.09
1,0,0,0,-1,3,1,4,0,0,0,0,3,-1,-1,1,0,0,-1,-1,2,0,0,-1,50,0,9223372036800000000,1e+75,0,10,0,0,7,-1,0,1,500,0,1,1,-1,0,0,6,0,0,2,0,1,-1,-1,-1,-1,0,10,-1,1,1,3,-1,-1,-1,0,0,1,0,0,10,0,0,0,3.09
1,0,0,0,-1,2,1,4,0,0,0,0,3,-1,-1,1,0,0,-1,-1,2,0,0,-1,50,0,9223372036800000000,1e+75,0,10,0,0,7,-1,0,1,500,0,1,1,-1,0,0,6,0,0,2,0,1,-1,-1,-1,-1,0,10,-1,1,1,3,-1,-1,-1,0,0,1,0,0,10,0,0,0,3.09
1,0,0,0,-1,1,1,4,0,0,0,0,3,-1,-1,1,0,0,-1,-1,2,0,0,-1,50,0,9223372036800000000,1e+75,0,10,0,0,7,-1,0,1,500,0,1,1,-1,0,0,6,0,0,2,0,1,-1,-1,-1,-1,0,10,-1,1,1,3,-1,-1,-1,0,0,1,0,0,10,0,0,0,3.09
1,0,0,0,-1,0,1,0,0,0,0,0,1,0,0,-1,-1,2,1,-1,0,0,0,-1,150,0,9223372036800000000,1e+75,0,10,0,0,7,0,0,1,0,0,1,1,0,0,0,0,0,0,2,0,1,-1,-1,0,-1,0,10,-1,1,1,3,-1,-1,-1,0,0,1,0,0,10,0,0,0,3.66
1,0,0,2,-1,0,1,4,0,0,0,0,3,-1,-1,1,0,0,-1,-1,2,0,0,-1,50,0,9223372036800000000,1e+75,0,10,0,0,7,-1,0,1,500,0,1,1,-1,0,0,6,0,0,2,0,1,-1,-1,-1,-1,0,10,-1,1,1,3,-1,-1,-1,0,0,1,0,0,10,0,0,0,3.09
1,0,0,0,-1,0,1,4,0,0,0,0,3,-1,-1,1,0,0,-1,-1,2,0,0,-1,50,0,9223372036800000000,1e+75,0,10,0,0,7,-1,0,1,500,0,1,1,-1,0,0,6,0,0,2,0,1,-1,-1,-1,-1,0,40,-1,1,1,3,-1,-1,-1,0,0,1,0,0,10,0,0,0,3.09
1,0,0,0,-1,0,1,4,0,0,0,0,3,-1,-1,1,0,0,-1,-1,2,0,0,-1,50,0,9223372036800000000,1e+75,0,10,0,0,7,-1,0,1,500,0,1,1,-1,0,0,6,0,0,2,0,1,-1,-1,-1,-1,0,20,-1,1,1,3,-1,-1,-1,0,0,1,0,0,10,0,0,0,3.09
1,0,0,0,-1,0,1,4,0,0,0,0,3,-1,-1,1,0,0,-1,-1,2,0,0,-1,50,0,9223372036800000000,1e+75,0,10,0,0,7,-1,0,1,500,0,1,1,-1,0,0,6,0,0,2,0,1,-1,-1,-1,-1,0,2,-1,1,1,3,-1,-1,-1,0,0,1,0,0,10,0,0,0,3.09
1,0,0,0,-1,0,1,3,0,0,0,0,-1,-1,1,-1,-1,2,-1,1,-1,2,0,1,10,0,9223372036800000000,40,0,10,0,0,7,-1,0,1,1000,0,1,1,-1,-1,0,0,0,4,2,0,1,-1,1,-1,-1,0,5,-1,1,1,3,-1,-1,-1,0,3,1,0,0,10,0,0,0,2.48
1,0,0,0,-1,0,1,0,0,0,0,0,-1,-1,1,2,-1,-1,0,-1,2,1,0,1,10,0,9223372036800000000,30,0,10,0,0,7,-1,0,1,1000,0,1,1,-1,-1,0,6,2,0,2,0,1,-1,-1,-1,-1,1,10,-1,1,1,3,-1,-1,-1,0,0,1,0,0,10,0,0,0,6.16
1,0,0,0,-1,0,1,0,0,0,0,0,-1,-1,1,2,-1,-1,0,-1,2,1,0,4,10,0,9223372036800000000,60,0,10,0,0,7,-1,0,1,1000,0,1,1,-1,-1,0,6,2,0,2,0,1,-1,-1,-1,-1,1,10,-1,1,1,3,-1,-1,-1,0,0,1,0,0,10,0,0,0,6.15
1,0,0,1,-1,0,1,0,0,0,0,0,-1,-1,1,-1,0,0,-1,-1,2,1,0,4,10,0,9223372036800000000,5,0,10,0,0,7,1,0,1,100,0,1,1,0,-1,0,1,5,-1,2,0,1,-1,1,3,-1,-1,2,-1,1,1,3,-1,-1,-1,0,0,1,0,0,10,0,0,0,60.16
1,0,0,0,-1,0,1,3,0,0,0,0,-1,-1,1,-1,-1,2,-1,1,-1,2,0,1,10,0,9223372036800000000,40,0,10,0,3,7,-1,0,1,1000,0,1,1,-1,-1,0,0,0,4,2,0,1,-1,1,-1,-1,0,5,-1,1,1,3,-1,-1,-1,0,0,1,0,0,10,0,0,0,2.48
1,0,0,1,-1,0,1,4,0,0,0,0,3,-1,-1,1,0,0,-1,-1,2,0,0,-1,50,0,9223372036800000000,1e+75,0,10,0,0,7,-1,0,1,500,0,1,1,-1,0,0,6,0,0,2,0,1,-1,-1,-1,-1,0,10,-1,1,1,3,-1,-1,-1,0,0,1,0,0,10,0,0,0,3.09
1,0,0,0,-1,0,1,0,0,0,0,0,-1,-1,1,2,-1,-1,0,-1,2,10,0,4,10,0,9223372036800000000,30,0,10,0,0,7,-1,0,1,1000,0,1,1,-1,-1,0,6,2,0,2,0,1,-1,-1,-1,-1,1,10,-1,1,1,3,-1,-1,-1,0,0,1,0,0,10,0,0,0,6.15
1,0,0,0,-1,0,1,0,0,0,0,0,-1,-1,1,2,-1,-1,0,-1,2,1,0,-1,10,0,9223372036800000000,30,0,10,0,0,7,-1,0,1,1000,0,1,1,-1,-1,0,6,2,0,2,0,1,-1,-1,-1,-1,1,10,-1,1,1,3,-1,-1,-1,0,0,1,0,0,10,0,0,0,6.15
1,0,0,0,-1,0,1,3,0,0,0,0,-1,-1,1,-1,-1,2,-1,1,-1,2,0,1,10,0,9223372036800000000,40,0,10,0,0,7,-1,0,0,1000,0,1,1,-1,-1,0,0,0,4,2,0,1,-1,1,-1,-1,0,5,-1,1,1,3,-1,-1,-1,0,0,1,0,0,10,0,0,0,2.48
1,0,0,0,-1,0,1,0,0,0,0,0,-1,-1,1,2,-1,-1,0,-1,2,1,0,4,10,0,9223372036800000000,30,0,10,0,0,7,-1,0,1,-1,0,1,1,-1,-1,0,6,2,0,2,0,1,-1,-1,-1,-1,1,10,-1,1,1,3,-1,-1,-1,0,0,1,0,0,10,0,0,0,1.54913e+14
1,0,0,0,-1,0,1,0,0,0,0,0,-1,-1,1,2,-1,-1,-1,0,-1,5,0,-1,10,0,9223372036800000000,120,0,10,0,0,7,-1,0,1,-1,0,1,1,1,-1,0,1,1,2,2,0,1,-1,-1,-1,-1,1,10,-1,1,1,3,-1,-1,-1,0,0,1,0,0,10,0,0,0,1.79769e+308
1,0,0,0,-1,0,1,0,0,0,0,0,-1,1,-1,-1,-1,-1,-1,0,2,1,0,2,10,0,9223372036800000000,0,0,10,0,0,7,0,0,1,1000,0,1,1,1,1,0,0,5,2,2,0,1,-1,-1,-1,-1,1,10,-1,1,1,3,-1,-1,-1,0,0,1,0,0,10,0,0,0,60.16
1,0,0,0,-1,0,1,0,0,0,0,0,0,-1,-1,-1,-1,-1,0,0,-1,3,0,16,10,0,9223372036800000000,20,0,10,0,0,7,0,0,1,-1,0,1,1,1,-1,0,6,2,2,2,0,1,-1,-1,-1,-1,1,10,-1,1,1,3,-1,-1,-1,0,0,1,0,0,10,0,0,0,1.79769e+308
1,0,0,0,-1,0,1,0,0,0,0,0,0,1,-1,2,-1,-1,0,-1,-1,3,0,2,10,0,9223372036800000000,60,0,10,0,0,7,0,0,1,1000,0,1,1,-1,0,0,6,2,2,2,0,1,-1,-1,-1,-1,1,10,-1,1,1,3,-1,-1,-1,0,0,1,0,0,10,0,0,0,7.38
1,0,0,0,-1,0,1,0,0,0,0,0,1,0,0,-1,-1,2,1,-1,0,3,0,16,150,0,9223372036800000000,1e+75,0,10,0,0,7,0,0,1,0,0,1,1,0,0,0,0,0,0,2,0,1,-1,-1,0,-1,0,10,-1,1,1,1,-1,-1,-1,0,0,1,0,0,10,0,0,0,3.09
1,0,0,0,-1,0,1,0,0,0,0,0,-1,-1,1,2,-1,-1,0,-1,2,1,0,4,10,0,9223372036800000000,30,0,10,0,0,7,-1,0,1,1000,0,1,1,-1,-1,0,6,2,0,2,0,1,-1,-1,-1,-1,1,10,-1,1,1,3,-1,-1,-1,0,0,1,0,0,10,0,0,0,6.15
1,0,0,0,-1,0,1,1,0,0,0,0,0,1,1,2,-1,-1,0,0,2,0,0,2,10,0,9223372036800000000,40,0,10,0,0,7,0,0,1,20,0,1,1,1,0,0,6,1,4,2,0,1,-1,-1,-1,-1,1,10,-1,1,1,3,-1,-1,-1,0,0,1,0,0,10,0,0,0,25.57
1,0,0,0,-1,0,1,0,0,0,0,0,1,0,0,-1,-1,2,1,-1,0,3,0,-1,150,0,9223372036800000000,1e+75,0,10,0,0,7,0,0,1,0,0,1,1,0,0,0,1,0,0,2,0,1,-1,-1,-1,-1,0,10,-1,1,1,3,-1,-1,-1,0,0,1,0,0,10,0,0,0,6.37
1,0,0,0,-1,0,1,3,0,0,0,0,-1,-1,1,-1,-1,2,-1,1,-1,2,0,1,10,0,9223372036800000000,40,0,10,0,0,7,-1,0,1,1000,0,1,1,-1,-1,0,0,0,4,2,1,1,-1,1,-1,-1,0,5,-1,1,1,3,-1,-1,-1,0,0,1,0,0,10,0,0,0,2.48
1,0,0,0,-1,0,1,0,0,0,0,0,1,0,0,-1,-1,2,1,-1,0,3,0,-1,150,0,9223372036800000000,1e+75,0,10,0,0,7,0,0,1,0,0,1,1,0,0,0,6,0,0,2,0,1,-1,-1,-1,-1,0,10,-1,1,1,3,-1,-1,-1,0,0,1,0,0,10,0,0,0,6.15
1,0,0,0,-1,0,1,0,0,0,0,0,1,0,0,-1,-1,2,1,-1,0,3,0,-1,150,0,9223372036800000000,1e+75,0,10,0,0,7,0,0,1,-1,0,1,1,0,0,0,0,0,0,2,0,1,-1,-1,-1,-1,0,10,-1,1,1,3,-1,-1,-1,0,0,1,0,0,10,0,0,0,1.79769e+308
1,0,0,0,-1,0,1,0,0,0,0,0,1,0,0,-1,-1,2,1,-1,0,3,0,-1,150,0,9223372036800000000,20,0,10,0,0,7,0,0,1,0,0,1,1,0,0,0,0,0,0,2,0,1,-1,-1,-1,-1,0,10,-1,1,1,3,-1,-1,-1,0,0,1,0,0,10,0,0,0,6.02
1,0,0,0,-1,0,1,3,0,0,5,0,-1,-1,1,-1,-1,2,-1,1,-1,2,0,1,10,0,9223372036800000000,40,0,10,0,0,7,-1,0,1,1000,0,1,1,-1,-1,0,0,0,4,2,0,1,-1,1,-1,-1,0,5,-1,1,1,3,-1,-1,-1,0,0,1,0,0,10,0,0,0,2.48
1,0,0,0,-1,0,1,0,0,0,0,0,1,0,0,-1,-1,2,1,-1,0,3,0,-1,150,0,9223372036800000000,1e+75,0,10,0,0,7,0,0,1,0,0,1,1,0,0,0,0,0,0,2,0,1,-1,-1,-1,-1,-1,10,-1,1,1,3,-1,-1,-1,0,0,1,0,0,10,0,0,0,3.8
1,0,0,0,-1,0,1,4,0,0,0,0,3,-1,-1,1,0,0,-1,-1,2,0,0,-1,50,0,9223372036800000000,1e+75,0,10,0,0,7,-1,0,1,500,0,1,1,-1,0,0,6,0,0,2,0,1,-1,-1,-1,-1,0,10,-1,1,1,3,-1,-1,-1,0,0,1,0,0,10,0,0,0,3.09
0,0,0,0,-1,0,1,4,0,0,0,0,3,-1,-1,1,0,0,-1,-1,2,3,0,-1,50,0,9223372036800000000,1e+75,0,10,0,0,7,-1,0,1,500,0,1,1,-1,0,0,6,0,0,2,0,1,-1,-1,-1,-1,0,10,-1,1,1,3,-1,-1,-1,0,0,1,0,0,10,0,0,0,3.12
1,1,0,1,-1,0,2,2,0,0,0,1,-1,-1,-1,-1,-1,1,-1,1,-1,3,0,16,400,0,9223372036800000000,60,0,2,0,0,7,0,0,1,100,0,1,1,3,-1,0,6,0,-1,2,0,1,-1,-1,3,-1,1,20,-1,1,0,1,-1,-1,-1,0,0,1,0,0,5,0,0,0,6.75
1,1,0,1,-1,0,2,2,0,0,0,1,-1,-1,-1,-1,-1,1,-1,1,-1,2,0,16,400,0,9223372036800000000,60,0,2,0,0,7,0,0,1,100,0,1,1,3,-1,0,6,0,-1,2,0,1,-1,-1,3,-1,1,20,-1,1,0,1,-1,-1,-1,0,0,1,0,0,5,0,0,0,6.75
1,0,0,1,-1,0,2,0,0,0,0,0,-1,3,-1,-1,0,0,-1,-1,-1,0,0,2,10,0,9223372036800000000,120,0,10,0,0,7,0,0,1,100,0,1,1,0,0,0,0,3,-1,2,0,1,-1,1,3,-1,1,10,-1,1,1,3,-1,-1,-1,0,0,1,0,0,10,0,0,0,35.21
1,0,0,0,-1,0,1,4,0,0,0,0,3,-1,-1,1,0,0,-1,-1,2,3,0,-1,50,0,9223372036800000000,1e+75,0,10,0,0,7,-1,0,1,500,0,1,1,-1,0,0,6,0,0,2,0,1,-1,-1,-1,-1,0,10,-1,1,1,3,-1,-1,-1,0,0,1,0,0,10,2,0,0,3.12
1,0,0,0,-1,0,1,3,0,0,0,0,-1,-1,1,-1,-1,2,-1,1,-1,2,0,1,10,0,0,40,0,10,0,0,7,-1,0,1,1000,0,1,1,-1,-1,0,0,0,4,2,0,1,-1,1,-1,-1,0,5,-1,1,1,3,-1,-1,-1,0,0,1,0,0,10,0,0,0,60.16
1,0,0,0,-1,0,1,4,0,0,0,0,3,-1,-1,1,0,0,-1,-1,2,3,0,-1,50,0,9223372036800000000,1e+75,0,10,0,0,7,-1,0,1,500,0,1,1,-1,0,0,6,0,0,2,0,1,-1,-1,-1,-1,0,10,-1,1,1,3,-1,-1,-1,0,0,1,5,0,10,0,0,0,3.15
1,0,0,0,-1,0,1,4,0,0,0,0,3,-1,-1,1,0,0,-1,-1,2,3,0,-1,50,0,9223372036800000000,1e+75,0,10,0,0,7,-1,0,1,500,0,1,1,-1,0,0,6,0,0,2,0,1,-1,-1,-1,-1,0,10,-1,1,1,3,-1,-1,-1,0,0,1,4,0,10,0,0,0,5.14
1,0,0,0,-1,0,1,4,0,0,0,0,3,-1,-1,1,0,0,-1,-1,2,3,0,-1,50,0,9223372036800000000,1e+75,0,10,0,0,7,-1,0,1,500,0,1,1,-1,0,0,6,0,0,2,0,1,-1,-1,-1,-1,0,10,-1,1,1,3,-1,-1,-1,0,0,1,2,0,10,0,0,0,6.47
1,0,0,0,-1,0,1,3,0,0,0,0,-1,-1,1,-1,-1,2,-1,1,-1,2,0,1,10,0,9223372036800000000,40,0,10,0,0,7,-1,0,1,1000,0,1,1,-1,-1,0,0,0,4,2,0,1,-1,1,-1,0,0,5,-1,1,1,3,-1,-1,-1,0,0,1,0,0,10,0,0,0,2.48
1,0,0,0,-1,0,1,4,0,0,0,0,3,-1,-1,1,0,0,-1,-1,2,3,0,-1,50,0,9223372036800000000,1e+75,0,10,0,0,7,-1,0,1,500,0,1,1,-1,0,0,6,5,0,2,0,1,-1,-1,-1,-1,0,10,-1,1,1,3,-1,-1,-1,0,0,1,0,0,10,0,0,0,60.16
1,0,0,0,-1,0,1,0,0,0,0,0,1,0,0,-1,-1,2,1,-1,0,3,0,-1,150,0,9223372036800000000,120,0,10,0,0,7,0,0,1,0,0,1,1,0,0,0,0,0,0,2,0,1,-1,-1,-1,-1,0,10,-1,1,1,3,-1,-1,-1,0,0,1,0,0,10,0,0,0,6.02
1,0,0,0,-1,0,1,0,0,0,0,0,1,0,0,-1,-1,2,1,-1,0,3,0,-1,150,0,9223372036800000000,1e+75,0,10,0,0,7,0,0,1,0,0,1,1,0,0,0,0,0,4,2,0,1,-1,-1,-1,-1,0,10,-1,1,1,3,-1,-1,-1,0,0,1,0,0,10,0,0,0,3.8
1,0,0,0,-1,0,1,4,0,0,0,0,1,-1,-1,0,2,2,1,-1,2,3,0,-1,50,0,9223372036800000000,240,0,10,0,0,7,1,0,1,0,0,1,1,3,-1,0,0,0,1,2,0,1,-1,-1,-1,-1,0,10,-1,1,1,3,-1,-1,-1,0,0,1,0,0,10,0,0,0,6.67
1,0,0,0,-1,0,1,0,0,0,0,0,1,0,0,-1,-1,2,1,-1,0,3,0,-1,150,0,9223372036800000000,1,0,10,0,0,7,0,0,1,0,0,1,1,0,0,0,0,0,0,2,0,1,-1,-1,-1,-1,0,10,-1,1,1,3,-1,-1,-1,0,0,1,0,0,10,0,0,0,6.02
1,0,0,0,-1,0,1,0,0,0,0,0,1,0,0,-1,-1,2,1,-1,0,3,0,-1,150,0,9223372036800000000,1e+75,0,10,0,0,7,0,0,1,0,0,1,1,0,1,0,0,0,0,2,0,1,-1,-1,-1,-1,0,10,-1,1,1,3,-1,-1,-1,0,0,1,0,0,10,0,0,0,6.01
1,1,0,1,-1,0,2,2,0,0,0,1,-1,-1,-1,-1,-1,1,-1,1,-1,5,0,16,400,0,9223372036800000000,60,0,2,0,0,7,0,0,1,100,0,1,1,3,-1,0,6,0,-1,2,0,1,-1,-1,3,-1,1,20,-1,1,0,1,-1,3,-1,0,0,1,0,0,5,0,0,0,6.75
1,0,0,0,-1,0,1,0,0,0,0,0,0,-1,-1,-1,-1,-1,-1,-1,-1,2,0,16,10,0,9223372036800000000,240,0,10,0,0,7,-1,0,1,-1,0,1,1,-1,0,0,6,5,4,2,0,1,-1,-1,-1,-1,-1,10,-1,1,1,3,-1,-1,-1,0,0,1,0,0,10,0,0,0,1.79769e+308
1,0,0,0,-1,0,1,0,0,0,0,0,1,0,0,-1,-1,2,1,-1,0,3,0,-1,150,0,9223372036800000000,1e+75,0,10,0,0,7,0,0,1,0,0,1,1,0,0,0,0,3,0,2,0,1,-1,-1,-1,-1,0,10,-1,1,1,3,-1,-1,-1,0,0,1,0,0,10,0,0,0,11.4
1,0,0,0,-1,0,1,0,0,0,0,0,1,0,0,-1,0,2,1,-1,0,3,0,-1,150,0,9223372036800000000,1e+75,0,10,0,0,7,0,0,1,0,0,1,1,0,0,0,0,0,0,2,0,1,-1,-1,-1,-1,0,10,-1,1,1,3,-1,-1,-1,0,0,1,0,0,10,0,0,0,3.8
1,0,0,0,-1,0,1,4,0,0,0,0,2,-1,-1,0,1,-1,-1,1,-1,3,0,1,25,0,9223372036800000000,50,0,10,0,0,7,0,0,1,20,0,1,1,-1,3,0,3,0,0,2,0,1,-1,-1,-1,-1,1,10,-1,1,1,3,-1,-1,-1,0,0,1,0,0,10,0,0,0,7.64
1,0,0,0,-1,0,1,4,0,0,0,0,3,-1,-1,1,0,0,-1,-1,2,3,0,-1,50,0,9223372036800000000,1e+75,0,10,0,0,30,0,0,1,0,0,1,1,0,0,0,0,0,0,2,0,1,-1,-1,-1,-1,0,10,-1,1,1,3,-1,-1,-1,0,0,1,0,0,10,0,0,0,3.32
1,0,0,0,-1,0,1,4,0,0,0,0,2,1,1,1,-1,1,1,0,1,3,0,-1,50,0,9223372036800000000,1e+75,0,10,0,0,7,0,0,1,0,0,1,1,0,-1,0,0,0,0,2,0,1,-1,-1,-1,-1,0,10,-1,1,1,3,-1,-1,-1,0,0,1,0,0,10,0,0,0,6.24
1,0,0,0,-1,0,1,0,0,0,0,0,-1,3,0,2,0,-1,-1,1,-1,3,0,-1,50,0,9223372036800000000,120,0,10,0,0,7,1,0,1,0,0,1,1,0,-1,0,0,0,-1,2,0,1,-1,-1,-1,-1,0,10,-1,1,1,3,-1,-1,-1,0,0,1,0,0,10,0,0,0,6.57
1,0,0,0,-1,0,1,4,0,0,0,0,3,-1,-1,1,0,0,-1,-1,2,3,0,-1,50,0,9223372036800000000,1e+75,0,10,0,0,10,0,0,1,0,0,1,1,0,0,0,0,0,0,2,0,1,-1,-1,-1,-1,0,10,-1,1,1,3,-1,-1,-1,0,0,1,0,0,10,0,0,0,3.32
1,0,0,0,-1,0,1,0,0,0,0,0,1,0,0,-1,-1,2,1,-1,0,3,0,-1,150,0,9223372036800000000,40,0,10,0,0,7,0,0,1,0,0,1,1,0,0,0,0,0,0,2,0,1,-1,-1,-1,-1,0,10,-1,1,1,3,-1,-1,-1,0,0,1,0,0,10,0,0,0,6.02
1,0,0,0,-1,0,1,4,0,0,0,0,3,-1,-1,1,0,0,-1,-1,2,3,0,-1,50,0,9223372036800000000,1e+75,0,10,0,0,4,0,0,1,0,0,1,1,0,0,0,0,0,0,2,0,1,-1,-1,-1,-1,0,10,-1,1,1,3,-1,-1,-1,0,0,1,0,0,10,0,0,0,3.32
1,0,0,0,-1,0,1,4,0,0,0,0,3,-1,-1,1,0,0,-1,-1,2,3,0,-1,50,0,9223372036800000000,1e+75,0,10,0,0,2,0,0,1,0,0,1,1,0,0,0,0,0,0,2,0,1,-1,-1,-1,-1,0,10,-1,1,1,3,-1,-1,-1,0,0,1,0,0,10,0,0,0,3.32
1,0,0,0,-1,0,1,4,0,0,0,0,3,-1,-1,1,0,0,-1,-1,2,3,0,-1,50,0,9223372036800000000,1e+75,0,10,0,0,7,0,0,1,0,0,1,1,0,0,500,0,0,0,2,0,1,-1,-1,-1,-1,0,10,-1,1,1,3,-1,-1,-1,0,0,1,0,0,10,0,0,0,3.33
1,0,0,0,-1,0,1,3,0,0,0,0,3,0,0,1,0,2,-1,-1,-1,3,0,-1,50,0,9223372036800000000,240,0,10,0,0,7,0,0,1,0,0,1,1,0,-1,0,0,0,4,2,0,1,-1,-1,-1,-1,0,10,-1,1,1,3,-1,-1,-1,0,0,1,0,0,10,0,0,0,5.55
1,0,0,0,-1,0,1,0,0,0,0,0,1,0,0,-1,-1,2,1,-1,0,3,0,-1,150,0,9223372036800000000,1e+75,0,10,0,0,7,0,0,1,0,0,1,1,0,0,0,0,0,0,2,0,1,-1,-1,0,-1,0,10,-1,1,1,1,-1,-1,-1,0,3,1,0,0,10,0,0,0,3.09
1,0,0,0,-1,0,1,0,0,0,0,0,1,0,0,-1,-1,2,1,-1,0,3,0,-1,150,0,9223372036800000000,1e+75,0,10,0,0,7,-1,0,1,0,0,1,1,0,0,0,0,0,0,2,0,1,-1,-1,0,-1,0,10,-1,1,1,3,-1,-1,-1,0,0,1,0,0,10,0,0,0,6.56
1,0,0,0,-1,0,1,0,0,0,0,0,2,-1,-1,2,-1,-1,-1,2,2,3,0,4,50,0,9223372036800000000,20,0,10,0,0,7,0,0,1,1000,0,1,1,3,-1,0,0,0,3,2,0,1,-1,-1,-1,-1,1,10,-1,1,1,3,-1,-1,-1,0,0,1,0,0,10,0,0,0,6.54
1,0,0,0,-1,0,1,4,0,0,0,0,3,-1,-1,1,0,0,-1,-1,2,3,0,-1,50,0,9223372036800000000,60,0,10,0,0,7,0,0,1,0,0,1,1,0,0,0,0,0,0,2,0,1,-1,-1,-1,-1,0,10,-1,1,1,3,-1,-1,-1,0,0,1,0,0,10,0,0,0,6.15
1,0,0,0,-1,0,1,4,0,0,0,0,3,-1,-1,1,0,0,-1,-1,2,3,0,-1,50,0,9223372036800000000,1e+75,0,10,0,0,3,0,0,1,0,0,1,1,0,0,0,0,0,0,2,0,1,-1,-1,-1,-1,0,10,-1,1,1,3,-1,-1,-1,0,0,1,0,0,10,0,0,0,3.32
1,0,0,0,-1,0,1,4,0,0,0,0,1,2,-1,1,1,0,2,1,2,3,0,8,50,0,9223372036800000000,50,0,10,0,0,7,-1,0,1,1000,0,1,1,3,1,0,0,0,4,2,0,1,-1,-1,-1,-1,-1,10,-1,1,1,3,-1,-1,-1,0,0,1,0,0,10,0,0,0,6.15
1,0,0,0,-1,0,1,0,0,0,0,0,1,0,0,-1,-1,2,1,-1,0,3,0,-1,150,0,9223372036800000000,1e+75,0,10,0,0,7,0,0,1,0,0,1,1,0,0,0,0,1,0,2,0,1,-1,-1,0,-1,0,10,-1,1,1,1,-1,-1,-1,0,0,1,0,0,10,0,0,0,5.71
1,0,0,0,-1,0,1,0,0,0,0,0,-1,-1,1,2,-1,-1,0,-1,2,2,0,4,10,0,9223372036800000000,30,0,10,0,0,7,-1,0,1,1000,0,1,1,-1,-1,0,6,2,0,2,0,1,-1,-1,-1,-1,1,10,-1,1,1,3,-1,-1,-1,0,0,1,0,0,10,0,0,0,6.15
1,0,0,0,-1,0,1,4,0,0,0,0,3,-1,-1,1,0,0,-1,-1,2,3,0,-1,50,0,9223372036800000000,1e+75,0,10,0,0,7,0,0,1,0,0,1,1,0,0,100,0,0,0,2,0,1,-1,-1,-1,-1,0,10,-1,1,1,3,-1,-1,-1,0,0,1,0,0,10,0,0,0,3.32
1,0,0,0,-1,0,1,0,0,0,0,0,1,0,0,-1,-1,2,1,-1,0,3,0,-1,150,0,9223372036800000000,1e+75,0,10,0,0,7,0,0,1,0,0,1,1,0,0,0,0,1,0,2,0,1,-1,-1,-1,-1,0,10,-1,1,1,3,-1,-1,-1,0,0,1,0,0,10,0,0,0,6.8
1,0,0,0,-1,0,1,3,0,0,0,0,3,0,0,1,0,2,-1,-1,-1,3,0,-1,50,0,9223372036800000000,1e+75,0,10,0,0,7,0,0,1,0,0,1,1,0,-1,0,0,0,0,2,0,1,-1,-1,-1,-1,0,10,-1,1,1,3,-1,-1,-1,0,0,1,0,0,10,0,0,0,5.55
1,0,0,0,-1,0,1,4,0,0,0,0,-1,0,-1,0,0,0,-1,-1,2,3,0,-1,50,0,9223372036800000000,1e+75,0,10,0,0,7,0,0,1,0,0,1,1,0,0,0,0,0,0,2,0,1,-1,-1,-1,-1,0,10,-1,1,1,3,-1,-1,-1,0,0,1,0,0,10,0,0,0,3.42
1,0,0,0,-1,0,1,3,0,0,0,0,-1,-1,1,-1,-1,2,-1,1,-1,2,0,1,10,0,9223372036800000000,40,0,10,0,0,7,-1,0,1,1000,0,1,1,-1,-1,0,0,0,4,2,0,1,-1,1,-1,-1,0,5,-1,1,1,3,-1,-1,-1,0,0,1,0,0,40,0,0,0,2.48
1,0,0,0,-1,0,1,4,0,0,0,0,0,2,0,0,-1,0,-1,1,2,3,0,-1,50,0,9223372036800000000,2,0,10,0,0,7,1,0,1,0,0,1,1,0,-1,0,0,0,4,2,0,1,-1,-1,-1,-1,0,10,-1,1,1,3,-1,-1,-1,0,0,1,0,0,10,0,0,0,6.46
1,0,0,0,-1,0,1,3,0,0,0,0,-1,-1,1,-1,-1,2,-1,1,-1,2,0,1,10,0,9223372036800000000,40,0,10,0,0,7,-1,0,1,1000,0,1,1,-1,-1,0,0,0,4,2,0,1,-1,1,-1,-1,0,5,-1,1,1,3,-1,2,-1,0,0,1,0,0,10,0,0,0,6.43
1,0,0,0,-1,0,1,4,0,0,0,0,3,-1,-1,1,0,0,-1,-1,2,3,0,-1,50,0,9223372036800000000,120,0,10,0,0,7,0,0,1,0,0,1,1,0,0,0,0,0,0,2,0,1,-1,-1,-1,-1,0,10,-1,1,1,3,-1,-1,-1,0,0,1,0,0,10,0,0,0,6.15
1,0,0,0,-1,0,1,3,0,0,0,0,-1,-1,1,-1,-1,2,-1,1,-1,2,0,1,10,0,9223372036800000000,40,0,10,0,0,7,-1,0,2,1000,0,1,1,-1,-1,0,0,0,4,2,0,1,-1,1,-1,-1,0,5,-1,1,1,3,-1,-1,-1,0,0,1,0,0,10,0,0,0,2.48
1,0,0,0,-1,0,1,4,0,0,0,0,3,-1,-1,1,0,0,-1,-1,2,3,0,-1,50,0,9223372036800000000,1e+75,0,10,0,0,7,0,0,1,0,0,1,1,0,0,20,0,0,0,2,0,1,-1,-1,-1,-1,0,10,-1,1,1,3,-1,-1,-1,0,0,1,0,0,10,0,0,0,3.33
1,0,0,0,-1,0,1,4,0,0,0,0,3,-1,-1,1,0,0,-1,-1,2,3,0,-1,50,0,9223372036800000000,5,0,10,0,0,7,0,0,1,0,0,1,1,0,0,0,0,0,0,2,0,1,-1,-1,-1,-1,0,10,-1,1,1,3,-1,-1,-1,0,0,1,0,0,10,0,0,0,6.15
1,0,0,0,-1,0,1,3,0,0,0,0,-1,-1,1,-1,-1,2,-1,1,-1,2,0,1,10,0,9223372036800000000,40,0,10,0,0,7,-1,0,1,1000,0,1,1,-1,-1,0,0,0,4,1,0,1,-1,1,-1,-1,0,5,-1,1,1,3,-1,-1,-1,0,0,1,0,0,10,0,0,0,2.48
1,0,0,0,-1,0,1,4,0,0,0,0,-1,0,-1,1,0,1,-1,-1,2,3,0,-1,50,0,9223372036800000000,1e+75,0,10,0,0,7,0,0,1,0,0,1,1,0,0,0,0,0,0,2,0,1,-1,-1,-1,-1,0,10,-1,1,1,3,-1,-1,-1,0,0,1,0,0,10,0,0,0,3.42
1,0,0,0,-1,0,1,3,0,0,0,0,3,0,0,0,0,2,-1,-1,-1,3,0,-1,50,0,9223372036800000000,1e+75,0,10,0,0,7,0,0,1,0,0,1,1,0,-1,0,0,0,4,2,0,1,-1,-1,-1,-1,0,10,-1,1,1,3,-1,-1,-1,0,0,1,0,0,10,0,0,0,5.55
1,0,0,0,-1,0,1,4,0,0,0,0,3,-1,-1,1,0,0,-1,-1,2,3,0,-1,50,0,9223372036800000000,2,0,10,0,0,7,0,0,1,0,0,1,1,0,0,0,0,0,0,2,0,1,-1,-1,-1,-1,0,10,-1,1,1,3,-1,-1,-1,0,0,1,0,0,10,0,0,0,6.15
1,0,0,0,-1,0,1,3,0,0,0,0,3,0,0,1,0,2,-1,-1,-1,3,0,-1,50,0,9223372036800000000,1e+75,0,10,0,0,7,0,0,1,0,0,1,1,0,-1,0,0,0,4,2,0,1,-1,-1,-1,-1,0,10,-1,1,1,3,-1,-1,-1,0,0,1,0,0,10,0,0,0,5.55
1,0,0,0,-1,0,1,4,0,0,0,0,3,-1,-1,1,0,0,-1,-1,2,3,0,-1,50,0,9223372036800000000,0,0,10,0,0,7,0,0,1,0,0,1,1,0,0,0,0,0,0,2,0,1,-1,-1,-1,-1,0,10,-1,1,1,3,-1,-1,-1,0,0,1,0,0,10,0,0,0,6.24
1,1,0,0,-1,0,2,0,0,0,0,1,-1,0,1,-1,-1,-1,-1,-1,2,0,0,16,400,0,9223372036800000000,20,0,2,0,0,7,-1,0,1,-1,0,1,1,-1,-1,0,0,1,4,2,0,1,-1,1,0,-1,-1,40,-1,1,0,0,1,0,-1,0,4,1,0,0,2,0,0,0,1.79769e+308
1,0,0,0,-1,0,1,4,0,0,0,0,3,-1,-1,1,0,0,-1,-1,2,3,0,-1,50,0,9223372036800000000,1e+75,0,10,0,0,7,0,3,1,0,0,1,1,0,0,0,0,0,0,2,0,1,-1,-1,-1,-1,0,10,-1,1,1,3,-1,-1,-1,0,0,1,0,0,10,0,0,0,3.32
1,0,0,0,-1,0,1,4,0,0,0,0,1,2,-1,2,1,0,2,1,2,3,0,8,50,0,9223372036800000000,10,0,10,0,0,7,-1,0,1,1000,0,1,1,3,1,0,0,0,4,2,0,1,-1,-1,-1,-1,-1,10,-1,1,1,3,-1,-1,-1,0,0,1,0,0,10,0,0,0,6.15
1,0,0,0,-1,0,1,4,0,0,0,0,3,-1,-1,1,0,0,-1,-1,2,3,0,-1,50,0,9223372036800000000,1e+75,0,10,0,0,7,0,2,1,0,0,1,1,0,0,0,0,0,0,2,0,1,-1,-1,-1,-1,0,10,-1,1,1,3,-1,-1,-1,0,0,1,0,0,10,0,0,0,5.5
1,0,0,0,-1,0,1,4,0,0,0,0,3,-1,-1,1,0,0,-1,-1,2,3,0,-1,50,0,9223372036800000000,1e+75,0,10,0,0,7,0,0,1,0,0,0,1,0,0,0,0,0,0,2,0,1,-1,-1,-1,-1,0,10,-1,1,1,3,-1,-1,-1,0,0,1,0,0,10,0,0,0,5.49
1,0,0,0,-1,0,1,4,0,0,0,0,3,-1,-1,1,0,0,-1,-1,2,3,0,-1,50,0,9223372036800000000,1e+75,0,10,0,0,7,0,0,1,0,0,1,1,0,0,0,0,0,2,2,0,1,-1,-1,-1,-1,0,10,-1,1,1,3,-1,-1,-1,0,0,1,0,0,10,0,0,0,6.15
1,0,0,0,-1,0,1,4,0,0,0,0,-1,3,-1,1,0,0,-1,0,1,3,0,-1,10,0,9223372036800000000,1e+75,0,10,0,0,7,0,0,1,0,0,1,1,0,2,0,0,0,0,2,0,1,-1,-1,-1,-1,0,10,-1,1,1,3,-1,-1,-1,0,0,1,0,0,10,0,0,0,6.87
1,0,0,0,-1,0,1,4,0,0,0,0,3,-1,-1,1,0,0,-1,-1,2,3,0,-1,50,0,9223372036800000000,1e+75,0,10,0,0,7,0,0,1,0,0,1,1,0,0,0,0,0,1,2,0,1,-1,-1,-1,-1,0,10,-1,1,1,3,-1,-1,-1,0,0,1,0,0,10,0,0,0,5.34
1,0,0,0,-1,0,1,4,0,0,0,0,3,-1,-1,1,0,0,-1,-1,2,3,0,-1,50,0,9223372036800000000,1e+75,0,10,0,0,7,0,0,1,0,0,1,1,0,0,1000,0,0,0,2,0,1,-1,-1,-1,-1,0,10,-1,1,1,3,-1,-1,-1,0,0,1,0,0,10,0,0,0,3.33
1,0,0,0,-1,0,1,4,0,0,0,0,3,-1,-1,1,0,0,-1,-1,2,3,0,-1,50,0,9223372036800000000,1e+75,0,10,0,0,7,-1,0,1,500,0,1,1,-1,0,0,6,4,0,2,0,1,-1,-1,-1,-1,0,10,-1,1,1,3,-1,-1,-1,0,0,1,0,0,10,0,0,0,35.21
1,0,0,0,-1,0,1,2,0,0,0,0,1,0,0,-1,-1,2,1,-1,0,3,0,-1,150,0,9223372036800000000,1e+75,0,10,0,0,7,0,0,1,0,0,1,1,0,0,0,0,0,0,2,0,1,-1,-1,-1,-1,0,10,-1,1,1,3,-1,-1,-1,0,0,1,0,0,10,0,0,0,5.48
1,0,0,0,-1,0,1,3,0,0,0,0,2,-1,1,-1,-1,2,-1,1,-1,2,0,1,10,0,9223372036800000000,40,0,10,0,0,7,0,0,1,1000,0,1,1,-1,-1,0,0,0,4,2,0,1,-1,1,-1,-1,0,5,-1,1,1,3,-1,-1,-1,0,0,1,0,0,10,0,0,0,2.5
1,0,0,0,-1,0,1,4,0,0,0,0,3,-1,-1,1,0,0,-1,-1,2,3,0,-1,50,0,9223372036800000000,1e+75,0,10,0,0,7,0,0,1,0,0,1,1,0,0,60,0,0,0,2,0,1,-1,-1,-1,-1,0,10,-1,1,1,3,-1,-1,-1,0,0,1,0,0,10,0,0,0,3.33
1,0,0,0,-1,0,1,1,0,0,0,0,2,0,-1,2,2,1,-1,1,-1,3,0,-1,800,0,9223372036800000000,1e+75,0,10,0,0,7,0,0,1,0,0,1,1,0,0,0,0,0,0,2,0,1,-1,-1,-1,-1,0,10,-1,1,1,3,-1,-1,-1,0,0,1,0,0,10,0,0,0,3.83
1,0,0,0,-1,0,1,4,0,0,0,0,1,1,0,-1,1,1,0,2,1,3,0,-1,800,0,9223372036800000000,1e+75,0,10,0,0,7,0,0,1,0,0,1,1,0,3,0,0,0,0,2,0,1,-1,-1,-1,-1,0,10,-1,1,1,3,-1,-1,-1,0,0,1,0,0,10,0,0,0,6.89
1,0,0,0,-1,0,1,4,0,0,0,0,3,2,-1,0,1,1,-1,1,-1,3,0,1,10,0,9223372036800000000,2,0,10,0,0,7,-1,0,1,0,0,1,1,2,-1,0,0,0,0,2,0,1,-1,-1,-1,-1,0,10,-1,1,1,3,-1,-1,-1,0,0,1,0,0,10,0,0,0,3.23
1,0,0,0,-1,0,1,1,0,0,0,0,0,-1,-1,-1,-1,-1,0,-1,-1,0,0,4,10,0,9223372036800000000,20,0,10,0,0,7,-1,0,1,20,0,1,1,-1,-1,0,1,1,-1,2,0,1,-1,-1,-1,-1,1,10,-1,1,1,3,-1,-1,-1,0,0,1,0,0,10,0,0,0,9.8
1,0,0,0,-1,0,1,4,0,0,0,0,3,-1,-1,1,0,0,-1,-1,2,3,0,-1,50,0,9223372036800000000,1e+75,0,10,0,0,7,0,0,1,0,0,3,1,0,0,0,0,0,0,2,0,1,-1,-1,-1,-1,0,10,-1,1,1,3,-1,-1,-1,0,0,1,0,0,10,0,0,0,3.73
1,0,0,0,-1,0,1,0,0,0,0,0,-1,2,-1,0,-1,-1,1,1,-1,3,0,-1,800,0,9223372036800000000,1e+75,0,10,0,0,7,0,0,1,0,0,1,1,0,-1,0,0,0,0,2,0,1,-1,-1,-1,-1,0,10,-1,1,1,3,-1,-1,-1,0,0,1,0,0,10,0,0,0,4.71
1,0,0,0,-1,0,2,0,0,0,0,0,1,3,1,-1,-1,-1,2,-1,2,10,0,2,10,0,9223372036800000000,2,0,10,0,0,7,1,0,1,-1,0,1,1,0,-1,0,6,0,-1,2,0,1,-1,1,3,-1,-1,20,-1,1,1,3,-1,-1,-1,0,0,1,0,0,10,0,0,0,1.79769e+308
1,0,0,0,-1,0,1,0,0,0,0,0,2,3,0,2,0,2,0,2,1,3,0,-1,50,0,9223372036800000000,1e+75,0,10,0,0,7,0,0,1,0,0,1,1,0,1,0,0,0,0,2,0,1,-1,-1,-1,-1,0,10,-1,1,1,3,-1,-1,-1,0,0,1,0,0,10,0,0,0,6.15
1,1,0,0,-1,2,2,0,0,0,0,0,-1,-1,-1,-1,-1,1,-1,1,2,10,0,1,400,0,9223372036800000000,5,0,10,0,0,7,1,0,1,-1,0,1,1,-1,-1,0,0,3,3,2,0,1,-1,1,3,-1,-1,2,-1,1,0,2,1,0,-1,0,2,1,0,0,10,0,0,0,1.79769e+308
1,0,0,0,-1,0,1,3,0,0,0,0,-1,-1,1,-1,-1,2,-1,1,-1,2,0,1,10,0,9223372036800000000,40,0,10,0,0,7,-1,0,1,1000,0,1,1,-1,-1,0,0,0,4,2,0,1,-1,1,-1,-1,0,5,-1,1,1,3,-1,1,-1,0,0,1,0,0,10,0,0,0,6.43
1,0,0,0,-1,0,1,0,0,0,0,0,-1,0,0,-1,1,1,-1,0,1,3,0,-1,50,0,9223372036800000000,1e+75,0,10,0,0,7,0,0,1,0,0,1,1,0,0,0,0,0,0,2,0,1,-1,-1,-1,-1,0,10,-1,1,1,3,-1,-1,-1,0,0,1,0,0,10,0,0,0,5.63
1,0,0,0,-1,0,1,3,0,0,0,0,0,-1,-1,1,2,2,-1,-1,-1,3,0,-1,50,0,9223372036800000000,30,0,10,0,0,7,1,0,1,0,0,1,1,0,1,0,0,0,3,2,0,1,-1,-1,-1,-1,0,10,-1,1,1,3,-1,-1,-1,0,0,1,0,0,10,0,0,0,6.85
1,0,0,0,-1,0,1,4,0,0,0,0,0,0,0,1,2,-1,0,-1,2,3,0,-1,800,0,9223372036800000000,1e+75,0,10,0,0,7,0,0,1,0,0,1,1,0,1,0,0,0,0,2,0,1,-1,-1,-1,-1,0,10,-1,1,1,3,-1,-1,-1,0,0,1,0,0,10,0,0,0,6.94
1,0,0,0,-1,0,1,0,0,0,0,0,1,0,0,-1,-1,2,1,-1,0,3,0,-1,150,0,9223372036800000000,240,0,10,0,0,7,0,0,1,0,0,1,1,0,0,0,0,0,0,2,0,1,-1,-1,-1,-1,0,10,-1,1,1,3,-1,-1,-1,0,0,1,0,0,10,0,0,0,6.02
1,0,0,0,-1,0,1,4,0,0,0,0,3,-1,-1,1,0,0,-1,-1,2,3,0,-1,50,0,9223372036800000000,240,0,10,0,0,7,0,0,1,0,0,1,1,0,0,0,0,0,0,2,0,1,-1,-1,-1,-1,0,10,-1,1,1,3,-1,-1,-1,0,0,1,0,0,10,0,0,0,6.15
1,0,0,0,-1,0,1,4,0,0,0,0,3,-1,-1,1,0,0,-1,-1,2,3,0,-1,50,0,9223372036800000000,1e+75,0,10,0,0,7,0,0,1,0,0,1,1,0,0,0,0,0,4,2,0,1,-1,-1,-1,-1,0,10,-1,1,1,3,-1,-1,-1,0,0,1,0,0,10,0,0,0,3.32
1,0,0,0,-1,0,1,0,0,0,0,0,2,0,0,-1,-1,2,1,-1,0,3,0,-1,150,0,9223372036800000000,1e+75,0,10,0,0,7,0,0,1,0,0,1,1,0,0,0,0,0,0,2,0,1,-1,-1,-1,-1,0,10,-1,1,1,3,-1,-1,-1,0,0,1,0,0,10,0,0,0,5.56
1,0,0,0,-1,0,1,3,0,0,0,0,-1,-1,1,-1,-1,2,-1,1,-1,2,0,1,10,0,9223372036800000000,40,0,10,0,0,7,-1,0,1,1000,0,1,1,-1,-1,0,0,0,4,2,0,1,-1,1,1,-1,0,5,-1,1,1,3,-1,-1,-1,0,0,1,0,0,10,0,0,0,4.97
1,0,0,0,-1,0,1,4,0,0,0,0,2,0,1,2,-1,2,2,-1,2,3,0,-1,400,0,9223372036800000000,1e+75,0,10,0,0,7,0,0,1,0,0,1,1,0,0,0,0,0,0,2,0,1,-1,-1,-1,-1,0,10,-1,1,1,3,-1,-1,-1,0,0,1,0,0,10,0,0,0,7.75
1,0,0,0,-1,0,1,0,0,0,0,0,-1,1,0,1,0,1,1,1,-1,3,0,4,10,0,9223372036800000000,20,0,10,0,0,7,-1,0,1,0,0,1,1,2,-1,0,0,0,2,2,0,1,-1,-1,-1,-1,0,10,-1,1,1,3,-1,-1,-1,0,0,1,0,0,10,0,0,0,6.12
1,0,0,0,-1,0,1,4,0,0,0,0,1,-1,-1,1,1,2,0,2,-1,3,0,2,10,0,9223372036800000000,10,0,10,0,0,7,0,0,1,1000,0,1,1,3,-1,0,4,0,4,2,0,1,-1,-1,-1,-1,-1,10,-1,1,1,3,-1,-1,-1,0,0,1,0,0,10,0,0,0,6.31
1,0,0,0,-1,0,1,3,0,0,0,0,-1,-1,1,-1,-1,2,-1,1,-1,2,0,1,10,0,9223372036800000000,40,0,10,0,0,7,-1,0,1,1000,0,1,1,-1,-1,0,0,0,4,2,0,1,-1,1,-1,-1,0,5,-1,1,1,3,-1,-1,-1,0,0,-1,0,0,10,0,0,0,2.48
1,0,0,0,-1,0,1,0,0,0,0,0,-1,-1,-1,2,-1,-1,-1,0,2,3,0,1,10,0,9223372036800000000,60,0,10,0,0,7,0,0,1,-1,0,1,1,1,0,0,6,4,0,2,0,1,-1,-1,-1,-1,1,10,-1,1,1,3,-1,-1,-1,0,0,1,0,0,10,0,0,0,1.79769e+308
1,0,0,0,-1,0,1,0,0,0,0,0,-1,0,-1,2,2,-1,2,-1,-1,3,0,-1,200,0,9223372036800000000,1e+75,0,10,0,0,7,0,0,1,0,0,1,1,0,0,0,0,0,0,2,0,1,-1,-1,-1,-1,0,10,-1,1,1,3,-1,-1,-1,0,0,1,0,0,10,0,0,0,5.16
1,0,0,0,-1,0,1,4,0,0,0,0,3,-1,-1,1,0,0,-1,-1,2,3,0,-1,50,0,9223372036800000000,50,0,10,0,0,7,0,0,1,0,0,1,1,0,0,0,0,0,0,2,0,1,-1,-1,-1,-1,0,10,-1,1,1,3,-1,-1,-1,0,0,1,0,0,10,0,0,0,6.15
1,0,0,0,-1,0,1,4,0,0,0,0,3,-1,-1,1,0,0,-1,-1,2,3,0,-1,50,0,9223372036800000000,1e+75,0,10,0,0,7,-1,0,1,500,0,1,1,-1,0,0,4,0,0,2,0,1,-1,-1,-1,-1,0,10,-1,1,1,3,-1,-1,-1,0,0,1,0,0,10,0,0,0,4.73
1,1,0,1,-1,0,2,2,0,0,0,1,-1,-1,-1,-1,-1,1,-1,1,-1,5,0,16,400,0,9223372036800000000,5,0,2,0,0,7,0,0,1,100,0,1,1,3,-1,0,6,0,-1,2,0,1,-1,-1,3,-1,1,20,-1,1,0,1,-1,-1,-1,0,0,1,0,0,5,0,0,0,6.75
1,0,0,0,-1,0,1,4,0,0,0,0,2,0,0,2,-1,1,2,1,2,3,0,-1,800,0,9223372036800000000,1e+75,0,10,0,0,7,0,0,1,0,0,1,1,0,0,0,0,0,0,2,0,1,-1,-1,-1,-1,0,10,-1,1,1,3,-1,-1,-1,0,0,1,0,0,10,0,0,0,5.25
1,0,0,0,-1,0,1,3,0,0,0,0,-1,-1,1,-1,-1,2,-1,1,-1,2,0,1,10,0,9223372036800000000,40,0,10,0,0,7,-1,0,1,1000,0,1,1,-1,-1,0,0,0,4,2,0,1,-1,1,-1,-1,0,5,-1,1,1,3,0,-1,-1,0,0,1,0,0,10,0,0,0,2.48
1,0,0,0,-1,0,1,4,0,0,0,0,3,-1,-1,1,0,0,-1,-1,2,3,0,-1,50,0,9223372036800000000,1e+75,0,10,0,0,5,0,0,1,0,0,1,1,0,0,0,0,0,0,2,0,1,-1,-1,-1,-1,0,10,-1,1,1,3,-1,-1,-1,0,0,1,0,0,10,0,0,0,3.32
1,0,0,0,-1,0,1,4,0,0,0,0,-1,-1,-1,2,0,1,0,0,1,3,0,-1,800,0,9223372036800000000,1e+75,0,10,0,0,7,0,0,1,0,0,1,1,0,2,0,0,0,0,2,0,1,-1,-1,-1,-1,0,10,-1,1,1,3,-1,-1,-1,0,0,1,0,0,10,0,0,0,6.75
1,0,0,0,-1,0,1,3,0,0,0,0,-1,-1,1,-1,-1,2,-1,1,-1,2,0,1,10,0,9223372036800000000,40,0,10,0,0,7,-1,0,1,1000,0,1,1,-1,-1,0,0,0,4,2,0,1,-1,1,-1,-1,0,5,-1,1,1,0,-1,-1,-1,0,0,1,0,0,10,0,0,0,5.16
1,0,0,0,-1,0,1,0,0,0,0,0,1,0,0,-1,-1,2,-1,-1,0,3,0,-1,150,0,9223372036800000000,1e+75,0,10,0,0,7,0,0,1,0,0,1,1,0,0,0,0,0,0,2,0,1,-1,-1,-1,-1,0,10,-1,1,1,3,-1,-1,-1,0,0,1,0,0,10,0,0,0,3.8
1,0,0,0,-1,0,1,4,0,0,0,0,-1,0,0,1,0,0,-1,-1,2,3,0,-1,50,0,9223372036800000000,1e+75,0,10,0,0,7,0,0,1,0,0,1,1,0,0,0,0,0,0,2,0,1,-1,-1,-1,-1,0,10,-1,1,1,3,-1,-1,-1,0,0,1,0,0,10,0,0,0,3.42
1,0,0,0,-1,0,1,4,0,0,0,0,0,3,-1,-1,1,-1,-1,1,0,3,0,2,50,0,9223372036800000000,50,0,10,0,0,7,1,0,1,500,0,1,1,-1,1,0,0,0,4,2,0,1,-1,-1,-1,-1,1,10,-1,1,1,3,-1,-1,-1,0,0,1,0,0,10,0,0,0,6.95
1,0,0,0,-1,0,1,4,0,0,0,0,1,2,-1,2,1,0,2,1,2,3,0,8,50,0,9223372036800000000,50,0,10,0,0,7,-1,0,1,-1,0,1,1,3,1,0,0,0,4,2,0,1,-1,-1,-1,-1,-1,10,-1,1,1,3,-1,-1,-1,0,0,1,0,0,10,0,0,0,1.79769e+308
1,0,0,0,-1,0,1,5,0,0,0,0,0,0,0,1,0,0,2,-1,1,3,0,-1,100,0,9223372036800000000,1e+75,0,10,0,0,7,0,0,1,0,0,1,1,0,0,0,0,0,0,2,0,1,-1,-1,-1,-1,0,10,-1,1,1,3,-1,-1,-1,0,0,1,0,0,10,0,0,0,8.36
1,0,0,0,-1,0,1,0,0,0,0,0,1,0,0,-1,-1,2,1,-1,0,2,0,-1,150,0,9223372036800000000,1e+75,0,10,0,0,7,0,0,1,0,0,1,1,0,0,0,0,0,0,2,0,1,-1,-1,0,-1,0,10,-1,1,1,3,-1,-1,-1,0,0,1,0,0,10,0,0,0,3.66
1,0,0,0,-1,0,1,0,0,0,0,0,1,0,0,-1,-1,2,1,-1,0,3,0,4,150,0,9223372036800000000,1e+75,0,10,0,0,7,0,0,1,0,0,1,1,0,0,0,0,0,0,2,0,1,-1,-1,0,-1,0,10,-1,1,1,3,-1,-1,-1,0,0,1,0,0,10,0,0,0,3.66
1,0,0,0,-1,0,1,4,0,0,0,0,3,-1,-1,1,0,0,-1,-1,2,3,0,-1,50,0,9223372036800000000,1e+75,0,10,0,0,7,-1,0,1,0,0,1,1,-1,0,0,0,0,0,2,0,1,-1,-1,-1,-1,0,10,-1,1,1,3,-1,-1,2,0,0,1,0,0,10,0,0,0,3.16
1,1,0,1,-1,0,1,2,0,0,0,1,-1,-1,-1,-1,-1,1,-1,1,-1,5,0,16,400,0,9223372036800000000,60,0,2,0,0,7,0,0,1,100,0,1,1,3,-1,0,6,0,-1,2,0,1,-1,-1,3,-1,1,20,-1,1,0,1,-1,-1,-1,0,0,1,0,0,5,0,0,0,6.75
1,0,0,0,-1,0,1,3,0,0,0,0,2,-1,1,-1,-1,2,-1,1,-1,3,0,1,10,0,9223372036800000000,40,0,10,0,0,7,0,0,1,1000,0,1,1,-1,-1,0,0,0,4,2,0,1,-1,1,-1,-1,0,5,-1,1,1,3,-1,-1,-1,0,0,1,0,0,10,0,0,0,2.5
1,0,0,0,-1,0,1,4,0,0,0,0,3,-1,-1,1,0,0,-1,-1,2,3,0,-1,50,0,9223372036800000000,30,0,10,0,0,7,0,0,1,0,0,1,1,0,0,0,0,0,0,2,0,1,-1,-1,-1,-1,0,10,-1,1,1,3,-1,-1,-1,0,0,1,0,0,10,0,0,0,6.15
1,0,0,0,-1,0,1,4,0,0,0,0,3,2,0,-1,-1,1,-1,-1,-1,3,0,-1,50,0,9223372036800000000,5,0,10,0,0,7,1,0,1,0,0,1,1,-1,1,0,0,0,-1,2,0,1,-1,-1,-1,-1,0,10,-1,1,1,3,-1,-1,-1,0,0,1,0,0,10,0,0,0,7.96
1,0,0,0,-1,0,1,3,0,0,0,0,-1,-1,1,-1,-1,2,-1,1,-1,2,0,1,10,0,9223372036800000000,40,0,10,0,0,7,-1,0,1,1000,0,1,1,-1,-1,0,0,0,4,2,0,1,-1,1,0,-1,0,5,-1,1,1,3,-1,-1,-1,0,0,1,0,0,10,0,0,0,2.48
1,0,0,0,-1,0,1,0,0,0,0,0,1,0,0,-1,-1,2,1,-1,0,3,0,-1,150,0,9223372036800000000,5,0,10,0,0,7,0,0,1,0,0,1,1,0,0,0,0,0,0,2,0,1,-1,-1,-1,-1,0,10,-1,1,1,3,-1,-1,-1,0,0,1,0,0,10,0,0,0,6.02
1,0,0,0,-1,0,1,3,0,0,0,0,2,-1,1,-1,-1,2,-1,1,-1,2,0,1,10,0,9223372036800000000,0,0,10,0,0,7,0,0,1,1000,0,1,1,-1,-1,0,0,0,4,2,0,1,-1,1,-1,-1,0,5,-1,1,1,3,-1,-1,-1,0,0,1,0,0,10,0,0,0,2.5
1,0,0,0,-1,0,1,4,0,0,0,0,3,-1,-1,1,0,0,-1,-1,2,3,0,-1,50,0,9223372036800000000,1e+75,0,10,0,0,7,-1,0,1,500,0,1,1,-1,0,0,6,0,0,2,0,1,-1,-1,-1,-1,0,10,-1,1,1,3,-1,-1,-1,0,0,1,0,0,10,-1,0,0,3.12
1,0,0,0,-1,0,1,3,0,0,0,0,3,0,0,1,0,2,-1,-1,-1,3,0,-1,50,0,9223372036800000000,2,0,10,0,0,7,0,0,1,0,0,1,1,0,-1,0,0,0,4,2,0,1,-1,-1,-1,-1,0,10,-1,1,1,3,-1,-1,-1,0,0,1,0,0,10,0,0,0,5.55
1,0,0,0,-1,0,1,3,0,0,0,0,-1,-1,1,-1,-1,2,-1,1,-1,2,0,1,10,0,9223372036800000000,40,0,10,0,0,7,-1,0,1,1000,0,1,1,-1,-1,0,0,0,4,2,0,1,-1,1,-1,-1,0,5,-1,1,1,3,-1,-1,-1,0,2,1,0,0,10,0,0,0,2.48
1,0,0,0,-1,0,2,0,0,0,0,0,-1,3,1,-1,0,-1,2,-1,2,3,0,16,10,0,9223372036800000000,30,0,10,0,0,7,1,0,1,-1,0,1,1,-1,-1,0,1,5,-1,2,0,1,-1,1,2,-1,0,10,-1,1,1,3,-1,-1,-1,0,0,1,0,0,10,0,0,0,1.79769e+308
1,0,0,0,-1,0,1,1,0,0,0,0,-1,0,-1,-1,1,-1,-1,0,2,3,0,-1,800,0,9223372036800000000,1e+75,0,10,0,0,7,0,0,1,0,0,1,1,0,0,0,0,0,0,2,0,1,-1,-1,-1,-1,0,10,-1,1,1,3,-1,-1,-1,0,0,1,0,0,10,0,0,0,6.03
1,0,0,0,-1,0,1,0,0,0,0,0,1,0,0,-1,-1,2,1,-1,0,3,0,-1,150,0,9223372036800000000,10,0,10,0,0,7,0,0,1,0,0,1,1,0,0,0,0,0,0,2,0,1,-1,-1,-1,-1,0,10,-1,1,1,3,-1,-1,-1,0,0,1,0,0,10,0,0,0,6.02
1,0,0,0,-1,0,1,0,0,0,0,0,-1,2,0,-1,-1,0,-1,2,2,3,0,8,50,0,9223372036800000000,1,0,10,0,0,7,1,0,1,500,0,1,1,-1,0,0,0,0,1,2,0,1,-1,-1,-1,-1,0,10,-1,1,1,3,-1,-1,-1,0,0,1,0,0,10,0,0,0,6.67
1,0,0,0,-1,0,1,0,0,0,0,0,1,0,0,-1,-1,2,1,-1,0,3,0,-1,10,0,9223372036800000000,1e+75,0,10,0,0,7,0,0,1,0,0,1,1,0,0,0,0,0,0,2,0,1,-1,-1,0,-1,0,10,-1,1,1,3,-1,-1,-1,0,0,1,0,0,10,0,0,0,3.71
1,0,0,0,-1,0,1,0,0,0,0,0,1,0,0,-1,-1,2,1,-1,0,3,0,1,150,0,9223372036800000000,1e+75,0,10,0,0,7,0,0,1,0,0,1,1,0,0,0,0,0,0,2,0,1,-1,-1,-1,-1,0,10,-1,1,1,3,-1,-1,-1,0,0,1,0,0,10,0,0,0,5.02
1,0,0,0,-1,0,1,0,0,0,0,0,1,0,0,-1,-1,2,0,-1,0,3,0,-1,150,0,9223372036800000000,1e+75,0,10,0,0,7,0,0,1,0,0,1,1,0,0,0,0,0,0,2,0,1,-1,-1,-1,-1,0,10,-1,1,1,3,-1,-1,-1,0,0,1,0,0,10,0,0,0,3.8
1,0,0,0,-1,0,1,1,0,0,0,0,3,0,0,2,-1,0,1,2,-1,3,0,-1,25,0,9223372036800000000,1e+75,0,10,0,0,7,0,0,1,0,0,1,1,0,0,0,0,0,0,2,0,1,-1,-1,-1,-1,0,10,-1,1,1,3,-1,-1,-1,0,0,1,0,0,10,0,0,0,3.84
1,0,0,0,-1,0,1,4,0,0,0,0,0,2,0,1,1,0,1,2,2,3,0,-1,800,0,9223372036800000000,1e+75,0,10,0,0,7,0,0,1,0,0,1,1,0,0,0,0,0,0,2,0,1,-1,-1,-1,-1,0,10,-1,1,1,3,-1,-1,-1,0,0,1,0,0,10,0,0,0,3.51
1,0,0,0,-1,2,1,3,0,0,0,0,2,1,-1,-1,-1,-1,-1,1,-1,5,0,-1,100,0,9223372036800000000,30,0,10,0,0,7,0,0,1,1000,0,1,1,-1,0,0,6,3,4,2,0,1,-1,1,-1,-1,1,2,-1,1,1,3,-1,-1,-1,0,0,1,0,0,10,0,0,0,35.21
1,0,0,0,-1,0,1,2,0,0,0,0,3,0,-1,-1,2,-1,2,1,0,3,0,-1,200,0,9223372036800000000,1e+75,0,10,0,0,7,0,0,1,0,0,1,1,0,0,0,0,0,0,2,0,1,-1,-1,-1,-1,0,10,-1,1,1,3,-1,-1,-1,0,0,1,0,0,10,0,0,0,5.45
1,0,0,0,-1,0,1,4,0,0,0,0,3,0,-1,1,0,0,-1,-1,2,3,0,-1,50,0,9223372036800000000,1e+75,0,10,0,0,7,0,0,1,0,0,1,1,0,1,0,0,0,0,2,0,1,-1,-1,-1,-1,0,10,-1,1,1,3,-1,-1,-1,0,0,1,0,0,10,0,0,0,6.15
1,0,0,0,-1,0,1,4,0,0,0,0,3,-1,-1,1,0,0,-1,-1,2,3,0,-1,50,0,9223372036800000000,1e+75,0,10,0,0,7,-1,0,1,20,0,1,1,-1,0,0,0,0,0,2,0,1,-1,-1,-1,-1,0,10,-1,1,1,3,-1,-1,-1,0,0,1,0,0,10,0,0,0,5.76
1,0,0,0,-1,0,1,3,0,0,0,0,-1,-1,1,-1,-1,2,-1,1,-1,2,0,1,10,0,9223372036800000000,40,0,10,0,0,7,-1,0,1,1000,0,1,1,-1,-1,0,0,0,4,2,0,1,-1,1,-1,-1,0,5,-1,1,1,3,-1,-1,-1,0,4,1,0,0,10,0,0,0,2.48
1,0,0,0,-1,0,1,2,0,0,0,0,3,0,1,2,0,0,-1,1,2,3,0,-1,800,0,9223372036800000000,1e+75,0,10,0,0,7,0,0,1,0,0,1,1,0,0,0,0,0,0,2,0,1,-1,-1,-1,-1,0,10,-1,1,1,3,-1,-1,-1,0,0,1,0,0,10,0,0,0,5.46
1,0,0,0,-1,0,1,4,0,0,0,0,3,-1,-1,1,0,0,-1,-1,2,3,0,-1,50,0,9223372036800000000,1e+75,0,10,0,0,7,-1,0,1,40,0,1,1,-1,0,0,0,0,0,2,0,1,-1,-1,-1,-1,0,10,-1,1,1,3,-1,-1,-1,0,0,1,0,0,10,0,0,0,3.19
1,0,0,0,-1,0,1,4,0,0,0,0,3,-1,-1,1,0,0,-1,-1,2,3,0,-1,50,0,9223372036800000000,1e+75,0,10,0,0,7,0,0,1,0,0,1,1,0,0,0,0,0,0,2,0,1,-1,-1,-1,-1,0,10,-1,1,1,3,-1,-1,-1,0,0,1,0,0,10,0,0,0,3.32
1,0,0,0,-1,0,1,4,0,0,0,0,1,2,-1,2,1,0,2,1,2,3,0,8,50,0,9223372036800000000,50,0,10,0,0,7,-1,0,1,1000,0,1,1,3,1,0,0,0,4,2,0,1,-1,-1,-1,-1,-1,10,-1,1,1,3,-1,-1,-1,0,0,1,0,0,10,0,0,0,6.15
1,0,0,0,-1,0,1,0,0,0,0,0,2,0,0,-1,2,1,2,2,-1,3,0,-1,800,0,9223372036800000000,1e+75,0,10,0,0,7,0,0,1,0,0,1,1,0,0,0,0,0,0,2,0,1,-1,-1,-1,-1,0,10,-1,1,1,3,-1,-1,-1,0,0,1,0,0,10,0,0,0,6.34
1,0,0,0,-1,0,1,4,0,0,0,0,3,-1,-1,1,0,0,-1,-1,2,3,0,-1,50,0,9223372036800000000,10,0,10,0,0,7,0,0,1,0,0,1,1,0,0,0,0,0,0,2,0,1,-1,-1,-1,-1,0,10,-1,1,1,3,-1,-1,-1,0,0,1,0,0,10,0,0,0,6.15
1,0,0,0,-1,0,1,0,0,0,0,0,1,0,0,-1,-1,2,1,-1,0,3,0,-1,150,0,9223372036800000000,1e+75,0,10,0,0,7,0,0,1,0,0,1,1,0,0,0,0,0,-1,2,0,1,-1,-1,0,-1,0,10,-1,1,1,1,-1,-1,-1,0,0,1,0,0,10,0,0,0,6.71
1,0,0,0,-1,0,1,4,0,0,0,0,3,-1,-1,1,0,0,-1,-1,2,3,0,2,50,0,9223372036800000000,1e+75,0,10,0,0,7,-1,0,1,0,0,1,1,0,0,0,0,0,0,2,0,1,-1,-1,-1,-1,0,10,-1,1,1,3,-1,-1,-1,0,0,1,0,0,10,0,0,0,3.24
1,0,0,0,-1,0,1,0,0,0,0,0,1,0,0,-1,-1,2,1,-1,0,3,0,8,150,0,9223372036800000000,1e+75,0,10,0,0,7,0,0,1,0,0,1,1,0,0,0,0,0,0,2,0,1,-1,-1,-1,-1,0,10,-1,1,1,3,-1,-1,-1,0,0,1,0,0,10,0,0,0,3.8
1,0,0,0,-1,0,1,0,0,0,0,0,1,0,0,-1,-1,2,1,-1,0,3,0,4,150,0,9223372036800000000,1e+75,0,10,0,0,7,0,0,1,0,0,1,1,0,0,0,0,0,0,2,0,1,-1,-1,-1,-1,0,10,-1,1,1,3,-1,-1,-1,0,0,1,0,0,10,0,0,0,3.8
1,0,0,0,-1,0,1,0,0,0,0,0,1,0,0,-1,-1,2,1,-1,0,3,0,-1,150,0,9223372036800000000,1e+75,0,10,0,0,7,0,0,1,0,0,1,1,0,0,0,0,0,1,2,0,1,-1,-1,-1,-1,0,10,-1,1,1,3,-1,-1,-1,0,0,1,0,0,10,0,0,0,6.39
1,0,0,0,-1,0,1,5,0,0,0,0,-1,0,1,0,1,0,1,-1,-1,3,0,-1,800,0,9223372036800000000,1e+75,0,10,0,0,7,0,0,1,0,0,1,1,0,0,0,0,0,0,2,0,1,-1,-1,-1,-1,0,10,-1,1,1,3,-1,-1,-1,0,0,1,0,0,10,0,0,0,8.38
1,0,0,0,-1,0,1,3,0,0,0,0,3,0,0,1,0,2,-1,-1,-1,3,0,-1,50,0,9223372036800000000,1e+75,0,10,0,0,7,1,0,1,0,0,1,1,0,-1,0,0,0,4,2,0,1,-1,-1,-1,-1,0,10,-1,1,1,3,-1,-1,-1,0,0,1,0,0,10,0,0,0,4.88
1,0,0,0,-1,0,1,4,0,0,0,0,-1,0,-1,1,0,0,-1,-1,2,3,0,-1,200,0,9223372036800000000,1e+75,0,10,0,0,7,0,0,1,0,0,1,1,0,0,0,0,0,0,2,0,1,-1,-1,-1,-1,0,10,-1,1,1,3,-1,-1,-1,0,0,1,0,0,10,0,0,0,5.1
1,0,0,0,-1,0,1,4,0,0,0,0,1,-1,-1,-1,2,-1,-1,1,2,3,0,4,25,0,9223372036800000000,0,0,10,0,0,7,-1,0,1,1000,0,1,1,-1,3,0,3,0,4,2,0,1,-1,-1,-1,-1,-1,10,-1,1,1,3,-1,-1,-1,0,0,1,0,0,10,0,0,0,5.32
1,0,0,0,-1,0,1,4,0,0,0,0,3,-1,-1,1,0,0,-1,-1,2,3,0,-1,50,0,9223372036800000000,1e+75,0,10,0,0,7,0,0,1,0,0,1,1,0,0,40,0,0,0,2,0,1,-1,-1,-1,-1,0,10,-1,1,1,3,-1,-1,-1,0,0,1,0,0,10,0,0,0,3.33
1,0,0,0,-1,0,1,4,0,0,0,0,1,2,-1,2,1,0,2,1,2,3,0,8,10,0,9223372036800000000,50,0,10,0,0,7,-1,0,1,1000,0,1,1,3,1,0,0,0,4,2,0,1,-1,-1,-1,-1,-1,10,-1,1,1,3,-1,-1,-1,0,0,1,0,0,10,0,0,0,6.88
1,0,0,0,-1,0,1,0,0,0,0,0,1,0,0,2,-1,2,1,-1,0,3,0,-1,150,0,9223372036800000000,1e+75,0,10,0,0,7,0,0,1,0,0,1,1,0,0,0,0,0,0,2,0,1,-1,-1,-1,-1,0,10,-1,1,1,3,-1,-1,-1,0,0,1,0,0,10,0,0,0,3.8
1,0,0,0,-1,0,1,4,0,0,0,0,-1,0,-1,1,0,0,-1,-1,2,3,0,-1,50,0,9223372036800000000,1e+75,0,10,0,0,7,0,0,1,0,0,1,1,0,0,0,0,0,0,2,0,1,-1,-1,-1,-1,0,10,-1,1,1,3,-1,-1,-1,0,0,1,0,0,10,0,0,0,3.42
1,0,0,0,-1,0,1,4,0,0,0,0,3,-1,-1,1,0,0,-1,-1,2,3,0,-1,50,0,9223372036800000000,1e+75,0,10,0,0,7,0,1,1,0,0,1,1,0,0,0,0,0,0,2,0,1,-1,-1,-1,-1,0,10,-1,1,1,3,-1,-1,-1,0,0,1,0,0,10,0,0,0,3.33
1,0,0,0,-1,0,1,0,0,0,0,0,-1,0,-1,1,-1,-1,0,2,-1,3,0,-1,200,0,9223372036800000000,1e+75,0,10,0,0,7,0,0,1,0,0,1,1,0,0,0,0,0,0,2,0,1,-1,-1,-1,-1,0,10,-1,1,1,3,-1,-1,-1,0,0,1,0,0,10,0,0,0,6.23
1,0,0,0,-1,0,1,4,0,0,0,0,3,-1,-1,1,0,0,-1,-1,2,3,0,8,50,0,9223372036800000000,1e+75,0,10,0,0,7,-1,0,1,0,0,1,1,0,0,0,0,0,0,2,0,1,-1,-1,-1,-1,0,10,-1,1,1,3,-1,-1,-1,0,0,1,0,0,10,0,0,0,3.24
1,0,0,0,-1,0,1,4,0,0,0,0,2,0,0,2,0,0,2,-1,-1,3,0,-1,100,0,9223372036800000000,1e+75,0,10,0,0,7,0,0,1,0,0,1,1,0,0,0,0,0,0,2,0,1,-1,-1,-1,-1,0,10,-1,1,1,3,-1,-1,-1,0,0,1,0,0,10,0,0,0,5.1
1,0,0,0,-1,2,2,0,0,0,0,1,-1,0,-1,-1,2,-1,-1,-1,2,5,0,16,400,0,9223372036800000000,240,0,20,0,0,7,-1,0,1,100,0,1,1,3,-1,0,4,0,3,2,0,1,-1,1,0,-1,-1,40,-1,1,0,0,0,0,-1,0,4,1,0,0,40,0,0,0,6.96
1,0,0,0,-1,0,1,2,0,0,0,0,-1,0,0,0,0,0,0,2,1,3,0,-1,400,0,9223372036800000000,1e+75,0,10,0,0,7,0,0,1,0,0,1,1,0,0,0,0,0,0,2,0,1,-1,-1,-1,-1,0,10,-1,1,1,3,-1,-1,-1,0,0,1,0,0,10,0,0,0,5.5
1,0,0,0,-1,0,1,0,0,0,0,0,1,0,0,-1,-1,0,1,-1,0,3,0,-1,150,0,9223372036800000000,1e+75,0,10,0,0,7,0,0,1,0,0,1,1,0,0,0,0,0,0,2,0,1,-1,-1,-1,-1,0,10,-1,1,1,3,-1,-1,-1,0,0,1,0,0,10,0,0,0,4.62
1,0,0,0,-1,0,1,4,0,0,0,0,3,-1,-1,1,0,0,-1,-1,2,3,0,-1,50,0,9223372036800000000,1e+75,0,10,0,0,15,0,0,1,0,0,1,1,0,0,0,0,0,0,2,0,1,-1,-1,-1,-1,0,10,-1,1,1,3,-1,-1,-1,0,0,1,0,0,10,0,0,0,3.32
1,0,0,0,-1,0,1,4,0,0,0,0,-1,0,1,1,0,0,-1,-1,2,3,0,-1,50,0,9223372036800000000,1e+75,0,10,0,0,7,0,0,1,0,0,1,1,0,0,0,0,0,0,2,0,1,-1,-1,-1,-1,0,10,-1,1,1,3,-1,-1,-1,0,0,1,0,0,10,0,0,0,3.42
1,0,0,0,-1,0,1,0,0,0,0,0,1,0,0,0,-1,2,1,-1,0,3,0,-1,150,0,9223372036800000000,1e+75,0,10,0,0,7,0,0,1,0,0,1,1,0,0,0,0,0,0,2,0,1,-1,-1,-1,-1,0,10,-1,1,1,3,-1,-1,-1,0,0,1,0,0,10,0,0,0,3.8
1,0,0,0,-1,0,1,0,0,0,0,0,1,1,0,-1,-1,2,1,-1,0,3,0,-1,150,0,9223372036800000000,1e+75,0,10,0,0,7,0,0,1,0,0,1,1,0,0,0,0,0,0,2,0,1,-1,-1,-1,-1,0,10,-1,1,1,3,-1,-1,-1,0,0,1,0,0,10,0,0,0,5.56
1,0,0,0,-1,0,1,3,0,0,0,0,2,3,-1,0,2,1,0,0,-1,3,0,-1,50,0,9223372036800000000,5,0,10,0,0,7,0,0,1,0,0,1,1,0,1,0,0,0,3,2,0,1,-1,-1,-1,-1,0,10,-1,1,1,3,-1,-1,-1,0,0,1,0,0,10,0,0,0,6.85
1,0,0,0,-1,0,1,4,0,0,0,0,3,2,-1,1,1,1,-1,1,-1,3,0,1,10,0,9223372036800000000,50,0,10,0,0,7,-1,0,1,0,0,1,1,2,-1,0,0,0,0,2,0,1,-1,-1,-1,-1,0,10,-1,1,1,3,-1,-1,-1,0,0,1,0,0,10,0,0,0,3.23
1,1,0,1,-1,0,2,2,0,0,0,1,-1,-1,-1,-1,-1,1,-1,1,-1,5,0,16,400,0,9223372036800000000,60,0,2,0,0,7,0,0,1,100,0,1,1,3,-1,0,6,0,-1,2,0,1,-1,-1,3,-1,1,20,-1,1,0,1,0,-1,-1,0,0,1,0,0,5,0,0,0,6.75
1,0,0,0,-1,0,1,0,0,0,0,0,1,0,0,-1,-1,2,1,-1,0,3,0,-1,150,0,9223372036800000000,1e+75,0,10,0,0,7,0,0,1,0,0,1,1,0,0,0,0,0,0,2,0,1,-1,-1,0,-1,0,10,-1,1,1,3,-1,-1,-1,0,0,1,0,0,10,0,0,0,3.66
1,0,0,0,-1,0,1,4,0,0,0,0,-1,0,-1,1,2,0,-1,-1,2,3,0,-1,50,0,9223372036800000000,1e+75,0,10,0,0,7,0,0,1,0,0,1,1,0,0,0,0,0,0,2,0,1,-1,-1,-1,-1,0,10,-1,1,1,3,-1,-1,-1,0,0,1,0,0,10,0,0,0,3.42
1,0,0,0,-1,0,1,0,0,0,0,0,1,0,0,-1,-1,2,1,-1,0,3,0,-1,150,0,9223372036800000000,1e+75,0,10,0,0,7,0,0,1,0,0,1,1,0,0,0,0,0,0,2,0,1,-1,-1,0,-1,0,10,-1,1,1,3,-1,-1,-1,0,0,1,0,0,20,0,0,0,3.66
1,0,0,0,-1,0,1,0,0,0,0,0,1,0,1,0,1,-1,2,-1,0,3,0,-1,200,0,9223372036800000000,1e+75,0,10,0,0,7,0,0,1,0,0,1,1,0,0,0,0,0,0,2,0,1,-1,-1,-1,-1,0,10,-1,1,1,3,-1,-1,-1,0,0,1,0,0,10,0,0,0,5.16
1,0,0,0,-1,0,1,3,0,0,0,0,-1,-1,1,-1,-1,2,-1,1,-1,2,0,1,10,0,9223372036800000000,40,0,10,0,1,7,-1,0,1,1000,0,1,1,-1,-1,0,0,0,4,2,0,1,-1,1,-1,-1,0,5,-1,1,1,3,-1,-1,-1,0,0,1,0,0,10,0,0,0,2.48
1,0,0,0,-1,0,1,3,0,0,0,0,0,3,-1,0,1,0,-1,0,2,3,0,-1,50,0,9223372036800000000,5,0,10,0,0,7,1,0,1,0,0,1,1,0,3,0,0,0,3,2,0,1,-1,-1,-1,-1,0,10,-1,1,1,3,-1,-1,-1,0,0,1,0,0,10,0,0,0,6.85
1,0,0,0,-1,0,1,0,0,0,0,0,2,-1,-1,0,0,-1,0,-1,-1,3,0,4,25,0,9223372036800000000,0,0,10,0,0,7,-1,0,1,1000,0,1,1,3,1,0,0,0,4,2,0,1,-1,-1,-1,-1,-1,10,-1,1,1,3,-1,-1,-1,0,0,1,0,0,10,0,0,0,6.43
1,0,0,0,-1,0,1,1,0,0,0,0,0,0,0,2,-1,1,1,2,2,3,0,-1,10,0,9223372036800000000,1e+75,0,10,0,0,7,0,0,1,0,0,1,1,0,0,0,0,0,0,2,0,1,-1,-1,-1,-1,0,10,-1,1,1,3,-1,-1,-1,0,0,1,0,0,10,0,0,0,4.56
1,1,0,1,-1,0,2,2,0,0,0,1,-1,-1,-1,-1,-1,1,-1,1,2,5,0,16,400,0,9223372036800000000,60,0,2,0,0,7,0,0,1,100,0,1,1,3,-1,0,6,0,-1,2,0,1,-1,-1,3,-1,1,20,-1,1,0,1,-1,-1,-1,0,0,1,0,0,5,0,0,0,6.75
1,0,0,0,-1,0,1,0,0,0,0,0,2,1,-1,2,0,2,-1,0,2,3,0,-1,10,0,9223372036800000000,1e+75,0,10,0,0,7,0,0,1,0,0,1,1,0,-1,0,0,0,0,2,0,1,-1,-1,-1,-1,0,10,-1,1,1,3,-1,-1,-1,0,0,1,0,0,10,0,0,0,6.12
1,0,0,0,-1,0,1,4,0,0,0,0,2,2,-1,1,0,-1,0,1,1,3,0,2,25,0,9223372036800000000,40,0,10,0,0,7,0,0,1,20,0,1,1,-1,3,0,1,0,4,2,0,1,-1,-1,-1,-1,1,10,-1,1,1,3,-1,-1,-1,0,0,1,0,0,10,0,0,0,9.12
1,0,0,0,-1,0,1,4,0,0,0,0,3,2,-1,1,1,1,-1,1,-1,3,0,1,10,0,9223372036800000000,2,0,10,0,0,7,-1,0,1,0,0,1,1,2,-1,0,0,0,0,2,0,1,-1,-1,-1,-1,0,10,-1,1,1,3,-1,-1,-1,0,0,1,0,0,10,0,0,0,3.23
1,0,0,0,-1,0,1,4,0,0,0,0,3,2,-1,1,1,1,-1,1,-1,3,0,1,10,0,9223372036800000000,2,0,10,0,0,7,-1,0,1,0,0,1,1,2,-1,0,0,0,2,2,0,1,-1,-1,-1,-1,0,10,-1,1,1,3,-1,-1,-1,0,0,1,0,0,10,0,0,0,6.15
1,0,0,0,-1,0,1,0,0,0,0,0,1,0,0,-1,-1,2,1,-1,0,3,0,-1,150,0,9223372036800000000,1e+75,0,10,0,0,7,0,0,1,0,0,1,1,0,0,0,1,0,0,2,0,1,-1,-1,0,-1,0,10,-1,1,1,1,-1,-1,-1,0,0,1,0,0,10,0,0,0,6.3
1,0,0,0,-1,0,1,0,0,0,0,0,1,0,0,-1,-1,2,1,-1,0,3,0,-1,150,0,9223372036800000000,1e+75,0,10,0,0,7,0,0,1,0,0,1,1,0,3,0,0,0,0,2,0,1,-1,-1,-1,-1,0,10,-1,1,1,3,-1,-1,-1,0,0,1,0,0,10,0,0,0,6.79
1,0,0,0,-1,0,1,3,0,0,0,0,0,0,1,0,0,0,0,-1,2,3,0,-1,200,0,9223372036800000000,1e+75,0,10,0,0,7,0,0,1,0,0,1,1,0,0,0,0,0,0,2,0,1,-1,-1,-1,-1,0,10,-1,1,1,3,-1,-1,-1,0,0,1,0,0,10,0,0,0,6.68
1,0,0,0,-1,0,1,4,0,0,0,0,3,-1,-1,1,0,0,-1,-1,2,3,0,-1,50,0,9223372036800000000,1e+75,0,10,0,0,0,0,0,1,0,0,1,1,0,0,0,0,0,0,2,0,1,-1,-1,-1,-1,0,10,-1,1,1,3,-1,-1,-1,0,0,1,0,0,10,0,0,0,3.32
1,0,0,0,-1,0,1,0,0,0,0,0,1,0,0,-1,-1,2,1,-1,-1,3,0,-1,150,0,9223372036800000000,1e+75,0,10,0,0,7,0,0,1,0,0,1,1,0,0,0,0,0,0,2,0,1,-1,-1,-1,-1,0,10,-1,1,1,3,-1,-1,-1,0,0,1,0,0,10,0,0,0,3.8
1,0,0,0,-1,0,1,4,0,0,0,0,3,-1,-1,1,0,0,-1,-1,2,3,0,-1,50,0,9223372036800000000,1e+75,0,10,0,0,7,-1,0,1,100,0,1,1,-1,0,0,0,0,0,2,0,1,-1,-1,-1,-1,0,10,-1,1,1,3,-1,-1,-1,0,0,1,0,0,10,0,0,0,5.11
1,0,0,0,-1,0,1,0,0,0,0,0,1,0,0,-1,-1,2,1,1,0,3,0,-1,150,0,9223372036800000000,1e+75,0,10,0,0,7,0,0,1,0,0,1,1,0,0,0,0,0,0,2,0,1,-1,-1,-1,-1,0,10,-1,1,1,3,-1,-1,-1,0,0,1,0,0,10,0,0,0,3.8
1,0,0,0,-1,0,1,4,0,0,0,0,3,-1,-1,1,0,0,-1,-1,2,3,0,-1,50,0,9223372036800000000,1e+75,0,10,0,0,7,0,0,1,0,0,1,1,0,0,0,0,0,-1,2,0,1,-1,-1,-1,-1,0,10,-1,1,1,3,-1,-1,-1,0,0,1,0,0,10,0,0,0,5.31
1,0,0,0,-1,0,1,0,0,0,0,0,-1,0,0,0,0,-1,-1,-1,-1,3,0,-1,800,0,9223372036800000000,1e+75,0,10,0,0,7,0,0,1,0,0,1,1,0,0,0,0,0,0,2,0,1,-1,-1,-1,-1,0,10,-1,1,1,3,-1,-1,-1,0,0,1,0,0,10,0,0,0,5.16
1,0,0,0,-1,0,1,0,0,0,0,0,1,0,0,-1,-1,2,1,-1,0,3,0,-1,150,0,9223372036800000000,2,0,10,0,0,7,0,0,1,0,0,1,1,0,0,0,0,0,0,2,0,1,-1,-1,0,-1,0,10,-1,1,1,3,-1,-1,-1,0,0,1,0,0,10,0,0,0,6.02
1,0,0,0,-1,0,1,4,0,0,0,0,-1,0,-1,1,0,0,-1,1,2,3,0,-1,50,0,9223372036800000000,1e+75,0,10,0,0,7,0,0,1,0,0,1,1,0,0,0,0,0,0,2,0,1,-1,-1,-1,-1,0,10,-1,1,1,3,-1,-1,-1,0,0,1,0,0,10,0,0,0,3.42
1,1,0,1,-1,0,2,2,0,0,0,1,-1,-1,-1,-1,-1,1,-1,1,-1,5,0,16,400,0,9223372036800000000,60,0,2,0,0,7,1,0,1,100,0,1,1,3,-1,0,6,0,-1,2,0,1,-1,-1,3,-1,1,20,-1,1,0,1,-1,-1,-1,0,0,1,0,0,5,0,0,0,6.75
1,0,0,0,-1,0,1,3,0,0,0,0,2,-1,1,-1,-1,2,-1,1,-1,2,0,1,10,0,9223372036800000000,30,0,10,0,0,7,-1,0,1,1000,0,1,1,-1,-1,0,0,0,4,2,0,1,-1,1,-1,-1,0,5,-1,1,1,3,-1,-1,-1,0,0,1,0,0,10,0,0,0,2.49
1,0,0,0,-1,0,1,4,0,0,0,0,2,2,-1,0,1,0,1,-1,2,3,0,16,10,0,9223372036800000000,40,0,10,0,0,7,0,0,1,0,0,1,1,0,-1,0,0,0,3,2,0,1,-1,-1,-1,-1,0,10,-1,1,1,3,-1,-1,-1,0,0,1,0,0,10,0,0,0,6.13
1,0,0,0,-1,0,1,0,0,0,0,0,1,0,0,-1,-1,2,1,-1,0,3,0,-1,150,0,9223372036800000000,60,0,10,0,0,7,0,0,1,0,0,1,1,0,0,0,0,0,0,2,0,1,-1,-1,-1,-1,0,10,-1,1,1,3,-1,-1,-1,0,0,1,0,0,10,0,0,0,6.02
1,0,0,0,-1,0,1,4,0,0,0,0,-1,0,-1,1,0,0,-1,-1,2,3,0,-1,10,0,9223372036800000000,1e+75,0,10,0,0,7,0,0,1,0,0,1,1,0,0,0,0,0,0,2,0,1,-1,-1,-1,-1,0,10,-1,1,1,3,-1,-1,-1,0,0,1,0,0,10,0,0,0,3.41
1,1,0,1,-1,2,2,2,0,0,0,1,-1,0,1,-1,2,1,-1,1,2,5,0,4,400,0,9223372036800000000,0,0,2,0,0,7,1,0,1,100,0,1,1,3,-1,0,4,2,3,2,0,1,-1,1,2,-1,1,20,-1,1,0,1,1,3,-1,0,4,1,0,0,10,0,0,0,7.39
1,0,0,0,-1,0,1,4,0,0,0,0,-1,0,-1,1,1,0,-1,-1,2,3,0,-1,50,0,9223372036800000000,1e+75,0,10,0,0,7,0,0,1,0,0,1,1,0,0,0,0,0,0,2,0,1,-1,-1,-1,-1,0,10,-1,1,1,3,-1,-1,-1,0,0,1,0,0,10,0,0,0,3.42
1,0,0,0,-1,0,1,0,0,0,0,0,1,0,0,-1,-1,2,1,-1,0,3,0,2,150,0,9223372036800000000,1e+75,0,10,0,0,7,0,0,1,0,0,1,1,0,0,0,0,0,0,2,0,1,-1,-1,-1,-1,0,10,-1,1,1,3,-1,-1,-1,0,0,1,0,0,10,0,0,0,3.8
1,0,0,0,-1,0,1,3,0,0,0,0,2,1,1,-1,-1,2,-1,1,-1,2,0,1,10,0,9223372036800000000,40,0,10,0,0,7,0,0,1,1000,0,1,1,-1,-1,0,0,0,4,2,0,1,-1,1,-1,-1,0,5,-1,1,1,3,-1,-1,-1,0,0,1,0,0,10,0,0,0,2.5
1,0,0,0,-1,0,1,0,0,0,0,0,1,0,0,-1,-1,-1,1,-1,0,3,0,-1,150,0,9223372036800000000,1e+75,0,10,0,0,7,0,0,1,0,0,1,1,0,0,0,0,0,0,2,0,1,-1,-1,-1,-1,0,10,-1,1,1,3,-1,-1,-1,0,0,1,0,0,10,0,0,0,5.16
1,0,0,0,-1,0,1,4,0,0,0,0,3,-1,-1,1,0,0,-1,-1,2,3,0,-1,50,0,9223372036800000000,20,0,10,0,0,7,0,0,1,0,0,1,1,0,0,0,0,0,0,2,0,1,-1,-1,-1,-1,0,10,-1,1,1,3,-1,-1,-1,0,0,1,0,0,10,0,0,0,6.15
1,0,0,0,-1,0,1,0,0,0,0,0,1,0,0,-1,-1,2,1,2,0,3,0,-1,150,0,9223372036800000000,1e+75,0,10,0,0,7,0,0,1,0,0,1,1,0,0,0,0,0,0,2,0,1,-1,-1,-1,-1,0,10,-1,1,1,3,-1,-1,-1,0,0,1,0,0,10,0,0,0,5.61
1,0,0,0,-1,0,1,3,0,0,0,0,-1,-1,1,-1,-1,2,-1,1,-1,2,0,1,10,0,9223372036800000000,40,0,10,0,0,7,-1,0,1,1000,0,1,1,-1,-1,0,0,0,4,2,2,1,-1,1,-1,-1,0,5,-1,1,1,3,-1,-1,-1,0,0,1,0,0,10,0,0,0,2.48
2,0,0,0,-1,0,1,4,0,0,0,0,3,-1,-1,1,0,0,-1,-1,2,3,0,-1,50,0,9223372036800000000,1e+75,0,10,0,0,7,-1,0,1,500,0,1,1,-1,0,0,6,0,0,2,0,1,-1,-1,-1,-1,0,10,-1,1,1,3,-1,-1,-1,0,0,1,0,0,10,0,0,0,3.12
1,0,0,0,-1,0,1,4,0,0,0,0,3,2,-1,1,1,0,-1,1,-1,3,0,1,10,0,9223372036800000000,2,0,10,0,0,7,-1,0,1,0,0,1,1,2,-1,0,0,0,0,2,0,1,-1,-1,-1,-1,0,10,-1,1,1,3,-1,-1,-1,0,0,1,0,0,10,0,0,0,3.23
1,0,0,0,-1,0,1,0,0,0,0,0,-1,-1,1,2,-1,-1,0,-1,2,1,0,4,10,0,9223372036800000000,30,0,10,0,0,7,-1,0,1,20,0,1,1,-1,-1,0,6,2,0,2,0,1,-1,-1,-1,-1,1,10,-1,1,1,3,-1,-1,-1,0,0,1,0,0,10,0,0,0,6.15
1,0,0,0,-1,0,1,0,0,0,0,0,3,0,0,-1,-1,2,1,-1,0,3,0,-1,150,0,9223372036800000000,1e+75,0,10,0,0,7,0,0,1,0,0,1,1,0,0,0,0,0,0,2,0,1,-1,-1,-1,-1,0,10,-1,1,1,3,-1,-1,-1,0,0,1,0,0,10,0,0,0,5.56
1,0,0,0,-1,0,1,4,0,0,0,0,-1,-1,1,0,0,0,0,2,1,3,0,-1,50,0,9223372036800000000,1e+75,0,10,0,0,7,0,0,1,0,0,1,1,0,3,0,0,0,0,2,0,1,-1,-1,-1,-1,0,10,-1,1,1,3,-1,-1,-1,0,0,1,0,0,10,0,0,0,6.15
1,0,0,0,-1,0,1,4,0,0,0,0,3,-1,-1,1,0,0,-1,-1,2,3,0,-1,50,0,9223372036800000000,40,0,10,0,0,7,0,0,1,0,0,1,1,0,0,0,0,0,0,2,0,1,-1,-1,-1,-1,0,10,-1,1,1,3,-1,-1,-1,0,0,1,0,0,10,0,0,0,6.15
1,1,0,1,-1,0,2,2,0,0,0,1,-1,-1,-1,-1,-1,1,-1,1,-1,5,0,16,400,0,9223372036800000000,240,0,2,0,0,7,0,0,1,100,0,1,1,3,-1,0,6,0,-1,2,0,1,-1,-1,3,-1,1,20,-1,1,0,1,-1,-1,-1,0,0,1,0,0,5,0,0,0,6.75
1,0,0,0,-1,0,1,2,0,0,0,0,2,0,0,1,-1,2,1,2,2,3,0,-1,100,0,9223372036800000000,1e+75,0,10,0,0,7,0,0,1,0,0,1,1,0,0,0,0,0,0,2,0,1,-1,-1,-1,-1,0,10,-1,1,1,3,-1,-1,-1,0,0,1,0,0,10,0,0,0,6.84
1,0,0,0,-1,0,1,4,0,0,0,0,3,2,-1,1,1,1,-1,1,-1,3,0,1,10,0,9223372036800000000,5,0,10,0,0,7,-1,0,1,0,0,1,1,2,-1,0,0,0,0,2,0,1,-1,-1,-1,-1,0,10,-1,1,1,3,-1,-1,-1,0,0,1,0,0,10,0,0,0,3.23
1,0,0,0,-1,2,2,2,0,0,0,0,-1,0,-1,-1,2,1,-1,1,2,0,0,-1,400,0,9223372036800000000,1e+75,0,2,0,0,7,1,0,1,-1,0,1,1,-1,-1,0,1,0,-1,2,0,1,-1,1,3,-1,-1,20,-1,1,0,2,-1,3,-1,0,3,1,0,0,2,0,0,0,1.79769e+308
1,0,0,0,-1,0,1,0,0,0,0,0,-1,0,0,-1,-1,2,1,-1,0,3,0,-1,150,0,9223372036800000000,1e+75,0,10,0,0,7,0,0,1,0,0,1,1,0,0,0,0,0,0,2,0,1,-1,-1,-1,-1,0,10,-1,1,1,3,-1,-1,-1,0,0,1,0,0,10,0,0,0,3.8
1,0,0,0,-1,0,1,4,0,0,0,0,0,0,-1,1,0,0,-1,-1,2,3,0,-1,50,0,9223372036800000000,1e+75,0,10,0,0,7,0,0,1,0,0,1,1,0,0,0,0,0,0,2,0,1,-1,-1,-1,-1,0,10,-1,1,1,3,-1,-1,-1,0,0,1,0,0,10,0,0,0,3.34
1,0,0,0,-1,0,1,4,0,0,0,0,3,-1,-1,1,0,0,-1,-1,2,3,0,-1,50,0,9223372036800000000,1e+75,0,10,0,0,7,0,0,1,0,0,2,1,0,0,0,0,0,0,2,0,1,-1,-1,-1,-1,0,10,-1,1,1,3,-1,-1,-1,0,0,1,0,0,10,0,0,0,3.73
1,0,0,0,-1,0,1,0,0,0,0,0,1,0,0,-1,-1,2,1,-1,2,3,0,-1,150,0,9223372036800000000,1e+75,0,10,0,0,7,0,0,1,0,0,1,1,0,0,0,0,0,0,2,0,1,-1,-1,-1,-1,0,10,-1,1,1,3,-1,-1,-1,0,0,1,0,0,10,0,0,0,3.8
1,0,0,0,-1,0,1,4,0,0,0,0,3,0,-1,1,0,0,-1,-1,2,3,0,-1,50,0,9223372036800000000,1e+75,0,10,0,0,7,0,0,1,0,0,1,1,0,-1,0,0,0,0,2,0,1,-1,-1,-1,-1,0,10,-1,1,1,3,-1,-1,-1,0,0,1,0,0,10,0,0,0,3.56
1,0,0,0,-1,0,1,0,0,0,0,0,-1,-1,1,2,-1,-1,0,-1,2,1,0,2,10,0,9223372036800000000,30,0,10,0,0,7,-1,0,1,1000,0,1,1,-1,-1,0,6,2,0,2,0,1,-1,-1,-1,-1,1,10,-1,1,1,3,-1,-1,-1,0,0,1,0,0,10,0,0,0,6.15
1,0,0,0,-1,0,1,0,0,0,0,0,1,0,0,-1,1,2,1,-1,0,3,0,-1,150,0,9223372036800000000,1e+75,0,10,0,0,7,0,0,1,0,0,1,1,0,0,0,0,0,0,2,0,1,-1,-1,-1,-1,0,10,-1,1,1,3,-1,-1,-1,0,0,1,0,0,10,0,0,0,3.8
1,0,0,0,-1,2,3,3,0,0,0,0,2,-1,1,-1,1,-1,-1,1,0,1,0,-1,100,0,9223372036800000000,50,0,10,0,0,7,0,0,1,-1,0,1,1,-1,-1,0,6,3,-1,2,0,1,-1,-1,-1,-1,1,40,-1,1,1,3,-1,-1,-1,0,0,1,0,0,10,0,0,0,1.79769e+308
1,0,0,0,-1,0,1,4,0,0,0,0,3,-1,-1,1,0,0,-1,-1,2,3,0,-1,50,0,9223372036800000000,1e+75,0,10,0,0,7,0,0,1,0,0,1,1,0,0,0,0,0,3,2,0,1,-1,-1,-1,-1,0,10,-1,1,1,3,-1,-1,-1,0,0,1,0,0,10,0,0,0,3.49
1,0,0,0,-1,0,1,0,0,0,0,0,1,0,0,-1,-1,2,1,-1,0,3,0,-1,150,0,9223372036800000000,30,0,10,0,0,7,0,0,1,0,0,1,1,0,0,0,0,0,0,2,0,1,-1,-1,-1,-1,0,10,-1,1,1,3,-1,-1,-1,0,0,1,0,0,10,0,0,0,6.02
1,0,0,0,-1,0,1,4,0,0,0,0,3,-1,-1,1,0,0,-1,-1,2,3,0,-1,50,0,9223372036800000000,1e+75,0,10,0,0,7,-1,0,1,500,0,1,1,-1,0,0,6,2,0,2,0,1,-1,-1,-1,-1,0,10,-1,1,1,3,-1,-1,-1,0,0,1,0,0,10,0,0,0,3.12
1,0,0,0,-1,0,1,0,0,0,0,0,1,0,0,-1,-1,2,1,-1,0,3,0,-1,10,0,9223372036800000000,1e+75,0,10,0,0,7,0,0,1,0,0,1,1,0,0,0,0,0,0,2,0,1,-1,-1,-1,-1,0,10,-1,1,1,3,-1,-1,-1,0,0,1,0,0,10,0,0,0,5.53
1,0,0,0,-1,0,1,3,0,0,0,0,2,-1,1,-1,-1,2,-1,1,-1,2,0,1,10,0,9223372036800000000,1e+75,0,10,0,0,7,-1,0,1,1000,0,1,1,-1,-1,0,0,0,4,2,0,1,-1,1,-1,-1,0,5,-1,1,1,3,-1,-1,-1,0,0,1,0,0,10,0,0,0,2.49
1,0,0,0,-1,0,1,0,0,0,0,0,2,2,-1,-1,-1,2,0,-1,-1,3,0,-1,25,0,9223372036800000000,0,0,10,0,0,7,0,0,1,20,0,1,1,3,1,0,4,0,2,2,0,1,-1,-1,-1,-1,1,10,-1,1,1,3,-1,-1,-1,0,0,1,0,0,10,0,0,0,1.68309e+15
1,0,0,0,-1,0,1,4,0,0,0,0,3,-1,-1,1,0,0,-1,-1,2,3,0,-1,50,0,9223372036800000000,1e+75,0,10,0,0,7,-1,0,1,0,0,1,1,0,0,0,0,0,0,2,0,1,-1,-1,-1,-1,0,10,-1,1,1,3,-1,-1,-1,0,0,1,0,0,10,0,0,0,3.24
1,0,0,0,-1,0,1,4,0,0,0,0,3,0,-1,1,0,0,-1,-1,2,3,0,-1,50,0,9223372036800000000,1e+75,0,10,0,0,7,0,0,1,0,0,1,1,0,2,0,0,0,0,2,0,1,-1,-1,-1,-1,0,10,-1,1,1,3,-1,-1,-1,0,0,1,0,0,10,0,0,0,6.15
1,0,0,0,-1,0,1,4,0,0,0,0,1,2,-1,2,1,0,2,1,2,3,0,8,50,0,9223372036800000000,50,0,10,0,0,7,-1,0,1,1000,0,1,1,3,1,0,0,0,3,2,0,1,-1,-1,-1,-1,-1,10,-1,1,1,3,-1,-1,-1,0,0,1,0,0,10,0,0,0,7.5
1,0,0,0,-1,0,1,4,0,0,0,0,3,0,-1,1,0,0,-1,-1,2,3,0,-1,50,0,9223372036800000000,1e+75,0,10,0,0,7,0,0,1,0,0,1,1,0,3,0,0,0,0,2,0,1,-1,-1,-1,-1,0,10,-1,1,1,3,-1,-1,-1,0,0,1,0,0,10,0,0,0,6.15
1,0,0,0,-1,0,1,4,0,0,0,0,1,3,0,-1,1,0,-1,0,2,3,0,2,10,0,9223372036800000000,2,0,10,0,0,7,0,0,1,1000,0,1,1,-1,-1,0,0,0,3,2,0,1,-1,-1,-1,-1,0,10,-1,1,1,3,-1,-1,-1,0,0,1,0,0,10,0,0,0,7.79
1,0,0,0,-1,0,1,4,0,0,0,0,3,-1,-1,1,0,0,-1,-1,2,3,0,-1,50,0,9223372036800000000,1e+75,0,10,0,0,7,-1,0,1,500,0,1,1,-1,0,0,0,0,0,2,0,1,-1,-1,-1,-1,0,10,-1,1,1,3,-1,-1,-1,0,0,1,0,0,10,0,0,0,3.13
1,0,0,0,-1,0,1,4,0,0,0,0,3,-1,-1,1,0,0,-1,-1,2,3,0,-1,50,0,9223372036800000000,1e+75,0,10,0,0,7,-1,0,1,500,0,1,1,-1,0,0,6,0,0,2,0,1,-1,-1,-1,-1,0,10,-1,1,1,3,-1,-1,-1,0,0,1,3,0,10,0,0,0,5.78
1,0,0,0,-1,0,1,1,0,0,0,0,1,0,0,-1,-1,2,1,-1,0,3,0,-1,150,0,9223372036800000000,1e+75,0,10,0,0,7,0,0,1,0,0,1,1,0,0,0,0,0,0,2,0,1,-1,-1,-1,-1,0,10,-1,1,1,3,-1,-1,-1,0,0,1,0,0,10,0,0,0,5.5
1,0,0,0,-1,0,1,4,0,0,0,0,3,-1,-1,1,0,0,-1,-1,2,3,0,-1,50,0,9223372036800000000,1e+75,0,10,0,0,7,-1,0,1,500,0,1,1,-1,0,0,6,0,0,2,0,1,-1,-1,-1,-1,0,10,-1,1,1,3,-1,-1,-1,0,0,1,0,0,10,3,0,0,3.12
1,0,0,0,-1,0,1,0,0,0,0,0,1,2,0,-1,-1,2,1,-1,0,3,0,-1,150,0,9223372036800000000,1e+75,0,10,0,0,7,0,0,1,0,0,1,1,0,0,0,0,0,0,2,0,1,-1,-1,-1,-1,0,10,-1,1,1,3,-1,-1,-1,0,0,1,0,0,10,0,0,0,3.8
1,0,0,0,-1,0,1,3,0,0,0,0,-1,-1,1,-1,-1,2,-1,1,-1,2,0,1,10,0,9223372036800000000,40,0,10,0,0,7,-1,0,1,1000,0,1,1,-1,-1,0,0,0,4,2,0,1,-1,1,-1,3,0,5,-1,1,1,3,-1,-1,-1,0,0,1,0,0,10,0,0,0,2.48
1,0,0,0,-1,0,1,0,0,0,0,0,-1,-1,1,2,-1,-1,0,-1,2,1,0,4,10,0,9223372036800000000,30,0,10,0,0,7,-1,0,1,1000,0,1,1,-1,1,0,6,2,0,2,0,1,-1,-1,-1,-1,1,10,-1,1,1,3,-1,-1,-1,0,0,1,0,0,10,0,0,0,6.75
1,0,0,0,-1,0,1,3,0,0,0,0,0,-1,0,2,2,1,0,-1,2,3,0,-1,50,0,9223372036800000000,5,0,10,0,0,7,-1,0,1,0,0,1,1,0,3,0,0,0,4,2,0,1,-1,-1,-1,-1,0,10,-1,1,1,3,-1,-1,-1,0,0,1,0,0,10,0,0,0,6.88
1,0,0,0,-1,0,1,0,0,0,0,0,1,0,0,-1,-1,2,1,-1,0,3,0,-1,150,0,9223372036800000000,1e+75,0,10,0,0,7,0,0,1,-1,0,1,1,0,0,0,0,0,0,2,0,1,-1,-1,0,-1,0,10,-1,1,1,3,-1,-1,-1,0,0,1,0,0,10,0,0,0,1.79769e+308
1,0,0,0,-1,0,1,0,0,0,0,0,-1,-1,1,2,-1,-1,0,-1,2,1,0,4,10,0,9223372036800000000,30,0,10,0,0,7,-1,0,1,1000,0,1,1,-1,-1,0,1,2,0,2,0,1,-1,-1,-1,-1,1,10,-1,1,1,3,-1,-1,-1,0,0,1,0,0,10,0,0,0,6.04
1,0,0,0,-1,0,1,3,0,0,0,0,2,3,-1,2,-1,2,-1,1,2,3,0,-1,50,0,9223372036800000000,60,0,10,0,0,7,0,0,1,0,0,1,1,0,1,0,0,0,1,2,0,1,-1,-1,-1,-1,0,10,-1,1,1,3,-1,-1,-1,0,0,1,0,0,10,0,0,0,6.67
1,0,0,0,-1,0,1,4,0,0,0,0,3,0,-1,1,0,0,-1,-1,2,3,0,-1,50,0,9223372036800000000,1e+75,0,10,0,0,7,0,0,1,0,0,1,1,0,0,0,0,0,0,2,0,1,-1,-1,-1,-1,0,10,-1,1,1,3,-1,-1,-1,0,0,1,0,0,10,0,0,0,3.34
1,0,0,0,-1,0,1,0,0,0,0,0,0,3,0,2,0,0,2,1,-1,3,0,1,10,0,9223372036800000000,50,0,10,0,0,7,-1,0,1,500,0,1,1,3,0,0,0,0,-1,2,0,1,-1,-1,-1,-1,1,10,-1,1,1,3,-1,-1,-1,0,0,1,0,0,10,0,0,0,6.93
1,0,0,0,-1,0,1,4,0,0,0,0,3,-1,-1,1,0,0,-1,-1,2,0,0,-1,50,0,9223372036800000000,1e+75,0,10,0,0,7,-1,0,1,500,0,1,1,-1,0,0,6,0,0,2,0,1,-1,-1,-1,-1,0,5,-1,1,1,3,-1,-1,-1,0,0,1,0,0,10,0,0,0,3.09
1,0,0,0,-1,0,1,0,0,0,0,0,1,-1,0,-1,-1,2,1,-1,0,3,0,-1,150,0,9223372036800000000,1e+75,0,10,0,0,7,0,0,1,0,0,1,1,0,0,0,0,0,0,2,0,1,-1,-1,-1,-1,0,10,-1,1,1,3,-1,-1,-1,0,0,1,0,0,10,0,0,0,5.56
1,0,0,0,-1,0,1,0,0,0,0,0,1,0,0,0,2,0,-1,0,-1,3,0,-1,10,0,9223372036800000000,2,0,10,0,0,7,-1,0,1,0,0,1,1,0,3,0,0,0,-1,2,0,1,-1,-1,-1,-1,0,10,-1,1,1,3,-1,-1,-1,0,0,1,0,0,10,0,0,0,7.96
1,0,0,0,-1,0,1,3,0,0,0,0,1,3,-1,1,1,-1,0,1,2,3,0,-1,50,0,9223372036800000000,60,0,10,0,0,7,-1,0,1,0,0,1,1,0,3,0,0,0,3,2,0,1,-1,-1,-1,-1,0,10,-1,1,1,3,-1,-1,-1,0,0,1,0,0,10,0,0,0,7.85
1,0,0,0,-1,0,1,3,0,0,0,0,3,0,0,1,0,2,0,-1,-1,3,0,-1,50,0,9223372036800000000,1e+75,0,10,0,0,7,0,0,1,0,0,1,1,0,-1,0,0,0,4,2,0,1,-1,-1,-1,-1,0,10,-1,1,1,3,-1,-1,-1,0,0,1,0,0,10,0,0,0,5.56
1,0,0,0,-1,0,1,4,0,0,0,0,1,2,-1,2,1,0,2,1,2,3,0,8,50,0,9223372036800000000,50,0,10,0,0,7,1,0,1,1000,0,1,1,3,1,0,0,0,4,2,0,1,-1,-1,-1,-1,-1,10,-1,1,1,3,-1,-1,-1,0,0,1,0,0,10,0,0,0,6.15
1,0,0,0,-1,0,1,0,0,0,0,0,1,0,0,-1,-1,2,1,-1,0,3,0,-1,150,0,9223372036800000000,1e+75,0,10,0,0,7,0,0,1,0,0,1,1,0,-1,0,0,0,0,2,0,1,-1,-1,-1,-1,0,10,-1,1,1,3,-1,-1,-1,0,0,1,0,0,10,0,0,0,6.4
1,0,0,0,-1,0,1,4,0,0,0,0,1,2,-1,2,1,0,2,1,2,3,0,8,50,0,9223372036800000000,50,0,10,0,0,7,-1,0,1,1000,0,1,1,3,0,0,0,0,4,2,0,1,-1,-1,-1,-1,-1,10,-1,1,1,3,-1,-1,-1,0,0,1,0,0,10,0,0,0,6.15
1,1,0,1,-1,0,2,2,0,0,0,1,-1,-1,-1,-1,-1,1,-1,1,-1,5,0,16,400,0,9223372036800000000,60,0,2,0,0,7,0,0,1,100,0,1,1,3,-1,0,6,0,-1,2,0,1,-1,-1,3,-1,1,20,-1,1,0,1,-1,-1,-1,0,0,1,0,0,10,0,0,0,6.75
1,0,0,0,-1,0,1,3,0,0,0,0,-1,-1,1,-1,-1,2,-1,1,-1,2,0,1,10,0,9223372036800000000,40,0,10,0,0,7,-1,0,1,1000,0,1,1,-1,-1,0,0,0,4,2,0,1,-1,1,-1,-1,0,5,-1,1,1,3,-1,3,-1,0,0,1,0,0,10,0,0,0,6.43
1,0,0,0,-1,0,1,4,0,0,0,0,1,0,-1,2,0,-1,-1,-1,-1,3,0,-1,800,0,9223372036800000000,1e+75,0,10,0,0,7,0,0,1,0,0,1,1,0,3,0,0,0,0,2,0,1,-1,-1,-1,-1,0,10,-1,1,1,3,-1,-1,-1,0,0,1,0,0,10,0,0,0,6.95
1,0,0,0,-1,0,1,0,0,0,0,0,1,0,0,-1,-1,2,1,-1,1,3,0,-1,150,0,9223372036800000000,1e+75,0,10,0,0,7,0,0,1,0,0,1,1,0,0,0,0,0,0,2,0,1,-1,-1,-1,-1,0,10,-1,1,1,3,-1,-1,-1,0,0,1,0,0,10,0,0,0,3.8
1,0,0,0,-1,0,1,3,0,0,0,0,0,0,-1,-1,-1,1,-1,0,-1,3,0,-1,50,0,9223372036800000000,240,0,10,0,0,7,-1,0,1,0,0,1,1,0,1,0,0,0,0,2,0,1,-1,-1,-1,-1,0,10,-1,1,1,3,-1,-1,-1,0,0,1,0,0,10,0,0,0,6.88
1,0,0,0,-1,0,1,0,0,0,0,0,-1,2,-1,-1,-1,2,-1,2,1,3,0,4,25,0,9223372036800000000,30,0,10,0,0,7,0,0,1,1000,0,1,1,3,3,0,6,0,0,2,0,1,-1,-1,-1,-1,1,10,-1,1,1,3,-1,-1,-1,0,0,1,0,0,10,0,0,0,5.78
1,0,0,0,-1,0,1,0,0,0,0,0,-1,0,0,-1,0,2,1,-1,-1,3,0,-1,800,0,9223372036800000000,1e+75,0,10,0,0,7,0,0,1,0,0,1,1,0,0,0,0,0,0,2,0,1,-1,-1,-1,-1,0,10,-1,1,1,3,-1,-1,-1,0,0,1,0,0,10,0,0,0,7.39
1,0,0,0,-1,0,1,0,0,0,0,0,3,0,0,1,0,2,-1,-1,-1,3,0,-1,50,0,9223372036800000000,1e+75,0,10,0,0,7,0,0,1,0,0,1,1,0,-1,0,0,0,4,2,0,1,-1,-1,-1,-1,0,10,-1,1,1,3,-1,-1,-1,0,0,1,0,0,10,0,0,0,5.9
1,0,0,0,-1,0,1,4,0,0,0,0,3,-1,-1,1,0,0,-1,-1,2,3,0,-1,50,0,9223372036800000000,1e+75,0,10,0,0,7,-1,0,1,500,0,1,1,-1,0,0,5,0,0,2,0,1,-1,-1,-1,-1,0,10,-1,1,1,3,-1,-1,-1,0,0,1,0,0,10,0,0,0,1.68309e+15
1,0,0,0,-1,0,1,3,0,0,0,0,3,0,0,1,0,2,-1,-1,-1,3,0,-1,50,0,9223372036800000000,1e+75,0,10,0,0,7,0,0,1,0,0,1,1,0,3,0,0,0,4,2,0,1,-1,-1,-1,-1,0,10,-1,1,1,3,-1,-1,-1,0,0,1,0,0,10,0,0,0,6.88
1,0,0,0,-1,0,1,3,0,0,0,0,-1,-1,1,-1,-1,2,-1,1,-1,2,0,1,10,0,9223372036800000000,40,0,10,0,0,7,-1,0,1,1000,0,1,1,-1,-1,0,0,0,4,2,0,1,-1,1,-1,-1,0,5,-1,1,1,3,-1,-1,-1,0,0,1,0,0,10,0,0,0,2.48
1,0,0,0,-1,0,1,4,0,0,0,0,1,2,-1,2,1,0,2,-1,2,3,0,8,50,0,9223372036800000000,50,0,10,0,0,7,-1,0,1,1000,0,1,1,3,1,0,0,0,4,2,0,1,-1,-1,-1,-1,-1,10,-1,1,1,3,-1,-1,-1,0,0,1,0,0,10,0,0,0,6.15
1,0,0,0,-1,0,1,4,0,0,0,0,3,-1,-1,1,0,0,-1,-1,2,3,0,-1,50,0,9223372036800000000,1e+75,0,10,0,0,7,-1,0,1,500,0,1,1,-1,0,0,2,0,0,2,0,1,-1,-1,-1,-1,0,10,-1,1,1,3,-1,-1,-1,0,0,1,0,0,10,0,0,0,5.36
1,1,0,1,-1,0,2,2,0,0,0,1,-1,-1,-1,-1,-1,1,-1,1,-1,5,0,16,400,0,9223372036800000000,60,0,2,0,0,7,0,0,1,100,0,1,1,3,-1,0,6,0,4,2,0,1,-1,-1,3,-1,1,20,-1,1,0,1,-1,-1,-1,0,0,1,0,0,5,0,0,0,6.75
1,0,0,0,-1,0,1,4,0,0,0,0,3,-1,-1,1,0,0,-1,-1,2,3,0,-1,50,0,9223372036800000000,1,0,10,0,0,7,0,0,1,0,0,1,1,0,0,0,0,0,0,2,0,1,-1,-1,-1,-1,0,10,-1,1,1,3,-1,-1,-1,0,0,1,0,0,10,0,0,0,6.15
1,0,0,0,-1,0,1,3,0,0,0,0,3,0,0,1,0,2,-1,-1,-1,3,0,-1,50,0,9223372036800000000,1,0,10,0,0,7,0,0,1,0,0,1,1,0,-1,0,0,0,4,2,0,1,-1,-1,-1,-1,0,10,-1,1,1,3,-1,-1,-1,0,0,1,0,0,10,0,0,0,5.55
1,0,0,0,-1,0,1,3,0,0,0,0,2,0,0,1,0,2,-1,-1,-1,3,0,-1,50,0,9223372036800000000,1e+75,0,10,0,0,7,0,0,1,0,0,1,1,0,-1,0,0,0,4,2,0,1,-1,-1,-1,-1,0,10,-1,1,1,3,-1,-1,-1,0,0,1,0,0,10,0,0,0,5.55
1,0,0,0,-1,0,1,0,0,0,0,0,1,0,0,-1,-1,2,1,-1,0,3,0,-1,150,0,9223372036800000000,1e+75,0,10,0,0,7,0,0,1,0,0,1,1,0,0,0,0,0,0,2,0,1,-1,-1,-1,-1,0,40,-1,1,1,3,-1,-1,-1,0,0,1,0,0,10,0,0,0,3.8
1,0,0,0,-1,0,1,3,0,0,0,0,3,0,0,1,0,2,-1,-1,-1,3,0,-1,10,0,9223372036800000000,1e+75,0,10,0,0,7,0,0,1,0,0,1,1,0,-1,0,0,0,4,2,0,1,-1,-1,-1,-1,0,10,-1,1,1,3,-1,-1,-1,0,0,1,0,0,10,0,0,0,4.49
1,0,0,0,-1,0,1,4,0,0,0,0,2,1,0,1,0,2,-1,0,-1,3,0,4,10,0,9223372036800000000,1,0,10,0,0,7,0,0,1,-1,0,1,1,-1,1,0,0,0,1,2,0,1,-1,-1,-1,-1,-1,10,-1,1,1,3,-1,-1,-1,0,0,1,0,0,10,0,0,0,1.79769e+308
1,0,0,0,-1,0,1,0,0,0,0,0,1,0,0,-1,-1,2,1,-1,0,3,0,-1,150,0,9223372036800000000,1e+75,0,10,0,0,7,0,0,1,0,0,1,1,0,0,0,0,0,0,2,0,1,-1,1,-1,-1,0,10,-1,1,1,3,-1,-1,-1,0,0,1,0,0,10,0,0,0,5.56
1,0,0,0,-1,0,1,4,0,0,0,0,3,-1,-1,1,0,0,-1,-1,2,3,0,1,50,0,9223372036800000000,1e+75,0,10,0,0,7,-1,0,1,0,0,1,1,0,0,0,0,0,0,2,0,1,-1,-1,-1,-1,0,10,-1,1,1,3,-1,-1,-1,0,0,1,0,0,10,0,0,0,5.04
1,0,0,0,-1,0,1,4,0,0,0,0,3,-1,-1,1,0,0,-1,-1,2,3,0,16,50,0,9223372036800000000,1e+75,0,10,0,0,7,-1,0,1,0,0,1,1,0,0,0,0,0,0,2,0,1,-1,-1,-1,-1,0,10,-1,1,1,3,-1,-1,-1,0,0,1,0,0,10,0,0,0,3.24
1,0,0,0,-1,0,1,3,0,0,0,0,-1,-1,1,-1,-1,2,-1,1,-1,2,0,1,10,0,9223372036800000000,40,0,10,0,0,7,-1,0,1,1000,0,1,1,-1,-1,0,0,0,4,2,0,1,-1,1,-1,-1,0,5,-1,1,1,3,-1,-1,-1,0,0,0,0,0,10,0,0,0,2.48
1,0,0,0,-1,0,1,4,0,0,0,0,3,-1,-1,1,0,0,-1,-1,2,3,0,-1,50,0,9223372036800000000,1e+75,0,10,0,0,7,-1,0,1,0,0,1,1,-1,0,0,0,0,0,2,0,1,-1,-1,-1,-1,0,10,-1,1,1,3,-1,-1,-1,0,0,1,0,0,10,0,0,0,3.16
1,0,0,0,-1,0,1,0,0,0,0,0,1,0,1,-1,-1,2,1,-1,0,3,0,-1,150,0,9223372036800000000,1e+75,0,10,0,0,7,0,0,1,0,0,1,1,0,0,0,0,0,0,2,0,1,-1,-1,-1,-1,0,10,-1,1,1,3,-1,-1,-1,0,0,1,0,0,10,0,0,0,3.8
1,0,0,0,-1,0,1,0,0,0,0,0,1,0,0,-1,-1,2,1,-1,0,3,0,-1,150,0,9223372036800000000,1e+75,0,10,0,0,7,0,0,1,0,0,1,1,0,0,0,0,0,3,2,0,1,-1,-1,-1,-1,0,10,-1,1,1,3,-1,-1,-1,0,0,1,0,0,10,0,0,0,6.21
1,0,0,0,-1,0,1,0,0,0,0,0,1,0,0,1,-1,2,1,-1,0,3,0,-1,150,0,9223372036800000000,1e+75,0,10,0,0,7,0,0,1,0,0,1,1,0,0,0,0,0,0,2,0,1,-1,-1,-1,-1,0,10,-1,1,1,3,-1,-1,-1,0,0,1,0,0,10,0,0,0,3.8
1,1,0,1,-1,0,2,2,0,0,0,1,-1,-1,-1,-1,-1,-1,-1,1,-1,5,0,16,400,0,9223372036800000000,60,0,2,0,0,7,0,0,1,100,0,1,1,3,-1,0,6,0,-1,2,0,1,-1,-1,3,-1,1,20,-1,1,0,1,-1,-1,-1,0,0,1,0,0,5,0,0,0,6.96
1,0,0,0,-1,0,1,3,0,0,0,0,2,-1,1,-1,-1,2,-1,1,-1,3,0,1,10,0,9223372036800000000,40,0,10,0,0,7,-1,0,1,1000,0,1,1,-1,-1,0,0,0,4,2,0,1,-1,1,-1,-1,0,5,-1,1,1,3,-1,-1,-1,0,0,1,0,0,10,0,0,0,2.49
1,0,0,0,-1,0,1,4,0,0,0,0,3,-1,-1,1,0,0,-1,-1,2,3,0,-1,50,0,9223372036800000000,1e+75,0,10,0,0,7,-1,0,1,500,0,1,1,-1,0,0,6,0,0,2,0,1,-1,-1,-1,-1,0,10,-1,1,1,3,-1,-1,-1,0,0,1,1,0,10,0,0,0,5.87
1,0,0,0,-1,0,1,0,0,0,0,0,1,0,0,-1,-1,2,1,-1,0,3,0,-1,150,0,9223372036800000000,2,0,10,0,0,7,0,0,1,0,0,1,1,0,0,0,0,0,0,2,0,1,-1,-1,-1,-1,0,10,-1,1,1,3,-1,-1,-1,0,0,1,0,0,10,0,0,0,6.02
1,0,0,0,-1,0,1,0,0,0,0,0,1,0,0,-1,-1,2,1,-1,0,3,0,-1,150,0,9223372036800000000,50,0,10,0,0,7,0,0,1,0,0,1,1,0,0,0,0,0,0,2,0,1,-1,-1,-1,-1,0,10,-1,1,1,3,-1,-1,-1,0,0,1,0,0,10,0,0,0,6.02
1,0,0,0,-1,0,1,0,0,0,0,0,1,0,0,-1,-1,-1,-1,0,2,3,0,-1,50,0,9223372036800000000,120,0,10,0,0,7,0,0,1,0,0,1,1,0,-1,0,0,0,3,2,0,1,-1,-1,-1,-1,0,10,-1,1,1,3,-1,-1,-1,0,0,1,0,0,10,0,0,0,5.63
1,0,0,0,-1,0,1,0,0,0,0,0,1,0,0,-1,-1,2,1,-1,0,3,0,-1,150,0,9223372036800000000,1e+75,0,10,0,0,7,0,0,1,0,0,1,1,1,0,0,0,0,0,2,0,1,-1,-1,-1,-1,0,10,-1,1,1,3,-1,-1,-1,0,0,1,0,0,10,0,0,0,5.57
1,0,0,0,-1,0,1,4,0,0,0,0,3,2,-1,1,1,2,-1,1,-1,3,0,1,10,0,9223372036800000000,2,0,10,0,0,7,-1,0,1,0,0,1,1,2,-1,0,0,0,0,2,0,1,-1,-1,-1,-1,0,10,-1,1,1,3,-1,-1,-1,0,0,1,0,0,10,0,0,0,3.23
1,0,0,0,-1,0,1,3,0,0,0,0,2,-1,1,-1,-1,2,0,1,-1,2,0,1,10,0,9223372036800000000,40,0,10,0,0,7,0,0,1,1000,0,1,1,-1,-1,0,0,0,4,2,0,1,-1,1,-1,-1,0,5,-1,1,1,3,-1,-1,-1,0,0,1,0,0,10,0,0,0,2.5
1,0,0,0,-1,0,1,4,0,0,0,0,1,2,-1,2,1,0,2,1,2,3,0,8,50,0,9223372036800000000,40,0,10,0,0,7,-1,0,1,1000,0,1,1,3,1,0,0,0,4,2,0,1,-1,-1,-1,-1,-1,10,-1,1,1,3,-1,-1,-1,0,0,1,0,0,10,0,0,0,6.15
1,0,0,0,-1,0,1,4,0,0,0,0,3,2,-1,-1,1,0,1,1,2,3,0,1,50,0,9223372036800000000,120,0,10,0,0,7,0,0,1,0,0,1,1,3,1,0,0,0,1,2,0,1,-1,-1,-1,-1,0,10,-1,1,1,3,-1,-1,-1,0,0,1,0,0,10,0,0,0,6.69
1,0,0,0,-1,0,1,4,0,0,0,0,1,2,-1,1,1,-1,1,0,2,3,0,1,10,0,9223372036800000000,1e+75,0,10,0,0,7,1,0,1,0,0,1,1,3,1,0,0,0,1,2,0,1,-1,-1,-1,-1,0,10,-1,1,1,3,-1,-1,-1,0,0,1,0,0,10,0,0,0,6.07
1,0,0,0,-1,0,1,4,0,0,0,0,3,2,0,1,1,1,-1,1,-1,3,0,1,10,0,9223372036800000000,2,0,10,0,0,7,-1,0,1,0,0,1,1,2,-1,0,0,0,0,2,0,1,-1,-1,-1,-1,0,10,-1,1,1,3,-1,-1,-1,0,0,1,0,0,10,0,0,0,3.23
1,0,0,0,-1,0,1,4,0,0,0,0,-1,0,-1,1,0,-1,-1,-1,2,3,0,-1,800,0,9223372036800000000,1e+75,0,10,0,0,7,0,0,1,0,0,1,1,0,0,0,0,0,0,2,0,1,-1,-1,-1,-1,0,10,-1,1,1,3,-1,-1,-1,0,0,1,0,0,10,0,0,0,3.34
1,0,0,0,-1,0,1,4,0,0,0,0,0,1,-1,0,0,2,1,2,-1,3,0,8,10,0,9223372036800000000,40,0,10,0,0,7,-1,0,1,0,0,1,1,1,1,0,0,0,0,2,0,1,-1,-1,-1,-1,0,10,-1,1,1,3,-1,-1,-1,0,0,1,0,0,10,0,0,0,6.88
1,0,0,0,-1,0,1,0,0,0,0,0,1,0,0,-1,-1,2,1,-1,0,3,0,-1,150,0,9223372036800000000,1e+75,0,10,0,0,7,0,0,1,0,0,1,1,0,0,0,0,0,0,2,0,1,-1,-1,0,-1,0,10,-1,1,1,3,-1,-1,-1,0,3,1,0,0,10,0,0,0,3.66
1,0,0,0,-1,0,1,4,0,0,0,0,3,-1,-1,1,0,0,-1,-1,2,3,0,-1,50,0,9223372036800000000,1e+75,0,10,0,0,7,-1,0,1,500,0,1,1,-1,0,0,6,0,0,2,0,1,-1,-1,-1,-1,0,10,-1,1,1,3,-1,-1,-1,0,0,1,0,0,10,1,0,0,3.12
1,0,0,0,-1,0,1,4,0,0,0,0,3,-1,-1,1,0,0,-1,-1,2,3,0,-1,50,0,9223372036800000000,1e+75,0,10,0,0,7,0,0,1,0,0,1,1,0,0,-1,0,0,0,2,0,1,-1,-1,-1,-1,0,10,-1,1,1,3,-1,-1,-1,0,0,1,0,0,10,0,0,0,4.99
1,0,0,0,-1,0,1,0,0,0,0,0,-1,1,-1,0,0,2,-1,1,2,3,0,-1,50,0,9223372036800000000,20,0,10,0,0,7,0,0,1,0,0,1,1,0,-1,0,0,0,2,2,0,1,-1,-1,-1,-1,0,10,-1,1,1,3,-1,-1,-1,0,0,1,0,0,10,0,0,0,5.66
1,0,0,0,-1,0,1,0,0,0,0,0,1,0,0,-1,-1,2,1,-1,0,3,0,-1,150,0,9223372036800000000,1e+75,0,10,0,0,7,0,0,1,0,0,1,1,0,0,0,0,0,0,2,0,1,-1,-1,0,-1,0,10,-1,1,1,3,-1,-1,-1,0,2,1,0,0,10,0,0,0,3.66
1,0,0,0,-1,0,1,4,0,0,0,0,1,2,-1,-1,1,0,2,1,2,3,0,8,50,0,9223372036800000000,50,0,10,0,0,7,-1,0,1,1000,0,1,1,3,1,0,0,0,4,2,0,1,-1,-1,-1,-1,-1,10,-1,1,1,3,-1,-1,-1,0,0,1,0,0,10,0,0,0,6.15
1,0,0,0,-1,0,1,4,0,0,0,0,3,-1,-1,1,0,0,-1,-1,2,3,0,-1,50,0,9223372036800000000,1e+75,0,10,0,0,7,-1,0,1,500,0,1,1,-1,0,0,6,0,0,2,0,1,-1,-1,-1,-1,0,10,-1,1,1,3,-1,-1,-1,0,0,1,0,0,10,4,0,0,3.12
1,0,0,0,-1,0,1,0,0,0,0,0,1,0,0,-1,-1,2,1,0,0,3,0,-1,150,0,9223372036800000000,1e+75,0,10,0,0,7,0,0,1,0,0,1,1,0,0,0,0,0,0,2,0,1,-1,-1,-1,-1,0,10,-1,1,1,3,-1,-1,-1,0,0,1,0,0,10,0,0,0,3.8
1,0,0,0,-1,0,1,0,0,0,0,0,3,-1,0,1,2,0,1,2,-1,3,0,1,10,0,9223372036800000000,10,0,10,0,0,7,1,0,1,0,0,1,1,1,-1,0,0,0,-1,2,0,1,-1,-1,-1,-1,0,10,-1,1,1,3,-1,-1,-1,0,0,1,0,0,10,0,0,0,6.57
1,0,0,0,-1,0,1,0,0,0,0,0,1,0,0,-1,-1,2,1,-1,0,10,0,-1,150,0,9223372036800000000,1e+75,0,10,0,0,7,0,0,1,0,0,1,1,0,0,0,0,0,0,2,0,1,-1,-1,-1,-1,0,10,-1,1,1,3,-1,-1,-1,0,0,1,0,0,10,0,0,0,3.8
1,0,0,0,-1,0,1,0,0,0,0,0,1,0,0,-1,-1,2,1,-1,0,3,0,-1,150,0,9223372036800000000,1e+75,0,10,0,0,7,0,0,1,0,0,1,1,0,0,0,0,0,0,2,0,1,-1,-1,-1,-1,1,10,-1,1,1,3,-1,-1,-1,0,0,1,0,0,10,0,0,0,6.15
1,1,0,1,-1,0,2,2,0,0,0,1,-1,-1,-1,-1,-1,1,-1,1,-1,5,0,16,400,0,9223372036800000000,60,0,2,0,0,7,0,0,1,100,0,1,1,3,-1,0,6,1,-1,2,0,1,-1,-1,3,-1,1,20,-1,1,0,1,-1,-1,-1,0,0,1,0,0,5,0,0,0,7.56
1,0,0,0,-1,0,1,4,0,0,0,0,1,1,0,1,-1,1,1,-1,-1,3,0,16,10,0,9223372036800000000,20,0,10,0,0,7,1,0,1,0,0,1,1,2,1,0,0,0,4,2,0,1,-1,-1,-1,-1,0,10,-1,1,1,3,-1,-1,-1,0,0,1,0,0,10,0,0,0,6.88
1,0,0,0,-1,0,1,4,0,0,0,0,3,2,-1,1,1,1,-1,1,-1,3,0,1,10,0,9223372036800000000,2,0,10,0,0,7,-1,0,1,0,0,1,1,2,1,0,0,0,0,2,0,1,-1,-1,-1,-1,0,10,-1,1,1,3,-1,-1,-1,0,0,1,0,0,10,0,0,0,6.95
1,0,0,0,-1,0,1,4,0,0,0,0,3,2,-1,1,1,1,-1,1,-1,3,0,1,10,0,9223372036800000000,2,0,10,0,0,7,-1,0,1,0,0,1,1,2,-1,0,0,0,4,2,0,1,-1,-1,-1,-1,0,10,-1,1,1,3,-1,-1,-1,0,0,1,0,0,10,0,0,0,3.23
1,0,0,0,-1,0,1,0,0,0,0,0,1,0,0,-1,-1,2,1,-1,0,5,0,-1,150,0,9223372036800000000,1e+75,0,10,0,0,7,0,0,1,0,0,1,1,0,0,0,0,0,0,2,0,1,-1,-1,-1,-1,0,10,-1,1,1,3,-1,-1,-1,0,0,1,0,0,10,0,0,0,3.8
1,0,0,0,-1,0,1,4,0,0,0,0,3,2,-1,1,1,1,-1,1,-1,3,0,1,10,0,9223372036800000000,30,0,10,0,0,7,-1,0,1,0,0,1,1,2,-1,0,0,0,0,2,0,1,-1,-1,-1,-1,0,10,-1,1,1,3,-1,-1,-1,0,0,1,0,0,10,0,0,0,3.23
1,0,0,0,-1,0,1,4,0,0,0,0,3,-1,-1,1,0,0,-1,-1,2,3,0,-1,50,0,9223372036800000000,1e+75,0,10,0,0,7,0,0,1,0,0,1,1,0,0,200,0,0,0,2,0,1,-1,-1,-1,-1,0,10,-1,1,1,3,-1,-1,-1,0,0,1,0,0,10,0,0,0,3.33
1,0,0,0,-1,0,1,4,0,0,0,0,3,1,-1,1,1,1,-1,1,-1,3,0,1,10,0,9223372036800000000,2,0,10,0,0,7,-1,0,1,0,0,1,1,2,-1,0,0,0,0,2,0,1,-1,-1,-1,-1,0,10,-1,1,1,3,-1,-1,-1,0,0,1,0,0,10,0,0,0,3.23
1,0,0,0,-1,0,1,0,0,0,0,0,-1,-1,1,-1,-1,-1,0,-1,-1,3,0,16,10,0,9223372036800000000,10,0,10,0,0,7,0,0,1,1000,0,1,1,1,1,0,6,5,0,2,0,1,-1,-1,-1,-1,1,10,-1,1,1,3,-1,-1,-1,0,0,1,0,0,10,0,0,0,60.16
1,0,0,0,-1,0,1,0,0,0,0,0,1,-1,-1,1,1,-1,0,2,-1,3,0,8,25,0,9223372036800000000,0,0,10,0,0,7,0,0,1,20,0,1,1,-1,1,0,1,0,-1,2,0,1,-1,-1,-1,-1,-1,10,-1,1,1,3,-1,-1,-1,0,0,1,0,0,10,0,0,0,6.95
1,0,0,0,-1,0,1,3,0,0,0,0,-1,-1,1,-1,-1,2,-1,1,-1,2,0,1,10,0,9223372036800000000,40,0,10,0,0,7,-1,0,1,1000,0,1,1,-1,-1,0,0,0,4,2,0,1,-1,1,-1,-1,0,5,-1,1,1,3,-1,0,-1,0,0,1,0,0,10,0,0,0,4.03
1,0,0,0,-1,0,1,0,0,0,0,0,1,0,0,-1,-1,2,1,-1,0,3,0,-1,150,0,9223372036800000000,1e+75,0,10,0,0,7,0,0,1,0,0,1,1,0,0,0,0,0,-1,2,0,1,-1,-1,-1,-1,0,10,-1,1,1,3,-1,-1,-1,0,0,1,0,0,10,0,0,0,6.71
1,0,0,0,-1,0,1,4,0,0,0,0,3,2,-1,1,1,1,-1,1,-1,3,0,4,10,0,9223372036800000000,2,0,10,0,0,7,-1,0,1,0,0,1,1,2,-1,0,0,0,0,2,0,1,-1,-1,-1,-1,0,10,-1,1,1,3,-1,-1,-1,0,0,1,0,0,10,0,0,0,5.65
1,0,0,0,-1,0,1,4,0,0,0,0,3,-1,-1,1,0,0,-1,-1,2,3,0,-1,50,0,9223372036800000000,1e+75,0,10,0,0,7,-1,0,1,0,0,1,0,-1,0,0,0,0,0,2,0,1,-1,-1,-1,-1,0,10,-1,1,1,3,-1,-1,-1,0,0,1,0,0,10,0,0,0,3.16
1,0,0,0,-1,0,1,4,0,0,0,0,3,-1,-1,1,0,0,-1,-1,2,3,0,-1,50,0,9223372036800000000,1e+75,0,10,0,0,7,-1,0,1,0,0,1,1,-1,0,0,0,0,0,2,0,1,-1,-1,-1,-1,0,10,-1,1,1,3,-1,-1,0,0,0,1,0,0,10,0,0,0,3.16
1,0,0,0,-1,0,1,0,0,0,0,0,-1,-1,1,-1,-1,-1,0,-1,2,5,0,16,10,0,9223372036800000000,50,0,10,0,0,7,0,0,1,1000,0,1,1,-1,1,0,0,2,2,2,0,1,-1,-1,-1,-1,1,10,-1,1,1,3,-1,-1,-1,0,0,1,0,0,10,0,0,0,6.8
1,0,0,0,-1,0,1,4,0,0,0,0,3,-1,-1,1,0,0,-1,-1,2,3,0,-1,50,0,9223372036800000000,1e+75,0,10,0,0,7,-1,0,1,0,0,1,1,-1,0,0,0,0,0,2,0,1,-1,-1,-1,-1,0,10,-1,1,1,3,-1,-1,1,0,0,1,0,0,10,0,0,0,3.16
1,0,0,0,-1,0,1,3,0,0,0,0,0,1,0,-1,-1,0,0,-1,2,3,0,-1,10,0,9223372036800000000,1,0,10,0,0,7,1,0,1,0,0,1,1,0,3,0,0,0,1,2,0,1,-1,-1,-1,-1,0,10,-1,1,1,3,-1,-1,-1,0,0,1,0,0,10,0,0,0,6.67
1,0,0,0,-1,0,1,4,0,0,0,0,3,-1,-1,1,0,0,-1,-1,2,3,0,4,50,0,9223372036800000000,1e+75,0,10,0,0,7,-1,0,1,0,0,1,1,0,0,0,0,0,0,2,0,1,-1,-1,-1,-1,0,10,-1,1,1,3,-1,-1,-1,0,0,1,0,0,10,0,0,0,3.24
1,0,0,0,-1,0,1,4,0,0,0,0,3,-1,-1,1,0,0,-1,-1,2,3,0,-1,50,0,9223372036800000000,1e+75,0,10,0,0,7,-1,0,1,0,0,1,1,-1,0,0,0,0,0,2,0,1,-1,-1,-1,-1,0,10,-1,1,1,3,-1,-1,3,0,0,1,0,0,10,0,0,0,3.16
1,0,0,0,-1,0,1,4,0,0,0,0,3,-1,-1,1,0,0,-1,-1,2,3,0,-1,50,0,9223372036800000000,1e+75,0,10,0,0,7,-1,0,1,0,0,1,1,-1,0,0,0,0,0,2,0,1,-1,-1,-1,-1,0,10,-1,1,1,3,-1,-1,4,0,0,1,0,0,10,0,0,0,3.18
1,0,0,0,-1,0,1,4,0,0,0,0,1,2,-1,1,1,-1,0,1,2,3,0,8,25,0,9223372036800000000,5,0,10,0,0,7,0,0,1,1000,0,1,1,3,-1,0,4,0,2,2,0,1,-1,-1,-1,-1,-1,10,-1,1,1,3,-1,-1,-1,0,0,1,0,0,10,0,0,0,6.94
1,0,0,1,-1,0,1,0,0,0,0,0,1,-1,1,-1,0,0,2,-1,2,0,0,-1,10,0,9223372036800000000,240,0,10,0,0,7,0,0,1,100,0,1,1,0,-1,0,6,3,4,2,0,1,-1,-1,0,-1,-1,40,-1,1,1,3,-1,-1,-1,0,0,1,0,0,10,0,0,0,8.71
1,0,0,0,-1,0,1,4,0,0,0,0,3,-1,-1,1,0,0,-1,-1,2,3,0,-1,50,0,9223372036800000000,1e+75,0,10,0,0,7,-1,0,1,0,0,1,1,-1,0,0,0,0,0,2,0,1,-1,-1,-1,-1,0,10,-1,1,1,3,-1,-1,5,0,0,1,0,0,10,0,0,0,3.16
1,0,0,0,-1,0,1,0,0,0,0,0,1,0,0,-1,-1,2,1,-1,0,3,0,-1,150,0,9223372036800000000,1e+75,0,10,0,0,7,0,0,1,0,0,1,1,0,0,0,0,0,0,2,0,1,-1,-1,-1,-1,0,5,-1,1,1,3,-1,-1,-1,0,0,1,0,0,10,0,0,0,3.8
1,0,0,0,-1,0,1,0,0,0,0,0,1,0,0,-1,-1,2,1,-1,0,3,0,-1,150,0,9223372036800000000,1e+75,0,10,0,0,7,1,0,1,0,0,1,1,0,0,0,0,0,0,2,0,1,-1,-1,-1,-1,0,10,-1,1,1,3,-1,-1,-1,0,0,1,0,0,10,0,0,0,5.79
1,0,0,0,-1,0,1,3,0,0,0,0,2,-1,1,-1,-1,-1,-1,1,-1,2,0,1,100,0,9223372036800000000,40,0,10,0,0,7,-1,0,1,1000,0,1,1,-1,-1,0,0,0,4,2,0,1,-1,1,-1,-1,0,5,-1,1,1,3,-1,-1,-1,0,0,1,0,0,10,0,0,0,2.49
1,0,0,0,-1,0,1,4,0,0,0,0,3,-1,-1,1,0,0,-1,-1,2,3,0,-1,50,0,9223372036800000000,1e+75,0,10,0,0,7,-1,0,1,0,0,1,1,-1,0,0,0,0,0,2,0,1,-1,-1,-1,-1,1,10,-1,1,1,3,-1,-1,-1,0,0,1,0,0,10,0,0,0,5.94
1,0,0,0,-1,0,1,4,0,0,0,0,3,-1,-1,1,0,0,-1,-1,2,3,0,-1,50,0,9223372036800000000,1e+75,0,10,0,0,7,-1,0,1,0,0,1,1,-1,0,0,0,0,0,2,0,1,-1,-1,-1,-1,0,10,-1,0,1,3,-1,-1,-1,0,0,1,0,0,10,0,0,0,6.42
1,0,0,0,-1,0,1,4,0,0,0,0,3,-1,-1,1,0,0,-1,-1,2,3,0,-1,50,0,9223372036800000000,1e+75,0,10,0,0,7,-1,0,1,0,1,1,1,-1,0,0,0,0,0,2,0,1,-1,-1,-1,-1,0,10,-1,1,1,3,-1,-1,-1,0,0,1,0,0,10,0,0,0,5.96
1,0,0,0,-1,0,1,0,0,0,0,0,-1,-1,1,2,-1,-1,0,-1,2,1,0,4,10,0,9223372036800000000,10,0,10,0,0,7,-1,0,1,1000,0,1,1,-1,-1,0,6,2,0,2,0,1,-1,-1,-1,-1,1,10,-1,1,1,3,-1,-1,-1,0,0,1,0,0,10,0,0,0,6.15
1,0,0,0,-1,0,1,4,0,0,0,0,3,-1,-1,1,0,0,-1,-1,2,3,0,-1,50,0,9223372036800000000,1e+75,0,10,0,0,7,-1,0,1,500,0,1,1,-1,0,0,6,3,0,2,0,1,-1,-1,-1,-1,0,10,-1,1,1,3,-1,-1,-1,0,0,1,0,0,10,0,0,0,8.98
1,0,0,0,-1,0,1,4,0,0,0,0,3,-1,-1,1,0,0,-1,-1,2,3,0,-1,50,0,9223372036800000000,1e+75,0,10,0,0,7,-1,0,1,-1,0,1,1,-1,0,0,0,0,0,2,0,1,-1,-1,-1,-1,0,10,-1,1,1,3,-1,-1,-1,0,0,1,0,0,10,0,0,0,1.54983e+14
1,0,0,0,-1,0,1,3,0,0,0,0,-1,-1,1,-1,-1,2,-1,1,-1,2,0,1,10,0,9223372036800000000,40,0,5,0,0,7,-1,0,1,1000,0,1,1,-1,-1,0,0,0,4,2,0,1,-1,1,-1,-1,0,5,-1,1,1,3,-1,-1,-1,0,0,1,0,0,10,0,0,0,2.48
1,0,0,0,-1,0,1,0,0,0,0,0,1,0,0,-1,-1,2,1,-1,0,3,0,-1,150,0,9223372036800000000,1e+75,0,10,0,0,7,-1,0,1,0,0,1,1,0,0,0,0,0,0,2,0,1,-1,-1,-1,-1,0,10,-1,1,1,3,-1,-1,-1,0,0,1,0,0,10,0,0,0,6.83
1,0,0,0,-1,0,1,0,0,0,0,0,1,0,0,-1,-1,2,1,-1,0,3,0,-1,150,0,9223372036800000000,0,0,10,0,0,7,0,0,1,0,0,1,1,0,0,0,0,0,0,2,0,1,-1,-1,-1,-1,0,10,-1,1,1,3,-1,-1,-1,0,0,1,0,0,10,0,0,0,6.4
1,0,0,0,-1,0,1,0,0,0,0,0,1,0,-1,-1,-1,2,1,-1,0,3,0,-1,150,0,9223372036800000000,1e+75,0,10,0,0,7,0,0,1,0,0,1,1,0,0,0,0,0,0,2,0,1,-1,-1,-1,-1,0,10,-1,1,1,3,-1,-1,-1,0,0,1,0,0,10,0,0,0,3.8
1,0,0,0,-1,0,1,0,0,0,0,0,2,-1,-1,0,-1,2,-1,1,-1,3,0,1,10,0,9223372036800000000,2,0,10,0,0,7,0,0,1,1000,0,1,1,-1,0,0,0,0,1,2,0,1,-1,-1,-1,-1,0,10,-1,1,1,3,-1,-1,-1,0,0,1,0,0,10,0,0,0,6.69
1,0,0,0,-1,0,1,0,0,0,0,0,1,0,0,-1,-1,2,1,-1,0,3,0,16,150,0,9223372036800000000,1e+75,0,10,0,0,7,0,0,1,0,0,1,1,0,0,0,0,0,0,2,0,1,-1,-1,-1,-1,0,10,-1,1,1,3,-1,-1,-1,0,0,1,0,0,10,0,0,0,3.8
1,0,0,0,-1,0,1,4,0,0,0,0,3,-1,-1,1,0,0,-1,-1,2,3,0,-1,50,0,9223372036800000000,1e+75,0,10,0,0,7,-1,0,1,500,0,1,1,-1,0,0,6,0,0,2,0,1,-1,-1,-1,-1,0,10,-1,1,1,3,-1,-1,-1,0,0,1,0,0,10,0,0,0,3.12
1,0,0,0,-1,0,1,3,0,0,0,0,-1,-1,1,-1,-1,2,-1,1,-1,2,0,1,10,0,9223372036800000000,40,0,2,0,0,7,-1,0,1,1000,0,1,1,-1,-1,0,0,0,4,2,0,1,-1,1,-1,-1,0,5,-1,1,1,3,-1,-1,-1,0,0,1,0,0,10,0,0,0,2.48
1,0,0,0,-1,0,1,4,0,0,0,0,0,2,0,2,1,-1,2,1,0,3,0,2,50,0,9223372036800000000,20,0,10,0,0,7,-1,0,1,-1,0,1,1,-1,-1,0,0,0,0,2,0,1,-1,-1,-1,-1,1,10,-1,1,1,3,-1,-1,-1,0,0,1,0,0,10,0,0,0,1.54896e+14
1,0,0,0,-1,0,1,4,0,0,0,0,3,-1,-1,1,0,0,-1,-1,2,3,0,-1,50,0,9223372036800000000,1e+75,0,10,0,0,7,-1,0,1,500,0,1,1,-1,0,0,6,1,0,2,0,1,-1,-1,-1,-1,0,10,-1,1,1,3,-1,-1,-1,0,0,1,0,0,10,0,0,0,6.78
1,0,0,0,-1,0,1,4,0,0,0,0,2,1,0,2,2,1,2,1,2,3,0,4,10,0,9223372036800000000,120,0,10,0,0,7,0,0,1,500,0,1,1,-1,-1,0,0,0,0,2,0,1,-1,-1,-1,-1,1,10,-1,1,1,3,-1,-1,-1,0,0,1,0,0,10,0,0,0,6.22
1,0,0,0,-1,0,1,3,0,0,0,0,3,0,0,1,0,2,-1,-1,-1,3,0,-1,50,0,9223372036800000000,30,0,10,0,0,7,0,0,1,0,0,1,1,0,-1,0,0,0,4,2,0,1,-1,-1,-1,-1,0,10,-1,1,1,3,-1,-1,-1,0,0,1,0,0,10,0,0,0,5.55
1,0,0,0,-1,0,1,0,0,0,0,0,0,1,-1,-1,-1,1,-1,0,0,3,0,16,10,0,9223372036800000000,40,0,10,0,0,7,1,0,1,500,0,1,1,-1,-1,0,0,0,-1,2,0,1,-1,-1,-1,-1,-1,10,-1,1,1,3,-1,-1,-1,0,0,1,0,0,10,0,0,0,6.53
1,0,0,1,-1,0,2,0,0,0,0,0,1,-1,1,-1,0,-1,-1,-1,-1,1,0,2,10,0,9223372036800000000,5,0,10,0,0,7,-1,0,1,-1,0,1,1,-1,0,0,0,0,4,2,0,1,-1,1,3,-1,-1,2,-1,1,1,3,-1,-1,-1,0,0,1,0,0,10,0,0,0,1.79769e+308
1,0,0,0,-1,0,1,0,0,0,0,0,-1,0,0,-1,-1,2,-1,2,-1,3,0,-1,100,0,9223372036800000000,1e+75,0,10,0,0,7,0,0,1,0,0,1,1,0,0,0,0,0,0,2,0,1,-1,-1,-1,-1,0,10,-1,1,1,3,-1,-1,-1,0,0,1,0,0,10,0,0,0,5.61
1,0,0,0,-1,0,1,0,0,0,0,0,0,0,0,0,0,0,0,0,0,3,0,-1,200,0,9223372036800000000,1e+75,0,10,0,0,7,0,0,1,0,0,1,1,0,0,0,0,0,0,2,0,1,-1,-1,-1,-1,0,10,-1,1,1,3,-1,-1,-1,0,0,1,0,0,10,0,0,0,5.36
1,0,0,0,-1,0,1,0,0,0,0,0,1,0,0,-1,-1,2,1,-1,0,3,0,-1,50,0,9223372036800000000,1e+75,0,10,0,0,7,0,0,1,0,0,1,1,0,0,0,0,0,0,2,0,1,-1,-1,-1,-1,0,10,-1,1,1,3,-1,-1,-1,0,0,1,0,0,10,0,0,0,5.63
1,0,0,0,-1,0,1,4,0,0,0,0,3,-1,-1,1,0,0,-1,-1,2,3,0,-1,50,0,9223372036800000000,1e+75,0,10,0,0,7,-1,0,1,0,0,1,1,-1,0,0,0,0,0,2,0,1,-1,-1,-1,-1,-1,10,-1,1,1,3,-1,-1,-1,0,0,1,0,0,10,0,0,0,3.16
1,0,0,0,-1,0,1,4,0,0,0,0,1,3,-1,2,1,0,2,1,2,3,0,8,50,0,9223372036800000000,50,0,10,0,0,7,-1,0,1,1000,0,1,1,3,1,0,0,0,4,2,0,1,-1,-1,-1,-1,-1,10,-1,1,1,3,-1,-1,-1,0,0,1,0,0,10,0,0,0,6.15
1,0,0,0,-1,0,1,4,0,0,0,0,1,2,-1,2,1,0,2,1,2,3,0,8,50,0,9223372036800000000,2,0,10,0,0,7,-1,0,1,1000,0,1,1,3,1,0,0,0,4,2,0,1,-1,-1,-1,-1,-1,10,-1,1,1,3,-1,-1,-1,0,0,1,0,0,10,0,0,0,6.15
1,0,0,0,-1,0,1,3,0,0,0,0,2,-1,1,-1,-1,2,-1,1,-1,2,0,1,10,0,9223372036800000000,50,0,10,0,0,7,0,0,1,1000,0,1,1,-1,-1,0,0,0,4,2,0,1,-1,1,-1,-1,0,5,-1,1,1,3,-1,-1,-1,0,0,1,0,0,10,0,0,0,2.5
1,0,0,0,-1,0,1,0,0,0,0,0,-1,-1,1,2,-1,-1,0,-1,2,1,0,4,10,0,9223372036800000000,30,0,10,0,0,7,-1,0,1,1000,0,1,1,-1,-1,0,6,2,2,2,0,1,-1,-1,-1,-1,1,10,-1,1,1,3,-1,-1,-1,0,0,1,0,0,10,0,0,0,6.49
1,0,0,0,-1,0,1,4,0,0,0,0,-1,3,-1,0,2,2,2,2,0,3,0,-1,50,0,9223372036800000000,50,0,10,0,0,7,1,0,1,500,0,1,1,-1,0,0,0,0,0,2,0,1,-1,-1,-1,-1,1,10,-1,1,1,3,-1,-1,-1,0,0,1,0,0,10,0,0,0,7.38
1,0,0,0,-1,0,1,4,0,0,0,0,3,-1,-1,1,0,0,-1,-1,2,3,0,-1,50,0,9223372036800000000,1e+75,0,10,0,0,7,-1,0,1,500,0,1,1,-1,0,0,1,0,0,2,0,1,-1,-1,-1,-1,0,10,-1,1,1,3,-1,-1,-1,0,0,1,0,0,10,0,0,0,6.3
1,0,0,0,-1,0,1,0,0,0,0,0,1,0,0,-1,-1,2,1,-1,0,3,0,-1,150,0,9223372036800000000,1e+75,0,10,0,0,7,0,0,1,0,0,1,1,0,0,0,0,0,0,2,0,1,-1,-1,-1,-1,0,10,-1,1,1,3,-1,-1,-1,0,0,1,0,0,10,0,0,0,3.8
1,0,0,0,-1,0,1,4,0,0,0,0,3,-1,-1,1,0,0,-1,-1,2,3,0,-1,50,0,9223372036800000000,1e+75,0,10,0,0,7,-1,0,1,500,0,1,1,-1,0,0,3,0,0,2,0,1,-1,-1,-1,-1,0,10,-1,1,1,3,-1,-1,-1,0,0,1,0,0,10,0,0,0,5.47
1,0,0,0,-1,0,1,0,0,0,0,0,1,0,0,-1,-1,2,1,-1,0,3,0,-1,150,0,9223372036800000000,1e+75,0,10,0,0,7,0,0,1,0,0,1,1,-1,0,0,0,0,0,2,0,1,-1,-1,-1,-1,0,10,-1,1,1,3,-1,-1,-1,0,0,1,0,0,10,0,0,0,6.8
1,0,0,0,-1,0,1,1,0,0,0,0,0,1,-1,-1,-1,-1,-1,-1,2,1,0,16,10,0,9223372036800000000,5,0,10,0,0,7,0,0,1,20,0,1,1,1,-1,0,6,5,0,2,0,1,-1,-1,-1,-1,-1,10,-1,1,1,3,-1,-1,-1,0,0,1,0,0,10,0,0,0,60.16
1,0,0,0,-1,0,1,0,0,0,0,0,1,0,0,-1,-1,2,1,-1,0,3,0,-1,150,0,9223372036800000000,1e+75,0,10,0,0,7,0,0,1,0,0,1,1,0,0,0,0,0,2,2,0,1,-1,-1,-1,-1,0,10,-1,1,1,3,-1,-1,-1,0,0,1,0,0,10,0,0,0,6.31
1,0,0,0,-1,0,1,0,0,0,0,0,1,0,0,-1,2,2,1,-1,0,3,0,-1,150,0,9223372036800000000,1e+75,0,10,0,0,7,0,0,1,0,0,1,1,0,0,0,0,0,0,2,0,1,-1,-1,-1,-1,0,10,-1,1,1,3,-1,-1,-1,0,0,1,0,0,10,0,0,0,3.8
1,0,0,0,-1,0,1,3,0,0,0,0,-1,-1,1,-1,-1,2,-1,1,-1,2,0,1,10,0,9223372036800000000,40,0,10,0,0,7,-1,0,1,1000,0,1,1,-1,-1,0,0,0,4,2,0,1,-1,1,-1,-1,0,5,-1,1,1,3,-1,-1,-1,-1,0,1,0,0,10,0,0,0,5
1,0,0,0,-1,0,1,0,0,0,0,0,1,2,-1,1,0,0,0,-1,-1,3,0,8,25,0,9223372036800000000,5,0,10,0,0,7,0,0,1,20,0,1,1,-1,3,0,6,0,-1,2,0,1,-1,-1,-1,-1,-1,10,-1,1,1,3,-1,-1,-1,0,0,1,0,0,10,0,0,0,6.88
1,0,0,0,-1,0,1,0,0,0,0,0,2,-1,-1,1,2,2,0,-1,2,3,0,-1,25,0,9223372036800000000,240,0,10,0,0,7,0,0,1,-1,0,1,1,3,-1,0,1,0,0,2,0,1,-1,-1,-1,-1,1,10,-1,1,1,3,-1,-1,-1,0,0,1,0,0,10,0,0,0,1.79769e+308
1,0,0,0,-1,0,1,0,0,0,0,0,-1,2,-1,1,2,-1,0,1,2,3,0,2,25,0,9223372036800000000,60,0,10,0,0,7,-1,0,1,20,0,1,1,-1,3,0,4,0,0,2,0,1,-1,-1,-1,-1,-1,10,-1,1,1,3,-1,-1,-1,0,0,1,0,0,10,0,0,0,6.95
