EvalID,TimeEvaluated,ObjectiveValue,Gap,UpperBound,LowerBound,ConfigID,MipStartID,WorkerID,Iteration,Phase
1,7,23.34,23.340000,-33.200000,-40.950000,14921508010286178949,null,0,1,0
2,15,23.34,23.340000,-33.200000,-40.950000,8683817217222751575,null,0,1,0
3,22,23.34,23.340000,-33.200000,-40.950000,9658482938002475941,null,0,1,0
4,30,23.34,23.340000,-33.200000,-40.950000,6762843893550650360,null,0,1,0
5,37,23.34,23.340000,-33.200000,-40.950000,14770251354950928531,null,0,1,0
6,45,23.34,23.340000,-33.200000,-40.950000,844706301316953147,null,0,1,0
7,52,23.34,23.340000,-33.200000,-40.950000,2823934824078185206,null,0,1,0
8,60,23.34,23.340000,-33.200000,-40.950000,5834950261831871145,null,0,1,0
9,67,23.34,23.340000,-33.200000,-40.950000,10346973009034893901,null,0,1,0
10,74,23.34,23.340000,-33.200000,-40.950000,3895283216737288575,null,0,1,0
11,82,23.34,23.340000,-33.200000,-40.950000,17254147022443499681,null,0,1,0
12,89,23.34,23.340000,-33.200000,-40.950000,15495703117619861868,null,0,1,0
13,97,23.34,23.340000,-33.200000,-40.950000,10926055034921966546,null,0,1,0
14,104,23.34,23.340000,-33.200000,-40.950000,13964071529318666704,null,0,1,0
15,112,23.34,23.340000,-33.200000,-40.950000,5643427149002281568,null,0,1,0
16,119,23.34,23.340000,-33.200000,-40.950000,1894762743428622621,null,0,1,0
17,126,23.34,23.340000,-33.200000,-40.950000,635589708496059671,null,0,1,0
18,134,23.34,23.340000,-33.200000,-40.950000,16450644818478286277,null,0,1,0
19,141,18.01,18.010000,-34.700000,-40.950000,16957666276679199244,null,0,1,0
20,149,18.01,18.010000,-34.700000,-40.950000,1989493773585018539,null,0,1,0
21,7,23.34,23.340000,-33.200000,-40.950000,6439873165248256756,null,1,1,0
22,15,23.34,23.340000,-33.200000,-40.950000,11255561039145532449,null,1,1,0
23,22,23.34,23.340000,-33.200000,-40.950000,16491404846762771235,null,1,1,0
24,30,23.34,23.340000,-33.200000,-40.950000,14641529875676470423,null,1,1,0
25,37,23.34,23.340000,-33.200000,-40.950000,11163219150738261790,null,1,1,0
26,45,23.34,23.340000,-33.200000,-40.950000,2882679706520234668,null,1,1,0
27,52,23.34,23.340000,-33.200000,-40.950000,744862665148618604,null,1,1,0
28,60,23.34,23.340000,-33.200000,-40.950000,3901661637220707813,null,1,1,0
29,67,23.34,23.340000,-33.200000,-40.950000,4165438099601571963,null,1,1,0
30,75,23.34,23.340000,-33.200000,-40.950000,8820339026034730343,null,1,1,0
31,82,23.34,23.340000,-33.200000,-40.950000,125172155304207817,null,1,1,0
32,90,18.01,18.010000,-34.700000,-40.950000,7662307623775734720,null,1,1,0
33,97,18.01,18.010000,-34.700000,-40.950000,12388255034037167778,null,1,1,0
34,105,18.01,18.010000,-34.700000,-40.950000,16725421535149462443,null,1,1,0
35,112,18.01,18.010000,-34.700000,-40.950000,14931798097503472185,null,1,1,0
36,120,18.01,18.010000,-34.700000,-40.950000,15506577695434087396,null,1,1,0
37,127,18.01,18.010000,-34.700000,-40.950000,6117673701861092561,null,1,1,0
38,135,18.01,18.010000,-34.700000,-40.950000,4620222899169089894,null,1,1,0
39,142,18.01,18.010000,-34.700000,-40.950000,9176079331204457774,null,1,1,0
40,150,18.01,18.010000,-34.700000,-40.950000,3711401675438893996,null,1,1,0
41,7,23.34,23.340000,-33.200000,-40.950000,11502841505915629043,null,2,1,0
42,15,23.34,23.340000,-33.200000,-40.950000,9540605019386224781,null,2,1,0
43,22,23.34,23.340000,-33.200000,-40.950000,506689512661984095,null,2,1,0
44,30,23.34,23.340000,-33.200000,-40.950000,16534604556155127503,null,2,1,0
45,37,18.01,18.010000,-34.700000,-40.950000,632225661182783722,null,2,1,0
46,45,18.01,18.010000,-34.700000,-40.950000,1999079447715496210,null,2,1,0
47,52,18.01,18.010000,-34.700000,-40.950000,16268028170427216568,null,2,1,0
48,60,18.01,18.010000,-34.700000,-40.950000,5552503888807831841,null,2,1,0
49,68,18.01,18.010000,-34.700000,-40.950000,17922463565195657918,null,2,1,0
50,75,18.01,18.010000,-34.700000,-40.950000,5718821595283688812,null,2,1,0
51,83,18.01,18.010000,-34.700000,-40.950000,12778660238219623074,null,2,1,0
52,90,18.01,18.010000,-34.700000,-40.950000,3439418906284764261,null,2,1,0
53,98,18.01,18.010000,-34.700000,-40.950000,7832137833207406273,null,2,1,0
54,105,18.01,18.010000,-34.700000,-40.950000,1442520126472700302,null,2,1,0
55,113,18.01,18.010000,-34.700000,-40.950000,12375005037306388118,null,2,1,0
56,120,18.01,18.010000,-34.700000,-40.950000,13215980024996078634,null,2,1,0
57,127,18.01,18.010000,-34.700000,-40.950000,6638239146475325331,null,2,1,0
58,135,18.01,18.010000,-34.700000,-40.950000,13016486200401220677,null,2,1,0
59,143,18.01,18.010000,-34.700000,-40.950000,1104000373420944297,null,2,1,0
60,150,23.34,23.340000,-33.200000,-40.950000,5569528534899445265,null,2,1,0
61,7,23.34,23.340000,-33.200000,-40.950000,12710294232408245987,null,3,1,0
62,15,23.34,23.340000,-33.200000,-40.950000,14141972750826331920,null,3,1,0
63,22,23.34,23.340000,-33.200000,-40.950000,15280887202162191513,null,3,1,0
64,30,23.34,23.340000,-33.200000,-40.950000,11044171371282847915,null,3,1,0
65,37,23.34,23.340000,-33.200000,-40.950000,10631586461400518569,null,3,1,0
66,44,23.34,23.340000,-33.200000,-40.950000,9916620986151204416,null,3,1,0
67,52,23.34,23.340000,-33.200000,-40.950000,7861787935690685365,null,3,1,0
68,59,23.34,23.340000,-33.200000,-40.950000,3338847132624726858,null,3,1,0
69,67,23.34,23.340000,-33.200000,-40.950000,8831821104447719006,null,3,1,0
70,74,23.34,23.340000,-33.200000,-40.950000,14757254242760549106,null,3,1,0
71,81,23.34,23.340000,-33.200000,-40.950000,9698725851773336316,null,3,1,0
72,89,23.34,23.340000,-33.200000,-40.950000,13204462568369094711,null,3,1,0
73,96,23.34,23.340000,-33.200000,-40.950000,10988362410343277232,null,3,1,0
74,104,23.34,23.340000,-33.200000,-40.950000,2113893897215122950,null,3,1,0
75,111,23.34,23.340000,-33.200000,-40.950000,1723029661656237949,null,3,1,0
76,118,81360.5,81360.500000,-33.200000,-27044.900000,11690767568356869723,null,3,1,0
77,125,23.34,23.340000,-33.200000,-40.950000,2967497282068097278,null,3,1,0
78,133,23.34,23.340000,-33.200000,-40.950000,1963872746212180917,null,3,1,0
79,140,23.34,23.340000,-33.200000,-40.950000,1074731273424573130,null,3,1,0
80,148,23.34,23.340000,-33.200000,-40.950000,2626597283575328670,null,3,1,0
81,7,81360.5,81360.500000,-33.200000,-27044.900000,7203309977906348516,null,4,1,0
82,14,81360.5,81360.500000,-33.200000,-27044.900000,14519384315238414128,null,4,1,0
83,21,81360.5,81360.500000,-33.200000,-27044.900000,9515447002698046833,null,4,1,0
84,28,23.34,23.340000,-33.200000,-40.950000,1891717724914627594,null,4,1,0
85,35,23.34,23.340000,-33.200000,-40.950000,6083826810016633362,null,4,1,0
86,43,23.34,23.340000,-33.200000,-40.950000,9448577876426005601,null,4,1,0
87,50,23.34,23.340000,-33.200000,-40.950000,9220252565780967345,null,4,1,0
88,58,23.34,23.340000,-33.200000,-40.950000,3841583911526311444,null,4,1,0
89,65,23.34,23.340000,-33.200000,-40.950000,9939312050327897512,null,4,1,0
90,72,23.34,23.340000,-33.200000,-40.950000,2898733473399806401,null,4,1,0
91,80,23.34,23.340000,-33.200000,-40.950000,2128342318122515182,null,4,1,0
92,87,23.34,23.340000,-33.200000,-40.950000,13812420605318209375,null,4,1,0
93,95,23.34,23.340000,-33.200000,-40.950000,14817393938393846997,null,4,1,0
94,102,23.34,23.340000,-33.200000,-40.950000,14671996981545230540,null,4,1,0
95,109,23.34,23.340000,-33.200000,-40.950000,13972397344324684273,null,4,1,0
96,117,23.34,23.340000,-33.200000,-40.950000,1682421796010708593,null,4,1,0
97,124,23.34,23.340000,-33.200000,-40.950000,5726997178966391211,null,4,1,0
98,131,23.34,23.340000,-33.200000,-40.950000,6165199510458634819,null,4,1,0
99,139,23.34,23.340000,-33.200000,-40.950000,3954364477847938599,null,4,1,0
100,146,23.34,23.340000,-33.200000,-40.950000,4317260259728771841,null,4,1,0
101,7,23.34,23.340000,-33.200000,-40.950000,11465549685707380235,null,5,1,0
102,15,23.34,23.340000,-33.200000,-40.950000,17030026366113733906,null,5,1,0
103,22,23.34,23.340000,-33.200000,-40.950000,6060662746309698580,null,5,1,0
104,30,23.34,23.340000,-33.200000,-40.950000,688323251250877746,null,5,1,0
105,38,23.34,23.340000,-33.200000,-40.950000,8528572771019611203,null,5,1,0
106,45,23.34,23.340000,-33.200000,-40.950000,17085071440232279214,null,5,1,0
107,53,23.34,23.340000,-33.200000,-40.950000,15292849325268764749,null,5,1,0
108,60,23.34,23.340000,-33.200000,-40.950000,1083799164941367933,null,5,1,0
109,68,23.34,23.340000,-33.200000,-40.950000,12286586540579859967,null,5,1,0
110,75,23.34,23.340000,-33.200000,-40.950000,9009340951285268453,null,5,1,0
111,82,23.34,23.340000,-33.200000,-40.950000,13005363305499534675,null,5,1,0
112,90,23.34,23.340000,-33.200000,-40.950000,3557843230213236839,null,5,1,0
113,97,23.34,23.340000,-33.200000,-40.950000,6380211970918310774,null,5,1,0
114,105,23.34,23.340000,-33.200000,-40.950000,18153225694892523404,null,5,1,0
115,112,23.34,23.340000,-33.200000,-40.950000,2474068379895669550,null,5,1,0
116,120,23.34,23.340000,-33.200000,-40.950000,11481229094946353285,null,5,1,0
117,127,23.34,23.340000,-33.200000,-40.950000,15458161879716377094,null,5,1,0
118,135,18.01,18.010000,-34.700000,-40.950000,2900072697284076782,null,5,1,0
119,143,18.01,18.010000,-34.700000,-40.950000,11999520474993099938,null,5,1,0
120,150,18.01,18.010000,-34.700000,-40.950000,12683694800966782009,null,5,1,0
121,7,23.34,23.340000,-33.200000,-40.950000,7394199802898337926,null,6,1,0
122,15,23.34,23.340000,-33.200000,-40.950000,17027099809075356143,null,6,1,0
123,22,23.34,23.340000,-33.200000,-40.950000,3265145445304385071,null,6,1,0
124,30,23.34,23.340000,-33.200000,-40.950000,14419644358177251154,null,6,1,0
125,37,23.34,23.340000,-33.200000,-40.950000,14923158856355157166,null,6,1,0
126,45,23.34,23.340000,-33.200000,-40.950000,2546849543465975677,null,6,1,0
127,52,23.34,23.340000,-33.200000,-40.950000,1855845441874516270,null,6,1,0
128,59,81360.5,81360.500000,-33.200000,-27044.900000,13642517016458910285,null,6,1,0
129,66,23.34,23.340000,-33.200000,-40.950000,12369113810166177165,null,6,1,0
130,74,23.34,23.340000,-33.200000,-40.950000,4297261272481245796,null,6,1,0
131,81,23.34,23.340000,-33.200000,-40.950000,2225236544961032095,null,6,1,0
132,89,23.34,23.340000,-33.200000,-40.950000,1055080975095162485,null,6,1,0
133,96,23.34,23.340000,-33.200000,-40.950000,5045975257447060660,null,6,1,0
134,104,23.34,23.340000,-33.200000,-40.950000,2209585550579912887,null,6,1,0
135,111,23.34,23.340000,-33.200000,-40.950000,17644043626818707641,null,6,1,0
136,118,23.34,23.340000,-33.200000,-40.950000,17394541589681943928,null,6,1,0
137,126,23.34,23.340000,-33.200000,-40.950000,15488523567040176579,null,6,1,0
138,133,18.01,18.010000,-34.700000,-40.950000,17432570805998473255,null,6,1,0
139,141,18.01,18.010000,-34.700000,-40.950000,11642984996114267650,null,6,1,0
140,148,18.01,18.010000,-34.700000,-40.950000,16668095662435602107,null,6,1,0
141,7,23.34,23.340000,-33.200000,-40.950000,3080098593157933272,null,7,1,0
142,15,23.34,23.340000,-33.200000,-40.950000,5060753168353653887,null,7,1,0
143,23,23.34,23.340000,-33.200000,-40.950000,11978235832240639003,null,7,1,0
144,30,23.34,23.340000,-33.200000,-40.950000,331424126631826132,null,7,1,0
145,37,23.34,23.340000,-33.200000,-40.950000,11153979939613828950,null,7,1,0
146,45,23.34,23.340000,-33.200000,-40.950000,14670438396233490356,null,7,1,0
147,52,23.34,23.340000,-33.200000,-40.950000,16216460171712933101,null,7,1,0
148,59,81360.5,81360.500000,-33.200000,-27044.900000,10920061356994343111,null,7,1,0
149,67,23.34,23.340000,-33.200000,-40.950000,5091974170220469217,null,7,1,0
150,74,23.34,23.340000,-33.200000,-40.950000,15023693998795126604,null,7,1,0
151,82,23.34,23.340000,-33.200000,-40.950000,643683710241098844,null,7,1,0
152,89,23.34,23.340000,-33.200000,-40.950000,11630326137970455824,null,7,1,0
153,97,23.34,23.340000,-33.200000,-40.950000,12315281538713771649,null,7,1,0
154,104,23.34,23.340000,-33.200000,-40.950000,11107242909362745655,null,7,1,0
155,111,23.34,23.340000,-33.200000,-40.950000,6296473269017158824,null,7,1,0
156,119,23.34,23.340000,-33.200000,-40.950000,18062200171692050703,null,7,1,0
157,126,23.34,23.340000,-33.200000,-40.950000,9612462624094226334,null,7,1,0
158,134,18.01,18.010000,-34.700000,-40.950000,1544780434569361643,null,7,1,0
159,141,18.01,18.010000,-34.700000,-40.950000,13608606935006624384,null,7,1,0
160,149,23.34,23.340000,-33.200000,-40.950000,4356223129453589701,null,7,1,0
161,7,23.34,23.340000,-33.200000,-40.950000,7660889131494437032,null,8,1,0
162,15,23.34,23.340000,-33.200000,-40.950000,16453626465750269503,null,8,1,0
163,22,23.34,23.340000,-33.200000,-40.950000,4573002223051131488,null,8,1,0
164,30,23.34,23.340000,-33.200000,-40.950000,9835376087413435823,null,8,1,0
165,37,23.34,23.340000,-33.200000,-40.950000,5668857375545931118,null,8,1,0
166,45,23.34,23.340000,-33.200000,-40.950000,16640285555331556686,null,8,1,0
167,52,23.34,23.340000,-33.200000,-40.950000,7617988334488935697,null,8,1,0
168,60,23.34,23.340000,-33.200000,-40.950000,5289533084585137642,null,8,1,0
169,67,23.34,23.340000,-33.200000,-40.950000,9131776422329599686,null,8,1,0
170,74,23.34,23.340000,-33.200000,-40.950000,8870307769207625404,null,8,1,0
171,82,18.01,18.010000,-34.700000,-40.950000,4158863830757672720,null,8,1,0
172,90,18.01,18.010000,-34.700000,-40.950000,9757651214192584954,null,8,1,0
173,97,18.01,18.010000,-34.700000,-40.950000,14313595375150297655,null,8,1,0
174,104,18.01,18.010000,-34.700000,-40.950000,9021441904306255453,null,8,1,0
175,112,18.01,18.010000,-34.700000,-40.950000,13341831833733490128,null,8,1,0
176,120,18.01,18.010000,-34.700000,-40.950000,14220068349956815900,null,8,1,0
177,127,23.34,23.340000,-33.200000,-40.950000,5909423653686750919,null,8,1,0
178,134,18.01,18.010000,-34.700000,-40.950000,16131606201111595009,null,8,1,0
179,142,18.01,18.010000,-34.700000,-40.950000,1986930488126844056,null,8,1,0
180,149,18.01,18.010000,-34.700000,-40.950000,12251253147414931614,null,8,1,0
181,7,81360.5,81360.500000,-33.200000,-27044.900000,6983409877308215380,null,9,1,0
182,14,81360.5,81360.500000,-33.200000,-27044.900000,1640541002606058455,null,9,1,0
183,21,81360.5,81360.500000,-33.200000,-27044.900000,14716727224163786043,null,9,1,0
184,27,81360.5,81360.500000,-33.200000,-27044.900000,5615771236102750525,null,9,1,0
185,35,23.34,23.340000,-33.200000,-40.950000,1031003233053932991,null,9,1,0
186,42,23.34,23.340000,-33.200000,-40.950000,6369706673057068808,null,9,1,0
187,50,23.34,23.340000,-33.200000,-40.950000,17492227709004051759,null,9,1,0
188,57,23.34,23.340000,-33.200000,-40.950000,9702153088637866521,null,9,1,0
189,65,18.01,18.010000,-34.700000,-40.950000,10875908202898466083,null,9,1,0
190,72,18.01,18.010000,-34.700000,-40.950000,16522060536751270261,null,9,1,0
191,80,18.01,18.010000,-34.700000,-40.950000,14943176789945029364,null,9,1,0
192,87,18.01,18.010000,-34.700000,-40.950000,17815991840709744393,null,9,1,0
193,95,18.01,18.010000,-34.700000,-40.950000,2610661133510978475,null,9,1,0
194,102,18.01,18.010000,-34.700000,-40.950000,6962789170166699799,null,9,1,0
195,110,18.01,18.010000,-34.700000,-40.950000,14992778306045765469,null,9,1,0
196,117,18.01,18.010000,-34.700000,-40.950000,11013069431038180819,null,9,1,0
197,125,18.01,18.010000,-34.700000,-40.950000,16898608525766352168,null,9,1,0
198,132,18.01,18.010000,-34.700000,-40.950000,7814813311255477612,null,9,1,0
199,140,18.01,18.010000,-34.700000,-40.950000,13491898396945778764,null,9,1,0
200,147,23.34,23.340000,-33.200000,-40.950000,12974135803917108389,null,9,1,0
201,7,81360.5,81360.500000,-33.200000,-27044.900000,14610609170315266756,null,10,1,0
202,14,81360.5,81360.500000,-33.200000,-27044.900000,9703823615882460043,null,10,1,0
203,21,81360.5,81360.500000,-33.200000,-27044.900000,10691933797789649512,null,10,1,0
204,27,81360.5,81360.500000,-33.200000,-27044.900000,16094895170646620,null,10,1,0
205,34,81360.5,81360.500000,-33.200000,-27044.900000,17739745623652540739,null,10,1,0
206,41,81360.5,81360.500000,-33.200000,-27044.900000,14589030907401616314,null,10,1,0
207,48,81360.5,81360.500000,-33.200000,-27044.900000,918862773039309716,null,10,1,0
208,55,81360.5,81360.500000,-33.200000,-27044.900000,12587129628797579243,null,10,1,0
209,62,81360.5,81360.500000,-33.200000,-27044.900000,12786016298102285848,null,10,1,0
210,69,81360.5,81360.500000,-33.200000,-27044.900000,4586846676459278656,null,10,1,0
211,75,81360.5,81360.500000,-33.200000,-27044.900000,14316694992636548821,null,10,1,0
212,82,81360.5,81360.500000,-33.200000,-27044.900000,5934498013291515515,null,10,1,0
213,89,81360.5,81360.500000,-33.200000,-27044.900000,2259719463158194124,null,10,1,0
214,96,81360.5,81360.500000,-33.200000,-27044.900000,16205219862495393731,null,10,1,0
215,103,23.34,23.340000,-33.200000,-40.950000,18002597802288946553,null,10,1,0
216,111,23.34,23.340000,-33.200000,-40.950000,18202611360325042461,null,10,1,0
217,118,23.34,23.340000,-33.200000,-40.950000,8895422294264903754,null,10,1,0
218,125,23.34,23.340000,-33.200000,-40.950000,2312699995620719892,null,10,1,0
219,133,23.34,23.340000,-33.200000,-40.950000,15497106179259483190,null,10,1,0
220,140,23.34,23.340000,-33.200000,-40.950000,14701905011148216276,null,10,1,0
221,7,23.34,23.340000,-33.200000,-40.950000,6706892040133652921,null,11,1,0
222,15,23.34,23.340000,-33.200000,-40.950000,10620688448424776849,null,11,1,0
223,22,23.34,23.340000,-33.200000,-40.950000,1695647486865089488,null,11,1,0
224,29,81360.5,81360.500000,-33.200000,-27044.900000,15276005761318508765,null,11,1,0
225,36,23.34,23.340000,-33.200000,-40.950000,12051380479415817568,null,11,1,0
226,44,23.34,23.340000,-33.200000,-40.950000,14069388460404545320,null,11,1,0
227,51,23.34,23.340000,-33.200000,-40.950000,1168213191363597546,null,11,1,0
228,59,23.34,23.340000,-33.200000,-40.950000,16353606159840809395,null,11,1,0
229,66,23.34,23.340000,-33.200000,-40.950000,4799497857881515375,null,11,1,0
230,73,23.34,23.340000,-33.200000,-40.950000,5729094210698816838,null,11,1,0
231,81,23.34,23.340000,-33.200000,-40.950000,4352264714548928931,null,11,1,0
232,88,18.01,18.010000,-34.700000,-40.950000,16114054098158926892,null,11,1,0
233,96,18.01,18.010000,-34.700000,-40.950000,15881020542900989679,null,11,1,0
234,103,18.01,18.010000,-34.700000,-40.950000,1063668613466334660,null,11,1,0
235,111,18.01,18.010000,-34.700000,-40.950000,14661273326422468744,null,11,1,0
236,118,18.01,18.010000,-34.700000,-40.950000,4083401337755919497,null,11,1,0
237,126,18.01,18.010000,-34.700000,-40.950000,12144036596208001601,null,11,1,0
238,133,18.01,18.010000,-34.700000,-40.950000,18145508609150617192,null,11,1,0
239,141,18.01,18.010000,-34.700000,-40.950000,13510542879072278863,null,11,1,0
240,148,18.01,18.010000,-34.700000,-40.950000,12543621600683041028,null,11,1,0
241,7,23.34,23.340000,-33.200000,-40.950000,9317250108626102332,null,12,1,0
242,15,23.34,23.340000,-33.200000,-40.950000,15325070210933874443,null,12,1,0
243,22,23.34,23.340000,-33.200000,-40.950000,13552318020899668257,null,12,1,0
244,30,23.34,23.340000,-33.200000,-40.950000,12306046225316279169,null,12,1,0
245,37,23.34,23.340000,-33.200000,-40.950000,17950470280521675248,null,12,1,0
246,45,23.34,23.340000,-33.200000,-40.950000,12881353887696551566,null,12,1,0
247,52,23.34,23.340000,-33.200000,-40.950000,16099091843744989076,null,12,1,0
248,59,23.34,23.340000,-33.200000,-40.950000,17134903396696160926,null,12,1,0
249,67,23.34,23.340000,-33.200000,-40.950000,2408682628397334498,null,12,1,0
250,74,23.34,23.340000,-33.200000,-40.950000,1979677892259857889,null,12,1,0
251,82,23.34,23.340000,-33.200000,-40.950000,13936334373938341284,null,12,1,0
252,89,23.34,23.340000,-33.200000,-40.950000,4316534522036270029,null,12,1,0
253,96,23.34,23.340000,-33.200000,-40.950000,3884228623989327056,null,12,1,0
254,104,23.34,23.340000,-33.200000,-40.950000,13227810307732379804,null,12,1,0
255,111,23.34,23.340000,-33.200000,-40.950000,15888066166118645666,null,12,1,0
256,119,18.01,18.010000,-34.700000,-40.950000,2981062759763162808,null,12,1,0
257,126,18.01,18.010000,-34.700000,-40.950000,5926407310208705535,null,12,1,0
258,134,23.34,23.340000,-33.200000,-40.950000,13616862056963880896,null,12,1,0
259,141,18.01,18.010000,-34.700000,-40.950000,4333852891422175779,null,12,1,0
260,149,18.01,18.010000,-34.700000,-40.950000,18035562126368726303,null,12,1,0
261,7,23.34,23.340000,-33.200000,-40.950000,2490764450321250739,null,13,1,0
262,15,23.34,23.340000,-33.200000,-40.950000,4935617009690665181,null,13,1,0
263,22,23.34,23.340000,-33.200000,-40.950000,7176950542460156385,null,13,1,0
264,30,23.34,23.340000,-33.200000,-40.950000,728338320205791587,null,13,1,0
265,37,23.34,23.340000,-33.200000,-40.950000,9576289162817505910,null,13,1,0
266,44,81360.5,81360.500000,-33.200000,-27044.900000,3193789756281490055,null,13,1,0
267,52,23.34,23.340000,-33.200000,-40.950000,7974091341418909715,null,13,1,0
268,59,23.34,23.340000,-33.200000,-40.950000,16926050116194581701,null,13,1,0
269,67,23.34,23.340000,-33.200000,-40.950000,17805913084620709920,null,13,1,0
270,74,23.34,23.340000,-33.200000,-40.950000,2836535294551260226,null,13,1,0
271,81,23.34,23.340000,-33.200000,-40.950000,6682553203502519999,null,13,1,0
272,89,23.34,23.340000,-33.200000,-40.950000,2148365224923726904,null,13,1,0
273,96,23.34,23.340000,-33.200000,-40.950000,12223505229740371416,null,13,1,0
274,104,23.34,23.340000,-33.200000,-40.950000,12209776000366252178,null,13,1,0
275,111,23.34,23.340000,-33.200000,-40.950000,16356655437443144255,null,13,1,0
276,119,23.34,23.340000,-33.200000,-40.950000,5436931361454862627,null,13,1,0
277,126,23.34,23.340000,-33.200000,-40.950000,11726188224236155713,null,13,1,0
278,134,23.34,23.340000,-33.200000,-40.950000,9033648945550430259,null,13,1,0
279,141,23.34,23.340000,-33.200000,-40.950000,17556967635696042992,null,13,1,0
280,148,23.34,23.340000,-33.200000,-40.950000,10350160916874190061,null,13,1,0
281,7,23.34,23.340000,-33.200000,-40.950000,2181981743119798512,null,14,1,0
282,15,23.34,23.340000,-33.200000,-40.950000,12608309854765417794,null,14,1,0
283,22,23.34,23.340000,-33.200000,-40.950000,3217765822794501871,null,14,1,0
284,30,23.34,23.340000,-33.200000,-40.950000,799051370834835644,null,14,1,0
285,37,23.34,23.340000,-33.200000,-40.950000,6619878317841049876,null,14,1,0
286,45,23.34,23.340000,-33.200000,-40.950000,14584582509385705376,null,14,1,0
287,52,23.34,23.340000,-33.200000,-40.950000,11532528321289040906,null,14,1,0
288,60,23.34,23.340000,-33.200000,-40.950000,4661375929432770419,null,14,1,0
289,67,23.34,23.340000,-33.200000,-40.950000,17778396899300929003,null,14,1,0
290,74,23.34,23.340000,-33.200000,-40.950000,4903355294953808797,null,14,1,0
291,82,23.34,23.340000,-33.200000,-40.950000,17761512421417506287,null,14,1,0
292,89,23.34,23.340000,-33.200000,-40.950000,1418225304226443844,null,14,1,0
293,97,23.34,23.340000,-33.200000,-40.950000,18171645202005540852,null,14,1,0
294,104,23.34,23.340000,-33.200000,-40.950000,10527905554283182450,null,14,1,0
295,112,23.34,23.340000,-33.200000,-40.950000,18076605875632645050,null,14,1,0
296,119,23.34,23.340000,-33.200000,-40.950000,5736035713725195676,null,14,1,0
297,126,23.34,23.340000,-33.200000,-40.950000,1601506216221845545,null,14,1,0
298,134,23.34,23.340000,-33.200000,-40.950000,3218368659911292533,null,14,1,0
299,141,23.34,23.340000,-33.200000,-40.950000,5077086173453708130,null,14,1,0
300,149,23.34,23.340000,-33.200000,-40.950000,16073057919287742062,null,14,1,0
301,7,81360.5,81360.500000,-33.200000,-27044.900000,10864511613663357953,null,15,1,0
302,14,81360.5,81360.500000,-33.200000,-27044.900000,6497356203137054066,null,15,1,0
303,21,81360.5,81360.500000,-33.200000,-27044.900000,5401332560696190511,null,15,1,0
304,27,81360.5,81360.500000,-33.200000,-27044.900000,6292146816113581013,null,15,1,0
305,34,81360.5,81360.500000,-33.200000,-27044.900000,11835572688163789121,null,15,1,0
306,41,81360.5,81360.500000,-33.200000,-27044.900000,478305154281138653,null,15,1,0
307,48,81360.5,81360.500000,-33.200000,-27044.900000,1574772321222462804,null,15,1,0
308,55,81360.5,81360.500000,-33.200000,-27044.900000,14352388101877925857,null,15,1,0
309,62,81360.5,81360.500000,-33.200000,-27044.900000,2847391062586891341,null,15,1,0
310,69,81360.5,81360.500000,-33.200000,-27044.900000,14246945708597909630,null,15,1,0
311,75,81360.5,81360.500000,-33.200000,-27044.900000,6997767279512902417,null,15,1,0
312,82,81360.5,81360.500000,-33.200000,-27044.900000,14077765541751327335,null,15,1,0
313,90,23.34,23.340000,-33.200000,-40.950000,7544310250197607698,null,15,1,0
314,97,23.34,23.340000,-33.200000,-40.950000,9107237377811956036,null,15,1,0
315,104,23.34,23.340000,-33.200000,-40.950000,4200555068247659748,null,15,1,0
316,112,23.34,23.340000,-33.200000,-40.950000,12659302679774333471,null,15,1,0
317,119,23.34,23.340000,-33.200000,-40.950000,598757081788768832,null,15,1,0
318,127,18.01,18.010000,-34.700000,-40.950000,4456243990854000761,null,15,1,0
319,134,18.01,18.010000,-34.700000,-40.950000,14069704044299457855,null,15,1,0
320,142,23.34,23.340000,-33.200000,-40.950000,1377751022344283564,null,15,1,0
321,7,23.34,23.340000,-33.200000,-40.950000,14677458569570314486,null,16,1,0
322,15,23.34,23.340000,-33.200000,-40.950000,4631746365473316568,null,16,1,0
323,22,23.34,23.340000,-33.200000,-40.950000,6595425795474556260,null,16,1,0
324,30,23.34,23.340000,-33.200000,-40.950000,5947985051268900989,null,16,1,0
325,37,23.34,23.340000,-33.200000,-40.950000,3610947990517271299,null,16,1,0
326,45,23.34,23.340000,-33.200000,-40.950000,6793610234194789909,null,16,1,0
327,52,23.34,23.340000,-33.200000,-40.950000,6694974336688200452,null,16,1,0
328,59,23.34,23.340000,-33.200000,-40.950000,4546375645626372837,null,16,1,0
329,67,23.34,23.340000,-33.200000,-40.950000,9833722714150974946,null,16,1,0
330,74,23.34,23.340000,-33.200000,-40.950000,13538395237893046179,null,16,1,0
331,82,23.34,23.340000,-33.200000,-40.950000,17200459430225312230,null,16,1,0
332,89,23.34,23.340000,-33.200000,-40.950000,17065472821328346206,null,16,1,0
333,97,23.34,23.340000,-33.200000,-40.950000,6107036836760298124,null,16,1,0
334,104,23.34,23.340000,-33.200000,-40.950000,6246025334510807850,null,16,1,0
335,112,23.34,23.340000,-33.200000,-40.950000,16454951441238096774,null,16,1,0
336,119,23.34,23.340000,-33.200000,-40.950000,6912045189436488394,null,16,1,0
337,126,23.34,23.340000,-33.200000,-40.950000,7266300988839395577,null,16,1,0
338,134,23.34,23.340000,-33.200000,-40.950000,5417894154109714495,null,16,1,0
339,141,23.34,23.340000,-33.200000,-40.950000,11543641876939427728,null,16,1,0
340,149,23.34,23.340000,-33.200000,-40.950000,12375295372926238497,null,16,1,0
341,7,23.34,23.340000,-33.200000,-40.950000,15452067217501088621,null,17,1,0
342,15,23.34,23.340000,-33.200000,-40.950000,5320884728052159611,null,17,1,0
343,22,23.34,23.340000,-33.200000,-40.950000,14433648167018258407,null,17,1,0
344,30,23.34,23.340000,-33.200000,-40.950000,5671426798647279892,null,17,1,0
345,37,23.34,23.340000,-33.200000,-40.950000,11729715217107191468,null,17,1,0
346,45,23.34,23.340000,-33.200000,-40.950000,6357649441669487503,null,17,1,0
347,52,23.34,23.340000,-33.200000,-40.950000,15520014519386243095,null,17,1,0
348,59,23.34,23.340000,-33.200000,-40.950000,2949168771772770701,null,17,1,0
349,67,23.34,23.340000,-33.200000,-40.950000,1245382009166474664,null,17,1,0
350,74,23.34,23.340000,-33.200000,-40.950000,875694005970424637,null,17,1,0
351,82,23.34,23.340000,-33.200000,-40.950000,15139361496018074231,null,17,1,0
352,89,23.34,23.340000,-33.200000,-40.950000,10784456798035361971,null,17,1,0
353,97,23.34,23.340000,-33.200000,-40.950000,8069185280526934622,null,17,1,0
354,104,23.34,23.340000,-33.200000,-40.950000,1150818791347596911,null,17,1,0
355,112,23.34,23.340000,-33.200000,-40.950000,13934898262618681483,null,17,1,0
356,119,23.34,23.340000,-33.200000,-40.950000,11264020216397414281,null,17,1,0
357,126,23.34,23.340000,-33.200000,-40.950000,9473516226057012682,null,17,1,0
358,134,23.34,23.340000,-33.200000,-40.950000,2511708897427022021,null,17,1,0
359,141,23.34,23.340000,-33.200000,-40.950000,2340333847532644001,null,17,1,0
360,149,23.34,23.340000,-33.200000,-40.950000,12678439766781659411,null,17,1,0
361,7,23.34,23.340000,-33.200000,-40.950000,16021968816296531558,null,18,1,0
362,15,23.34,23.340000,-33.200000,-40.950000,13188421747695466259,null,18,1,0
363,22,23.34,23.340000,-33.200000,-40.950000,8257246766071616401,null,18,1,0
364,30,23.34,23.340000,-33.200000,-40.950000,8693045778076969065,null,18,1,0
365,37,23.34,23.340000,-33.200000,-40.950000,1816661213811112657,null,18,1,0
366,45,23.34,23.340000,-33.200000,-40.950000,3400820206164134423,null,18,1,0
367,52,23.34,23.340000,-33.200000,-40.950000,16089521575736833198,null,18,1,0
368,60,23.34,23.340000,-33.200000,-40.950000,108837518430233314,null,18,1,0
369,67,23.34,23.340000,-33.200000,-40.950000,15280341903740789968,null,18,1,0
370,74,23.34,23.340000,-33.200000,-40.950000,7675483801192561821,null,18,1,0
371,82,23.34,23.340000,-33.200000,-40.950000,16785864134045455954,null,18,1,0
372,89,23.34,23.340000,-33.200000,-40.950000,11951952652925987179,null,18,1,0
373,97,23.34,23.340000,-33.200000,-40.950000,15059076670353767525,null,18,1,0
374,104,23.34,23.340000,-33.200000,-40.950000,8004633820516224237,null,18,1,0
375,112,23.34,23.340000,-33.200000,-40.950000,1022948642135251780,null,18,1,0
376,119,23.34,23.340000,-33.200000,-40.950000,11310674728675067451,null,18,1,0
377,126,23.34,23.340000,-33.200000,-40.950000,3717840801874093222,null,18,1,0
378,134,23.34,23.340000,-33.200000,-40.950000,13596644824123131966,null,18,1,0
379,141,23.34,23.340000,-33.200000,-40.950000,5135214732038025621,null,18,1,0
380,149,23.34,23.340000,-33.200000,-40.950000,9742599914041812654,null,18,1,0
381,7,23.34,23.340000,-33.200000,-40.950000,3615627837322206061,null,19,1,0
382,14,81360.5,81360.500000,-33.200000,-27044.900000,13448136500172596484,null,19,1,0
383,22,23.34,23.340000,-33.200000,-40.950000,9917857336204682983,null,19,1,0
384,29,23.34,23.340000,-33.200000,-40.950000,18226566943899201216,null,19,1,0
385,37,23.34,23.340000,-33.200000,-40.950000,7850068620561875271,null,19,1,0
386,44,23.34,23.340000,-33.200000,-40.950000,13755418226366707597,null,19,1,0
387,51,23.34,23.340000,-33.200000,-40.950000,16387980727721383801,null,19,1,0
388,59,23.34,23.340000,-33.200000,-40.950000,14738536518043062195,null,19,1,0
389,66,23.34,23.340000,-33.200000,-40.950000,12275501317307634073,null,19,1,0
390,74,23.34,23.340000,-33.200000,-40.950000,13711601665629768360,null,19,1,0
391,81,23.34,23.340000,-33.200000,-40.950000,13150180456962607253,null,19,1,0
392,88,23.34,23.340000,-33.200000,-40.950000,17838403519727794713,null,19,1,0
393,96,23.34,23.340000,-33.200000,-40.950000,5447350415209988143,null,19,1,0
394,103,23.34,23.340000,-33.200000,-40.950000,7351337855713116269,null,19,1,0
395,111,18.01,18.010000,-34.700000,-40.950000,15161419977161268935,null,19,1,0
396,118,18.01,18.010000,-34.700000,-40.950000,5531628375584883075,null,19,1,0
397,126,23.34,23.340000,-33.200000,-40.950000,6682622023036756122,null,19,1,0
398,133,18.01,18.010000,-34.700000,-40.950000,6705622089222137420,null,19,1,0
399,141,18.01,18.010000,-34.700000,-40.950000,9505817588555522073,null,19,1,0
400,148,18.01,18.010000,-34.700000,-40.950000,11030791922417181091,null,19,1,0
401,7,23.34,23.340000,-33.200000,-40.950000,17319943978227954648,null,20,1,0
402,15,23.34,23.340000,-33.200000,-40.950000,15017324465235751508,null,20,1,0
403,23,23.34,23.340000,-33.200000,-40.950000,12541590816089052941,null,20,1,0
404,30,23.34,23.340000,-33.200000,-40.950000,14408740748629948862,null,20,1,0
405,38,23.34,23.340000,-33.200000,-40.950000,11763470941677338844,null,20,1,0
406,45,23.34,23.340000,-33.200000,-40.950000,17267024175406569054,null,20,1,0
407,53,23.34,23.340000,-33.200000,-40.950000,6624268264483350860,null,20,1,0
408,60,23.34,23.340000,-33.200000,-40.950000,12170019214765862015,null,20,1,0
409,68,23.34,23.340000,-33.200000,-40.950000,16918702853328435098,null,20,1,0
410,75,23.34,23.340000,-33.200000,-40.950000,14791954927732696429,null,20,1,0
411,83,23.34,23.340000,-33.200000,-40.950000,11907143544024964344,null,20,1,0
412,90,18.01,18.010000,-34.700000,-40.950000,2334203935530203572,null,20,1,0
413,98,18.01,18.010000,-34.700000,-40.950000,18040202719036320193,null,20,1,0
414,105,18.01,18.010000,-34.700000,-40.950000,16892105895148759558,null,20,1,0
415,113,18.01,18.010000,-34.700000,-40.950000,10383902110237648417,null,20,1,0
416,120,18.01,18.010000,-34.700000,-40.950000,8550695305491721110,null,20,1,0
417,128,18.01,18.010000,-34.700000,-40.950000,5762171105975996008,null,20,1,0
418,135,18.01,18.010000,-34.700000,-40.950000,5073729720059278679,null,20,1,0
419,142,18.01,18.010000,-34.700000,-40.950000,13236003319612025199,null,20,1,0
420,150,18.01,18.010000,-34.700000,-40.950000,16962743126043589727,null,20,1,0
421,7,81360.5,81360.500000,-33.200000,-27044.900000,1090443527578030013,null,21,1,0
422,14,81360.5,81360.500000,-33.200000,-27044.900000,8378909680248488983,null,21,1,0
423,21,81360.5,81360.500000,-33.200000,-27044.900000,13217515310604823401,null,21,1,0
424,27,81360.5,81360.500000,-33.200000,-27044.900000,10965425437894440641,null,21,1,0
425,34,81360.5,81360.500000,-33.200000,-27044.900000,2572072045217561418,null,21,1,0
426,42,23.34,23.340000,-33.200000,-40.950000,15006757147429643268,null,21,1,0
427,49,23.34,23.340000,-33.200000,-40.950000,5302519497736426317,null,21,1,0
428,57,23.34,23.340000,-33.200000,-40.950000,12256731852094546680,null,21,1,0
429,64,23.34,23.340000,-33.200000,-40.950000,7805026943175058040,null,21,1,0
430,72,23.34,23.340000,-33.200000,-40.950000,5482698229760948054,null,21,1,0
431,79,23.34,23.340000,-33.200000,-40.950000,6036592858106119070,null,21,1,0
432,86,18.01,18.010000,-34.700000,-40.950000,10186740099272277212,null,21,1,0
433,94,18.01,18.010000,-34.700000,-40.950000,7796835837056749384,null,21,1,0
434,102,18.01,18.010000,-34.700000,-40.950000,15339529933021347661,null,21,1,0
435,109,18.01,18.010000,-34.700000,-40.950000,6530334768650703304,null,21,1,0
436,117,18.01,18.010000,-34.700000,-40.950000,10941460469206305601,null,21,1,0
437,124,23.34,23.340000,-33.200000,-40.950000,986896734731339116,null,21,1,0
438,131,18.01,18.010000,-34.700000,-40.950000,15768160656852390898,null,21,1,0
439,139,18.01,18.010000,-34.700000,-40.950000,5132995825387801330,null,21,1,0
440,147,18.01,18.010000,-34.700000,-40.950000,11483264156710054129,null,21,1,0
441,7,23.34,23.340000,-33.200000,-40.950000,10389350028781937263,null,22,1,0
442,15,23.34,23.340000,-33.200000,-40.950000,10118889309912931701,null,22,1,0
443,22,23.34,23.340000,-33.200000,-40.950000,13508861907009058523,null,22,1,0
444,30,23.34,23.340000,-33.200000,-40.950000,1253869555567210665,null,22,1,0
445,37,23.34,23.340000,-33.200000,-40.950000,18030407722010914819,null,22,1,0
446,45,23.34,23.340000,-33.200000,-40.950000,6968074573971341517,null,22,1,0
447,52,23.34,23.340000,-33.200000,-40.950000,4254545087238639734,null,22,1,0
448,60,23.34,23.340000,-33.200000,-40.950000,8977081175862900968,null,22,1,0
449,67,23.34,23.340000,-33.200000,-40.950000,7229110678159989916,null,22,1,0
450,74,23.34,23.340000,-33.200000,-40.950000,2821226015609503279,null,22,1,0
451,82,23.34,23.340000,-33.200000,-40.950000,1980063492072622327,null,22,1,0
452,89,23.34,23.340000,-33.200000,-40.950000,10027917012174188802,null,22,1,0
453,97,23.34,23.340000,-33.200000,-40.950000,6459927121882403710,null,22,1,0
454,104,23.34,23.340000,-33.200000,-40.950000,16369636585044221515,null,22,1,0
455,111,23.34,23.340000,-33.200000,-40.950000,6668981953826295564,null,22,1,0
456,119,23.34,23.340000,-33.200000,-40.950000,12826531798554403695,null,22,1,0
457,126,23.34,23.340000,-33.200000,-40.950000,2208899184673759541,null,22,1,0
458,134,23.34,23.340000,-33.200000,-40.950000,16136068106640264971,null,22,1,0
459,141,23.34,23.340000,-33.200000,-40.950000,5409441297372673433,null,22,1,0
460,149,23.34,23.340000,-33.200000,-40.950000,9257033314610674411,null,22,1,0
461,7,23.34,23.340000,-33.200000,-40.950000,1207418868273169313,null,23,1,0
462,15,23.34,23.340000,-33.200000,-40.950000,2734284583783561773,null,23,1,0
463,22,23.34,23.340000,-33.200000,-40.950000,8277142352581098857,null,23,1,0
464,30,23.34,23.340000,-33.200000,-40.950000,5014785280979526265,null,23,1,0
465,37,23.34,23.340000,-33.200000,-40.950000,3333094571018091067,null,23,1,0
466,45,23.34,23.340000,-33.200000,-40.950000,5572639239714933777,null,23,1,0
467,52,23.34,23.340000,-33.200000,-40.950000,8698272185380036218,null,23,1,0
468,59,23.34,23.340000,-33.200000,-40.950000,5330143503602721976,null,23,1,0
469,66,81360.5,81360.500000,-33.200000,-27044.900000,6215920474861449937,null,23,1,0
470,74,23.34,23.340000,-33.200000,-40.950000,7191043748375339609,null,23,1,0
471,81,23.34,23.340000,-33.200000,-40.950000,8790463063929455271,null,23,1,0
472,89,23.34,23.340000,-33.200000,-40.950000,17420676991203473317,null,23,1,0
473,96,23.34,23.340000,-33.200000,-40.950000,3743335984710421695,null,23,1,0
474,104,23.34,23.340000,-33.200000,-40.950000,3564586092910753767,null,23,1,0
475,111,23.34,23.340000,-33.200000,-40.950000,15491839178259042284,null,23,1,0
476,118,23.34,23.340000,-33.200000,-40.950000,2284403194669743995,null,23,1,0
477,126,23.34,23.340000,-33.200000,-40.950000,2887788104461728985,null,23,1,0
478,133,23.34,23.340000,-33.200000,-40.950000,9797976978626725013,null,23,1,0
479,141,23.34,23.340000,-33.200000,-40.950000,13319430725440011755,null,23,1,0
480,148,23.34,23.340000,-33.200000,-40.950000,2751128022817851109,null,23,1,0
481,7,23.34,23.340000,-33.200000,-40.950000,4603836441133931136,null,24,1,0
482,15,23.34,23.340000,-33.200000,-40.950000,10263364219862945413,null,24,1,0
483,22,23.34,23.340000,-33.200000,-40.950000,680476719548100437,null,24,1,0
484,29,23.34,23.340000,-33.200000,-40.950000,15004559225383007596,null,24,1,0
485,37,23.34,23.340000,-33.200000,-40.950000,6376846218414484077,null,24,1,0
486,44,23.34,23.340000,-33.200000,-40.950000,8066317958322451540,null,24,1,0
487,51,23.34,23.340000,-33.200000,-40.950000,2424039789825553978,null,24,1,0
488,59,23.34,23.340000,-33.200000,-40.950000,4571520740934833888,null,24,1,0
489,66,23.34,23.340000,-33.200000,-40.950000,12003826211381844503,null,24,1,0
490,73,23.34,23.340000,-33.200000,-40.950000,4434754343884735947,null,24,1,0
491,81,23.34,23.340000,-33.200000,-40.950000,12839054519562022372,null,24,1,0
492,88,23.34,23.340000,-33.200000,-40.950000,9889098719473020673,null,24,1,0
493,96,23.34,23.340000,-33.200000,-40.950000,7692052135452204195,null,24,1,0
494,103,23.34,23.340000,-33.200000,-40.950000,16237652751330311607,null,24,1,0
495,110,23.34,23.340000,-33.200000,-40.950000,17078020456746801320,null,24,1,0
496,118,23.34,23.340000,-33.200000,-40.950000,16687781842638120677,null,24,1,0
497,125,23.34,23.340000,-33.200000,-40.950000,14564563134916889078,null,24,1,0
498,132,23.34,23.340000,-33.200000,-40.950000,12152830978493554497,null,24,1,0
499,140,23.34,23.340000,-33.200000,-40.950000,4546277733048714342,null,24,1,0
500,147,23.34,23.340000,-33.200000,-40.950000,1531626704285872723,null,24,1,0
501,7,81360.5,81360.500000,-33.200000,-27044.900000,8968463704540041480,null,25,1,0
502,13,81360.5,81360.500000,-33.200000,-27044.900000,4113617967576497128,null,25,1,0
503,21,18.01,18.010000,-34.700000,-40.950000,761265224545432950,null,25,1,0
504,28,18.01,18.010000,-34.700000,-40.950000,8095914042702456010,null,25,1,0
505,36,18.01,18.010000,-34.700000,-40.950000,15507790277868269542,null,25,1,0
506,43,18.01,18.010000,-34.700000,-40.950000,16946183332401807085,null,25,1,0
507,51,18.01,18.010000,-34.700000,-40.950000,12926052417077302662,null,25,1,0
508,58,18.01,18.010000,-34.700000,-40.950000,10315918470138959615,null,25,1,0
509,66,18.01,18.010000,-34.700000,-40.950000,10090251969514148639,null,25,1,0
510,73,18.01,18.010000,-34.700000,-40.950000,12040527156939206859,null,25,1,0
511,81,18.01,18.010000,-34.700000,-40.950000,10701929636774872414,null,25,1,0
512,88,18.01,18.010000,-34.700000,-40.950000,5786170386628109511,null,25,1,0
513,95,18.01,18.010000,-34.700000,-40.950000,3094295929210502148,null,25,1,0
514,103,18.01,18.010000,-34.700000,-40.950000,15307338085989407347,null,25,1,0
515,110,18.01,18.010000,-34.700000,-40.950000,2605279619685980880,null,25,1,0
516,118,18.01,18.010000,-34.700000,-40.950000,7889248027142946706,null,25,1,0
517,125,23.34,23.340000,-33.200000,-40.950000,13046713690556135694,null,25,1,0
518,133,23.34,23.340000,-33.200000,-40.950000,11739374908945076129,null,25,1,0
519,140,18.01,18.010000,-34.700000,-40.950000,13399748864836445764,null,25,1,0
520,147,18.01,18.010000,-34.700000,-40.950000,5771737470018523419,null,25,1,0
521,7,23.34,23.340000,-33.200000,-40.950000,2753994204433874939,null,26,1,0
522,15,23.34,23.340000,-33.200000,-40.950000,9417459566643077199,null,26,1,0
523,22,23.34,23.340000,-33.200000,-40.950000,16602807838873077072,null,26,1,0
524,29,23.34,23.340000,-33.200000,-40.950000,10119132112912531021,null,26,1,0
525,37,23.34,23.340000,-33.200000,-40.950000,2966030532927531604,null,26,1,0
526,44,23.34,23.340000,-33.200000,-40.950000,16056239951525482630,null,26,1,0
527,51,23.34,23.340000,-33.200000,-40.950000,4292217271927833384,null,26,1,0
528,59,23.34,23.340000,-33.200000,-40.950000,1484159777248370900,null,26,1,0
529,66,23.34,23.340000,-33.200000,-40.950000,14793323391746760908,null,26,1,0
530,73,23.34,23.340000,-33.200000,-40.950000,14460968694424954887,null,26,1,0
531,81,23.34,23.340000,-33.200000,-40.950000,11124031857852128136,null,26,1,0
532,88,23.34,23.340000,-33.200000,-40.950000,13591116286480094424,null,26,1,0
533,95,23.34,23.340000,-33.200000,-40.950000,16979614729613583848,null,26,1,0
534,102,81360.5,81360.500000,-33.200000,-27044.900000,11130667718886307172,null,26,1,0
535,109,23.34,23.340000,-33.200000,-40.950000,6730676723952296290,null,26,1,0
536,117,23.34,23.340000,-33.200000,-40.950000,2183641309256530431,null,26,1,0
537,124,23.34,23.340000,-33.200000,-40.950000,952305666493783554,null,26,1,0
538,131,23.34,23.340000,-33.200000,-40.950000,15588983680891982548,null,26,1,0
539,139,23.34,23.340000,-33.200000,-40.950000,4365390021556248022,null,26,1,0
540,146,23.34,23.340000,-33.200000,-40.950000,7847615554389744145,null,26,1,0
541,7,23.34,23.340000,-33.200000,-40.950000,5848669079666099897,null,27,1,0
542,15,23.34,23.340000,-33.200000,-40.950000,642382844488099512,null,27,1,0
543,22,23.34,23.340000,-33.200000,-40.950000,14592241093318807410,null,27,1,0
544,29,23.34,23.340000,-33.200000,-40.950000,8670187698743384341,null,27,1,0
545,37,23.34,23.340000,-33.200000,-40.950000,14353540815705543244,null,27,1,0
546,44,23.34,23.340000,-33.200000,-40.950000,12665682315581366748,null,27,1,0
547,51,23.34,23.340000,-33.200000,-40.950000,17067766097841160318,null,27,1,0
548,59,23.34,23.340000,-33.200000,-40.950000,13701764781326775177,null,27,1,0
549,66,23.34,23.340000,-33.200000,-40.950000,9686399880766452945,null,27,1,0
550,74,23.34,23.340000,-33.200000,-40.950000,6424050451782702164,null,27,1,0
551,81,23.34,23.340000,-33.200000,-40.950000,3545912313481950634,null,27,1,0
552,88,23.34,23.340000,-33.200000,-40.950000,3589698740762390572,null,27,1,0
553,96,23.34,23.340000,-33.200000,-40.950000,16584410885331984730,null,27,1,0
554,103,23.34,23.340000,-33.200000,-40.950000,2264774421188333675,null,27,1,0
555,111,23.34,23.340000,-33.200000,-40.950000,225350170014936886,null,27,1,0
556,118,23.34,23.340000,-33.200000,-40.950000,14064069009149664307,null,27,1,0
557,125,23.34,23.340000,-33.200000,-40.950000,3020211228795386422,null,27,1,0
558,133,23.34,23.340000,-33.200000,-40.950000,3077705829230002869,null,27,1,0
559,140,23.34,23.340000,-33.200000,-40.950000,14129816507874273726,null,27,1,0
560,147,23.34,23.340000,-33.200000,-40.950000,17988868146152986491,null,27,1,0
561,7,81360.5,81360.500000,-33.200000,-27044.900000,14543727364090923749,null,28,1,0
562,14,23.34,23.340000,-33.200000,-40.950000,12225093019322156635,null,28,1,0
563,21,18.01,18.010000,-34.700000,-40.950000,8156019890643243763,null,28,1,0
564,29,18.01,18.010000,-34.700000,-40.950000,5859063235558646321,null,28,1,0
565,36,23.34,23.340000,-33.200000,-40.950000,8540035754277444485,null,28,1,0
566,44,18.01,18.010000,-34.700000,-40.950000,13882468867362741355,null,28,1,0
567,51,18.01,18.010000,-34.700000,-40.950000,9486165028039538821,null,28,1,0
568,59,18.01,18.010000,-34.700000,-40.950000,806251168996919609,null,28,1,0
569,66,18.01,18.010000,-34.700000,-40.950000,13037602370949425308,null,28,1,0
570,74,18.01,18.010000,-34.700000,-40.950000,1203990572292776955,null,28,1,0
571,81,18.01,18.010000,-34.700000,-40.950000,12595000390779164534,null,28,1,0
572,89,18.01,18.010000,-34.700000,-40.950000,9915549034977950442,null,28,1,0
573,96,18.01,18.010000,-34.700000,-40.950000,7440065598857411793,null,28,1,0
574,104,18.01,18.010000,-34.700000,-40.950000,12235388424135633622,null,28,1,0
575,111,18.01,18.010000,-34.700000,-40.950000,7593384402856739427,null,28,1,0
576,119,18.01,18.010000,-34.700000,-40.950000,1782011003028323311,null,28,1,0
577,126,18.01,18.010000,-34.700000,-40.950000,9297061883480694530,null,28,1,0
578,133,23.34,23.340000,-33.200000,-40.950000,13428584025832164995,null,28,1,0
579,141,18.01,18.010000,-34.700000,-40.950000,4120773964015487053,null,28,1,0
580,148,18.01,18.010000,-34.700000,-40.950000,13445018680429761404,null,28,1,0
581,7,23.34,23.340000,-33.200000,-40.950000,13955683037893362227,null,29,1,0
582,14,23.34,23.340000,-33.200000,-40.950000,8439305722941348623,null,29,1,0
583,22,23.34,23.340000,-33.200000,-40.950000,10663258945079221202,null,29,1,0
584,29,23.34,23.340000,-33.200000,-40.950000,8421657937655156443,null,29,1,0
585,37,23.34,23.340000,-33.200000,-40.950000,13989546233839565555,null,29,1,0
586,44,23.34,23.340000,-33.200000,-40.950000,2412742509363810064,null,29,1,0
587,51,23.34,23.340000,-33.200000,-40.950000,3071880662994302171,null,29,1,0
588,59,23.34,23.340000,-33.200000,-40.950000,8451169297141175134,null,29,1,0
589,66,23.34,23.340000,-33.200000,-40.950000,8003739117621877626,null,29,1,0
590,73,23.34,23.340000,-33.200000,-40.950000,8341301267538151982,null,29,1,0
591,80,81360.5,81360.500000,-33.200000,-27044.900000,12216549033828902676,null,29,1,0
592,88,23.34,23.340000,-33.200000,-40.950000,9895890452575763864,null,29,1,0
593,95,23.34,23.340000,-33.200000,-40.950000,12872189363986053428,null,29,1,0
594,102,23.34,23.340000,-33.200000,-40.950000,12761050088118759675,null,29,1,0
595,110,23.34,23.340000,-33.200000,-40.950000,2004146029278333379,null,29,1,0
596,117,23.34,23.340000,-33.200000,-40.950000,14280321579772246201,null,29,1,0
597,124,23.34,23.340000,-33.200000,-40.950000,9032587710929392157,null,29,1,0
598,132,23.34,23.340000,-33.200000,-40.950000,7374634632196630672,null,29,1,0
599,139,23.34,23.340000,-33.200000,-40.950000,1067627445911482591,null,29,1,0
600,147,23.34,23.340000,-33.200000,-40.950000,6880995552406134135,null,29,1,0
601,7,81360.5,81360.500000,-33.200000,-27044.900000,14994491336534599694,null,30,1,0
602,13,81360.5,81360.500000,-33.200000,-27044.900000,998504675953110238,null,30,1,0
603,20,81360.5,81360.500000,-33.200000,-27044.900000,6345961009947459483,null,30,1,0
604,27,81360.5,81360.500000,-33.200000,-27044.900000,3961722909147074193,null,30,1,0
605,34,81360.5,81360.500000,-33.200000,-27044.900000,10583519014530563109,null,30,1,0
606,41,81360.5,81360.500000,-33.200000,-27044.900000,5354558353362366593,null,30,1,0
607,47,81360.5,81360.500000,-33.200000,-27044.900000,13073036966933216271,null,30,1,0
608,54,81360.5,81360.500000,-33.200000,-27044.900000,9564566080425541413,null,30,1,0
609,61,81360.5,81360.500000,-33.200000,-27044.900000,9371765898424540975,null,30,1,0
610,68,81360.5,81360.500000,-33.200000,-27044.900000,11707286237080398855,null,30,1,0
611,75,81360.5,81360.500000,-33.200000,-27044.900000,2153248264225936313,null,30,1,0
612,81,81360.5,81360.500000,-33.200000,-27044.900000,2947015691332313670,null,30,1,0
613,88,81360.5,81360.500000,-33.200000,-27044.900000,9208454028145880066,null,30,1,0
614,95,81360.5,81360.500000,-33.200000,-27044.900000,6339563368989412655,null,30,1,0
615,102,81360.5,81360.500000,-33.200000,-27044.900000,5418501288347688813,null,30,1,0
616,109,81360.5,81360.500000,-33.200000,-27044.900000,12628652306451027312,null,30,1,0
617,115,81360.5,81360.500000,-33.200000,-27044.900000,18263826690895811272,null,30,1,0
618,122,81360.5,81360.500000,-33.200000,-27044.900000,2201261512123498426,null,30,1,0
619,129,81360.5,81360.500000,-33.200000,-27044.900000,10847413291216895497,null,30,1,0
620,136,81360.5,81360.500000,-33.200000,-27044.900000,12835397854053162556,null,30,1,0
621,7,23.34,23.340000,-33.200000,-40.950000,9199740695862864738,null,31,1,0
622,15,23.34,23.340000,-33.200000,-40.950000,160076774697755802,null,31,1,0
623,22,18.01,18.010000,-34.700000,-40.950000,9409106530351916957,null,31,1,0
624,30,18.01,18.010000,-34.700000,-40.950000,9441750195885268192,null,31,1,0
625,37,18.01,18.010000,-34.700000,-40.950000,5210944094737256931,null,31,1,0
626,44,18.01,18.010000,-34.700000,-40.950000,5663429231561869594,null,31,1,0
627,52,18.01,18.010000,-34.700000,-40.950000,17240962172211562750,null,31,1,0
628,59,18.01,18.010000,-34.700000,-40.950000,720475969717177330,null,31,1,0
629,67,18.01,18.010000,-34.700000,-40.950000,8651042519745388433,null,31,1,0
630,74,23.34,23.340000,-33.200000,-40.950000,10293141905458414599,null,31,1,0
631,81,18.01,18.010000,-34.700000,-40.950000,16929345122028469546,null,31,1,0
632,89,18.01,18.010000,-34.700000,-40.950000,11615087602856210361,null,31,1,0
633,96,18.01,18.010000,-34.700000,-40.950000,11793166576260862672,null,31,1,0
634,104,18.01,18.010000,-34.700000,-40.950000,11783092685862938420,null,31,1,0
635,111,18.01,18.010000,-34.700000,-40.950000,4046011916813792988,null,31,1,0
636,119,18.01,18.010000,-34.700000,-40.950000,8902209194510831782,null,31,1,0
637,125,81360.5,81360.500000,-33.200000,-27044.900000,14046501413685995523,null,31,1,0
638,133,18.01,18.010000,-34.700000,-40.950000,11564039119493132545,null,31,1,0
639,140,18.01,18.010000,-34.700000,-40.950000,15255455079178412624,null,31,1,0
640,147,18.01,18.010000,-34.700000,-40.950000,631781259634992225,null,31,1,0
641,159,121371,121370.780000,-33.200000,-40328.300000,9737618245863125003,null,0,1,1
642,167,18.01,18.010000,-34.700000,-40.950000,9983820288976421391,null,0,1,1
643,157,23.34,23.340000,-33.200000,-40.950000,10363370314756386445,null,1,1,1
644,166,80480.7,80480.720000,-33.200000,-26752.800000,9527437579712775590,null,1,1,1
645,158,18.01,18.010000,-34.700000,-40.950000,7273542058181643066,null,2,1,1
646,167,18.01,18.010000,-34.700000,-40.950000,15418176047967766964,null,2,1,1
647,158,18.01,18.010000,-34.700000,-40.950000,16530701370656331071,null,3,1,1
648,167,18.01,18.010000,-34.700000,-40.950000,1401916807461564406,null,3,1,1
649,158,18.01,18.010000,-34.700000,-40.950000,17764143443116987715,null,4,1,1
650,167,18.01,18.010000,-34.700000,-40.950000,9781184767616232319,null,4,1,1
651,158,18.01,18.010000,-34.700000,-40.950000,4812684819568906326,null,5,1,1
652,168,18.01,18.010000,-34.700000,-40.950000,15504937401847636464,null,5,1,1
653,158,18.01,18.010000,-34.700000,-40.950000,10140944008688587507,null,6,1,1
654,167,18.01,18.010000,-34.700000,-40.950000,4742527215136735322,null,6,1,1
655,158,18.01,18.010000,-34.700000,-40.950000,471968054494632486,null,7,1,1
656,167,18.01,18.010000,-34.700000,-40.950000,1018400287882025891,null,7,1,1
657,158,18.01,18.010000,-34.700000,-40.950000,18226317941090007565,null,8,1,1
658,167,18.01,18.010000,-34.700000,-40.950000,6265729667444986231,null,8,1,1
659,158,18.01,18.010000,-34.700000,-40.950000,13891401785758415796,null,9,1,1
660,169,121371,121370.780000,-33.200000,-40328.300000,4805646437031335870,null,9,1,1
661,158,18.01,18.010000,-34.700000,-40.950000,9947332979062849329,null,10,1,1
662,167,18.01,18.010000,-34.700000,-40.950000,16388111136858470013,null,10,1,1
663,158,23.34,23.340000,-33.200000,-40.950000,6836083255942251158,null,11,1,1
664,167,23.34,23.340000,-33.200000,-40.950000,12456413819519616523,null,11,1,1
665,158,23.34,23.340000,-33.200000,-40.950000,4570912956393036108,null,12,1,1
666,167,23.34,23.340000,-33.200000,-40.950000,12725658518616500172,null,12,1,1
667,158,23.34,23.340000,-33.200000,-40.950000,9957603447408091687,null,13,1,1
668,167,23.34,23.340000,-33.200000,-40.950000,3147816627678247940,null,13,1,1
669,158,23.34,23.340000,-33.200000,-40.950000,2843034638640044085,null,14,1,1
670,167,23.34,23.340000,-33.200000,-40.950000,7095257946068223856,null,14,1,1
671,158,23.34,23.340000,-33.200000,-40.950000,12389127345131700044,null,15,1,1
672,167,18.01,18.010000,-34.700000,-40.950000,16945445944001928730,null,15,1,1
673,158,18.01,18.010000,-34.700000,-40.950000,15198406928889121944,null,16,1,1
674,167,18.01,18.010000,-34.700000,-40.950000,2379654842999614011,null,16,1,1
675,158,18.01,18.010000,-34.700000,-40.950000,1735591255370956597,null,17,1,1
676,167,18.01,18.010000,-34.700000,-40.950000,5191062076966592554,null,17,1,1
677,158,18.01,18.010000,-34.700000,-40.950000,6389497260631745802,null,18,1,1
678,167,18.01,18.010000,-34.700000,-40.950000,9693462064940391327,null,18,1,1
679,158,18.01,18.010000,-34.700000,-40.950000,15280050427278613888,null,19,1,1
680,167,18.01,18.010000,-34.700000,-40.950000,15910267957378601205,null,19,1,1
681,158,18.01,18.010000,-34.700000,-40.950000,7571497791592446686,null,20,1,1
682,167,18.01,18.010000,-34.700000,-40.950000,5115591976441494974,null,20,1,1
683,158,18.01,18.010000,-34.700000,-40.950000,9482445565404813215,null,21,1,1
684,167,18.01,18.010000,-34.700000,-40.950000,3939297367806229164,null,21,1,1
685,158,18.01,18.010000,-34.700000,-40.950000,6639174311901260319,null,22,1,1
686,158,18.01,18.010000,-34.700000,-40.950000,11222038413123560194,null,23,1,1
687,158,18.01,18.010000,-34.700000,-40.950000,3771668344965482518,null,24,1,1
688,158,18.01,18.010000,-34.700000,-40.950000,11572472302662765436,null,25,1,1
689,158,18.01,18.010000,-34.700000,-40.950000,8082068252887281365,null,26,1,1
690,158,18.01,18.010000,-34.700000,-40.950000,8297357734936143910,null,27,1,1
691,158,18.01,18.010000,-34.700000,-40.950000,7496249510430789450,null,28,1,1
692,158,18.01,18.010000,-34.700000,-40.950000,16842405327581872407,null,29,1,1
693,158,18.01,18.010000,-34.700000,-40.950000,1706472943331022334,null,30,1,1
694,158,18.01,18.010000,-34.700000,-40.950000,670369749027256059,null,31,1,1
695,176,18.01,18.010000,-34.700000,-40.950000,3175669104720507236,null,0,2,0
696,186,121371,121370.780000,-33.200000,-40328.300000,9737618245863125003,null,0,2,0
697,193,18.01,18.010000,-34.700000,-40.950000,9328298672788675529,null,0,2,0
698,201,18.01,18.010000,-34.700000,-40.950000,4075051810448497291,null,0,2,0
699,208,18.01,18.010000,-34.700000,-40.950000,1989493773585018539,null,0,2,0
700,177,18.01,18.010000,-34.700000,-40.950000,16957666276679199245,2,1,2,0
701,184,18.01,18.010000,-34.700000,-40.950000,13721124631513205711,2,1,2,0
702,192,18.01,18.010000,-34.700000,-40.950000,11536822340233966676,2,1,2,0
703,199,18.01,18.010000,-34.700000,-40.950000,1989493773585018538,2,1,2,0
704,207,18.01,18.010000,-34.700000,-40.950000,1962580943703632402,2,1,2,0
705,176,80480.7,80480.700000,-33.200000,-26752.800000,6366601059512197994,null,2,2,0
706,183,80480.7,80480.700000,-33.200000,-26752.800000,1754728179952877062,null,2,2,0
707,189,80480.7,80480.700000,-33.200000,-26752.800000,4854295233732563963,null,2,2,0
708,196,80480.7,80480.700000,-33.200000,-26752.800000,14543127078750853729,null,2,2,0
709,203,80480.7,80480.700000,-33.200000,-26752.800000,8801773827188941023,null,2,2,0
710,178,121371,121371.000000,-33.200000,-40328.300000,1791221375279297763,null,3,2,0
711,187,121371,121371.000000,-33.200000,-40328.300000,10370935796007651420,null,3,2,0
712,196,121371,121371.000000,-33.200000,-40328.300000,12740742873653657603,null,3,2,0
713,205,121371,121371.000000,-33.200000,-40328.300000,3914849786358706852,null,3,2,0
714,214,121371,121371.000000,-33.200000,-40328.300000,16492607717680421385,null,3,2,0
715,176,18.01,18.010000,-34.700000,-40.950000,16928082017858924020,null,4,2,0
716,183,18.01,18.010000,-34.700000,-40.950000,780912557225685692,null,4,2,0
717,190,18.01,18.010000,-34.700000,-40.950000,5790090294427964972,null,4,2,0
718,197,18.01,18.010000,-34.700000,-40.950000,5046275337690092353,null,4,2,0
719,204,18.01,18.010000,-34.700000,-40.950000,15811818016048078442,null,4,2,0
720,176,18.01,18.010000,-34.700000,-40.950000,1823011905396168654,null,5,2,0
721,183,18.01,18.010000,-34.700000,-40.950000,11121121399262009160,null,5,2,0
722,190,18.01,18.010000,-34.700000,-40.950000,14504566247702017744,null,5,2,0
723,197,18.01,18.010000,-34.700000,-40.950000,10986426083615793221,null,5,2,0
724,204,18.01,18.010000,-34.700000,-40.950000,8549135117132511159,null,5,2,0
725,176,18.01,18.010000,-34.700000,-40.950000,1331873189490864140,null,6,2,0
726,183,18.01,18.010000,-34.700000,-40.950000,2217124543380053299,null,6,2,0
727,190,18.01,18.010000,-34.700000,-40.950000,838000412401779142,null,6,2,0
728,198,18.01,18.010000,-34.700000,-40.950000,1015853236059923502,null,6,2,0
729,205,18.01,18.010000,-34.700000,-40.950000,12852679351942994576,null,6,2,0
730,176,18.01,18.010000,-34.700000,-40.950000,14946571817683028359,null,7,2,0
731,183,18.01,18.010000,-34.700000,-40.950000,13189377343030869147,null,7,2,0
732,190,18.01,18.010000,-34.700000,-40.950000,16850124501694977360,null,7,2,0
733,197,18.01,18.010000,-34.700000,-40.950000,8360930018484168332,null,7,2,0
734,205,18.01,18.010000,-34.700000,-40.950000,18371698927300344224,null,7,2,0
735,176,18.01,18.010000,-34.700000,-40.950000,8565827865364751751,null,8,2,0
736,183,18.01,18.010000,-34.700000,-40.950000,33614788869701772,null,8,2,0
737,190,18.01,18.010000,-34.700000,-40.950000,9781646610828773640,null,8,2,0
738,197,18.01,18.010000,-34.700000,-40.950000,11991512272974955183,null,8,2,0
739,204,18.01,18.010000,-34.700000,-40.950000,14694362405574616769,null,8,2,0
740,178,121371,121371.000000,-33.200000,-40328.300000,15902200283078645491,null,9,2,0
741,187,121371,121371.000000,-33.200000,-40328.300000,11706225529397381501,null,9,2,0
742,196,121371,121371.000000,-33.200000,-40328.300000,16782955228757382705,null,9,2,0
743,205,121371,121371.000000,-33.200000,-40328.300000,5321469905179474228,null,9,2,0
744,214,121371,121371.000000,-33.200000,-40328.300000,14762356314604234623,null,9,2,0
745,176,23.34,23.340000,-33.200000,-40.950000,5360214231363859677,null,10,2,0
746,184,23.34,23.340000,-33.200000,-40.950000,15218403294230574110,null,10,2,0
747,191,23.34,23.340000,-33.200000,-40.950000,9705854953353084252,null,10,2,0
748,198,23.34,23.340000,-33.200000,-40.950000,7783792223879800602,null,10,2,0
749,206,23.34,23.340000,-33.200000,-40.950000,5772776019539754612,null,10,2,0
750,178,121371,121371.000000,-33.200000,-40328.300000,15585303739151555984,null,11,2,0
751,187,121371,121371.000000,-33.200000,-40328.300000,6482487118840156646,null,11,2,0
752,196,121371,121371.000000,-33.200000,-40328.300000,7837349755391655157,null,11,2,0
753,205,121371,121371.000000,-33.200000,-40328.300000,7847330053440417287,null,11,2,0
754,214,121371,121371.000000,-33.200000,-40328.300000,16967677202093454666,null,11,2,0
755,176,18.01,18.010000,-34.700000,-40.950000,4197501965312077280,null,12,2,0
756,183,18.01,18.010000,-34.700000,-40.950000,15073515908890079896,null,12,2,0
757,190,18.01,18.010000,-34.700000,-40.950000,15922170542838917565,null,12,2,0
758,197,18.01,18.010000,-34.700000,-40.950000,1275862760729314675,null,12,2,0
759,204,18.01,18.010000,-34.700000,-40.950000,7214796745505787142,null,12,2,0
760,176,80480.7,80480.700000,-33.200000,-26752.800000,424308342416605097,null,13,2,0
761,183,80480.7,80480.700000,-33.200000,-26752.800000,15464046879546949777,null,13,2,0
762,190,80480.7,80480.700000,-33.200000,-26752.800000,17864626768059621859,null,13,2,0
763,197,80480.7,80480.700000,-33.200000,-26752.800000,10538387757994211736,null,13,2,0
764,203,80480.7,80480.700000,-33.200000,-26752.800000,12210219797680474446,null,13,2,0
765,176,23.34,23.340000,-33.200000,-40.950000,16946844155624998980,null,14,2,0
766,184,23.34,23.340000,-33.200000,-40.950000,12186448060729262908,null,14,2,0
767,191,23.34,23.340000,-33.200000,-40.950000,15741613989847939961,null,14,2,0
768,199,23.34,23.340000,-33.200000,-40.950000,3401081678923355629,null,14,2,0
769,206,23.34,23.340000,-33.200000,-40.950000,3787327223915559244,null,14,2,0
770,176,18.01,18.010000,-34.700000,-40.950000,14800575081592681735,null,15,2,0
771,183,18.01,18.010000,-34.700000,-40.950000,17183614506682328430,null,15,2,0
772,190,18.01,18.010000,-34.700000,-40.950000,5106370403345202715,null,15,2,0
773,197,18.01,18.010000,-34.700000,-40.950000,7215296396041354724,null,15,2,0
774,204,18.01,18.010000,-34.700000,-40.950000,14664600283109989891,null,15,2,0
775,176,23.34,23.340000,-33.200000,-40.950000,11485010244797493600,null,16,2,0
776,184,23.34,23.340000,-33.200000,-40.950000,11693313975521243465,null,16,2,0
777,191,80480.7,80480.700000,-33.200000,-26752.800000,14004936438506797487,null,16,2,0
778,198,81360.5,81360.500000,-33.200000,-27044.900000,6376300825795125318,null,16,2,0
779,205,23.34,23.340000,-33.200000,-40.950000,9568771553571306358,null,16,2,0
780,176,80480.7,80480.700000,-33.200000,-26752.800000,1814809855344528062,null,17,2,0
781,183,80480.7,80480.700000,-33.200000,-26752.800000,4572727897828741765,null,17,2,0
782,190,80480.7,80480.700000,-33.200000,-26752.800000,11254303398523088661,null,17,2,0
783,197,80480.7,80480.700000,-33.200000,-26752.800000,8186686847738024192,null,17,2,0
784,204,80480.7,80480.700000,-33.200000,-26752.800000,237074211260992807,null,17,2,0
785,176,23.34,23.340000,-33.200000,-40.950000,13738156304289850065,null,18,2,0
786,183,23.34,23.340000,-33.200000,-40.950000,4484248176132250897,null,18,2,0
787,192,121371,121371.000000,-33.200000,-40328.300000,6377511855346297269,null,18,2,0
788,199,23.34,23.340000,-33.200000,-40.950000,10748894782379162825,null,18,2,0
789,207,18.01,18.010000,-34.700000,-40.950000,5828994333291143662,null,18,2,0
790,176,80480.7,80480.700000,-33.200000,-26752.800000,867661891915836343,null,19,2,0
791,183,80480.7,80480.700000,-33.200000,-26752.800000,5890723691638139259,null,19,2,0
792,190,80480.7,80480.700000,-33.200000,-26752.800000,1132361160775961650,null,19,2,0
793,197,80480.7,80480.700000,-33.200000,-26752.800000,9707629094194103288,null,19,2,0
794,204,18.01,18.010000,-34.700000,-40.950000,2496887080187717392,null,19,2,0
795,176,80480.7,80480.700000,-33.200000,-26752.800000,8248934844304322747,null,20,2,0
796,183,80480.7,80480.700000,-33.200000,-26752.800000,11749596163352259279,null,20,2,0
797,189,80480.7,80480.700000,-33.200000,-26752.800000,7211395693193616322,null,20,2,0
798,196,23.34,23.340000,-33.200000,-40.950000,1794193975338780297,null,20,2,0
799,203,23.34,23.340000,-33.200000,-40.950000,12285643987221376274,null,20,2,0
800,176,18.01,18.010000,-34.700000,-40.950000,18225148100897453456,null,21,2,0
801,183,18.01,18.010000,-34.700000,-40.950000,7108549238238581952,null,21,2,0
802,190,18.01,18.010000,-34.700000,-40.950000,3128453295029539640,null,21,2,0
803,197,18.01,18.010000,-34.700000,-40.950000,12628000349693186579,null,21,2,0
804,204,18.01,18.010000,-34.700000,-40.950000,17674647311275794022,null,21,2,0
805,176,18.01,18.010000,-34.700000,-40.950000,14272921264409214446,null,22,2,0
806,183,18.01,18.010000,-34.700000,-40.950000,15304606934962251813,null,22,2,0
807,191,18.01,18.010000,-34.700000,-40.950000,6559878653135239095,null,22,2,0
808,198,18.01,18.010000,-34.700000,-40.950000,3556930301150617841,null,22,2,0
809,205,18.01,18.010000,-34.700000,-40.950000,9696651681854705691,null,22,2,0
810,176,23.34,23.340000,-33.200000,-40.950000,1613625096006416581,null,23,2,0
811,183,23.34,23.340000,-33.200000,-40.950000,13731033747090711840,null,23,2,0
812,190,23.34,23.340000,-33.200000,-40.950000,3804061201345837761,null,23,2,0
813,197,18.01,18.010000,-34.700000,-40.950000,16914605587416746863,null,23,2,0
814,204,18.01,18.010000,-34.700000,-40.950000,8204189350599691978,null,23,2,0
815,176,80480.7,80480.700000,-33.200000,-26752.800000,7359600619391438612,null,24,2,0
816,182,80480.7,80480.700000,-33.200000,-26752.800000,5262190839801179450,null,24,2,0
817,189,80480.7,80480.700000,-33.200000,-26752.800000,7448364874670762348,null,24,2,0
818,196,80480.7,80480.700000,-33.200000,-26752.800000,7800099424902102900,null,24,2,0
819,203,80480.7,80480.700000,-33.200000,-26752.800000,13429452291052321646,null,24,2,0
820,176,18.01,18.010000,-34.700000,-40.950000,11793439281875035876,null,25,2,0
821,183,18.01,18.010000,-34.700000,-40.950000,15661340688802132615,null,25,2,0
822,190,18.01,18.010000,-34.700000,-40.950000,8156050581516286998,null,25,2,0
823,197,18.01,18.010000,-34.700000,-40.950000,13066917211910906883,null,25,2,0
824,204,18.01,18.010000,-34.700000,-40.950000,4608795514994675353,null,25,2,0
825,178,121371,121371.000000,-33.200000,-40328.300000,14808295192761000049,null,26,2,0
826,187,121371,121371.000000,-33.200000,-40328.300000,2977692028758027967,null,26,2,0
827,194,23.34,23.340000,-33.200000,-40.950000,14309177308411311327,null,26,2,0
828,201,23.34,23.340000,-33.200000,-40.950000,16978541591257679787,null,26,2,0
829,207,23.34,23.340000,-33.200000,-40.950000,6993481829817163274,null,26,2,0
830,176,23.34,23.340000,-33.200000,-40.950000,18187199268106703818,null,27,2,0
831,183,23.34,23.340000,-33.200000,-40.950000,17237345786731435363,null,27,2,0
832,189,23.34,23.340000,-33.200000,-40.950000,12885539271433470219,null,27,2,0
833,196,23.34,23.340000,-33.200000,-40.950000,9026647989548666456,null,27,2,0
834,203,23.34,23.340000,-33.200000,-40.950000,2319421998371468254,null,27,2,0
835,176,23.34,23.340000,-33.200000,-40.950000,13457174465253133168,null,28,2,0
836,183,23.34,23.340000,-33.200000,-40.950000,15551277157127855030,null,28,2,0
837,189,23.34,23.340000,-33.200000,-40.950000,2068676875509638580,null,28,2,0
838,196,23.34,23.340000,-33.200000,-40.950000,7573511513497780292,null,28,2,0
839,203,23.34,23.340000,-33.200000,-40.950000,2956388388101205834,null,28,2,0
840,176,23.34,23.340000,-33.200000,-40.950000,9871039704388882721,null,29,2,0
841,183,23.34,23.340000,-33.200000,-40.950000,2165431179966332990,null,29,2,0
842,189,23.34,23.340000,-33.200000,-40.950000,14832947293340776230,null,29,2,0
843,196,23.34,23.340000,-33.200000,-40.950000,10570966988392115552,null,29,2,0
844,203,23.34,23.340000,-33.200000,-40.950000,14192615688606610691,null,29,2,0
845,176,18.01,18.010000,-34.700000,-40.950000,6623656637519667095,null,30,2,0
846,183,18.01,18.010000,-34.700000,-40.950000,15056866166913809255,null,30,2,0
847,190,18.01,18.010000,-34.700000,-40.950000,6927328540344024198,null,30,2,0
848,199,121371,121371.000000,-33.200000,-40328.300000,17550015227489469020,null,30,2,0
849,206,18.01,18.010000,-34.700000,-40.950000,13335118330964146701,null,30,2,0
850,178,121371,121371.000000,-33.200000,-40328.300000,14970894599176760566,null,31,2,0
851,187,121371,121371.000000,-33.200000,-40328.300000,3602787232977540484,null,31,2,0
852,194,18.01,18.010000,-34.700000,-40.950000,889675312067587540,null,31,2,0
853,201,18.01,18.010000,-34.700000,-40.950000,11203446974123566738,null,31,2,0
854,209,18.01,18.010000,-34.700000,-40.950000,12956917455380382896,null,31,2,0
855,222,18.01,18.010000,-34.700000,-40.950000,10007160486971961959,null,0,2,1
856,257,18.01,18.010000,-34.700000,-40.950000,1958630836768531894,null,0,2,1
857,222,18.01,18.010000,-34.700000,-40.950000,15411623335769601066,null,1,2,1
858,257,18.01,18.010000,-34.700000,-40.950000,4898851357107156400,null,1,2,1
859,222,18.01,18.010000,-34.700000,-40.950000,14125739709242928485,null,2,2,1
860,256,1.79769e+308,,,-42186.000000,11399483032376446013,null,2,2,1
861,222,18.01,18.010000,-34.700000,-40.950000,8700396530626370360,null,3,2,1
862,257,18.01,18.010000,-34.700000,-40.950000,18305362479856472791,null,3,2,1
863,222,18.01,18.010000,-34.700000,-40.950000,10039325563010767247,null,4,2,1
864,257,18.01,18.010000,-34.700000,-40.950000,3061035824841957877,null,4,2,1
865,222,18.01,18.010000,-34.700000,-40.950000,2663173111168806581,null,5,2,1
866,222,18.01,18.010000,-34.700000,-40.950000,14093282534729971035,null,6,2,1
867,222,18.01,18.010000,-34.700000,-40.950000,14792987664738104495,null,7,2,1
868,222,18.01,18.010000,-34.700000,-40.950000,1239194306697411816,null,8,2,1
869,222,18.01,18.010000,-34.700000,-40.950000,4424982706416836009,null,9,2,1
870,222,1.79769e+308,,,-40.950000,2644627651675863128,null,10,2,1
871,222,18.01,18.010000,-34.700000,-40.950000,13624405709327527709,null,11,2,1
872,222,18.01,18.010000,-34.700000,-40.950000,6687446027148786101,null,12,2,1
873,222,18.01,18.010000,-34.700000,-40.950000,7725218610257400016,null,13,2,1
874,222,18.01,18.010000,-34.700000,-40.950000,10410787485218213452,null,14,2,1
875,222,18.01,18.010000,-34.700000,-40.950000,18349626261147811535,null,15,2,1
876,222,18.01,18.010000,-34.700000,-40.950000,11977844079198209241,null,16,2,1
877,221,81360.5,81360.540000,-33.200000,-27044.900000,3668349835537268034,null,17,2,1
878,222,18.01,18.010000,-34.700000,-40.950000,1739753633957208153,null,18,2,1
879,222,18.01,18.010000,-34.700000,-40.950000,38538515334421422,null,19,2,1
880,221,81360.5,81360.540000,-33.200000,-27044.900000,10652012289581698240,null,20,2,1
881,222,18.01,18.010000,-34.700000,-40.950000,11046945197871350088,null,21,2,1
882,222,23.34,23.340000,-33.200000,-40.950000,9159062346202483240,null,22,2,1
883,222,18.01,18.010000,-34.700000,-40.950000,2982106358686949304,null,23,2,1
884,250,23.34,23.340000,-33.200000,-40.950000,6229191047390385243,null,24,2,1
885,222,18.01,18.010000,-34.700000,-40.950000,2329066133718896314,null,25,2,1
886,229,23.34,23.340000,-33.200000,-40.950000,5858824145618216522,null,26,2,1
887,222,18.01,18.010000,-34.700000,-40.950000,12391406468313311635,null,27,2,1
888,222,18.01,18.010000,-34.700000,-40.950000,719185318817791533,null,28,2,1
889,222,18.01,18.010000,-34.700000,-40.950000,11024547110912529053,null,29,2,1
890,221,18.01,18.010000,-34.700000,-40.950000,17417109611992237970,null,30,2,1
891,222,18.01,18.010000,-34.700000,-40.950000,16462305118134796808,null,31,2,1
892,265,18.01,18.010000,-34.700000,-40.950000,5544650494140749795,null,0,3,0
893,273,18.01,18.010000,-34.700000,-40.950000,420951247554274736,null,0,3,0
894,280,18.01,18.010000,-34.700000,-40.950000,7996245778148271637,null,0,3,0
895,288,18.01,18.010000,-34.700000,-40.950000,6863555193231150367,null,0,3,0
896,295,18.01,18.010000,-34.700000,-40.950000,1989493773585018539,null,0,3,0
897,265,18.01,18.010000,-34.700000,-40.950000,16957666276679199245,2,1,3,0
898,273,18.01,18.010000,-34.700000,-40.950000,1739753633957208158,2,1,3,0
899,280,77839.2,77839.200000,-34.700000,-27044.900000,3668349835537268035,2,1,3,0
900,288,18.01,18.010000,-34.700000,-40.950000,9328298672788675528,2,1,3,0
901,295,18.01,18.010000,-34.700000,-40.950000,9983820288976421376,2,1,3,0
902,265,121371,121371.000000,-33.200000,-40328.300000,4522252528745078210,null,2,3,0
903,272,121371,121371.000000,-33.200000,-40328.300000,7970036307812425158,null,2,3,0
904,279,121371,121371.000000,-33.200000,-40328.300000,17103303307113913261,null,2,3,0
905,287,121371,121371.000000,-33.200000,-40328.300000,4480011358189323500,null,2,3,0
906,294,121371,121371.000000,-33.200000,-40328.300000,9558843797857558772,null,2,3,0
907,265,23.34,23.340000,-33.200000,-40.950000,4433523773814839060,null,3,3,0
908,273,23.34,23.340000,-33.200000,-40.950000,8268297361075727555,null,3,3,0
909,279,81360.5,81360.500000,-33.200000,-27044.900000,15188745698208027373,null,3,3,0
910,287,23.34,23.340000,-33.200000,-40.950000,8687170530958816303,null,3,3,0
911,294,23.34,23.340000,-33.200000,-40.950000,13588583871338876702,null,3,3,0
912,267,121371,121371.000000,-33.200000,-40328.300000,4089222408150320557,null,4,3,0
913,276,121371,121371.000000,-33.200000,-40328.300000,12332415192981462450,null,4,3,0
914,283,80480.7,80480.700000,-33.200000,-26752.800000,13295868673901043107,null,4,3,0
915,290,80480.7,80480.700000,-33.200000,-26752.800000,14681227078127026073,null,4,3,0
916,297,80480.7,80480.700000,-33.200000,-26752.800000,10242327968086734183,null,4,3,0
917,264,121371,121371.000000,-33.200000,-40328.300000,9977292689607556884,null,5,3,0
918,271,121371,121371.000000,-33.200000,-40328.300000,16531085882167506236,null,5,3,0
919,278,121371,121371.000000,-33.200000,-40328.300000,7781164003410834518,null,5,3,0
920,284,121371,121371.000000,-33.200000,-40328.300000,1084363867593111654,null,5,3,0
921,291,121371,121371.000000,-33.200000,-40328.300000,1932968422074053891,null,5,3,0
922,265,80480.7,80480.700000,-33.200000,-26752.800000,13654030451534648299,null,6,3,0
923,272,80480.7,80480.700000,-33.200000,-26752.800000,12173111526674706924,null,6,3,0
924,279,80480.7,80480.700000,-33.200000,-26752.800000,18440729728758524706,null,6,3,0
925,286,80480.7,80480.700000,-33.200000,-26752.800000,6107201422138340599,null,6,3,0
926,293,81360.5,81360.500000,-33.200000,-27044.900000,16795730483478023691,null,6,3,0
927,265,81360.5,81360.500000,-33.200000,-27044.900000,15509167399878112147,null,7,3,0
928,271,81360.5,81360.500000,-33.200000,-27044.900000,16803111430445742673,null,7,3,0
929,278,81360.5,81360.500000,-33.200000,-27044.900000,13316642023780233683,null,7,3,0
930,285,81360.5,81360.500000,-33.200000,-27044.900000,4252862066417115817,null,7,3,0
931,292,81360.5,81360.500000,-33.200000,-27044.900000,15130649600723930957,null,7,3,0
932,264,121371,121371.000000,-33.200000,-40328.300000,5584156544005109671,null,8,3,0
933,271,121371,121371.000000,-33.200000,-40328.300000,1861029622945858585,null,8,3,0
934,278,24.85,24.850000,-33.200000,-41.449000,6632145767365005432,null,8,3,0
935,285,24.85,24.850000,-33.200000,-41.449000,4190013858649948889,null,8,3,0
936,292,24.85,24.850000,-33.200000,-41.449000,12881723281145409766,null,8,3,0
937,265,23.34,23.340000,-33.200000,-40.950000,15060568351691840836,null,9,3,0
938,272,23.34,23.340000,-33.200000,-40.950000,7752413729417380950,null,9,3,0
939,279,23.34,23.340000,-33.200000,-40.950000,10492971058836204715,null,9,3,0
940,285,23.34,23.340000,-33.200000,-40.950000,3871022705417932358,null,9,3,0
941,292,23.34,23.340000,-33.200000,-40.950000,10324294729947683145,null,9,3,0
942,265,80480.7,80480.700000,-33.200000,-26752.800000,14367163219764040517,null,10,3,0
943,272,80480.7,80480.700000,-33.200000,-26752.800000,7201707927971863359,null,10,3,0
944,279,81360.5,81360.500000,-33.200000,-27044.900000,6411722260397205601,null,10,3,0
945,286,80480.7,80480.700000,-33.200000,-26752.800000,7371193822023681273,null,10,3,0
946,293,80480.7,80480.700000,-33.200000,-26752.800000,3652738328497621106,null,10,3,0
947,267,121371,121371.000000,-33.200000,-40328.300000,3616724267478798258,null,11,3,0
948,276,121371,121371.000000,-33.200000,-40328.300000,5200478629737844607,null,11,3,0
949,285,121371,121371.000000,-33.200000,-40328.300000,959188280207365986,null,11,3,0
950,293,121371,121371.000000,-33.200000,-40328.300000,1002891427169681635,null,11,3,0
951,302,121371,121371.000000,-33.200000,-40328.300000,438152136349462338,null,11,3,0
952,265,18.01,18.010000,-34.700000,-40.950000,9308557620188841368,null,12,3,0
953,272,18.01,18.010000,-34.700000,-40.950000,17922633966635965557,null,12,3,0
954,279,23.34,23.340000,-33.200000,-40.950000,2071300443696333223,null,12,3,0
955,287,18.01,18.010000,-34.700000,-40.950000,4149761384999522492,null,12,3,0
956,294,18.01,18.010000,-34.700000,-40.950000,15866952312274098076,null,12,3,0
957,265,121371,121371.000000,-33.200000,-40328.300000,10217506887319401977,null,13,3,0
958,272,121371,121371.000000,-33.200000,-40328.300000,2453391252297765717,null,13,3,0
959,280,18.01,18.010000,-34.700000,-40.950000,17372781625445280624,null,13,3,0
960,288,18.01,18.010000,-34.700000,-40.950000,17578098771443689066,null,13,3,0
961,296,18.01,18.010000,-34.700000,-40.950000,18231026366845252365,null,13,3,0
962,265,18.01,18.010000,-34.700000,-40.950000,1485268550357848188,null,14,3,0
963,272,18.01,18.010000,-34.700000,-40.950000,5587675274852013899,null,14,3,0
964,279,18.01,18.010000,-34.700000,-40.950000,429421585943737130,null,14,3,0
965,286,18.01,18.010000,-34.700000,-40.950000,2535761340750907299,null,14,3,0
966,293,18.01,18.010000,-34.700000,-40.950000,6301448502516652621,null,14,3,0
967,265,80480.7,80480.700000,-33.200000,-26752.800000,5686977356624654918,null,15,3,0
968,272,80480.7,80480.700000,-33.200000,-26752.800000,10116171893368345664,null,15,3,0
969,279,23.34,23.340000,-33.200000,-40.950000,328012811172303530,null,15,3,0
970,287,23.34,23.340000,-33.200000,-40.950000,12800770401686701149,null,15,3,0
971,294,23.34,23.340000,-33.200000,-40.950000,1408543976394810983,null,15,3,0
972,265,80480.7,80480.700000,-33.200000,-26752.800000,16736281698707743334,null,16,3,0
973,272,80480.7,80480.700000,-33.200000,-26752.800000,14084788208717333226,null,16,3,0
974,279,80480.7,80480.700000,-33.200000,-26752.800000,10055312726362031886,null,16,3,0
975,286,80480.7,80480.700000,-33.200000,-26752.800000,10136965680770899306,null,16,3,0
976,293,80480.7,80480.700000,-33.200000,-26752.800000,5660925582088857475,null,16,3,0
977,265,23.34,23.340000,-33.200000,-40.950000,9426349008471230340,null,17,3,0
978,272,23.34,23.340000,-33.200000,-40.950000,223082400601796594,null,17,3,0
979,279,23.34,23.340000,-33.200000,-40.950000,15068698288670981380,null,17,3,0
980,286,18.01,18.010000,-34.700000,-40.950000,17909155275477330343,null,17,3,0
981,293,18.01,18.010000,-34.700000,-40.950000,2626392027565728296,null,17,3,0
982,265,23.34,23.340000,-33.200000,-40.950000,8100465997228660703,null,18,3,0
983,272,23.34,23.340000,-33.200000,-40.950000,9172547765543566526,null,18,3,0
984,279,23.34,23.340000,-33.200000,-40.950000,6859149522432476926,null,18,3,0
985,286,23.34,23.340000,-33.200000,-40.950000,13709533207262762457,null,18,3,0
986,293,23.34,23.340000,-33.200000,-40.950000,817008901759141826,null,18,3,0
987,265,80480.7,80480.700000,-33.200000,-26752.800000,10266350661118616909,null,19,3,0
988,271,80480.7,80480.700000,-33.200000,-26752.800000,13613237634625677796,null,19,3,0
989,278,80480.7,80480.700000,-33.200000,-26752.800000,13045453257112046189,null,19,3,0
990,285,80480.7,80480.700000,-33.200000,-26752.800000,16189977463444319592,null,19,3,0
991,292,80480.7,80480.700000,-33.200000,-26752.800000,4621227921420367172,null,19,3,0
992,265,81360.5,81360.500000,-33.200000,-27044.900000,15665568985416046691,null,20,3,0
993,271,81360.5,81360.500000,-33.200000,-27044.900000,8880069170310347634,null,20,3,0
994,280,23.34,23.340000,-33.200000,-40.950000,6909664002015449119,null,20,3,0
995,289,23.34,23.340000,-33.200000,-40.950000,11488717191892291475,null,20,3,0
996,298,23.34,23.340000,-33.200000,-40.950000,6164150540809876419,null,20,3,0
997,265,80480.7,80480.700000,-33.200000,-26752.800000,2718495153405303431,null,21,3,0
998,272,80480.7,80480.700000,-33.200000,-26752.800000,2937394092704978525,null,21,3,0
999,279,80480.7,80480.700000,-33.200000,-26752.800000,13476390344953912715,null,21,3,0
1000,287,80480.7,80480.700000,-33.200000,-26752.800000,10689682628316975468,null,21,3,0
1001,294,80480.7,80480.700000,-33.200000,-26752.800000,18284494401742502952,null,21,3,0
1002,265,24.85,24.850000,-33.200000,-41.449000,2217399076020978599,null,22,3,0
1003,272,24.85,24.850000,-33.200000,-41.449000,3821899227887383564,null,22,3,0
1004,279,24.85,24.850000,-33.200000,-41.449000,9623485755387433974,null,22,3,0
1005,286,24.85,24.850000,-33.200000,-41.449000,9603900479090770951,null,22,3,0
1006,294,121371,121371.000000,-33.200000,-40328.300000,1519106200688907732,null,22,3,0
1007,265,81360.5,81360.500000,-33.200000,-27044.900000,5568057996064100994,null,23,3,0
1008,272,23.34,23.340000,-33.200000,-40.950000,7596305886123799821,null,23,3,0
1009,280,23.34,23.340000,-33.200000,-40.950000,2100783739499753244,null,23,3,0
1010,287,18.01,18.010000,-34.700000,-40.950000,9857824022576136973,null,23,3,0
1011,294,80480.7,80480.700000,-33.200000,-26752.800000,8067473211152114577,null,23,3,0
1012,267,121371,121371.000000,-33.200000,-40328.300000,3287855585750496634,null,24,3,0
1013,276,121371,121371.000000,-33.200000,-40328.300000,5640340842528179014,null,24,3,0
1014,285,121371,121371.000000,-33.200000,-40328.300000,4912610741795962323,null,24,3,0
1015,293,121371,121371.000000,-33.200000,-40328.300000,8611520524104685145,null,24,3,0
1016,301,23.34,23.340000,-33.200000,-40.950000,9264707251111835920,null,24,3,0
1017,265,23.34,23.340000,-33.200000,-40.950000,5890173138136758780,null,25,3,0
1018,272,23.34,23.340000,-33.200000,-40.950000,16674054459527313227,null,25,3,0
1019,279,23.34,23.340000,-33.200000,-40.950000,6098156065204602330,null,25,3,0
1020,286,80480.7,80480.700000,-33.200000,-26752.800000,14834565502768342779,null,25,3,0
1021,293,23.34,23.340000,-33.200000,-40.950000,11937536132055681653,null,25,3,0
1022,264,121371,121371.000000,-33.200000,-40328.300000,17071911510437751886,null,26,3,0
1023,271,121371,121371.000000,-33.200000,-40328.300000,1378614835640674924,null,26,3,0
1024,278,121371,121371.000000,-33.200000,-40328.300000,7947109183431876794,null,26,3,0
1025,284,121371,121371.000000,-33.200000,-40328.300000,3880515132189382059,null,26,3,0
1026,291,121371,121371.000000,-33.200000,-40328.300000,4176408163966430831,null,26,3,0
1027,265,18.01,18.010000,-34.700000,-40.950000,13278241027536853273,null,27,3,0
1028,272,18.01,18.010000,-34.700000,-40.950000,4038797428610482805,null,27,3,0
1029,279,80480.7,80480.700000,-33.200000,-26752.800000,3940374766215192607,null,27,3,0
1030,285,18.01,18.010000,-34.700000,-40.950000,6554860064226720723,null,27,3,0
1031,292,18.01,18.010000,-34.700000,-40.950000,4215603440223623508,null,27,3,0
1032,266,121371,121371.000000,-33.200000,-40328.300000,18020479829211826873,null,28,3,0
1033,275,121371,121371.000000,-33.200000,-40328.300000,16513541128444390055,null,28,3,0
1034,282,18.01,18.010000,-34.700000,-40.950000,17994480482073754110,null,28,3,0
1035,289,18.01,18.010000,-34.700000,-40.950000,10840617525027875603,null,28,3,0
1036,296,80480.7,80480.700000,-33.200000,-26752.800000,254819080971882887,null,28,3,0
1037,265,81360.5,81360.500000,-33.200000,-27044.900000,369805850292109607,null,29,3,0
1038,274,121371,121371.000000,-33.200000,-40328.300000,17938245480010532574,null,29,3,0
1039,280,81360.5,81360.500000,-33.200000,-27044.900000,1441578223491333622,null,29,3,0
1040,287,81360.5,81360.500000,-33.200000,-27044.900000,4241343212499858096,null,29,3,0
1041,294,81360.5,81360.500000,-33.200000,-27044.900000,7870949044450734846,null,29,3,0
1042,265,80480.7,80480.700000,-33.200000,-26752.800000,513254328883725041,null,30,3,0
1043,271,80480.7,80480.700000,-33.200000,-26752.800000,2613240754630027020,null,30,3,0
1044,278,80480.7,80480.700000,-33.200000,-26752.800000,16507643483563554655,null,30,3,0
1045,286,23.34,23.340000,-33.200000,-40.950000,9639326633427276104,null,30,3,0
1046,293,23.34,23.340000,-33.200000,-40.950000,1250184715479282190,null,30,3,0
1047,265,80480.7,80480.700000,-33.200000,-26752.800000,7368349755888753570,null,31,3,0
1048,272,18.01,18.010000,-34.700000,-40.950000,15218196574890689225,null,31,3,0
1049,280,121371,121371.000000,-33.200000,-40328.300000,14786965650198559825,null,31,3,0
1050,287,18.01,18.010000,-34.700000,-40.950000,14929829435988945823,null,31,3,0
1051,294,18.01,18.010000,-34.700000,-40.950000,14535316824218628350,null,31,3,0
1052,311,18.01,18.010000,-34.700000,-40.950000,17785224882065800258,null,0,3,1
1053,311,18.01,18.010000,-34.700000,-40.950000,1243312546751451054,null,1,3,1
1054,311,18.01,18.010000,-34.700000,-40.950000,2234634951079446506,null,2,3,1
1055,310,23.34,23.340000,-33.200000,-40.950000,1475265115887393055,null,3,3,1
1056,310,18.01,18.010000,-34.700000,-40.950000,13488272498503420093,null,4,3,1
1057,310,18.01,18.010000,-34.700000,-40.950000,11325572252836179841,null,5,3,1
1058,310,18.01,18.010000,-34.700000,-40.950000,5463295037923186818,null,6,3,1
1059,310,18.01,18.010000,-34.700000,-40.950000,2591696128963844472,null,7,3,1
1060,310,18.01,18.010000,-34.700000,-40.950000,7930640922673636921,null,8,3,1
1061,310,18.01,18.010000,-34.700000,-40.950000,3947266528780299108,null,9,3,1
1062,310,18.01,18.010000,-34.700000,-40.950000,6137579909923081657,null,10,3,1
1063,310,18.01,18.010000,-34.700000,-40.950000,7714613826009327445,null,11,3,1
1064,310,18.01,18.010000,-34.700000,-40.950000,17112417395895202583,null,12,3,1
1065,310,18.01,18.010000,-34.700000,-40.950000,5610971682072505430,null,13,3,1
1066,310,18.01,18.010000,-34.700000,-40.950000,18234616724879256429,null,14,3,1
1067,310,18.01,18.010000,-34.700000,-40.950000,9438726939959045594,null,15,3,1
1068,310,18.01,18.010000,-34.700000,-40.950000,5809492193435160519,null,16,3,1
1069,310,18.01,18.010000,-34.700000,-40.950000,8941609744571540239,null,17,3,1
1070,310,18.01,18.010000,-34.700000,-40.950000,7239051470873621585,null,18,3,1
1071,310,18.01,18.010000,-34.700000,-40.950000,2733258325099284578,null,19,3,1
1072,310,18.01,18.010000,-34.700000,-40.950000,3491414819647919941,null,20,3,1
1073,310,18.01,18.010000,-34.700000,-40.950000,6964266613390341992,null,21,3,1
1074,310,18.01,18.010000,-34.700000,-40.950000,1466863681082659465,null,22,3,1
1075,310,18.01,18.010000,-34.700000,-40.950000,9133630533087118775,null,23,3,1
1076,311,23.34,23.340000,-33.200000,-40.950000,11980945599508914160,null,24,3,1
1077,310,18.01,18.010000,-34.700000,-40.950000,1880420194256064434,null,25,3,1
1078,310,18.01,18.010000,-34.700000,-40.950000,11861453369076979749,null,26,3,1
1079,310,18.01,18.010000,-34.700000,-40.950000,14774398446743255424,null,27,3,1
1080,310,18.01,18.010000,-34.700000,-40.950000,8685103003986515448,null,28,3,1
1081,310,18.01,18.010000,-34.700000,-40.950000,15548420066216509017,null,29,3,1
1082,310,18.01,18.010000,-34.700000,-40.950000,14761611130644878235,null,30,3,1
1083,310,18.01,18.010000,-34.700000,-40.950000,14452889969052921809,null,31,3,1
1084,319,18.01,18.010000,-34.700000,-40.950000,10136391872394692371,null,0,4,0
1085,327,18.01,18.010000,-34.700000,-40.950000,13425842319572370773,null,0,4,0
1086,334,18.01,18.010000,-34.700000,-40.950000,14435525882683381056,null,0,4,0
1087,342,18.01,18.010000,-34.700000,-40.950000,7996245778148271637,null,0,4,0
1088,350,23.34,23.340000,-33.200000,-40.950000,11980945599508914160,null,0,4,0
1089,358,18.01,18.010000,-34.700000,-40.950000,7451171984040774848,null,0,4,0
1090,365,18.01,18.010000,-34.700000,-40.950000,9328298672788675529,null,0,4,0
1091,319,18.01,18.010000,-34.700000,-40.950000,16957666276679199245,2,1,4,0
1092,327,18.01,18.010000,-34.700000,-40.950000,9328298672788675528,2,1,4,0
1093,334,18.01,18.010000,-34.700000,-40.950000,6962149414314999922,2,1,4,0
1094,342,18.01,18.010000,-34.700000,-40.950000,8377981177332969131,2,1,4,0
1095,350,18.01,18.010000,-34.700000,-40.950000,9790877350325995232,2,1,4,0
1096,359,19.45,19.450000,-34.700000,-41.449000,9737618245863125002,2,1,4,0
1097,367,18.01,18.010000,-34.700000,-40.950000,4119977593566491815,2,1,4,0
1098,319,18.01,18.010000,-34.700000,-40.950000,5433325718317669922,null,2,4,0
1099,326,18.01,18.010000,-34.700000,-40.950000,507708679792196264,null,2,4,0
1100,333,18.01,18.010000,-34.700000,-40.950000,6904181797892552660,null,2,4,0
1101,340,18.01,18.010000,-34.700000,-40.950000,5662473692913553755,null,2,4,0
1102,347,18.01,18.010000,-34.700000,-40.950000,10011970659163653408,null,2,4,0
1103,354,18.01,18.010000,-34.700000,-40.950000,1488880766015735000,null,2,4,0
1104,361,80480.7,80480.700000,-33.200000,-26752.800000,14119529865144521581,null,2,4,0
1105,319,107058,107058.000000,-34.700000,-37184.000000,6865202275996726560,null,3,4,0
1106,327,107058,107058.000000,-34.700000,-37184.000000,258159107258035969,null,3,4,0
1107,334,107058,107058.000000,-34.700000,-37184.000000,10404455048943924315,null,3,4,0
1108,342,107058,107058.000000,-34.700000,-37184.000000,13217475870556409502,null,3,4,0
1109,349,107058,107058.000000,-34.700000,-37184.000000,6777501005484952603,null,3,4,0
1110,357,107058,107058.000000,-34.700000,-37184.000000,11023981703510721510,null,3,4,0
1111,365,107058,107058.000000,-34.700000,-37184.000000,13608331843243117251,null,3,4,0
1112,319,18.01,18.010000,-34.700000,-40.950000,3894576998255797469,null,4,4,0
1113,325,18.01,18.010000,-34.700000,-40.950000,14786108794344580806,null,4,4,0
1114,332,18.01,18.010000,-34.700000,-40.950000,5703976702987033892,null,4,4,0
1115,339,18.01,18.010000,-34.700000,-40.950000,2230148376884584242,null,4,4,0
1116,346,18.01,18.010000,-34.700000,-40.950000,5690064442742921702,null,4,4,0
1117,353,18.01,18.010000,-34.700000,-40.950000,15549446404987269374,null,4,4,0
1118,360,18.01,18.010000,-34.700000,-40.950000,4349794902355315465,null,4,4,0
1119,319,24.85,24.850000,-33.200000,-41.449000,12483133435109567796,null,5,4,0
1120,327,121371,121371.000000,-33.200000,-40328.300000,17434049431935115040,null,5,4,0
1121,334,24.85,24.850000,-33.200000,-41.449000,10266081562040726708,null,5,4,0
1122,341,121371,121371.000000,-33.200000,-40328.300000,14654226375976910650,null,5,4,0
1123,348,24.85,24.850000,-33.200000,-41.449000,1954101343539101770,null,5,4,0
1124,354,24.85,24.850000,-33.200000,-41.449000,9167261099167549720,null,5,4,0
1125,361,24.85,24.850000,-33.200000,-41.449000,1780856948717530273,null,5,4,0
1126,319,18.01,18.010000,-34.700000,-40.950000,8901173122490809903,null,6,4,0
1127,326,23.34,23.340000,-33.200000,-40.950000,17811504486011361116,null,6,4,0
1128,333,18.01,18.010000,-34.700000,-40.950000,1656024020492303178,null,6,4,0
1129,340,18.01,18.010000,-34.700000,-40.950000,16415022428841486028,null,6,4,0
1130,347,18.01,18.010000,-34.700000,-40.950000,14507049572726740637,null,6,4,0
1131,354,18.01,18.010000,-34.700000,-40.950000,2496135433855593122,null,6,4,0
1132,361,18.01,18.010000,-34.700000,-40.950000,14209863493803857016,null,6,4,0
1133,320,105957,105957.000000,-34.700000,-36801.700000,8552091079418317606,null,7,4,0
1134,328,105957,105957.000000,-34.700000,-36801.700000,15585837088755505315,null,7,4,0
1135,336,105957,105957.000000,-34.700000,-36801.700000,4845336856795099796,null,7,4,0
1136,344,105957,105957.000000,-34.700000,-36801.700000,13005148938782850329,null,7,4,0
1137,353,105957,105957.000000,-34.700000,-36801.700000,2701508320613027150,null,7,4,0
1138,361,105957,105957.000000,-34.700000,-36801.700000,5085315215560348708,null,7,4,0
1139,369,105957,105957.000000,-34.700000,-36801.700000,3709514874322082111,null,7,4,0
1140,318,19.45,19.450000,-34.700000,-41.449000,676928753659553549,null,8,4,0
1141,327,116155,116155.000000,-34.700000,-40340.600000,1140516929066358113,null,8,4,0
1142,333,19.45,19.450000,-34.700000,-41.449000,7064384802912975402,null,8,4,0
1143,339,19.45,19.450000,-34.700000,-41.449000,2124496200320999499,null,8,4,0
1144,346,19.45,19.450000,-34.700000,-41.449000,1949142720523594493,null,8,4,0
1145,352,19.45,19.450000,-34.700000,-41.449000,12767695679484089002,null,8,4,0
1146,358,19.45,19.450000,-34.700000,-41.449000,708912135619382893,null,8,4,0
1147,319,110748,110748.000000,-33.200000,-36801.700000,17961183158020493198,null,9,4,0
1148,326,18.01,18.010000,-34.700000,-40.950000,7176063432361935500,null,9,4,0
1149,333,18.01,18.010000,-34.700000,-40.950000,2493272090156478324,null,9,4,0
1150,340,18.01,18.010000,-34.700000,-40.950000,16781506545319637610,null,9,4,0
1151,347,18.01,18.010000,-34.700000,-40.950000,4329392635295162339,null,9,4,0
1152,353,18.01,18.010000,-34.700000,-40.950000,1502140728168104815,null,9,4,0
1153,360,18.01,18.010000,-34.700000,-40.950000,121789215621546928,null,9,4,0
1154,320,18.01,18.010000,-34.700000,-40.950000,6077530783039023675,null,10,4,0
1155,328,18.01,18.010000,-34.700000,-40.950000,11192857756538538483,null,10,4,0
1156,336,18.01,18.010000,-34.700000,-40.950000,12514118893912957434,null,10,4,0
1157,344,18.01,18.010000,-34.700000,-40.950000,10233918457707146916,null,10,4,0
1158,351,81360.5,81360.500000,-33.200000,-27044.900000,14573922639362194390,null,10,4,0
1159,358,23.34,23.340000,-33.200000,-40.950000,11702164792976355889,null,10,4,0
1160,366,18.01,18.010000,-34.700000,-40.950000,14338570400436940784,null,10,4,0
1161,319,107058,107058.000000,-34.700000,-37184.000000,17732180700013502726,null,11,4,0
1162,327,107058,107058.000000,-34.700000,-37184.000000,11926683614160992003,null,11,4,0
1163,334,107058,107058.000000,-34.700000,-37184.000000,374341458400610188,null,11,4,0
1164,342,107058,107058.000000,-34.700000,-37184.000000,10153324174076907572,null,11,4,0
1165,350,107058,107058.000000,-34.700000,-37184.000000,9486534057930743525,null,11,4,0
1166,358,107058,107058.000000,-34.700000,-37184.000000,7397860721679369630,null,11,4,0
1167,365,107058,107058.000000,-34.700000,-37184.000000,913158021115781579,null,11,4,0
1168,319,18.01,18.010000,-34.700000,-40.950000,10311321168479027772,null,12,4,0
1169,326,18.01,18.010000,-34.700000,-40.950000,15875106247078225557,null,12,4,0
1170,333,18.01,18.010000,-34.700000,-40.950000,11049933030567419715,null,12,4,0
1171,340,18.01,18.010000,-34.700000,-40.950000,5810723461633928542,null,12,4,0
1172,347,18.01,18.010000,-34.700000,-40.950000,3336149356474171354,null,12,4,0
1173,354,18.01,18.010000,-34.700000,-40.950000,16126224061803615626,null,12,4,0
1174,362,18.01,18.010000,-34.700000,-40.950000,2164796164749083810,null,12,4,0
1175,320,23.34,23.340000,-33.200000,-40.950000,17817906876694751633,null,13,4,0
1176,329,23.34,23.340000,-33.200000,-40.950000,7911836479710150544,null,13,4,0
1177,337,23.34,23.340000,-33.200000,-40.950000,13283992394871398139,null,13,4,0
1178,346,23.34,23.340000,-33.200000,-40.950000,5349840165094380363,null,13,4,0
1179,354,23.34,23.340000,-33.200000,-40.950000,15532873449959135859,null,13,4,0
1180,363,23.34,23.340000,-33.200000,-40.950000,7019695518321142111,null,13,4,0
1181,372,23.34,23.340000,-33.200000,-40.950000,15419824016993715818,null,13,4,0
1182,319,107058,107058.000000,-34.700000,-37184.000000,570478214891202570,null,14,4,0
1183,327,107058,107058.000000,-34.700000,-37184.000000,1729066542986601597,null,14,4,0
1184,334,107058,107058.000000,-34.700000,-37184.000000,13198526664211685688,null,14,4,0
1185,342,107058,107058.000000,-34.700000,-37184.000000,12627616275777199803,null,14,4,0
1186,349,111900,111900.000000,-33.200000,-37184.000000,6041011459036006129,null,14,4,0
1187,357,107058,107058.000000,-34.700000,-37184.000000,228467484580781014,null,14,4,0
1188,364,80480.7,80480.700000,-33.200000,-26752.800000,6259875890328830827,null,14,4,0
1189,319,23.34,23.340000,-33.200000,-40.950000,1021833495686480926,null,15,4,0
1190,326,80480.7,80480.700000,-33.200000,-26752.800000,2151599218569114843,null,15,4,0
1191,333,23.34,23.340000,-33.200000,-40.950000,5870701250716662412,null,15,4,0
1192,341,23.34,23.340000,-33.200000,-40.950000,2224279254069829925,null,15,4,0
1193,348,23.34,23.340000,-33.200000,-40.950000,18092354420701485302,null,15,4,0
1194,355,23.34,23.340000,-33.200000,-40.950000,3605408708118668390,null,15,4,0
1195,362,23.34,23.340000,-33.200000,-40.950000,2139485506036974317,null,15,4,0
1196,320,121371,121371.000000,-33.200000,-40328.300000,11091684602567475790,null,16,4,0
1197,329,121371,121371.000000,-33.200000,-40328.300000,1255180935117200076,null,16,4,0
1198,338,121371,121371.000000,-33.200000,-40328.300000,13708986873240588286,null,16,4,0
1199,344,24.85,24.850000,-33.200000,-41.449000,4317156347400168444,null,16,4,0
1200,351,24.85,24.850000,-33.200000,-41.449000,10741689987817068919,null,16,4,0
1201,358,24.85,24.850000,-33.200000,-41.449000,1295167265586573713,null,16,4,0
1202,365,24.85,24.850000,-33.200000,-41.449000,11314074638553857844,null,16,4,0
1203,321,121371,121371.000000,-33.200000,-40328.300000,11568718566409560817,null,17,4,0
1204,330,121371,121371.000000,-33.200000,-40328.300000,16158012744992314905,null,17,4,0
1205,338,116155,116155.000000,-34.700000,-40340.600000,7875465409351363254,null,17,4,0
1206,347,116155,116155.000000,-34.700000,-40340.600000,14241540543113498096,null,17,4,0
1207,356,116155,116155.000000,-34.700000,-40340.600000,18365916904284999043,null,17,4,0
1208,365,116155,116155.000000,-34.700000,-40340.600000,14103967475771014883,null,17,4,0
1209,374,116155,116155.000000,-34.700000,-40340.600000,12023058426598190946,null,17,4,0
1210,319,110748,110748.000000,-33.200000,-36801.700000,6442323396946421670,null,18,4,0
1211,326,110748,110748.000000,-33.200000,-36801.700000,9897592922949269048,null,18,4,0
1212,334,105957,105957.000000,-34.700000,-36801.700000,8180861020641786058,null,18,4,0
1213,341,116155,116155.000000,-34.700000,-40340.600000,12909496499364291590,null,18,4,0
1214,349,105957,105957.000000,-34.700000,-36801.700000,8642729489998448584,null,18,4,0
1215,357,105957,105957.000000,-34.700000,-36801.700000,14907629546736420367,null,18,4,0
1216,366,105957,105957.000000,-34.700000,-36801.700000,8806441071354184108,null,18,4,0
1217,320,23.34,23.340000,-33.200000,-40.950000,13985174376248956305,null,19,4,0
1218,329,23.34,23.340000,-33.200000,-40.950000,11619637033348704541,null,19,4,0
1219,337,116155,116155.000000,-34.700000,-40340.600000,5682699329947541833,null,19,4,0
1220,346,23.34,23.340000,-33.200000,-40.950000,1936504751091004223,null,19,4,0
1221,354,23.34,23.340000,-33.200000,-40.950000,14262878513527578722,null,19,4,0
1222,363,23.34,23.340000,-33.200000,-40.950000,2105398914591668183,null,19,4,0
1223,370,104391,104391.000000,-33.200000,-34691.100000,12973013913068824881,null,19,4,0
1224,319,23.34,23.340000,-33.200000,-40.950000,5646338442349139881,null,20,4,0
1225,326,23.34,23.340000,-33.200000,-40.950000,16100923943594818823,null,20,4,0
1226,333,23.34,23.340000,-33.200000,-40.950000,593323335400202151,null,20,4,0
1227,341,23.34,23.340000,-33.200000,-40.950000,2375033334156395116,null,20,4,0
1228,348,23.34,23.340000,-33.200000,-40.950000,4927314642808804978,null,20,4,0
1229,355,23.34,23.340000,-33.200000,-40.950000,9477697131456599007,null,20,4,0
1230,362,110748,110748.000000,-33.200000,-36801.700000,12594860022396682855,null,20,4,0
1231,319,110748,110748.000000,-33.200000,-36801.700000,3620862286455724264,null,21,4,0
1232,326,110748,110748.000000,-33.200000,-36801.700000,14114465420877844385,null,21,4,0
1233,333,110748,110748.000000,-33.200000,-36801.700000,1702235683973516723,null,21,4,0
1234,340,110748,110748.000000,-33.200000,-36801.700000,10764374055417802975,null,21,4,0
1235,347,110748,110748.000000,-33.200000,-36801.700000,16586581540878498646,null,21,4,0
1236,354,110748,110748.000000,-33.200000,-36801.700000,4773928246062943278,null,21,4,0
1237,361,110748,110748.000000,-33.200000,-36801.700000,2167828018271129475,null,21,4,0
1238,318,23.34,23.340000,-33.200000,-40.950000,17916941817860561488,null,22,4,0
1239,325,23.34,23.340000,-33.200000,-40.950000,6697111191028022967,null,22,4,0
1240,332,23.34,23.340000,-33.200000,-40.950000,10662874652980614296,null,22,4,0
1241,339,23.34,23.340000,-33.200000,-40.950000,12433364084816021284,null,22,4,0
1242,346,23.34,23.340000,-33.200000,-40.950000,11048515018104742294,null,22,4,0
1243,352,19.45,19.450000,-34.700000,-41.449000,4649940750942333973,null,22,4,0
1244,359,19.45,19.450000,-34.700000,-41.449000,18148866451085782387,null,22,4,0
1245,319,23.34,23.340000,-33.200000,-40.950000,12576692453022376896,null,23,4,0
1246,326,23.34,23.340000,-33.200000,-40.950000,17627522241215328368,null,23,4,0
1247,334,23.34,23.340000,-33.200000,-40.950000,12286843772646856432,null,23,4,0
1248,342,18.01,18.010000,-34.700000,-40.950000,5230330318950842855,null,23,4,0
1249,350,18.01,18.010000,-34.700000,-40.950000,11056726801253075485,null,23,4,0
1250,358,18.01,18.010000,-34.700000,-40.950000,13753272507566089991,null,23,4,0
1251,366,18.01,18.010000,-34.700000,-40.950000,8060475051114231816,null,23,4,0
1252,318,80480.7,80480.700000,-33.200000,-26752.800000,9786572214805186627,null,24,4,0
1253,325,80480.7,80480.700000,-33.200000,-26752.800000,16601084525101791768,null,24,4,0
1254,332,80480.7,80480.700000,-33.200000,-26752.800000,18044168077272088515,null,24,4,0
1255,339,80480.7,80480.700000,-33.200000,-26752.800000,8045844456623427243,null,24,4,0
1256,346,80480.7,80480.700000,-33.200000,-26752.800000,17213285642797838167,null,24,4,0
1257,352,80480.7,80480.700000,-33.200000,-26752.800000,6914577634689705941,null,24,4,0
1258,359,80480.7,80480.700000,-33.200000,-26752.800000,985029002823133144,null,24,4,0
1259,319,81360.5,81360.500000,-33.200000,-27044.900000,5927699363381282174,null,25,4,0
1260,326,23.34,23.340000,-33.200000,-40.950000,16477538701786706374,null,25,4,0
1261,333,23.34,23.340000,-33.200000,-40.950000,1713291997142533867,null,25,4,0
1262,341,23.34,23.340000,-33.200000,-40.950000,9728698538003172834,null,25,4,0
1263,348,23.34,23.340000,-33.200000,-40.950000,7184015482400100433,null,25,4,0
1264,355,23.34,23.340000,-33.200000,-40.950000,1179722578562209939,null,25,4,0
1265,363,23.34,23.340000,-33.200000,-40.950000,8138780273407033456,null,25,4,0
1266,319,80480.7,80480.700000,-33.200000,-26752.800000,3078748840042259423,null,26,4,0
1267,326,80480.7,80480.700000,-33.200000,-26752.800000,6329241744905887146,null,26,4,0
1268,333,80480.7,80480.700000,-33.200000,-26752.800000,11855431979994454298,null,26,4,0
1269,340,80480.7,80480.700000,-33.200000,-26752.800000,4873836380782494156,null,26,4,0
1270,347,80480.7,80480.700000,-33.200000,-26752.800000,10374231781188521276,null,26,4,0
1271,354,80480.7,80480.700000,-33.200000,-26752.800000,8603498912873066640,null,26,4,0
1272,361,80480.7,80480.700000,-33.200000,-26752.800000,7687560263709730599,null,26,4,0
1273,320,105957,105957.000000,-34.700000,-36801.700000,528146880674071819,null,27,4,0
1274,328,105957,105957.000000,-34.700000,-36801.700000,17675006562099322446,null,27,4,0
1275,336,105957,105957.000000,-34.700000,-36801.700000,13096242572707123775,null,27,4,0
1276,344,104391,104391.000000,-33.200000,-34691.100000,13350894877220883880,null,27,4,0
1277,352,104391,104391.000000,-33.200000,-34691.100000,15792987656191382152,null,27,4,0
1278,359,116155,116155.000000,-34.700000,-40340.600000,15601050809159369308,null,27,4,0
1279,366,104391,104391.000000,-33.200000,-34691.100000,9610200206844021737,null,27,4,0
1280,319,104391,104391.000000,-33.200000,-34691.100000,6479251891845093746,null,28,4,0
1281,327,104391,104391.000000,-33.200000,-34691.100000,856754958052881723,null,28,4,0
1282,334,81360.5,81360.500000,-33.200000,-27044.900000,4573562625112198185,null,28,4,0
1283,341,81360.5,81360.500000,-33.200000,-27044.900000,13197705431079321120,null,28,4,0
1284,349,81360.5,81360.500000,-33.200000,-27044.900000,15287617706775456002,null,28,4,0
1285,356,81360.5,81360.500000,-33.200000,-27044.900000,14708007806263943658,null,28,4,0
1286,363,81360.5,81360.500000,-33.200000,-27044.900000,4099270542064338675,null,28,4,0
1287,319,18.01,18.010000,-34.700000,-40.950000,4705928782259079341,null,29,4,0
1288,326,18.01,18.010000,-34.700000,-40.950000,10850699511263175022,null,29,4,0
1289,333,80480.7,80480.700000,-33.200000,-26752.800000,13179930205096085801,null,29,4,0
1290,340,23.34,23.340000,-33.200000,-40.950000,7702872582600577344,null,29,4,0
1291,347,23.34,23.340000,-33.200000,-40.950000,17663098507293840236,null,29,4,0
1292,354,18.01,18.010000,-34.700000,-40.950000,6944293983229491844,null,29,4,0
1293,363,121371,121371.000000,-33.200000,-40328.300000,15424576207411136792,null,29,4,0
1294,318,121371,121371.000000,-33.200000,-40328.300000,16477599722635575572,null,30,4,0
1295,325,121371,121371.000000,-33.200000,-40328.300000,14385474122374649835,null,30,4,0
1296,331,121371,121371.000000,-33.200000,-40328.300000,1609700642102778465,null,30,4,0
1297,338,121371,121371.000000,-33.200000,-40328.300000,9143024430061122701,null,30,4,0
1298,347,121371,121371.000000,-33.200000,-40328.300000,13584937954832438845,null,30,4,0
1299,354,121371,121371.000000,-33.200000,-40328.300000,14596163452190154218,null,30,4,0
1300,360,121371,121371.000000,-33.200000,-40328.300000,4508600512348213236,null,30,4,0
1301,318,80480.7,80480.700000,-33.200000,-26752.800000,9394195276743099599,null,31,4,0
1302,325,80480.7,80480.700000,-33.200000,-26752.800000,3811234427060958660,null,31,4,0
1303,332,80480.7,80480.700000,-33.200000,-26752.800000,16725587297642538699,null,31,4,0
1304,339,80480.7,80480.700000,-33.200000,-26752.800000,13734279974279755496,null,31,4,0
1305,346,80480.7,80480.700000,-33.200000,-26752.800000,3432150694153018279,null,31,4,0
1306,353,80480.7,80480.700000,-33.200000,-26752.800000,4651195100392074840,null,31,4,0
1307,360,80480.7,80480.700000,-33.200000,-26752.800000,15070470741197374813,null,31,4,0
1308,381,18.01,18.010000,-34.700000,-40.950000,9712015842478178051,null,0,4,1
1309,382,18.01,18.010000,-34.700000,-40.950000,9389722010608579736,null,1,4,1
1310,381,18.01,18.010000,-34.700000,-40.950000,5120357146377058533,null,2,4,1
1311,382,18.01,18.010000,-34.700000,-40.950000,4266879520790255758,null,3,4,1
1312,381,18.01,18.010000,-34.700000,-40.950000,9640453058106918677,null,4,4,1
1313,381,18.01,18.010000,-34.700000,-40.950000,14193900100146711892,null,5,4,1
1314,381,18.01,18.010000,-34.700000,-40.950000,11948925301900679210,null,6,4,1
1315,381,18.01,18.010000,-34.700000,-40.950000,18406317028632573961,null,7,4,1
1316,381,18.01,18.010000,-34.700000,-40.950000,6401021622783046355,null,8,4,1
1317,382,111858,111858.210000,-34.700000,-38849.500000,7328420583158725990,null,9,4,1
1318,381,18.01,18.010000,-34.700000,-40.950000,3830563213098807583,null,10,4,1
1319,381,18.01,18.010000,-34.700000,-40.950000,4433474981051187705,null,11,4,1
1320,381,18.01,18.010000,-34.700000,-40.950000,13730482544008094224,null,12,4,1
1321,381,18.01,18.010000,-34.700000,-40.950000,14973694352129433904,null,13,4,1
1322,381,18.01,18.010000,-34.700000,-40.950000,11358161069855200119,null,14,4,1
1323,381,18.01,18.010000,-34.700000,-40.950000,3337506392057178068,null,15,4,1
1324,381,18.01,18.010000,-34.700000,-40.950000,5549507728851311078,null,16,4,1
1325,381,18.01,18.010000,-34.700000,-40.950000,16431002211810200280,null,17,4,1
1326,381,18.01,18.010000,-34.700000,-40.950000,5473848170668394619,null,18,4,1
1327,381,18.01,18.010000,-34.700000,-40.950000,11294820499125514037,null,19,4,1
1328,381,18.01,18.010000,-34.700000,-40.950000,205481401695453632,null,20,4,1
1329,382,18.01,18.010000,-34.700000,-40.950000,7090811212709376975,null,21,4,1
1330,380,1.79769e+308,,,-42186.000000,5943257993541957122,null,22,4,1
1331,381,18.01,18.010000,-34.700000,-40.950000,16912882508201586920,null,23,4,1
1332,381,1.79769e+308,,,-42186.000000,11888330670860472704,null,24,4,1
1333,382,18.01,18.010000,-34.700000,-40.950000,8020251988435767421,null,25,4,1
1334,381,18.01,18.010000,-34.700000,-40.950000,2774057765622407628,null,26,4,1
1335,391,18.01,18.010000,-34.700000,-40.950000,5549507728851311078,null,0,5,0
1336,398,18.01,18.010000,-34.700000,-40.950000,13730482544008094224,null,0,5,0
1337,406,18.01,18.010000,-34.700000,-40.950000,10709422651670981369,null,0,5,0
1338,413,18.01,18.010000,-34.700000,-40.950000,13721124631513205710,null,0,5,0
1339,421,18.01,18.010000,-34.700000,-40.950000,8020251988435767421,null,0,5,0
1340,429,18.01,18.010000,-34.700000,-40.950000,11294820499125514037,null,0,5,0
1341,438,121371,121370.780000,-33.200000,-40328.300000,9737618245863125003,null,0,5,0
1342,446,18.01,18.010000,-34.700000,-40.950000,4433474981051187705,null,0,5,0
1343,453,18.01,18.010000,-34.700000,-40.950000,3830563213098807583,null,0,5,0
1344,460,81360.5,81360.540000,-33.200000,-27044.900000,3668349835537268034,null,0,5,0
1345,467,18.01,18.010000,-34.700000,-40.950000,11977844079198209241,null,0,5,0
1346,475,18.01,18.010000,-34.700000,-40.950000,16912882508201586920,null,0,5,0
1347,481,1.79769e+308,,,-42186.000000,5943257993541957122,null,0,5,0
1348,488,18.01,18.010000,-34.700000,-40.950000,6863555193231150367,null,0,5,0
1349,496,18.01,18.010000,-34.700000,-40.950000,2774057765622407628,null,0,5,0
1350,504,18.01,18.010000,-34.700000,-40.950000,12924269334330573655,null,0,5,0
1351,511,23.34,23.340000,-33.200000,-40.950000,14921508010286178949,null,0,5,0
1352,519,18.01,18.010000,-34.700000,-40.950000,3175669104720507236,null,0,5,0
1353,526,18.01,18.010000,-34.700000,-40.950000,4266879520790255758,null,0,5,0
1354,534,18.01,18.010000,-34.700000,-40.950000,9328298672788675529,null,0,5,0
1355,541,81360.5,81360.540000,-33.200000,-27044.900000,10652012289581698240,null,0,5,0
1356,549,18.01,18.010000,-34.700000,-40.950000,8377981177332969130,null,0,5,0
1357,556,18.01,18.010000,-34.700000,-40.950000,14435525882683381056,null,0,5,0
1358,564,18.01,18.010000,-34.700000,-40.950000,10136391872394692371,null,0,5,0
1359,571,18.01,18.010000,-34.700000,-40.950000,2703195584121430106,null,0,5,0
1360,579,18.01,18.010000,-34.700000,-40.950000,3337506392057178068,null,0,5,0
1361,586,18.01,18.010000,-34.700000,-40.950000,4119977593566491808,null,0,5,0
1362,594,18.01,18.010000,-34.700000,-40.950000,205481401695453632,null,0,5,0
1363,602,18.01,18.010000,-34.700000,-40.950000,38538515334421422,null,0,5,0
1364,610,18.01,18.010000,-34.700000,-40.950000,9316799145851188295,null,0,5,0
1365,391,18.01,18.010000,-34.700000,-40.950000,16957666276679199245,2,1,5,0
1366,398,77839.2,77839.200000,-34.700000,-27044.900000,3668349835537268035,2,1,5,0
1367,406,18.01,18.010000,-34.700000,-40.950000,5795182131189996652,2,1,5,0
1368,413,18.01,18.010000,-34.700000,-40.950000,9712015842478178050,2,1,5,0
1369,421,18.01,18.010000,-34.700000,-40.950000,1962580943703632402,2,1,5,0
1370,428,18.01,18.010000,-34.700000,-40.950000,6863555193231150366,2,1,5,0
1371,436,18.01,18.010000,-34.700000,-40.950000,4266879520790255757,2,1,5,0
1372,444,18.01,18.010000,-34.700000,-40.950000,13721124631513205711,2,1,5,0
1373,452,18.01,18.010000,-34.700000,-40.950000,38538515334421423,2,1,5,0
1374,459,18.01,18.010000,-34.700000,-40.950000,16912882508201586921,2,1,5,0
1375,466,18.01,18.010000,-34.700000,-40.950000,11977844079198209240,2,1,5,0
1376,474,18.01,18.010000,-34.700000,-40.950000,14973694352129433905,2,1,5,0
1377,481,18.01,18.010000,-34.700000,-40.950000,10709422651670981368,2,1,5,0
1378,489,18.01,18.010000,-34.700000,-40.950000,16431002211810200281,2,1,5,0
1379,497,18.01,18.010000,-34.700000,-40.950000,11358161069855200118,2,1,5,0
1380,504,18.01,18.010000,-34.700000,-40.950000,1880420194256064435,2,1,5,0
1381,512,18.01,18.010000,-34.700000,-40.950000,205481401695453633,2,1,5,0
1382,519,18.01,18.010000,-34.700000,-40.950000,6962149414314999922,2,1,5,0
1383,527,18.01,18.010000,-34.700000,-40.950000,13650819850745377396,2,1,5,0
1384,535,18.01,18.010000,-34.700000,-40.950000,11980945599508914167,2,1,5,0
1385,543,18.01,18.010000,-34.700000,-40.950000,14921508010286178948,2,1,5,0
1386,550,77839.2,77839.200000,-34.700000,-27044.900000,10652012289581698243,2,1,5,0
1387,558,18.01,18.010000,-34.700000,-40.950000,420951247554274739,2,1,5,0
1388,565,18.01,18.010000,-34.700000,-40.950000,14435525882683381057,2,1,5,0
1389,574,19.45,19.450000,-34.700000,-41.450000,5943257993541957123,2,1,5,0
1390,581,18.01,18.010000,-34.700000,-40.950000,11536822340233966676,2,1,5,0
1391,589,18.01,18.010000,-34.700000,-40.950000,9389722010608579743,2,1,5,0
1392,596,18.01,18.010000,-34.700000,-40.950000,11294820499125514036,2,1,5,0
1393,605,19.45,19.450000,-34.700000,-41.450000,11888330670860472705,2,1,5,0
1394,613,18.01,18.010000,-34.700000,-40.950000,9790877350325995232,2,1,5,0
1395,392,1.79769e+308,,,-42186.000000,17825744169621875064,null,2,5,0
1396,401,1.79769e+308,,,-42186.000000,10256506437181800113,null,2,5,0
1397,410,1.79769e+308,,,-42186.000000,7633477096013818715,null,2,5,0
1398,416,80549.1,80549.100000,-33.200000,-26775.500000,4538187621950945578,null,2,5,0
1399,423,80549.1,80549.100000,-33.200000,-26775.500000,16393808841646212255,null,2,5,0
1400,430,80549.1,80549.100000,-33.200000,-26775.500000,454995517536621941,null,2,5,0
1401,436,80549.1,80549.100000,-33.200000,-26775.500000,16126064811604227468,null,2,5,0
1402,443,80549.1,80549.100000,-33.200000,-26775.500000,6165753392084155518,null,2,5,0
1403,450,80549.1,80549.100000,-33.200000,-26775.500000,8276414730124567058,null,2,5,0
1404,456,80549.1,80549.100000,-33.200000,-26775.500000,9873513401759167345,null,2,5,0
1405,463,80549.1,80549.100000,-33.200000,-26775.500000,315741751893458519,null,2,5,0
1406,470,19.45,19.450000,-34.700000,-41.449000,1346645660185817897,null,2,5,0
1407,476,19.45,19.450000,-34.700000,-41.449000,11931019632900003701,null,2,5,0
1408,482,19.45,19.450000,-34.700000,-41.449000,11854995041550259725,null,2,5,0
1409,491,116154,116154.000000,-34.700000,-40340.300000,14057151676461478095,null,2,5,0
1410,498,19.45,19.450000,-34.700000,-41.449000,7512950275534922273,null,2,5,0
1411,504,19.45,19.450000,-34.700000,-41.449000,5752731753707780205,null,2,5,0
1412,510,19.45,19.450000,-34.700000,-41.449000,3908728164455406805,null,2,5,0
1413,516,19.45,19.450000,-34.700000,-41.449000,11189869327887044954,null,2,5,0
1414,523,19.45,19.450000,-34.700000,-41.449000,10889348674482719629,null,2,5,0
1415,529,19.45,19.450000,-34.700000,-41.449000,8185156014808269421,null,2,5,0
1416,537,116154,116154.000000,-34.700000,-40340.300000,7944246406730716559,null,2,5,0
1417,544,19.45,19.450000,-34.700000,-41.449000,6286752099484290031,null,2,5,0
1418,551,116154,116154.000000,-34.700000,-40340.300000,582021307386638957,null,2,5,0
1419,557,19.45,19.450000,-34.700000,-41.449000,5645281534336166924,null,2,5,0
1420,563,19.45,19.450000,-34.700000,-41.449000,5784477307502616942,null,2,5,0
1421,569,19.45,19.450000,-34.700000,-41.449000,17172566887803482393,null,2,5,0
1422,576,19.45,19.450000,-34.700000,-41.449000,11102695628773051244,null,2,5,0
1423,582,19.45,19.450000,-34.700000,-41.449000,17852214724618306149,null,2,5,0
1424,589,24.85,24.850000,-33.200000,-41.449000,6662800065990706303,null,2,5,0
1425,391,111932,111932.000000,-33.200000,-37194.600000,6689756054366630307,null,3,5,0
1426,398,111932,111932.000000,-33.200000,-37194.600000,839222881507565361,null,3,5,0
1427,405,80549.1,80549.100000,-33.200000,-26775.500000,10551857328036032292,null,3,5,0
1428,411,80549.1,80549.100000,-33.200000,-26775.500000,16675582333133324908,null,3,5,0
1429,418,80549.1,80549.100000,-33.200000,-26775.500000,15604101926727222156,null,3,5,0
1430,424,80549.1,80549.100000,-33.200000,-26775.500000,2736761496824703007,null,3,5,0
1431,430,80549.1,80549.100000,-33.200000,-26775.500000,2059549353517558448,null,3,5,0
1432,437,80549.1,80549.100000,-33.200000,-26775.500000,4482466771480038231,null,3,5,0
1433,443,80549.1,80549.100000,-33.200000,-26775.500000,13537213402873560070,null,3,5,0
1434,450,80549.1,80549.100000,-33.200000,-26775.500000,8931452512741085260,null,3,5,0
1435,456,80549.1,80549.100000,-33.200000,-26775.500000,8894667299283750312,null,3,5,0
1436,463,80549.1,80549.100000,-33.200000,-26775.500000,10566860558020452073,null,3,5,0
1437,469,80549.1,80549.100000,-33.200000,-26775.500000,4516381347504379421,null,3,5,0
1438,476,80549.1,80549.100000,-33.200000,-26775.500000,9623003225842788048,null,3,5,0
1439,482,80549.1,80549.100000,-33.200000,-26775.500000,8657174652656414992,null,3,5,0
1440,488,80549.1,80549.100000,-33.200000,-26775.500000,6350593810506386521,null,3,5,0
1441,495,80549.1,80549.100000,-33.200000,-26775.500000,10532551220776028318,null,3,5,0
1442,501,80549.1,80549.100000,-33.200000,-26775.500000,9976477350797807969,null,3,5,0
1443,508,80549.1,80549.100000,-33.200000,-26775.500000,17753462523791796375,null,3,5,0
1444,514,80549.1,80549.100000,-33.200000,-26775.500000,4688472940116113940,null,3,5,0
1445,521,80549.1,80549.100000,-33.200000,-26775.500000,11773435997742927625,null,3,5,0
1446,527,80549.1,80549.100000,-33.200000,-26775.500000,3308226262090153823,null,3,5,0
1447,533,80549.1,80549.100000,-33.200000,-26775.500000,3360477118798638768,null,3,5,0
1448,540,80549.1,80549.100000,-33.200000,-26775.500000,1616787651261172263,null,3,5,0
1449,546,80549.1,80549.100000,-33.200000,-26775.500000,18319158148193453908,null,3,5,0
1450,553,80549.1,80549.100000,-33.200000,-26775.500000,4541897485210083099,null,3,5,0
1451,559,80549.1,80549.100000,-33.200000,-26775.500000,9676960371179530932,null,3,5,0
1452,565,80549.1,80549.100000,-33.200000,-26775.500000,1435707266723715861,null,3,5,0
1453,572,80549.1,80549.100000,-33.200000,-26775.500000,2074227471985104388,null,3,5,0
1454,581,1.79769e+308,,,-42186.000000,12709991968261733750,null,3,5,0
1455,391,1.79769e+308,,,-42186.000000,13480552234708698935,null,4,5,0
1456,399,1.79769e+308,,,-42186.000000,1765365141971974185,null,4,5,0
1457,407,1.79769e+308,,,-42186.000000,4421979927104170839,null,4,5,0
1458,415,1.79769e+308,,,-42186.000000,1641184067824926043,null,4,5,0
1459,423,1.79769e+308,,,-42186.000000,15606058412911021185,null,4,5,0
1460,431,1.79769e+308,,,-42186.000000,7187698196480014779,null,4,5,0
1461,438,1.79769e+308,,,-42186.000000,8709338753559357990,null,4,5,0
1462,446,1.79769e+308,,,-42186.000000,10309866204138807713,null,4,5,0
1463,454,1.79769e+308,,,-42186.000000,10352010451145388981,null,4,5,0
1464,464,1.79769e+308,,,-42186.000000,8166840001205406928,null,4,5,0
1465,472,1.79769e+308,,,-42186.000000,16219665201106587306,null,4,5,0
1466,479,1.79769e+308,,,-42186.000000,9586755345938726738,null,4,5,0
1467,487,1.79769e+308,,,-42186.000000,14974269139251216601,null,4,5,0
1468,495,1.79769e+308,,,-42186.000000,1854074281384599437,null,4,5,0
1469,503,1.79769e+308,,,-42186.000000,15652479625670774001,null,4,5,0
1470,511,1.79769e+308,,,-42186.000000,9697582837193538530,null,4,5,0
1471,519,1.79769e+308,,,-42186.000000,5298817332866537390,null,4,5,0
1472,527,1.79769e+308,,,-42186.000000,11354922357485256013,null,4,5,0
1473,535,1.79769e+308,,,-42186.000000,8430246519434372297,null,4,5,0
1474,543,1.79769e+308,,,-42186.000000,11025205732846834782,null,4,5,0
1475,551,1.79769e+308,,,-42186.000000,17556384257992875585,null,4,5,0
1476,559,1.79769e+308,,,-42186.000000,12260750852965932911,null,4,5,0
1477,566,1.79769e+308,,,-42186.000000,11947522548556906682,null,4,5,0
1478,574,1.79769e+308,,,-42186.000000,11353115080110224024,null,4,5,0
1479,582,1.79769e+308,,,-42186.000000,11435930050401108941,null,4,5,0
1480,590,1.79769e+308,,,-42186.000000,17335718393892358452,null,4,5,0
1481,598,1.79769e+308,,,-42186.000000,9249858952089811882,null,4,5,0
1482,606,1.79769e+308,,,-42186.000000,12714997467210456488,null,4,5,0
1483,614,1.79769e+308,,,-42186.000000,17899654813474890774,null,4,5,0
1484,622,1.79769e+308,,,-42186.000000,3232217526685949877,null,4,5,0
1485,390,110748,110748.000000,-33.200000,-36801.700000,15583125769136748081,null,5,5,0
1486,397,110748,110748.000000,-33.200000,-36801.700000,10503076102420104239,null,5,5,0
1487,404,110748,110748.000000,-33.200000,-36801.700000,6618496070809553564,null,5,5,0
1488,411,110748,110748.000000,-33.200000,-36801.700000,6221707002070183499,null,5,5,0
1489,418,110748,110748.000000,-33.200000,-36801.700000,16817209568847906317,null,5,5,0
1490,425,110748,110748.000000,-33.200000,-36801.700000,15927441779881578917,null,5,5,0
1491,432,110748,110748.000000,-33.200000,-36801.700000,1236205752617997728,null,5,5,0
1492,439,110748,110748.000000,-33.200000,-36801.700000,8449266811040081398,null,5,5,0
1493,446,110748,110748.000000,-33.200000,-36801.700000,13327786399035696403,null,5,5,0
1494,452,1.79769e+308,,,-42186.000000,14608563828588923323,null,5,5,0
1495,459,110748,110748.000000,-33.200000,-36801.700000,10440712307077692765,null,5,5,0
1496,467,105957,105957.000000,-34.700000,-36801.700000,5212421474761251112,null,5,5,0
1497,475,105957,105957.000000,-34.700000,-36801.700000,6305134461284277321,null,5,5,0
1498,484,105957,105957.000000,-34.700000,-36801.700000,3513649187804796671,null,5,5,0
1499,492,105957,105957.000000,-34.700000,-36801.700000,8653678947460100572,null,5,5,0
1500,500,105957,105957.000000,-34.700000,-36801.700000,535627034243886293,null,5,5,0
1501,508,105957,105957.000000,-34.700000,-36801.700000,1707909050936622040,null,5,5,0
1502,515,80480.7,80480.700000,-33.200000,-26752.800000,2942062969597091246,null,5,5,0
1503,522,80480.7,80480.700000,-33.200000,-26752.800000,11559460345956794008,null,5,5,0
1504,529,80480.7,80480.700000,-33.200000,-26752.800000,12069285137289803916,null,5,5,0
1505,535,80480.7,80480.700000,-33.200000,-26752.800000,9945083067860681046,null,5,5,0
1506,542,1.79769e+308,,,-42186.000000,8368727339934318226,null,5,5,0
1507,549,80480.7,80480.700000,-33.200000,-26752.800000,13876514276072192386,null,5,5,0
1508,556,80480.7,80480.700000,-33.200000,-26752.800000,5004994704313880874,null,5,5,0
1509,562,80480.7,80480.700000,-33.200000,-26752.800000,678834218110327089,null,5,5,0
1510,569,80480.7,80480.700000,-33.200000,-26752.800000,18280836399365114842,null,5,5,0
1511,576,80480.7,80480.700000,-33.200000,-26752.800000,17247201744125619049,null,5,5,0
1512,583,80480.7,80480.700000,-33.200000,-26752.800000,16020675852682249349,null,5,5,0
1513,590,80480.7,80480.700000,-33.200000,-26752.800000,4285807480451672705,null,5,5,0
1514,596,80549.1,80549.100000,-33.200000,-26775.500000,4510446936381948428,null,5,5,0
1515,392,1.79769e+308,,,-42186.000000,965128104357546520,null,6,5,0
1516,401,1.79769e+308,,,-42186.000000,11465959931730345970,null,6,5,0
1517,410,1.79769e+308,,,-42186.000000,11223026360390535391,null,6,5,0
1518,419,1.79769e+308,,,-42186.000000,13193814473846717449,null,6,5,0
1519,427,1.79769e+308,,,-42186.000000,14660951611440439095,null,6,5,0
1520,436,1.79769e+308,,,-42186.000000,4098705486248901879,null,6,5,0
1521,445,1.79769e+308,,,-42186.000000,16110506712172432449,null,6,5,0
1522,454,1.79769e+308,,,-42186.000000,6171242043275301638,null,6,5,0
1523,462,1.79769e+308,,,-42186.000000,14631361757205455254,null,6,5,0
1524,471,1.79769e+308,,,-42186.000000,3047784764424818796,null,6,5,0
1525,480,1.79769e+308,,,-42186.000000,8549397172094418431,null,6,5,0
1526,486,19.45,19.450000,-34.700000,-41.449000,16372443707353777493,null,6,5,0
1527,493,19.45,19.450000,-34.700000,-41.449000,2796021214414378509,null,6,5,0
1528,499,19.45,19.450000,-34.700000,-41.449000,17380878009324709680,null,6,5,0
1529,505,19.45,19.450000,-34.700000,-41.449000,16365224547672886336,null,6,5,0
1530,511,19.45,19.450000,-34.700000,-41.449000,9436716936689319179,null,6,5,0
1531,517,19.45,19.450000,-34.700000,-41.449000,5575219821891927858,null,6,5,0
1532,524,19.45,19.450000,-34.700000,-41.449000,3795731509567074526,null,6,5,0
1533,531,116154,116154.000000,-34.700000,-40340.300000,4084450896629270149,null,6,5,0
1534,537,19.45,19.450000,-34.700000,-41.449000,15662177498824259295,null,6,5,0
1535,544,19.45,19.450000,-34.700000,-41.449000,17608521955186107893,null,6,5,0
1536,550,19.45,19.450000,-34.700000,-41.449000,3764422556340642507,null,6,5,0
1537,556,19.45,19.450000,-34.700000,-41.449000,7398812691694868577,null,6,5,0
1538,562,19.45,19.450000,-34.700000,-41.449000,16721998060693940726,null,6,5,0
1539,568,19.45,19.450000,-34.700000,-41.449000,15969665574651076578,null,6,5,0
1540,575,19.45,19.450000,-34.700000,-41.449000,17720294607985702543,null,6,5,0
1541,581,19.45,19.450000,-34.700000,-41.449000,13228713947511757053,null,6,5,0
1542,587,19.45,19.450000,-34.700000,-41.449000,15492605888638184956,null,6,5,0
1543,593,19.45,19.450000,-34.700000,-41.449000,13208049683066152188,null,6,5,0
1544,599,19.45,19.450000,-34.700000,-41.449000,4356078492895698872,null,6,5,0
1545,391,1.79769e+308,,,-42186.000000,7626223412112402848,null,7,5,0
1546,399,1.79769e+308,,,-42186.000000,5526415424421231626,null,7,5,0
1547,406,1.79769e+308,,,-42186.000000,12000690565527336454,null,7,5,0
1548,414,1.79769e+308,,,-42186.000000,12655380863054694975,null,7,5,0
1549,421,1.79769e+308,,,-42186.000000,985158452412596520,null,7,5,0
1550,430,121444,121444.000000,-33.200000,-40352.600000,7816891203818293314,null,7,5,0
1551,438,116154,116154.000000,-34.700000,-40340.300000,10413449389766005573,null,7,5,0
1552,447,116154,116154.000000,-34.700000,-40340.300000,8664463228364639212,null,7,5,0
1553,455,116154,116154.000000,-34.700000,-40340.300000,17276391025652877312,null,7,5,0
1554,463,1.79769e+308,,,-42186.000000,7096439932125826945,null,7,5,0
1555,472,116154,116154.000000,-34.700000,-40340.300000,6094076376497064847,null,7,5,0
1556,480,116154,116154.000000,-34.700000,-40340.300000,528136201110854224,null,7,5,0
1557,488,1.79769e+308,,,-42186.000000,5637757278385177651,null,7,5,0
1558,496,116154,116154.000000,-34.700000,-40340.300000,14095571184322672619,null,7,5,0
1559,504,116154,116154.000000,-34.700000,-40340.300000,1953460344765664785,null,7,5,0
1560,513,116154,116154.000000,-34.700000,-40340.300000,17708125990684885282,null,7,5,0
1561,522,116154,116154.000000,-34.700000,-40340.300000,4838364647934291592,null,7,5,0
1562,530,116154,116154.000000,-34.700000,-40340.300000,1423440161105461600,null,7,5,0
1563,538,116154,116154.000000,-34.700000,-40340.300000,17843910790286110285,null,7,5,0
1564,546,116154,116154.000000,-34.700000,-40340.300000,17490156142596510037,null,7,5,0
1565,555,116154,116154.000000,-34.700000,-40340.300000,9961427777496848541,null,7,5,0
1566,563,116154,116154.000000,-34.700000,-40340.300000,5415705183337748646,null,7,5,0
1567,571,116154,116154.000000,-34.700000,-40340.300000,14729411544946110306,null,7,5,0
1568,579,116154,116154.000000,-34.700000,-40340.300000,6838347770750433182,null,7,5,0
1569,588,116154,116154.000000,-34.700000,-40340.300000,4034612224237480926,null,7,5,0
1570,596,116154,116154.000000,-34.700000,-40340.300000,10056400800685872185,null,7,5,0
1571,604,116154,116154.000000,-34.700000,-40340.300000,4074360387822587886,null,7,5,0
1572,613,116154,116154.000000,-34.700000,-40340.300000,7034235931619597307,null,7,5,0
1573,621,116154,116154.000000,-34.700000,-40340.300000,14908208324794494072,null,7,5,0
1574,628,116154,116154.000000,-34.700000,-40340.300000,15114456568210938675,null,7,5,0
1575,391,105957,105957.000000,-34.700000,-36801.700000,16858868756572728993,null,8,5,0
1576,400,105957,105957.000000,-34.700000,-36801.700000,14029774188192629129,null,8,5,0
1577,408,105957,105957.000000,-34.700000,-36801.700000,10012533679688683093,null,8,5,0
1578,415,80480.7,80480.700000,-33.200000,-26752.800000,1155495411770587690,null,8,5,0
1579,422,80480.7,80480.700000,-33.200000,-26752.800000,10900080530520537136,null,8,5,0
1580,429,1.79769e+308,,,-42186.000000,7303379795629632817,null,8,5,0
1581,436,1.79769e+308,,,-42186.000000,16419875149346977885,null,8,5,0
1582,443,80480.7,80480.700000,-33.200000,-26752.800000,5473856208626892024,null,8,5,0
1583,450,80480.7,80480.700000,-33.200000,-26752.800000,5546383342088414675,null,8,5,0
1584,457,80480.7,80480.700000,-33.200000,-26752.800000,13218367144915927932,null,8,5,0
1585,463,80480.7,80480.700000,-33.200000,-26752.800000,2354099338105458947,null,8,5,0
1586,470,80549.1,80549.100000,-33.200000,-26775.500000,5014250839134569072,null,8,5,0
1587,477,80480.7,80480.700000,-33.200000,-26752.800000,14169955002699346545,null,8,5,0
1588,484,80480.7,80480.700000,-33.200000,-26752.800000,17970543272300134113,null,8,5,0
1589,490,80480.7,80480.700000,-33.200000,-26752.800000,14724694379009406716,null,8,5,0
1590,498,121371,121371.000000,-33.200000,-40328.300000,8887785387396842736,null,8,5,0
1591,504,80480.7,80480.700000,-33.200000,-26752.800000,4559055455074635596,null,8,5,0
1592,511,80480.7,80480.700000,-33.200000,-26752.800000,993134869396351574,null,8,5,0
1593,518,80480.7,80480.700000,-33.200000,-26752.800000,12495234313688900067,null,8,5,0
1594,525,80480.7,80480.700000,-33.200000,-26752.800000,2819391117176858559,null,8,5,0
1595,531,80480.7,80480.700000,-33.200000,-26752.800000,7205375757774750202,null,8,5,0
1596,538,80480.7,80480.700000,-33.200000,-26752.800000,13112990641697613538,null,8,5,0
1597,545,80480.7,80480.700000,-33.200000,-26752.800000,12485330381432415608,null,8,5,0
1598,552,80480.7,80480.700000,-33.200000,-26752.800000,13243700015564636878,null,8,5,0
1599,559,80480.7,80480.700000,-33.200000,-26752.800000,9227261578761536925,null,8,5,0
1600,565,80480.7,80480.700000,-33.200000,-26752.800000,12818876169928485955,null,8,5,0
1601,572,80480.7,80480.700000,-33.200000,-26752.800000,10883100890403417778,null,8,5,0
1602,579,80480.7,80480.700000,-33.200000,-26752.800000,10919768734325976036,null,8,5,0
1603,586,80480.7,80480.700000,-33.200000,-26752.800000,9902696927996847441,null,8,5,0
1604,593,80480.7,80480.700000,-33.200000,-26752.800000,5832607766779741393,null,8,5,0
1605,390,80480.7,80480.700000,-33.200000,-26752.800000,4185744160979664000,null,9,5,0
1606,397,80480.7,80480.700000,-33.200000,-26752.800000,4751339981374778081,null,9,5,0
1607,404,80480.7,80480.700000,-33.200000,-26752.800000,8076547625818706272,null,9,5,0
1608,411,80480.7,80480.700000,-33.200000,-26752.800000,17310012645284228970,null,9,5,0
1609,418,80480.7,80480.700000,-33.200000,-26752.800000,258866675251820636,null,9,5,0
1610,425,80480.7,80480.700000,-33.200000,-26752.800000,10934058952597315530,null,9,5,0
1611,432,1.79769e+308,,,-42186.000000,13299574288903102714,null,9,5,0
1612,439,80480.7,80480.700000,-33.200000,-26752.800000,8322054574430506785,null,9,5,0
1613,446,80480.7,80480.700000,-33.200000,-26752.800000,12569049645997881636,null,9,5,0
1614,453,121371,121371.000000,-33.200000,-40328.300000,4219587357641102447,null,9,5,0
1615,460,80480.7,80480.700000,-33.200000,-26752.800000,3230168732471365767,null,9,5,0
1616,467,80480.7,80480.700000,-33.200000,-26752.800000,600252873302321122,null,9,5,0
1617,474,80480.7,80480.700000,-33.200000,-26752.800000,8300807228082923881,null,9,5,0
1618,480,80480.7,80480.700000,-33.200000,-26752.800000,11300949217967361967,null,9,5,0
1619,487,80480.7,80480.700000,-33.200000,-26752.800000,16280840940581438526,null,9,5,0
1620,494,80480.7,80480.700000,-33.200000,-26752.800000,5452579774904578753,null,9,5,0
1621,501,80480.7,80480.700000,-33.200000,-26752.800000,10471134028546192418,null,9,5,0
1622,508,80480.7,80480.700000,-33.200000,-26752.800000,2579246859650955002,null,9,5,0
1623,515,80480.7,80480.700000,-33.200000,-26752.800000,11062530694003404978,null,9,5,0
1624,522,80480.7,80480.700000,-33.200000,-26752.800000,8137679114586328918,null,9,5,0
1625,528,80480.7,80480.700000,-33.200000,-26752.800000,11163309090564226368,null,9,5,0
1626,535,80480.7,80480.700000,-33.200000,-26752.800000,2633746088674766184,null,9,5,0
1627,542,80480.7,80480.700000,-33.200000,-26752.800000,9313042405048594377,null,9,5,0
1628,549,80480.7,80480.700000,-33.200000,-26752.800000,813366750432201499,null,9,5,0
1629,556,80480.7,80480.700000,-33.200000,-26752.800000,875802860007530909,null,9,5,0
1630,563,80480.7,80480.700000,-33.200000,-26752.800000,17076793306265901232,null,9,5,0
1631,570,80480.7,80480.700000,-33.200000,-26752.800000,2061596131032446185,null,9,5,0
1632,576,80480.7,80480.700000,-33.200000,-26752.800000,14207920412167400307,null,9,5,0
1633,583,80480.7,80480.700000,-33.200000,-26752.800000,4156270216671285952,null,9,5,0
1634,590,80480.7,80480.700000,-33.200000,-26752.800000,4869833714384280894,null,9,5,0
1635,391,1.79769e+308,,,-42186.000000,5467303213261351085,null,10,5,0
1636,398,1.79769e+308,,,-42186.000000,9658293091684946487,null,10,5,0
1637,405,1.79769e+308,,,-42186.000000,18160444586915564728,null,10,5,0
1638,413,1.79769e+308,,,-42186.000000,3547613463447822219,null,10,5,0
1639,420,1.79769e+308,,,-42186.000000,620055651712728326,null,10,5,0
1640,427,1.79769e+308,,,-42186.000000,10106022729265951775,null,10,5,0
1641,434,1.79769e+308,,,-42186.000000,14200057063962265068,null,10,5,0
1642,442,1.79769e+308,,,-42186.000000,17240435481496441244,null,10,5,0
1643,449,1.79769e+308,,,-42186.000000,7223356222998041707,null,10,5,0
1644,456,1.79769e+308,,,-42186.000000,11894587558602875374,null,10,5,0
1645,463,1.79769e+308,,,-42186.000000,4548167313081670246,null,10,5,0
1646,471,1.79769e+308,,,-42186.000000,3198354435867328481,null,10,5,0
1647,478,1.79769e+308,,,-42186.000000,3976644676181132591,null,10,5,0
1648,485,1.79769e+308,,,-42186.000000,5108629540123698398,null,10,5,0
1649,493,1.79769e+308,,,-42186.000000,1601688870934723561,null,10,5,0
1650,500,1.79769e+308,,,-42186.000000,1179127676769899658,null,10,5,0
1651,507,1.79769e+308,,,-42186.000000,15290607457878573644,null,10,5,0
1652,515,1.79769e+308,,,-42186.000000,8255436637614027923,null,10,5,0
1653,522,1.79769e+308,,,-42186.000000,15138606480846678243,null,10,5,0
1654,530,1.79769e+308,,,-42186.000000,11084686309899709145,null,10,5,0
1655,537,1.79769e+308,,,-42186.000000,16903402094621438837,null,10,5,0
1656,544,1.79769e+308,,,-42186.000000,3390756145884088077,null,10,5,0
1657,552,1.79769e+308,,,-42186.000000,15668296892909139457,null,10,5,0
1658,559,1.79769e+308,,,-42186.000000,6408868808216761844,null,10,5,0
1659,566,1.79769e+308,,,-42186.000000,11724985121361674250,null,10,5,0
1660,574,1.79769e+308,,,-42186.000000,3288006301338988849,null,10,5,0
1661,581,1.79769e+308,,,-42186.000000,14632726388267377089,null,10,5,0
1662,588,1.79769e+308,,,-42186.000000,4339794351714171930,null,10,5,0
1663,595,1.79769e+308,,,-42186.000000,16776340936990417213,null,10,5,0
1664,602,1.79769e+308,,,-42186.000000,9889683937343397607,null,10,5,0
1665,390,80480.7,80480.700000,-33.200000,-26752.800000,1620930238540727825,null,11,5,0
1666,397,80480.7,80480.700000,-33.200000,-26752.800000,1647483015650688920,null,11,5,0
1667,404,80480.7,80480.700000,-33.200000,-26752.800000,8180132533521851284,null,11,5,0
1668,411,80480.7,80480.700000,-33.200000,-26752.800000,8423900199629544830,null,11,5,0
1669,418,80480.7,80480.700000,-33.200000,-26752.800000,108316489641066917,null,11,5,0
1670,425,80480.7,80480.700000,-33.200000,-26752.800000,16641951181998623066,null,11,5,0
1671,432,80480.7,80480.700000,-33.200000,-26752.800000,17619310355623512535,null,11,5,0
1672,439,80480.7,80480.700000,-33.200000,-26752.800000,2689995030234889818,null,11,5,0
1673,446,80480.7,80480.700000,-33.200000,-26752.800000,13106824780378792574,null,11,5,0
1674,453,80480.7,80480.700000,-33.200000,-26752.800000,2523431212410449001,null,11,5,0
1675,460,80480.7,80480.700000,-33.200000,-26752.800000,14561965031224804910,null,11,5,0
1676,467,80480.7,80480.700000,-33.200000,-26752.800000,10131398610944022815,null,11,5,0
1677,474,80480.7,80480.700000,-33.200000,-26752.800000,14840064519227296692,null,11,5,0
1678,482,24.85,24.850000,-33.200000,-41.449000,10913764640529697751,null,11,5,0
1679,490,24.85,24.850000,-33.200000,-41.449000,10176389837815624125,null,11,5,0
1680,497,24.85,24.850000,-33.200000,-41.449000,16835155513145760178,null,11,5,0
1681,506,121371,121371.000000,-33.200000,-40328.300000,3949814775944969511,null,11,5,0
1682,514,24.85,24.850000,-33.200000,-41.449000,12595169519440317694,null,11,5,0
1683,521,121371,121371.000000,-33.200000,-40328.300000,7360351997469443915,null,11,5,0
1684,529,24.85,24.850000,-33.200000,-41.449000,7214569343801486002,null,11,5,0
1685,536,24.85,24.850000,-33.200000,-41.449000,14760924660420255532,null,11,5,0
1686,544,24.85,24.850000,-33.200000,-41.449000,12254132475176016523,null,11,5,0
1687,552,121371,121371.000000,-33.200000,-40328.300000,17163741391972515578,null,11,5,0
1688,559,116155,116155.000000,-34.700000,-40340.600000,3484640727106818024,null,11,5,0
1689,567,24.85,24.850000,-33.200000,-41.449000,6563953767263594241,null,11,5,0
1690,575,24.85,24.850000,-33.200000,-41.449000,13664983064955154810,null,11,5,0
1691,582,24.85,24.850000,-33.200000,-41.449000,3695224850979980791,null,11,5,0
1692,590,24.85,24.850000,-33.200000,-41.449000,4532009823290625102,null,11,5,0
1693,597,24.85,24.850000,-33.200000,-41.449000,14941984706956914140,null,11,5,0
1694,604,81360.5,81360.500000,-33.200000,-27044.900000,3450402403270180397,null,11,5,0
1695,393,121444,121444.000000,-33.200000,-40352.600000,4660902493584411799,null,12,5,0
1696,402,121444,121444.000000,-33.200000,-40352.600000,4008031879502652989,null,12,5,0
1697,410,121444,121444.000000,-33.200000,-40352.600000,8433442811822948069,null,12,5,0
1698,419,121444,121444.000000,-33.200000,-40352.600000,17033968819091481325,null,12,5,0
1699,428,121444,121444.000000,-33.200000,-40352.600000,16735338105531762839,null,12,5,0
1700,437,121444,121444.000000,-33.200000,-40352.600000,10301262086895868856,null,12,5,0
1701,446,121444,121444.000000,-33.200000,-40352.600000,10178811257103692567,null,12,5,0
1702,455,116154,116154.000000,-34.700000,-40340.300000,1472884826279560361,null,12,5,0
1703,465,116154,116154.000000,-34.700000,-40340.300000,2909824591043380542,null,12,5,0
1704,473,1.79769e+308,,,-42186.000000,15336813193173189664,null,12,5,0
1705,481,1.79769e+308,,,-42186.000000,5072700279979326568,null,12,5,0
1706,490,116154,116154.000000,-34.700000,-40340.300000,13783604235192889310,null,12,5,0
1707,498,23.34,23.340000,-33.200000,-40.950000,16861111498146265456,null,12,5,0
1708,507,23.34,23.340000,-33.200000,-40.950000,11639421879382553205,null,12,5,0
1709,515,23.34,23.340000,-33.200000,-40.950000,17015129113505300381,null,12,5,0
1710,523,23.34,23.340000,-33.200000,-40.950000,3388207899682213456,null,12,5,0
1711,530,23.34,23.340000,-33.200000,-40.950000,7808106277218002390,null,12,5,0
1712,538,18.01,18.010000,-34.700000,-40.950000,14264639017012660619,null,12,5,0
1713,545,18.01,18.010000,-34.700000,-40.950000,7646204515683360571,null,12,5,0
1714,553,18.01,18.010000,-34.700000,-40.950000,16002234333664002920,null,12,5,0
1715,560,18.01,18.010000,-34.700000,-40.950000,13929588115212925002,null,12,5,0
1716,568,18.01,18.010000,-34.700000,-40.950000,4194827960355940012,null,12,5,0
1717,575,18.01,18.010000,-34.700000,-40.950000,13527901854375264167,null,12,5,0
1718,583,18.01,18.010000,-34.700000,-40.950000,210985805749805586,null,12,5,0
1719,590,18.01,18.010000,-34.700000,-40.950000,8676092391522439925,null,12,5,0
1720,598,18.01,18.010000,-34.700000,-40.950000,1181063146187357102,null,12,5,0
1721,605,18.01,18.010000,-34.700000,-40.950000,5659100873395940728,null,12,5,0
1722,613,18.01,18.010000,-34.700000,-40.950000,16342075004796619795,null,12,5,0
1723,620,18.01,18.010000,-34.700000,-40.950000,4431175067779185125,null,12,5,0
1724,628,18.01,18.010000,-34.700000,-40.950000,318533712974122750,null,12,5,0
1725,390,1.79769e+308,,,-42186.000000,12456262662883517565,null,13,5,0
1726,396,1.79769e+308,,,-42186.000000,7770147748063092211,null,13,5,0
1727,405,1.79769e+308,,,-42186.000000,10831051060857737938,null,13,5,0
1728,411,1.79769e+308,,,-42186.000000,13791515478918894686,null,13,5,0
1729,418,1.79769e+308,,,-42186.000000,14403755129391386521,null,13,5,0
1730,424,1.79769e+308,,,-42186.000000,591871244773701698,null,13,5,0
1731,431,1.79769e+308,,,-42186.000000,4181358620621674992,null,13,5,0
1732,440,1.79769e+308,,,-42186.000000,431216611146120976,null,13,5,0
1733,446,1.79769e+308,,,-42186.000000,16888239089384458282,null,13,5,0
1734,453,1.79769e+308,,,-42186.000000,6485108051304679728,null,13,5,0
1735,459,1.79769e+308,,,-42186.000000,4035315994297595873,null,13,5,0
1736,466,1.79769e+308,,,-42186.000000,7093271232502102645,null,13,5,0
1737,472,1.79769e+308,,,-42186.000000,8648416134031151430,null,13,5,0
1738,479,1.79769e+308,,,-42186.000000,6630600807982977491,null,13,5,0
1739,485,1.79769e+308,,,-42186.000000,17254173251759175254,null,13,5,0
1740,492,1.79769e+308,,,-42186.000000,14655098054431744561,null,13,5,0
1741,498,1.79769e+308,,,-42186.000000,14156135095238144204,null,13,5,0
1742,505,1.79769e+308,,,-42186.000000,5448044860530241960,null,13,5,0
1743,511,1.79769e+308,,,-42186.000000,13251822175649638079,null,13,5,0
1744,518,1.79769e+308,,,-42186.000000,755096578782588087,null,13,5,0
1745,525,1.79769e+308,,,-42186.000000,977763134853167404,null,13,5,0
1746,532,1.79769e+308,,,-42186.000000,4393915539205134424,null,13,5,0
1747,538,1.79769e+308,,,-42186.000000,8774450015416711485,null,13,5,0
1748,545,1.79769e+308,,,-42186.000000,9592087863667344870,null,13,5,0
1749,551,1.79769e+308,,,-42186.000000,18351316114554666617,null,13,5,0
1750,558,1.79769e+308,,,-42186.000000,15547309128173782918,null,13,5,0
1751,566,105957,105957.000000,-34.700000,-36801.700000,8256829421174256193,null,13,5,0
1752,573,110748,110748.000000,-33.200000,-36801.700000,11738921870176621182,null,13,5,0
1753,581,105957,105957.000000,-34.700000,-36801.700000,16608388745618798757,null,13,5,0
1754,589,116155,116155.000000,-34.700000,-40340.600000,14417317512212720500,null,13,5,0
1755,390,1.79769e+308,,,-42186.000000,11549222621836055595,null,14,5,0
1756,397,1.79769e+308,,,-42186.000000,10695962289140666450,null,14,5,0
1757,404,1.79769e+308,,,-42186.000000,16350919315783778698,null,14,5,0
1758,410,1.79769e+308,,,-42186.000000,17504932844192217761,null,14,5,0
1759,416,1.79769e+308,,,-42186.000000,4923921677852393431,null,14,5,0
1760,423,1.79769e+308,,,-42186.000000,11168403630413595467,null,14,5,0
1761,430,1.79769e+308,,,-42186.000000,8616020388079524848,null,14,5,0
1762,436,1.79769e+308,,,-42186.000000,1721104027596182019,null,14,5,0
1763,442,1.79769e+308,,,-42186.000000,18289940559694448397,null,14,5,0
1764,449,1.79769e+308,,,-42186.000000,6433615965329605531,null,14,5,0
1765,455,1.79769e+308,,,-42186.000000,8241053537469238701,null,14,5,0
1766,461,1.79769e+308,,,-42186.000000,5888126917423848588,null,14,5,0
1767,468,1.79769e+308,,,-42186.000000,4356183424216270510,null,14,5,0
1768,474,1.79769e+308,,,-42186.000000,5985461956777964737,null,14,5,0
1769,480,1.79769e+308,,,-42186.000000,2914024394186590883,null,14,5,0
1770,487,1.79769e+308,,,-42186.000000,14392090823741819199,null,14,5,0
1771,493,1.79769e+308,,,-42186.000000,16535100343978237352,null,14,5,0
1772,499,1.79769e+308,,,-42186.000000,7295360308005599286,null,14,5,0
1773,506,1.79769e+308,,,-42186.000000,8233338790585938068,null,14,5,0
1774,512,1.79769e+308,,,-42186.000000,9753529109321573766,null,14,5,0
1775,518,1.79769e+308,,,-42186.000000,9890071914528209712,null,14,5,0
1776,524,1.79769e+308,,,-42186.000000,3267942214737162757,null,14,5,0
1777,531,1.79769e+308,,,-42186.000000,16186514961597629877,null,14,5,0
1778,537,1.79769e+308,,,-42186.000000,15849304346967965610,null,14,5,0
1779,543,1.79769e+308,,,-42186.000000,16001041467474592868,null,14,5,0
1780,550,1.79769e+308,,,-42186.000000,3241154419369602453,null,14,5,0
1781,556,1.79769e+308,,,-42186.000000,5449321048327794599,null,14,5,0
1782,562,1.79769e+308,,,-42186.000000,2389042889937382606,null,14,5,0
1783,572,1.79769e+308,,,-42186.000000,15888515413254593864,null,14,5,0
1784,578,1.79769e+308,,,-42186.000000,8444821509683441411,null,14,5,0
1785,392,105957,105957.000000,-34.700000,-36801.700000,7270390149442082005,null,15,5,0
1786,399,104391,104391.000000,-33.200000,-34691.100000,1288129804973343994,null,15,5,0
1787,407,104391,104391.000000,-33.200000,-34691.100000,16582987895049011396,null,15,5,0
1788,415,104391,104391.000000,-33.200000,-34691.100000,6440611579359286895,null,15,5,0
1789,423,104391,104391.000000,-33.200000,-34691.100000,15088696151442861230,null,15,5,0
1790,430,104391,104391.000000,-33.200000,-34691.100000,10616734987738263729,null,15,5,0
1791,440,1.79769e+308,,,-42186.000000,11115628471041585345,null,15,5,0
1792,447,104391,104391.000000,-33.200000,-34691.100000,15051665192736658174,null,15,5,0
1793,455,104391,104391.000000,-33.200000,-34691.100000,2905322925360901913,null,15,5,0
1794,463,104391,104391.000000,-33.200000,-34691.100000,10583110201840350060,null,15,5,0
1795,471,104391,104391.000000,-33.200000,-34691.100000,13349773708486622399,null,15,5,0
1796,478,104391,104391.000000,-33.200000,-34691.100000,6134365101593184720,null,15,5,0
1797,486,104391,104391.000000,-33.200000,-34691.100000,6751830093004856708,null,15,5,0
1798,494,104391,104391.000000,-33.200000,-34691.100000,8406731795648248454,null,15,5,0
1799,501,104391,104391.000000,-33.200000,-34691.100000,12154759253350315683,null,15,5,0
1800,509,104391,104391.000000,-33.200000,-34691.100000,16450676633847093374,null,15,5,0
1801,517,104391,104391.000000,-33.200000,-34691.100000,14096429368223866896,null,15,5,0
1802,524,104391,104391.000000,-33.200000,-34691.100000,16127656648252625066,null,15,5,0
1803,532,104499,104499.000000,-33.200000,-34726.800000,17273138142881063123,null,15,5,0
1804,539,116155,116155.000000,-34.700000,-40340.600000,12878541648851927298,null,15,5,0
1805,546,104391,104391.000000,-33.200000,-34691.100000,3938547906409406101,null,15,5,0
1806,554,104391,104391.000000,-33.200000,-34691.100000,13497193611124460837,null,15,5,0
1807,562,104391,104391.000000,-33.200000,-34691.100000,8574282116976032879,null,15,5,0
1808,571,23.34,23.340000,-33.200000,-40.950000,9415905669617334318,null,15,5,0
1809,581,23.34,23.340000,-33.200000,-40.950000,8572447388183427789,null,15,5,0
1810,590,23.34,23.340000,-33.200000,-40.950000,4794435301696465990,null,15,5,0
1811,599,23.34,23.340000,-33.200000,-40.950000,12393479170308186011,null,15,5,0
1812,609,23.34,23.340000,-33.200000,-40.950000,7542123544273213490,null,15,5,0
1813,618,23.34,23.340000,-33.200000,-40.950000,11937085798485309791,null,15,5,0
1814,628,23.34,23.340000,-33.200000,-40.950000,6393479654081932158,null,15,5,0
1815,392,1.79769e+308,,,-42186.000000,17514622456869079403,null,16,5,0
1816,401,1.79769e+308,,,-42186.000000,16096706345752343219,null,16,5,0
1817,408,1.79769e+308,,,-42186.000000,7170311599534201122,null,16,5,0
1818,417,1.79769e+308,,,-42186.000000,12162554642006502000,null,16,5,0
1819,426,1.79769e+308,,,-42186.000000,2584691657198784730,null,16,5,0
1820,434,1.79769e+308,,,-42186.000000,4171907629755711872,null,16,5,0
1821,443,1.79769e+308,,,-42186.000000,17908176443211585200,null,16,5,0
1822,451,1.79769e+308,,,-42186.000000,9892738207772340108,null,16,5,0
1823,460,1.79769e+308,,,-42186.000000,15502526140856708845,null,16,5,0
1824,469,1.79769e+308,,,-42186.000000,6835909897202534159,null,16,5,0
1825,478,121371,121371.000000,-33.200000,-40328.300000,6539259407233225586,null,16,5,0
1826,487,121371,121371.000000,-33.200000,-40328.300000,8810366469144527724,null,16,5,0
1827,496,121371,121371.000000,-33.200000,-40328.300000,1502111952400647917,null,16,5,0
1828,505,121371,121371.000000,-33.200000,-40328.300000,9267800886316546006,null,16,5,0
1829,514,116155,116155.000000,-34.700000,-40340.600000,14374837741655242085,null,16,5,0
1830,523,116155,116155.000000,-34.700000,-40340.600000,12795649870159905553,null,16,5,0
1831,532,116155,116155.000000,-34.700000,-40340.600000,3983583133530832745,null,16,5,0
1832,542,116155,116155.000000,-34.700000,-40340.600000,9791113328894173802,null,16,5,0
1833,548,19.45,19.450000,-34.700000,-41.449000,17225053178015086211,null,16,5,0
1834,555,19.45,19.450000,-34.700000,-41.449000,8685253565620858263,null,16,5,0
1835,562,24.85,24.850000,-33.200000,-41.449000,1901938775122526273,null,16,5,0
1836,569,19.45,19.450000,-34.700000,-41.449000,8825921776560391110,null,16,5,0
1837,576,116155,116155.000000,-34.700000,-40340.600000,2131041033872169062,null,16,5,0
1838,582,19.45,19.450000,-34.700000,-41.449000,2883952708063497454,null,16,5,0
1839,591,1.79769e+308,,,-42186.000000,14122688184465278788,null,16,5,0
1840,598,19.45,19.450000,-34.700000,-41.449000,10094899115158334468,null,16,5,0
1841,605,19.45,19.450000,-34.700000,-41.449000,4107075558752563967,null,16,5,0
1842,611,19.45,19.450000,-34.700000,-41.449000,9309202032626375969,null,16,5,0
1843,618,19.45,19.450000,-34.700000,-41.449000,17186938730411560050,null,16,5,0
1844,624,19.45,19.450000,-34.700000,-41.449000,9144952706705532297,null,16,5,0
1845,390,80549.1,80549.100000,-33.200000,-26775.500000,11033164396536296791,null,17,5,0
1846,396,80549.1,80549.100000,-33.200000,-26775.500000,1150769169752331912,null,17,5,0
1847,403,80549.1,80549.100000,-33.200000,-26775.500000,8044734941489918952,null,17,5,0
1848,409,80549.1,80549.100000,-33.200000,-26775.500000,1784250110802808952,null,17,5,0
1849,416,80549.1,80549.100000,-33.200000,-26775.500000,9112452883291522780,null,17,5,0
1850,422,80549.1,80549.100000,-33.200000,-26775.500000,15296862790707469585,null,17,5,0
1851,429,80549.1,80549.100000,-33.200000,-26775.500000,547957129122361166,null,17,5,0
1852,435,80549.1,80549.100000,-33.200000,-26775.500000,6512806143538247697,null,17,5,0
1853,444,116154,116154.000000,-34.700000,-40340.300000,16834515178152395897,null,17,5,0
1854,451,80549.1,80549.100000,-33.200000,-26775.500000,11940522530575269650,null,17,5,0
1855,457,80549.1,80549.100000,-33.200000,-26775.500000,2918621346954218804,null,17,5,0
1856,464,80549.1,80549.100000,-33.200000,-26775.500000,14223319400439638449,null,17,5,0
1857,470,80549.1,80549.100000,-33.200000,-26775.500000,566635098521329885,null,17,5,0
1858,477,1.79769e+308,,,-42186.000000,12188742249278788429,null,17,5,0
1859,484,80549.1,80549.100000,-33.200000,-26775.500000,12077668241733708490,null,17,5,0
1860,490,80549.1,80549.100000,-33.200000,-26775.500000,7338260062205041385,null,17,5,0
1861,497,105882,105882.000000,-34.700000,-36775.700000,12512731268015134662,null,17,5,0
1862,504,80549.1,80549.100000,-33.200000,-26775.500000,3820603739447831696,null,17,5,0
1863,510,80549.1,80549.100000,-33.200000,-26775.500000,4266651941733039513,null,17,5,0
1864,517,80549.1,80549.100000,-33.200000,-26775.500000,637485963542122701,null,17,5,0
1865,524,80480.7,80480.700000,-33.200000,-26752.800000,10345729507090039387,null,17,5,0
1866,531,80480.7,80480.700000,-33.200000,-26752.800000,17583108615999150488,null,17,5,0
1867,537,80480.7,80480.700000,-33.200000,-26752.800000,4255085006021345885,null,17,5,0
1868,544,23.34,23.340000,-33.200000,-40.950000,15630958201344981015,null,17,5,0
1869,551,23.34,23.340000,-33.200000,-40.950000,1551555042181520202,null,17,5,0
1870,558,23.34,23.340000,-33.200000,-40.950000,8547873816168923870,null,17,5,0
1871,565,23.34,23.340000,-33.200000,-40.950000,6441959500312679190,null,17,5,0
1872,572,23.34,23.340000,-33.200000,-40.950000,17272958587840715346,null,17,5,0
1873,579,23.34,23.340000,-33.200000,-40.950000,9806155044221171039,null,17,5,0
1874,586,23.34,23.340000,-33.200000,-40.950000,14439464108405562801,null,17,5,0
1875,390,80549.1,80549.100000,-33.200000,-26775.500000,17650830836231554046,null,18,5,0
1876,396,80549.1,80549.100000,-33.200000,-26775.500000,11856905431068744204,null,18,5,0
1877,403,80549.1,80549.100000,-33.200000,-26775.500000,14779940015804569336,null,18,5,0
1878,410,80549.1,80549.100000,-33.200000,-26775.500000,3680769554161420011,null,18,5,0
1879,416,80549.1,80549.100000,-33.200000,-26775.500000,780551388682811353,null,18,5,0
1880,423,80549.1,80549.100000,-33.200000,-26775.500000,155633934590819331,null,18,5,0
1881,429,80549.1,80549.100000,-33.200000,-26775.500000,5148957576887515307,null,18,5,0
1882,436,80549.1,80549.100000,-33.200000,-26775.500000,8662933158144669479,null,18,5,0
1883,442,80549.1,80549.100000,-33.200000,-26775.500000,10748927566466534386,null,18,5,0
1884,449,80549.1,80549.100000,-33.200000,-26775.500000,16330642605080816526,null,18,5,0
1885,455,80549.1,80549.100000,-33.200000,-26775.500000,10129474982569896998,null,18,5,0
1886,462,80549.1,80549.100000,-33.200000,-26775.500000,5535224277544036875,null,18,5,0
1887,470,23.34,23.340000,-33.200000,-40.950000,17881803190125636738,null,18,5,0
1888,478,23.34,23.340000,-33.200000,-40.950000,2542714595293805186,null,18,5,0
1889,486,23.34,23.340000,-33.200000,-40.950000,4209068937001229306,null,18,5,0
1890,494,23.34,23.340000,-33.200000,-40.950000,9565341571611217100,null,18,5,0
1891,502,23.34,23.340000,-33.200000,-40.950000,18345890859236725839,null,18,5,0
1892,509,23.34,23.340000,-33.200000,-40.950000,2853590658878998909,null,18,5,0
1893,517,18.01,18.010000,-34.700000,-40.950000,6631405566632391169,null,18,5,0
1894,526,18.01,18.010000,-34.700000,-40.950000,7874120713178567836,null,18,5,0
1895,534,1.79769e+308,,,-42186.000000,9868373888804495912,null,18,5,0
1896,541,18.01,18.010000,-34.700000,-40.950000,7926633668760565309,null,18,5,0
1897,549,18.01,18.010000,-34.700000,-40.950000,11819204157348130169,null,18,5,0
1898,557,18.01,18.010000,-34.700000,-40.950000,5963775298624422638,null,18,5,0
1899,565,18.01,18.010000,-34.700000,-40.950000,12058854349098087001,null,18,5,0
1900,573,18.01,18.010000,-34.700000,-40.950000,14039659585360404303,null,18,5,0
1901,581,18.01,18.010000,-34.700000,-40.950000,3124192539264502674,null,18,5,0
1902,587,23.34,23.340000,-33.200000,-40.950000,17678494451599992098,null,18,5,0
1903,595,18.01,18.010000,-34.700000,-40.950000,11205142456795881,null,18,5,0
1904,603,18.01,18.010000,-34.700000,-40.950000,4896960213550111796,null,18,5,0
1905,392,1.79769e+308,,,-42186.000000,14286422291705218267,null,19,5,0
1906,401,1.79769e+308,,,-42186.000000,736708580457111079,null,19,5,0
1907,410,1.79769e+308,,,-42186.000000,15667577924083549231,null,19,5,0
1908,418,1.79769e+308,,,-42186.000000,18275560649500099024,null,19,5,0
1909,427,1.79769e+308,,,-42186.000000,1427603200301235837,null,19,5,0
1910,435,1.79769e+308,,,-42186.000000,327862629829606755,null,19,5,0
1911,444,1.79769e+308,,,-42186.000000,9336351446194384229,null,19,5,0
1912,452,1.79769e+308,,,-42186.000000,16166596493510159330,null,19,5,0
1913,461,1.79769e+308,,,-42186.000000,5938750821831849948,null,19,5,0
1914,469,1.79769e+308,,,-42186.000000,6145913858058027135,null,19,5,0
1915,478,1.79769e+308,,,-42186.000000,1815818388107938495,null,19,5,0
1916,485,1.79769e+308,,,-42186.000000,14621452520802793604,null,19,5,0
1917,494,1.79769e+308,,,-42186.000000,4355316283093103308,null,19,5,0
1918,502,1.79769e+308,,,-42186.000000,17374620993463572644,null,19,5,0
1919,511,1.79769e+308,,,-42186.000000,7714468202635596038,null,19,5,0
1920,519,1.79769e+308,,,-42186.000000,12007242287387966692,null,19,5,0
1921,528,1.79769e+308,,,-42186.000000,11987396085451818544,null,19,5,0
1922,537,1.79769e+308,,,-42186.000000,6310488216310039573,null,19,5,0
1923,545,121371,121371.000000,-33.200000,-40328.300000,14409512174685079047,null,19,5,0
1924,553,121371,121371.000000,-33.200000,-40328.300000,15580778843678743450,null,19,5,0
1925,561,121371,121371.000000,-33.200000,-40328.300000,10452256052896108834,null,19,5,0
1926,569,121371,121371.000000,-33.200000,-40328.300000,10606533605612182250,null,19,5,0
1927,578,121371,121371.000000,-33.200000,-40328.300000,7010157533517744172,null,19,5,0
1928,586,121371,121371.000000,-33.200000,-40328.300000,8334958901807784539,null,19,5,0
1929,595,121371,121371.000000,-33.200000,-40328.300000,1947928473277385219,null,19,5,0
1930,603,121371,121371.000000,-33.200000,-40328.300000,12705324577247064390,null,19,5,0
1931,611,121371,121371.000000,-33.200000,-40328.300000,9831525009247846293,null,19,5,0
1932,619,121371,121371.000000,-33.200000,-40328.300000,10373790210920725738,null,19,5,0
1933,627,121371,121371.000000,-33.200000,-40328.300000,9749808095995354133,null,19,5,0
1934,636,121371,121371.000000,-33.200000,-40328.300000,8784113020232720365,null,19,5,0
1935,391,1.79769e+308,,,-42186.000000,2151455621953884243,null,20,5,0
1936,398,116154,116154.000000,-34.700000,-40340.300000,1780855483256376560,null,20,5,0
1937,405,116154,116154.000000,-34.700000,-40340.300000,8237483535699171310,null,20,5,0
1938,414,116154,116154.000000,-34.700000,-40340.300000,3254884497799308940,null,20,5,0
1939,420,116154,116154.000000,-34.700000,-40340.300000,12210280591501968784,null,20,5,0
1940,427,116154,116154.000000,-34.700000,-40340.300000,2669873778579553365,null,20,5,0
1941,434,116154,116154.000000,-34.700000,-40340.300000,1294868630690161625,null,20,5,0
1942,441,116154,116154.000000,-34.700000,-40340.300000,673904977623997172,null,20,5,0
1943,449,116154,116154.000000,-34.700000,-40340.300000,1974607391534151371,null,20,5,0
1944,456,116154,116154.000000,-34.700000,-40340.300000,6233915683439764923,null,20,5,0
1945,463,116154,116154.000000,-34.700000,-40340.300000,4190746472327488163,null,20,5,0
1946,470,116154,116154.000000,-34.700000,-40340.300000,16958382347541696022,null,20,5,0
1947,477,116154,116154.000000,-34.700000,-40340.300000,4498006087067353165,null,20,5,0
1948,483,116154,116154.000000,-34.700000,-40340.300000,2288856563935827919,null,20,5,0
1949,490,116154,116154.000000,-34.700000,-40340.300000,17340820422243248838,null,20,5,0
1950,497,116154,116154.000000,-34.700000,-40340.300000,1267243067301404415,null,20,5,0
1951,504,116154,116154.000000,-34.700000,-40340.300000,954417347710732079,null,20,5,0
1952,511,116154,116154.000000,-34.700000,-40340.300000,10331557235024835814,null,20,5,0
1953,518,116154,116154.000000,-34.700000,-40340.300000,1032324815201416249,null,20,5,0
1954,525,116154,116154.000000,-34.700000,-40340.300000,10239409932378775136,null,20,5,0
1955,533,116154,116154.000000,-34.700000,-40340.300000,11933814722829183465,null,20,5,0
1956,540,116154,116154.000000,-34.700000,-40340.300000,5605905435791615898,null,20,5,0
1957,547,116154,116154.000000,-34.700000,-40340.300000,10814318065175153127,null,20,5,0
1958,554,116154,116154.000000,-34.700000,-40340.300000,1663674127705618913,null,20,5,0
1959,561,116154,116154.000000,-34.700000,-40340.300000,10064874682580177006,null,20,5,0
1960,567,116154,116154.000000,-34.700000,-40340.300000,13457789319273545922,null,20,5,0
1961,574,116154,116154.000000,-34.700000,-40340.300000,56180265237666055,null,20,5,0
1962,581,116154,116154.000000,-34.700000,-40340.300000,13192086217176026771,null,20,5,0
1963,588,116154,116154.000000,-34.700000,-40340.300000,5958346379136938498,null,20,5,0
1964,595,116154,116154.000000,-34.700000,-40340.300000,1164526724950968744,null,20,5,0
1965,390,1.79769e+308,,,-42186.000000,11189853572406839604,null,21,5,0
1966,397,1.79769e+308,,,-42186.000000,14548297136804514788,null,21,5,0
1967,404,1.79769e+308,,,-42186.000000,10442665759951589878,null,21,5,0
1968,411,1.79769e+308,,,-42186.000000,2780376766407317626,null,21,5,0
1969,419,1.79769e+308,,,-42186.000000,10291801933248552825,null,21,5,0
1970,426,1.79769e+308,,,-42186.000000,16081074131646013373,null,21,5,0
1971,433,1.79769e+308,,,-42186.000000,15805545048861387542,null,21,5,0
1972,440,1.79769e+308,,,-42186.000000,1032732543008048946,null,21,5,0
1973,447,1.79769e+308,,,-42186.000000,9765267891097560615,null,21,5,0
1974,454,1.79769e+308,,,-42186.000000,3348325620045186170,null,21,5,0
1975,461,1.79769e+308,,,-42186.000000,13298742906731570490,null,21,5,0
1976,468,1.79769e+308,,,-42186.000000,2503546936646461239,null,21,5,0
1977,476,1.79769e+308,,,-42186.000000,5372396918165113231,null,21,5,0
1978,483,1.79769e+308,,,-42186.000000,3715506496845540722,null,21,5,0
1979,490,1.79769e+308,,,-42186.000000,18420225255918252559,null,21,5,0
1980,497,1.79769e+308,,,-42186.000000,8310681740559270224,null,21,5,0
1981,504,1.79769e+308,,,-42186.000000,3770430426896059515,null,21,5,0
1982,511,1.79769e+308,,,-42186.000000,3485129507908786431,null,21,5,0
1983,518,1.79769e+308,,,-42186.000000,6639667699247884453,null,21,5,0
1984,526,1.79769e+308,,,-42186.000000,6891002639321376777,null,21,5,0
1985,533,1.79769e+308,,,-42186.000000,6682841456038091482,null,21,5,0
1986,540,1.79769e+308,,,-42186.000000,12561353482415855401,null,21,5,0
1987,546,80549.1,80549.100000,-33.200000,-26775.500000,6465469129471545875,null,21,5,0
1988,553,80549.1,80549.100000,-33.200000,-26775.500000,13593375040654854973,null,21,5,0
1989,560,80549.1,80549.100000,-33.200000,-26775.500000,13796108747025634337,null,21,5,0
1990,566,80549.1,80549.100000,-33.200000,-26775.500000,17951658114812270361,null,21,5,0
1991,573,80549.1,80549.100000,-33.200000,-26775.500000,14641222766238761410,null,21,5,0
1992,580,80480.7,80480.700000,-33.200000,-26752.800000,8637930074408868571,null,21,5,0
1993,587,80480.7,80480.700000,-33.200000,-26752.800000,17642980375900377752,null,21,5,0
1994,593,80480.7,80480.700000,-33.200000,-26752.800000,1552003495966133900,null,21,5,0
1995,390,80549.1,80549.100000,-33.200000,-26775.500000,5305386483390641839,null,22,5,0
1996,397,80549.1,80549.100000,-33.200000,-26775.500000,5775109398502817584,null,22,5,0
1997,404,80549.1,80549.100000,-33.200000,-26775.500000,14799406028642854674,null,22,5,0
1998,411,80549.1,80549.100000,-33.200000,-26775.500000,9324885240107261642,null,22,5,0
1999,417,80549.1,80549.100000,-33.200000,-26775.500000,10336057676008279339,null,22,5,0
2000,424,80549.1,80549.100000,-33.200000,-26775.500000,9404136876939984801,null,22,5,0
2001,431,80549.1,80549.100000,-33.200000,-26775.500000,1390247817435718510,null,22,5,0
2002,438,80549.1,80549.100000,-33.200000,-26775.500000,8385352778006465686,null,22,5,0
2003,445,80549.1,80549.100000,-33.200000,-26775.500000,2846093895570650111,null,22,5,0
2004,451,80549.1,80549.100000,-33.200000,-26775.500000,9184963701261036930,null,22,5,0
2005,458,80549.1,80549.100000,-33.200000,-26775.500000,3637187752508272409,null,22,5,0
2006,465,80549.1,80549.100000,-33.200000,-26775.500000,219661184159621922,null,22,5,0
2007,472,80549.1,80549.100000,-33.200000,-26775.500000,6315195452263914183,null,22,5,0
2008,479,18.01,18.010000,-34.700000,-40.950000,6972320421924709614,null,22,5,0
2009,486,18.01,18.010000,-34.700000,-40.950000,18438880852535302415,null,22,5,0
2010,494,18.01,18.010000,-34.700000,-40.950000,17571316516232380980,null,22,5,0
2011,501,18.01,18.010000,-34.700000,-40.950000,1020623831435726341,null,22,5,0
2012,508,18.01,18.010000,-34.700000,-40.950000,7620989670537849044,null,22,5,0
2013,515,18.01,18.010000,-34.700000,-40.950000,2408651778695814334,null,22,5,0
2014,522,18.01,18.010000,-34.700000,-40.950000,13194902985670528118,null,22,5,0
2015,530,18.01,18.010000,-34.700000,-40.950000,9113774479260146130,null,22,5,0
2016,537,18.01,18.010000,-34.700000,-40.950000,18385420576980119222,null,22,5,0
2017,544,18.01,18.010000,-34.700000,-40.950000,16679612692773476484,null,22,5,0
2018,551,18.01,18.010000,-34.700000,-40.950000,8124786410896180682,null,22,5,0
2019,558,18.01,18.010000,-34.700000,-40.950000,17459407108864715659,null,22,5,0
2020,566,18.01,18.010000,-34.700000,-40.950000,5918868290365398420,null,22,5,0
2021,573,23.34,23.340000,-33.200000,-40.950000,7494648767733703485,null,22,5,0
2022,580,18.01,18.010000,-34.700000,-40.950000,1565853726541918277,null,22,5,0
2023,587,18.01,18.010000,-34.700000,-40.950000,6506616609777815027,null,22,5,0
2024,594,110748,110748.000000,-33.200000,-36801.700000,8551333664716989157,null,22,5,0
2025,391,105957,105957.000000,-34.700000,-36801.700000,14038454632197593858,null,23,5,0
2026,400,105957,105957.000000,-34.700000,-36801.700000,1332209073893031415,null,23,5,0
2027,406,110748,110748.000000,-33.200000,-36801.700000,10663728900789586324,null,23,5,0
2028,415,105957,105957.000000,-34.700000,-36801.700000,14975666873489190222,null,23,5,0
2029,423,105957,105957.000000,-34.700000,-36801.700000,5494002661049962182,null,23,5,0
2030,430,80480.7,80480.700000,-33.200000,-26752.800000,16094178371223633210,null,23,5,0
2031,437,80480.7,80480.700000,-33.200000,-26752.800000,11147986286167090403,null,23,5,0
2032,444,80480.7,80480.700000,-33.200000,-26752.800000,15447502330101140293,null,23,5,0
2033,451,80480.7,80480.700000,-33.200000,-26752.800000,6048342114201609693,null,23,5,0
2034,458,23.34,23.340000,-33.200000,-40.950000,10586499244006489541,null,23,5,0
2035,465,23.34,23.340000,-33.200000,-40.950000,2572636888825943267,null,23,5,0
2036,472,80480.7,80480.700000,-33.200000,-26752.800000,14075311625883828525,null,23,5,0
2037,480,23.34,23.340000,-33.200000,-40.950000,6473031940860813916,null,23,5,0
2038,487,23.34,23.340000,-33.200000,-40.950000,17673016632845486437,null,23,5,0
2039,494,23.34,23.340000,-33.200000,-40.950000,15149165204587005271,null,23,5,0
2040,502,23.34,23.340000,-33.200000,-40.950000,7445888897292328360,null,23,5,0
2041,509,23.34,23.340000,-33.200000,-40.950000,16470268254663987213,null,23,5,0
2042,517,1.79769e+308,,,-42186.000000,303613666218900192,null,23,5,0
2043,524,18.01,18.010000,-34.700000,-40.950000,4964029652059413960,null,23,5,0
2044,531,18.01,18.010000,-34.700000,-40.950000,15944305578471889209,null,23,5,0
2045,538,18.01,18.010000,-34.700000,-40.950000,13257937797467465719,null,23,5,0
2046,545,1.79769e+308,,,-42186.000000,8848694399779756673,null,23,5,0
2047,552,18.01,18.010000,-34.700000,-40.950000,10983436902336635103,null,23,5,0
2048,559,18.01,18.010000,-34.700000,-40.950000,8322829034082389576,null,23,5,0
2049,566,18.01,18.010000,-34.700000,-40.950000,12165220926582361509,null,23,5,0
2050,573,18.01,18.010000,-34.700000,-40.950000,7074791409442961454,null,23,5,0
2051,579,1.79769e+308,,,-42186.000000,97095567321498595,null,23,5,0
2052,586,18.01,18.010000,-34.700000,-40.950000,10363022038911768978,null,23,5,0
2053,593,18.01,18.010000,-34.700000,-40.950000,18080814488872394468,null,23,5,0
2054,600,18.01,18.010000,-34.700000,-40.950000,13975541404596839601,null,23,5,0
2055,390,80480.7,80480.700000,-33.200000,-26752.800000,3797597204911889636,null,24,5,0
2056,397,80480.7,80480.700000,-33.200000,-26752.800000,17568252756505387657,null,24,5,0
2057,404,80480.7,80480.700000,-33.200000,-26752.800000,9586045021541086471,null,24,5,0
2058,410,80480.7,80480.700000,-33.200000,-26752.800000,18124535902493979918,null,24,5,0
2059,417,80480.7,80480.700000,-33.200000,-26752.800000,2712821312589691252,null,24,5,0
2060,424,80480.7,80480.700000,-33.200000,-26752.800000,10776051969178597506,null,24,5,0
2061,431,80480.7,80480.700000,-33.200000,-26752.800000,11624198743062752640,null,24,5,0
2062,438,80480.7,80480.700000,-33.200000,-26752.800000,9782149784224163123,null,24,5,0
2063,445,80480.7,80480.700000,-33.200000,-26752.800000,7449231272985547468,null,24,5,0
2064,452,80480.7,80480.700000,-33.200000,-26752.800000,2953417398038169522,null,24,5,0
2065,458,80480.7,80480.700000,-33.200000,-26752.800000,7765264495931211745,null,24,5,0
2066,465,80480.7,80480.700000,-33.200000,-26752.800000,7904866973207859954,null,24,5,0
2067,472,80480.7,80480.700000,-33.200000,-26752.800000,666642004960477164,null,24,5,0
2068,479,80480.7,80480.700000,-33.200000,-26752.800000,2221277437215476106,null,24,5,0
2069,486,80480.7,80480.700000,-33.200000,-26752.800000,2260807356463918656,null,24,5,0
2070,493,80480.7,80480.700000,-33.200000,-26752.800000,179314117938437972,null,24,5,0
2071,499,80480.7,80480.700000,-33.200000,-26752.800000,8194231398243204017,null,24,5,0
2072,506,80480.7,80480.700000,-33.200000,-26752.800000,15500048681355664689,null,24,5,0
2073,513,80480.7,80480.700000,-33.200000,-26752.800000,8393118292039345621,null,24,5,0
2074,522,121371,121371.000000,-33.200000,-40328.300000,3029112056362623310,null,24,5,0
2075,529,80480.7,80480.700000,-33.200000,-26752.800000,16560997477072314135,null,24,5,0
2076,536,80480.7,80480.700000,-33.200000,-26752.800000,2955249413552503034,null,24,5,0
2077,542,80549.1,80549.100000,-33.200000,-26775.500000,3696372481438900068,null,24,5,0
2078,549,80480.7,80480.700000,-33.200000,-26752.800000,8351479368383770013,null,24,5,0
2079,556,80480.7,80480.700000,-33.200000,-26752.800000,2609707494604121874,null,24,5,0
2080,563,80480.7,80480.700000,-33.200000,-26752.800000,3229144649113166417,null,24,5,0
2081,570,80480.7,80480.700000,-33.200000,-26752.800000,9129877861801668906,null,24,5,0
2082,576,1.79769e+308,,,-42186.000000,6680581848415819112,null,24,5,0
2083,583,80480.7,80480.700000,-33.200000,-26752.800000,5387563658354135967,null,24,5,0
2084,589,80480.7,80480.700000,-33.200000,-26752.800000,4965509495343144451,null,24,5,0
2085,390,1.79769e+308,,,-42186.000000,6950725638534498366,null,25,5,0
2086,398,1.79769e+308,,,-42186.000000,9567709157877007349,null,25,5,0
2087,405,1.79769e+308,,,-42186.000000,5725800262028889831,null,25,5,0
2088,412,1.79769e+308,,,-42186.000000,1273575190663438956,null,25,5,0
2089,419,1.79769e+308,,,-42186.000000,587275388972257928,null,25,5,0
2090,426,1.79769e+308,,,-42186.000000,13442531058082302935,null,25,5,0
2091,434,1.79769e+308,,,-42186.000000,17251416542826594695,null,25,5,0
2092,441,1.79769e+308,,,-42186.000000,11915402582961597958,null,25,5,0
2093,448,1.79769e+308,,,-42186.000000,8076384145574950211,null,25,5,0
2094,455,1.79769e+308,,,-42186.000000,8587545187190925193,null,25,5,0
2095,462,1.79769e+308,,,-42186.000000,9537005692655597300,null,25,5,0
2096,470,1.79769e+308,,,-42186.000000,4455129763839317553,null,25,5,0
2097,477,1.79769e+308,,,-42186.000000,2442869148876068730,null,25,5,0
2098,484,1.79769e+308,,,-42186.000000,7654479213594420278,null,25,5,0
2099,491,1.79769e+308,,,-42186.000000,12296726700219860715,null,25,5,0
2100,498,1.79769e+308,,,-42186.000000,12343593034926614050,null,25,5,0
2101,506,1.79769e+308,,,-42186.000000,16678177718630943665,null,25,5,0
2102,513,1.79769e+308,,,-42186.000000,10046101281081178099,null,25,5,0
2103,520,1.79769e+308,,,-42186.000000,13070745554934811112,null,25,5,0
2104,527,1.79769e+308,,,-42186.000000,2629329264535850336,null,25,5,0
2105,534,1.79769e+308,,,-42186.000000,16596932310195594442,null,25,5,0
2106,542,1.79769e+308,,,-42186.000000,12335865384246053578,null,25,5,0
2107,549,1.79769e+308,,,-42186.000000,12418830603411961080,null,25,5,0
2108,556,1.79769e+308,,,-42186.000000,8674602932094731965,null,25,5,0
2109,563,1.79769e+308,,,-42186.000000,7465560593357094035,null,25,5,0
2110,571,1.79769e+308,,,-42186.000000,13067182677789890547,null,25,5,0
2111,578,1.79769e+308,,,-42186.000000,7297245227158379552,null,25,5,0
2112,585,1.79769e+308,,,-42186.000000,8555163791034243614,null,25,5,0
2113,592,1.79769e+308,,,-42186.000000,8991908717105394329,null,25,5,0
2114,599,1.79769e+308,,,-42186.000000,7138455688837170882,null,25,5,0
2115,391,80551.2,80551.200000,-33.200000,-26776.200000,895060048577953075,null,26,5,0
2116,399,104499,104499.000000,-33.200000,-34726.800000,11402133050198382178,null,26,5,0
2117,406,80551.2,80551.200000,-33.200000,-26776.200000,9158879316336343223,null,26,5,0
2118,413,80551.2,80551.200000,-33.200000,-26776.200000,17383974375830660155,null,26,5,0
2119,421,80551.2,80551.200000,-33.200000,-26776.200000,14841388646968802214,null,26,5,0
2120,428,80551.2,80551.200000,-33.200000,-26776.200000,11552811340567755000,null,26,5,0
2121,436,80551.2,80551.200000,-33.200000,-26776.200000,16941502515829507244,null,26,5,0
2122,443,80551.2,80551.200000,-33.200000,-26776.200000,14921996035201413642,null,26,5,0
2123,450,80551.2,80551.200000,-33.200000,-26776.200000,7222376309610332453,null,26,5,0
2124,458,80551.2,80551.200000,-33.200000,-26776.200000,8449519095017658645,null,26,5,0
2125,465,116154,116154.000000,-34.700000,-40340.300000,14844680130647159986,null,26,5,0
2126,472,80551.2,80551.200000,-33.200000,-26776.200000,9771281066868900426,null,26,5,0
2127,480,23.34,23.340000,-33.200000,-40.950000,11541144338506264849,null,26,5,0
2128,488,23.34,23.340000,-33.200000,-40.950000,7992135121914839961,null,26,5,0
2129,496,23.34,23.340000,-33.200000,-40.950000,11498259685928201950,null,26,5,0
2130,504,23.34,23.340000,-33.200000,-40.950000,10298324302061787491,null,26,5,0
2131,512,23.34,23.340000,-33.200000,-40.950000,514561020293092941,null,26,5,0
2132,520,18.01,18.010000,-34.700000,-40.950000,1698925248808670529,null,26,5,0
2133,528,18.01,18.010000,-34.700000,-40.950000,7931897040705608710,null,26,5,0
2134,536,18.01,18.010000,-34.700000,-40.950000,6243475514198990256,null,26,5,0
2135,543,18.01,18.010000,-34.700000,-40.950000,13873390154921062339,null,26,5,0
2136,551,18.01,18.010000,-34.700000,-40.950000,8717223171142498981,null,26,5,0
2137,559,18.01,18.010000,-34.700000,-40.950000,10824249922566080996,null,26,5,0
2138,568,116154,116154.000000,-34.700000,-40340.300000,8573681752153578677,null,26,5,0
2139,575,18.01,18.010000,-34.700000,-40.950000,14873419206012501587,null,26,5,0
2140,583,23.34,23.340000,-33.200000,-40.950000,15491970275234418789,null,26,5,0
2141,590,18.01,18.010000,-34.700000,-40.950000,998723376570448169,null,26,5,0
2142,598,18.01,18.010000,-34.700000,-40.950000,17550871856297098241,null,26,5,0
2143,605,18.01,18.010000,-34.700000,-40.950000,18118311339187197197,null,26,5,0
2144,613,18.01,18.010000,-34.700000,-40.950000,16855366578602079837,null,26,5,0
2145,390,110748,110748.000000,-33.200000,-36801.700000,9450057129533712432,null,27,5,0
2146,398,110748,110748.000000,-33.200000,-36801.700000,2824705262126128647,null,27,5,0
2147,407,116155,116155.000000,-34.700000,-40340.600000,8880629796065024046,null,27,5,0
2148,414,110748,110748.000000,-33.200000,-36801.700000,16396383036300862590,null,27,5,0
2149,421,110748,110748.000000,-33.200000,-36801.700000,14518974944867143649,null,27,5,0
2150,428,110748,110748.000000,-33.200000,-36801.700000,10506935443522809256,null,27,5,0
2151,436,1.79769e+308,,,-42186.000000,1304608091451214518,null,27,5,0
2152,443,80480.7,80480.700000,-33.200000,-26752.800000,2076984109806651454,null,27,5,0
2153,451,1.79769e+308,,,-42186.000000,7865345132683300997,null,27,5,0
2154,457,80480.7,80480.700000,-33.200000,-26752.800000,18015037711232171768,null,27,5,0
2155,464,80480.7,80480.700000,-33.200000,-26752.800000,10559511481570929413,null,27,5,0
2156,471,80480.7,80480.700000,-33.200000,-26752.800000,516428013192438925,null,27,5,0
2157,478,80480.7,80480.700000,-33.200000,-26752.800000,13933780619863032005,null,27,5,0
2158,484,80480.7,80480.700000,-33.200000,-26752.800000,8927309239083033408,null,27,5,0
2159,491,80480.7,80480.700000,-33.200000,-26752.800000,17707476158087012318,null,27,5,0
2160,498,80480.7,80480.700000,-33.200000,-26752.800000,17769383786114946901,null,27,5,0
2161,506,1.79769e+308,,,-42186.000000,5951693574440497044,null,27,5,0
2162,513,80480.7,80480.700000,-33.200000,-26752.800000,7477407958579003189,null,27,5,0
2163,521,23.34,23.340000,-33.200000,-40.950000,15701063818119671163,null,27,5,0
2164,528,23.34,23.340000,-33.200000,-40.950000,2146329077085435524,null,27,5,0
2165,536,23.34,23.340000,-33.200000,-40.950000,7764539883572681833,null,27,5,0
2166,543,23.34,23.340000,-33.200000,-40.950000,1537616123749675652,null,27,5,0
2167,550,18.01,18.010000,-34.700000,-40.950000,17519601822238388569,null,27,5,0
2168,558,18.01,18.010000,-34.700000,-40.950000,8481199467562241080,null,27,5,0
2169,566,1.79769e+308,,,-42186.000000,18403487043540979257,null,27,5,0
2170,573,18.01,18.010000,-34.700000,-40.950000,11243157153724299600,null,27,5,0
2171,580,18.01,18.010000,-34.700000,-40.950000,8462825338177985731,null,27,5,0
2172,588,18.01,18.010000,-34.700000,-40.950000,4267127962273432748,null,27,5,0
2173,595,18.01,18.010000,-34.700000,-40.950000,8893320028076811125,null,27,5,0
2174,603,18.01,18.010000,-34.700000,-40.950000,6116002877103867148,null,27,5,0
2175,392,1.79769e+308,,,-42186.000000,11456480559032083300,null,28,5,0
2176,401,1.79769e+308,,,-42186.000000,1147439073391843111,null,28,5,0
2177,409,1.79769e+308,,,-42186.000000,689562791986693288,null,28,5,0
2178,416,80480.7,80480.700000,-33.200000,-26752.800000,6716066640526417812,null,28,5,0
2179,423,80480.7,80480.700000,-33.200000,-26752.800000,15720175932050082938,null,28,5,0
2180,430,80480.7,80480.700000,-33.200000,-26752.800000,11050617463598617312,null,28,5,0
2181,437,80480.7,80480.700000,-33.200000,-26752.800000,7823540155183985833,null,28,5,0
2182,444,80480.7,80480.700000,-33.200000,-26752.800000,4226854400196411121,null,28,5,0
2183,451,24.85,24.850000,-33.200000,-41.449000,1475749913387972960,null,28,5,0
2184,457,24.85,24.850000,-33.200000,-41.449000,6648089110413738521,null,28,5,0
2185,464,24.85,24.850000,-33.200000,-41.449000,5326019370911170573,null,28,5,0
2186,471,24.85,24.850000,-33.200000,-41.449000,18153830651470810309,null,28,5,0
2187,478,24.85,24.850000,-33.200000,-41.449000,9101045924977007474,null,28,5,0
2188,484,19.45,19.450000,-34.700000,-41.449000,3465684932423589092,null,28,5,0
2189,491,19.45,19.450000,-34.700000,-41.449000,10237463486802942730,null,28,5,0
2190,497,19.45,19.450000,-34.700000,-41.449000,17074846824121746844,null,28,5,0
2191,505,1.79769e+308,,,-42186.000000,13039014384408794167,null,28,5,0
2192,511,19.45,19.450000,-34.700000,-41.449000,9710004785192594151,null,28,5,0
2193,517,19.45,19.450000,-34.700000,-41.449000,468754623529776313,null,28,5,0
2194,523,19.45,19.450000,-34.700000,-41.449000,17739014927622839759,null,28,5,0
2195,530,19.45,19.450000,-34.700000,-41.449000,5661191795161924314,null,28,5,0
2196,536,80549.1,80549.100000,-33.200000,-26775.500000,1147395993811720723,null,28,5,0
2197,542,19.45,19.450000,-34.700000,-41.449000,1650348023768378874,null,28,5,0
2198,549,19.45,19.450000,-34.700000,-41.449000,14813725059975561803,null,28,5,0
2199,555,19.45,19.450000,-34.700000,-41.449000,16327360082003759020,null,28,5,0
2200,561,19.45,19.450000,-34.700000,-41.449000,11664943137506676848,null,28,5,0
2201,567,19.45,19.450000,-34.700000,-41.449000,9707907321950075174,null,28,5,0
2202,574,19.45,19.450000,-34.700000,-41.449000,18347353150721096256,null,28,5,0
2203,582,1.79769e+308,,,-42186.000000,14091035896701180061,null,28,5,0
2204,588,19.45,19.450000,-34.700000,-41.449000,9750850440181428411,null,28,5,0
2205,392,1.79769e+308,,,-42186.000000,3344216926677693510,null,29,5,0
2206,400,1.79769e+308,,,-42186.000000,12324367209782218478,null,29,5,0
2207,408,1.79769e+308,,,-42186.000000,2077221536249107657,null,29,5,0
2208,417,1.79769e+308,,,-42186.000000,15180907326419397990,null,29,5,0
2209,425,1.79769e+308,,,-42186.000000,16270278242477031422,null,29,5,0
2210,433,1.79769e+308,,,-42186.000000,14242554592788179016,null,29,5,0
2211,441,1.79769e+308,,,-42186.000000,10339471459902147696,null,29,5,0
2212,450,1.79769e+308,,,-42186.000000,7451344983767894961,null,29,5,0
2213,458,1.79769e+308,,,-42186.000000,3529350718080911700,null,29,5,0
2214,465,1.79769e+308,,,-42186.000000,960277598895414312,null,29,5,0
2215,474,1.79769e+308,,,-42186.000000,296322889903430851,null,29,5,0
2216,482,1.79769e+308,,,-42186.000000,3552464735315584410,null,29,5,0
2217,490,1.79769e+308,,,-42186.000000,6451240289153018466,null,29,5,0
2218,498,1.79769e+308,,,-42186.000000,7822696064500486550,null,29,5,0
2219,508,1.79769e+308,,,-42186.000000,3201394095739612922,null,29,5,0
2220,516,1.79769e+308,,,-42186.000000,6917989024018597356,null,29,5,0
2221,525,1.79769e+308,,,-42186.000000,14489879964029148380,null,29,5,0
2222,533,1.79769e+308,,,-42186.000000,15644319191980476748,null,29,5,0
2223,541,1.79769e+308,,,-42186.000000,10678001740931056909,null,29,5,0
2224,549,1.79769e+308,,,-42186.000000,9623856756795987582,null,29,5,0
2225,557,1.79769e+308,,,-42186.000000,16690092907907852502,null,29,5,0
2226,565,1.79769e+308,,,-42186.000000,15364603890235970887,null,29,5,0
2227,573,1.79769e+308,,,-42186.000000,476097200496593467,null,29,5,0
2228,581,1.79769e+308,,,-42186.000000,16865177735695444224,null,29,5,0
2229,590,1.79769e+308,,,-42186.000000,7111149123985810147,null,29,5,0
2230,598,1.79769e+308,,,-42186.000000,2924938562662843111,null,29,5,0
2231,606,1.79769e+308,,,-42186.000000,9673364653451753573,null,29,5,0
2232,615,1.79769e+308,,,-42186.000000,8173875223712779749,null,29,5,0
2233,623,1.79769e+308,,,-42186.000000,3115556596409259013,null,29,5,0
2234,631,1.79769e+308,,,-42186.000000,2571572811208396775,null,29,5,0
2235,392,121371,121371.000000,-33.200000,-40328.300000,16264992316026632427,null,30,5,0
2236,400,121371,121371.000000,-33.200000,-40328.300000,15221890023370256460,null,30,5,0
2237,408,121371,121371.000000,-33.200000,-40328.300000,1825130850484683728,null,30,5,0
2238,415,1.79769e+308,,,-42186.000000,6801623857123399550,null,30,5,0
2239,424,121371,121371.000000,-33.200000,-40328.300000,17663061641919550117,null,30,5,0
2240,432,121371,121371.000000,-33.200000,-40328.300000,476921980389333251,null,30,5,0
2241,439,81360.5,81360.500000,-33.200000,-27044.900000,4244946942621041691,null,30,5,0
2242,446,81360.5,81360.500000,-33.200000,-27044.900000,11956577449510341969,null,30,5,0
2243,453,81360.5,81360.500000,-33.200000,-27044.900000,3621123496745246685,null,30,5,0
2244,459,81360.5,81360.500000,-33.200000,-27044.900000,7603010712545381602,null,30,5,0
2245,466,81360.5,81360.500000,-33.200000,-27044.900000,17185902251806623767,null,30,5,0
2246,473,81360.5,81360.500000,-33.200000,-27044.900000,11709250577686591221,null,30,5,0
2247,480,81360.5,81360.500000,-33.200000,-27044.900000,9508345494184975928,null,30,5,0
2248,487,81360.5,81360.500000,-33.200000,-27044.900000,8679514274137438231,null,30,5,0
2249,495,104391,104391.000000,-33.200000,-34691.100000,9708383576438144637,null,30,5,0
2250,502,81360.5,81360.500000,-33.200000,-27044.900000,15150479215839888509,null,30,5,0
2251,509,81360.5,81360.500000,-33.200000,-27044.900000,3337400657684373560,null,30,5,0
2252,515,81360.5,81360.500000,-33.200000,-27044.900000,5175606887950966949,null,30,5,0
2253,522,81360.5,81360.500000,-33.200000,-27044.900000,5890726856907117760,null,30,5,0
2254,529,81360.5,81360.500000,-33.200000,-27044.900000,10485903551993865706,null,30,5,0
2255,536,81360.5,81360.500000,-33.200000,-27044.900000,5349299037422085146,null,30,5,0
2256,543,81360.5,81360.500000,-33.200000,-27044.900000,8308298786975948621,null,30,5,0
2257,550,81360.5,81360.500000,-33.200000,-27044.900000,5054408551811476853,null,30,5,0
2258,557,81360.5,81360.500000,-33.200000,-27044.900000,12267100513353773144,null,30,5,0
2259,564,81360.5,81360.500000,-33.200000,-27044.900000,3118588600481661932,null,30,5,0
2260,571,81360.5,81360.500000,-33.200000,-27044.900000,7009752316999723642,null,30,5,0
2261,577,23.34,23.340000,-33.200000,-40.950000,18155895280292778962,null,30,5,0
2262,584,23.34,23.340000,-33.200000,-40.950000,2690717509238766140,null,30,5,0
2263,591,23.34,23.340000,-33.200000,-40.950000,12959686476640531733,null,30,5,0
2264,597,23.34,23.340000,-33.200000,-40.950000,3526338667464375473,null,30,5,0
2265,391,1.79769e+308,,,-42186.000000,3782516495585449409,null,31,5,0
2266,399,1.79769e+308,,,-42186.000000,8241921029864431372,null,31,5,0
2267,407,1.79769e+308,,,-42186.000000,3386240825543052595,null,31,5,0
2268,415,1.79769e+308,,,-42186.000000,13698033505783148993,null,31,5,0
2269,422,1.79769e+308,,,-42186.000000,4692372896752267318,null,31,5,0
2270,430,1.79769e+308,,,-42186.000000,3817919510659704475,null,31,5,0
2271,438,1.79769e+308,,,-42186.000000,1813626516129034169,null,31,5,0
2272,446,1.79769e+308,,,-42186.000000,13159836468178058331,null,31,5,0
2273,453,1.79769e+308,,,-42186.000000,1190654503412804588,null,31,5,0
2274,461,1.79769e+308,,,-42186.000000,94679201417076256,null,31,5,0
2275,469,1.79769e+308,,,-42186.000000,2698492498893353043,null,31,5,0
2276,477,1.79769e+308,,,-42186.000000,8144486357800413054,null,31,5,0
2277,485,1.79769e+308,,,-42186.000000,17320021203575787887,null,31,5,0
2278,492,1.79769e+308,,,-42186.000000,15246338332604823769,null,31,5,0
2279,500,1.79769e+308,,,-42186.000000,4409840507633695690,null,31,5,0
2280,508,1.79769e+308,,,-42186.000000,13210003185223628340,null,31,5,0
2281,516,1.79769e+308,,,-42186.000000,15713631319156603374,null,31,5,0
2282,524,1.79769e+308,,,-42186.000000,16889947839634659018,null,31,5,0
2283,531,1.79769e+308,,,-42186.000000,9244747386576167561,null,31,5,0
2284,539,1.79769e+308,,,-42186.000000,16205490851663268732,null,31,5,0
2285,547,1.79769e+308,,,-42186.000000,11555103609409989047,null,31,5,0
2286,555,1.79769e+308,,,-42186.000000,955970355088267860,null,31,5,0
2287,562,1.79769e+308,,,-42186.000000,10620879019696539032,null,31,5,0
2288,570,1.79769e+308,,,-42186.000000,14797133007699880643,null,31,5,0
2289,578,1.79769e+308,,,-42186.000000,6970341233784718513,null,31,5,0
2290,587,1.79769e+308,,,-42186.000000,10352629651840241200,null,31,5,0
2291,596,1.79769e+308,,,-42186.000000,7217498994964455703,null,31,5,0
2292,604,1.79769e+308,,,-42186.000000,3677332384298380774,null,31,5,0
2293,612,1.79769e+308,,,-42186.000000,8768897887901053768,null,31,5,0
2294,620,1.79769e+308,,,-42186.000000,6907891441073041649,null,31,5,0
2295,647,24.4,24.400000,-33.200000,-41.299156,9337514505718128081,null,0,5,1
2296,643,18.01,18.010000,-34.700000,-40.950000,3122886926028720143,null,1,5,1
2297,644,18.01,18.010000,-34.700000,-40.950000,13177517859666296006,null,2,5,1
2298,644,18.01,18.010000,-34.700000,-40.950000,18033168713928416229,null,3,5,1
2299,644,18.01,18.010000,-34.700000,-40.950000,9432883732429860492,null,4,5,1
2300,644,18.01,18.010000,-34.700000,-40.950000,7508660505176618932,null,5,5,1
2301,644,18.01,18.010000,-34.700000,-40.950000,10121902708772012022,null,6,5,1
2302,644,18.01,18.010000,-34.700000,-40.950000,17883092221527520885,null,7,5,1
2303,644,18.01,18.010000,-34.700000,-40.950000,7155417561906633306,null,8,5,1
2304,644,18.01,18.010000,-34.700000,-40.950000,17813987219265471045,null,9,5,1
2305,644,18.01,18.010000,-34.700000,-40.950000,9778816613857288588,null,10,5,1
2306,644,18.01,18.010000,-34.700000,-40.950000,8582129970523529666,null,11,5,1
2307,644,18.01,18.010000,-34.700000,-40.950000,4669495579635999135,null,12,5,1
2308,644,18.01,18.010000,-34.700000,-40.950000,8947945275274299606,null,13,5,1
2309,644,18.01,18.010000,-34.700000,-40.950000,11435824641180369945,null,14,5,1
2310,644,18.01,18.010000,-34.700000,-40.950000,15428755229217790103,null,15,5,1
2311,644,18.01,18.010000,-34.700000,-40.950000,17427107701822401254,null,16,5,1
2312,644,18.01,18.010000,-34.700000,-40.950000,2986381046562274503,null,17,5,1
2313,644,18.01,18.010000,-34.700000,-40.950000,5319863469833788108,null,18,5,1
2314,644,18.01,18.010000,-34.700000,-40.950000,17731335541196383577,null,19,5,1
2315,643,18.01,18.010000,-34.700000,-40.950000,9893982218184242810,null,20,5,1
2316,643,18.01,18.010000,-34.700000,-40.950000,3284554592750269109,null,21,5,1
2317,644,18.01,18.010000,-34.700000,-40.950000,3725882245411345778,null,22,5,1
2318,644,18.01,18.010000,-34.700000,-40.950000,418166288717364292,null,23,5,1
2319,643,18.01,18.010000,-34.700000,-40.950000,5338123035239415946,null,24,5,1
2320,643,18.01,18.010000,-34.700000,-40.950000,13741154919817227071,null,25,5,1
2321,643,18.01,18.010000,-34.700000,-40.950000,11427078611869629994,null,26,5,1
2322,643,18.01,18.010000,-34.700000,-40.950000,16109174333453222674,null,27,5,1
2323,643,18.01,18.010000,-34.700000,-40.950000,9244486534365217697,null,28,5,1
2324,643,18.01,18.010000,-34.700000,-40.950000,5384948672734554230,null,29,5,1
2325,658,18.01,18.010000,-34.700000,-40.950000,9328298672788675529,null,0,6,0
2326,665,18.01,18.010000,-34.700000,-40.950000,2703195584121430106,null,0,6,0
2327,676,24.4,24.400000,-33.200000,-41.299156,9337514505718128081,null,0,6,0
2328,684,18.01,18.010000,-34.700000,-40.950000,3337506392057178068,null,0,6,0
2329,693,121371,121370.780000,-33.200000,-40328.300000,9737618245863125003,null,0,6,0
2330,700,18.01,18.010000,-34.700000,-40.950000,5120357146377058533,null,0,6,0
2331,708,18.01,18.010000,-34.700000,-40.950000,3122886926028720143,null,0,6,0
2332,715,18.01,18.010000,-34.700000,-40.950000,11677552007241727003,null,0,6,0
2333,723,18.01,18.010000,-34.700000,-40.950000,6863555193231150367,null,0,6,0
2334,658,18.01,18.010000,-34.700000,-40.950000,16957666276679199245,2,1,6,0
2335,665,18.01,18.010000,-34.700000,-40.950000,11294820499125514036,2,1,6,0
2336,672,18.01,18.010000,-34.700000,-40.950000,11977844079198209240,2,1,6,0
2337,680,18.01,18.010000,-34.700000,-40.950000,4119977593566491815,2,1,6,0
2338,687,18.01,18.010000,-34.700000,-40.950000,420951247554274739,2,1,6,0
2339,695,18.01,18.010000,-34.700000,-40.950000,2703195584121430105,2,1,6,0
2340,702,18.01,18.010000,-34.700000,-40.950000,11358161069855200118,2,1,6,0
2341,710,18.01,18.010000,-34.700000,-40.950000,4035910778140628705,2,1,6,0
2342,718,18.01,18.010000,-34.700000,-40.950000,38538515334421423,2,1,6,0
2343,659,1.79769e+308,,,-42186.000000,15556752744902388152,null,2,6,0
2344,667,1.79769e+308,,,-42186.000000,13374188548287477913,null,2,6,0
2345,675,1.79769e+308,,,-42186.000000,4204742343215437922,null,2,6,0
2346,684,1.79769e+308,,,-42186.000000,14496352866582004382,null,2,6,0
2347,692,1.79769e+308,,,-42186.000000,1426161241338616130,null,2,6,0
2348,701,1.79769e+308,,,-42186.000000,8446188950024382622,null,2,6,0
2349,709,1.79769e+308,,,-42186.000000,14110791296016632845,null,2,6,0
2350,718,1.79769e+308,,,-42186.000000,16733124567143743973,null,2,6,0
2351,726,1.79769e+308,,,-42186.000000,6395494941948164754,null,2,6,0
2352,657,110748,110748.000000,-33.200000,-36801.700000,10375217158288602945,null,3,6,0
2353,663,110748,110748.000000,-33.200000,-36801.700000,1728160138001905666,null,3,6,0
2354,670,110748,110748.000000,-33.200000,-36801.700000,16695163881623391452,null,3,6,0
2355,677,110748,110748.000000,-33.200000,-36801.700000,13535399606529677318,null,3,6,0
2356,683,110748,110748.000000,-33.200000,-36801.700000,15843768845549036920,null,3,6,0
2357,690,110748,110748.000000,-33.200000,-36801.700000,15195268018275089839,null,3,6,0
2358,697,110748,110748.000000,-33.200000,-36801.700000,12353590846326632082,null,3,6,0
2359,703,110748,110748.000000,-33.200000,-36801.700000,5190816983295931842,null,3,6,0
2360,710,80480.7,80480.700000,-33.200000,-26752.800000,17562202450483815982,null,3,6,0
2361,657,1.79769e+308,,,-42186.000000,11445876480349513078,null,4,6,0
2362,665,1.79769e+308,,,-42186.000000,16841487935901903446,null,4,6,0
2363,672,1.79769e+308,,,-42186.000000,5525594365390401489,null,4,6,0
2364,680,23.34,23.340000,-33.200000,-40.950000,8255083523530342436,null,4,6,0
2365,687,18.01,18.010000,-34.700000,-40.950000,3802683853808063919,null,4,6,0
2366,695,18.01,18.010000,-34.700000,-40.950000,16160475839954369537,null,4,6,0
2367,702,18.01,18.010000,-34.700000,-40.950000,18101099649369174019,null,4,6,0
2368,710,18.01,18.010000,-34.700000,-40.950000,8763774142577916107,null,4,6,0
2369,718,18.01,18.010000,-34.700000,-40.950000,17648413248835289091,null,4,6,0
2370,657,81360.5,81360.500000,-33.200000,-27044.900000,4458837792187399743,null,5,6,0
2371,667,23.34,23.340000,-33.200000,-40.950000,7636870445452969307,null,5,6,0
2372,676,23.34,23.340000,-33.200000,-40.950000,3630975990331001969,null,5,6,0
2373,683,23.34,23.340000,-33.200000,-40.950000,6927294976741295036,null,5,6,0
2374,692,23.34,23.340000,-33.200000,-40.950000,9476939632049975731,null,5,6,0
2375,701,23.34,23.340000,-33.200000,-40.950000,3551457341435350508,null,5,6,0
2376,710,23.34,23.340000,-33.200000,-40.950000,8030256925301526903,null,5,6,0
2377,719,23.34,23.340000,-33.200000,-40.950000,12567961700764116632,null,5,6,0
2378,727,18.01,18.010000,-34.700000,-40.950000,6782266761122106855,null,5,6,0
2379,657,23.34,23.340000,-33.200000,-40.950000,1536000920376931099,null,6,6,0
2380,665,23.34,23.340000,-33.200000,-40.950000,18148705528124756467,null,6,6,0
2381,672,23.34,23.340000,-33.200000,-40.950000,12087079273607172523,null,6,6,0
2382,679,23.34,23.340000,-33.200000,-40.950000,6046325480531532613,null,6,6,0
2383,686,23.34,23.340000,-33.200000,-40.950000,13495664131219778107,null,6,6,0
2384,693,23.34,23.340000,-33.200000,-40.950000,14650220975828332772,null,6,6,0
2385,700,23.34,23.340000,-33.200000,-40.950000,6335567068878595256,null,6,6,0
2386,707,23.34,23.340000,-33.200000,-40.950000,5038793773914840560,null,6,6,0
2387,714,23.34,23.340000,-33.200000,-40.950000,7503354715907178068,null,6,6,0
2388,657,80549.1,80549.100000,-33.200000,-26775.500000,4093719136738911044,null,7,6,0
2389,664,80549.1,80549.100000,-33.200000,-26775.500000,3631595995962473998,null,7,6,0
2390,671,80549.1,80549.100000,-33.200000,-26775.500000,8981622671599655478,null,7,6,0
2391,677,80549.1,80549.100000,-33.200000,-26775.500000,418171690934910645,null,7,6,0
2392,684,80549.1,80549.100000,-33.200000,-26775.500000,4035579888121901588,null,7,6,0
2393,691,80549.1,80549.100000,-33.200000,-26775.500000,5673234734662667444,null,7,6,0
2394,698,80549.1,80549.100000,-33.200000,-26775.500000,15192513616778129068,null,7,6,0
2395,704,1.79769e+308,,,-42186.000000,14908210654289069279,null,7,6,0
2396,711,23.34,23.340000,-33.200000,-40.950000,16331162981947103695,null,7,6,0
2397,657,80480.7,80480.700000,-33.200000,-26752.800000,15833028548388132910,null,8,6,0
2398,664,80480.7,80480.700000,-33.200000,-26752.800000,608495839428118418,null,8,6,0
2399,671,80480.7,80480.700000,-33.200000,-26752.800000,16728662311013901458,null,8,6,0
2400,677,80480.7,80480.700000,-33.200000,-26752.800000,5400061669979297244,null,8,6,0
2401,684,80480.7,80480.700000,-33.200000,-26752.800000,10510710901640884499,null,8,6,0
2402,691,80480.7,80480.700000,-33.200000,-26752.800000,1394180915255053610,null,8,6,0
2403,698,80480.7,80480.700000,-33.200000,-26752.800000,4256424917255294646,null,8,6,0
2404,704,80549.1,80549.100000,-33.200000,-26775.500000,18355663233578673899,null,8,6,0
2405,711,80480.7,80480.700000,-33.200000,-26752.800000,17718850613196798045,null,8,6,0
2406,657,110748,110748.000000,-33.200000,-36801.700000,7819932535028887881,null,9,6,0
2407,664,110748,110748.000000,-33.200000,-36801.700000,16758721276001745481,null,9,6,0
2408,671,110748,110748.000000,-33.200000,-36801.700000,5568809142265088389,null,9,6,0
2409,678,23.34,23.340000,-33.200000,-40.950000,6778660817014075320,null,9,6,0
2410,685,23.34,23.340000,-33.200000,-40.950000,9290599028990830487,null,9,6,0
2411,692,23.34,23.340000,-33.200000,-40.950000,16024889906529279284,null,9,6,0
2412,699,23.34,23.340000,-33.200000,-40.950000,10666405454582909879,null,9,6,0
2413,706,23.34,23.340000,-33.200000,-40.950000,9118595200041020192,null,9,6,0
2414,712,23.34,23.340000,-33.200000,-40.950000,2471877659510787358,null,9,6,0
2415,657,1.79769e+308,,,-42186.000000,13524681113541083793,null,10,6,0
2416,666,1.79769e+308,,,-42186.000000,16376406410413316799,null,10,6,0
2417,674,1.79769e+308,,,-42186.000000,2107103945306462319,null,10,6,0
2418,681,1.79769e+308,,,-42186.000000,15504248861009581363,null,10,6,0
2419,688,1.79769e+308,,,-42186.000000,5377082989881875369,null,10,6,0
2420,696,1.79769e+308,,,-42186.000000,5822156851394356521,null,10,6,0
2421,703,1.79769e+308,,,-42186.000000,9952944717253194367,null,10,6,0
2422,711,1.79769e+308,,,-42186.000000,6920004673335390725,null,10,6,0
2423,718,1.79769e+308,,,-42186.000000,11036356906755842416,null,10,6,0
2424,657,80480.7,80480.700000,-33.200000,-26752.800000,1621445579209834037,null,11,6,0
2425,664,80480.7,80480.700000,-33.200000,-26752.800000,8171550337335049467,null,11,6,0
2426,671,80480.7,80480.700000,-33.200000,-26752.800000,16717493056782480135,null,11,6,0
2427,678,80480.7,80480.700000,-33.200000,-26752.800000,6800538314094612591,null,11,6,0
2428,685,80480.7,80480.700000,-33.200000,-26752.800000,17291819747884177882,null,11,6,0
2429,692,80480.7,80480.700000,-33.200000,-26752.800000,11546223856707397856,null,11,6,0
2430,699,80480.7,80480.700000,-33.200000,-26752.800000,15649733541782395910,null,11,6,0
2431,706,80480.7,80480.700000,-33.200000,-26752.800000,221392891387146404,null,11,6,0
2432,713,80480.7,80480.700000,-33.200000,-26752.800000,12240970590438864015,null,11,6,0
2433,658,18.01,18.010000,-34.700000,-40.950000,8316725656274944613,null,12,6,0
2434,667,18.01,18.010000,-34.700000,-40.950000,5232115262248914238,null,12,6,0
2435,674,18.01,18.010000,-34.700000,-40.950000,6060042936913175589,null,12,6,0
2436,683,18.01,18.010000,-34.700000,-40.950000,12090215376564569350,null,12,6,0
2437,691,18.01,18.010000,-34.700000,-40.950000,1602585305702630978,null,12,6,0
2438,699,18.01,18.010000,-34.700000,-40.950000,16048492879338217565,null,12,6,0
2439,708,18.01,18.010000,-34.700000,-40.950000,5400210672669896437,null,12,6,0
2440,716,18.01,18.010000,-34.700000,-40.950000,512281066220157556,null,12,6,0
2441,724,18.01,18.010000,-34.700000,-40.950000,15190179460058346383,null,12,6,0
2442,658,121444,121444.000000,-33.200000,-40352.600000,6405661450299462581,null,13,6,0
2443,667,121444,121444.000000,-33.200000,-40352.600000,3295326263793244528,null,13,6,0
2444,675,121444,121444.000000,-33.200000,-40352.600000,8095247318522201758,null,13,6,0
2445,683,121444,121444.000000,-33.200000,-40352.600000,11872596848235610068,null,13,6,0
2446,691,121444,121444.000000,-33.200000,-40352.600000,12663594704705919680,null,13,6,0
2447,700,121444,121444.000000,-33.200000,-40352.600000,10497316393213312831,null,13,6,0
2448,708,121444,121444.000000,-33.200000,-40352.600000,5040912280337534823,null,13,6,0
2449,716,24.85,24.850000,-33.200000,-41.449000,17714729799815814393,null,13,6,0
2450,724,24.85,24.850000,-33.200000,-41.449000,1571055852891306066,null,13,6,0
2451,657,105882,105882.000000,-34.700000,-36775.700000,12443405937228383123,null,14,6,0
2452,664,105882,105882.000000,-34.700000,-36775.700000,5283407914379118491,null,14,6,0
2453,671,110748,110748.000000,-33.200000,-36801.700000,12649277794692975395,null,14,6,0
2454,678,105882,105882.000000,-34.700000,-36775.700000,6455821719303520767,null,14,6,0
2455,684,105882,105882.000000,-34.700000,-36775.700000,13538453755983014749,null,14,6,0
2456,691,105882,105882.000000,-34.700000,-36775.700000,14357393609454920382,null,14,6,0
2457,698,105882,105882.000000,-34.700000,-36775.700000,16413930271956083971,null,14,6,0
2458,705,105882,105882.000000,-34.700000,-36775.700000,7837125928007732303,null,14,6,0
2459,711,105882,105882.000000,-34.700000,-36775.700000,10902883019458628600,null,14,6,0
2460,657,80480.7,80480.700000,-33.200000,-26752.800000,7419294560123955269,null,15,6,0
2461,664,80480.7,80480.700000,-33.200000,-26752.800000,12383593699426733496,null,15,6,0
2462,671,80480.7,80480.700000,-33.200000,-26752.800000,15902160059732431340,null,15,6,0
2463,678,80480.7,80480.700000,-33.200000,-26752.800000,11729930107716660556,null,15,6,0
2464,685,80480.7,80480.700000,-33.200000,-26752.800000,14860747552396274590,null,15,6,0
2465,692,80480.7,80480.700000,-33.200000,-26752.800000,4727088973581084585,null,15,6,0
2466,699,80480.7,80480.700000,-33.200000,-26752.800000,10658194917868616130,null,15,6,0
2467,706,80480.7,80480.700000,-33.200000,-26752.800000,7604325655872288727,null,15,6,0
2468,713,80480.7,80480.700000,-33.200000,-26752.800000,9971004632856805926,null,15,6,0
2469,657,121877,121877.000000,-33.200000,-40496.300000,10768073438421293738,null,16,6,0
2470,664,121877,121877.000000,-33.200000,-40496.300000,2087555649290286527,null,16,6,0
2471,670,121877,121877.000000,-33.200000,-40496.300000,13322346261030683080,null,16,6,0
2472,678,104499,104499.000000,-33.200000,-34726.800000,14080989179444670740,null,16,6,0
2473,685,23.34,23.340000,-33.200000,-40.950000,2991774789510730248,null,16,6,0
2474,692,23.34,23.340000,-33.200000,-40.950000,2691698482898206456,null,16,6,0
2475,701,23.34,23.340000,-33.200000,-40.950000,4207948100602445506,null,16,6,0
2476,707,23.34,23.340000,-33.200000,-40.950000,18306555618365582397,null,16,6,0
2477,714,24.85,24.850000,-33.200000,-41.449000,13353730737843600634,null,16,6,0
2478,657,1.79769e+308,,,-42186.000000,3670089298928510354,null,17,6,0
2479,665,1.79769e+308,,,-42186.000000,174266903483448302,null,17,6,0
2480,672,1.79769e+308,,,-42186.000000,7008333593110756993,null,17,6,0
2481,679,1.79769e+308,,,-42186.000000,5355770574218717680,null,17,6,0
2482,687,1.79769e+308,,,-42186.000000,16226132687288922686,null,17,6,0
2483,694,1.79769e+308,,,-42186.000000,8512861334515766546,null,17,6,0
2484,701,1.79769e+308,,,-42186.000000,7108582260634850525,null,17,6,0
2485,708,1.79769e+308,,,-42186.000000,14079006909991487314,null,17,6,0
2486,716,1.79769e+308,,,-42186.000000,2605150237950401292,null,17,6,0
2487,659,1.79769e+308,,,-42186.000000,2270848025598088296,null,18,6,0
2488,666,1.79769e+308,,,-42186.000000,11451401588018508576,null,18,6,0
2489,675,1.79769e+308,,,-42186.000000,6379951297994510776,null,18,6,0
2490,683,1.79769e+308,,,-42186.000000,9397896723446623802,null,18,6,0
2491,692,1.79769e+308,,,-42186.000000,2800605350318307435,null,18,6,0
2492,700,1.79769e+308,,,-42186.000000,12242884416875388484,null,18,6,0
2493,709,1.79769e+308,,,-42186.000000,4576087157964631989,null,18,6,0
2494,718,1.79769e+308,,,-42186.000000,9217069223556171175,null,18,6,0
2495,726,1.79769e+308,,,-42186.000000,1229105017455056730,null,18,6,0
2496,658,1.79769e+308,,,-42186.000000,5302198447598728097,null,19,6,0
2497,666,111900,111900.000000,-33.200000,-37184.000000,1792089462695648385,null,19,6,0
2498,673,111900,111900.000000,-33.200000,-37184.000000,13112053154689890482,null,19,6,0
2499,681,111900,111900.000000,-33.200000,-37184.000000,1619056461357163802,null,19,6,0
2500,689,111900,111900.000000,-33.200000,-37184.000000,11905345313738400571,null,19,6,0
2501,697,111900,111900.000000,-33.200000,-37184.000000,13620063949292289099,null,19,6,0
2502,704,111900,111900.000000,-33.200000,-37184.000000,11686152934309145113,null,19,6,0
2503,712,111900,111900.000000,-33.200000,-37184.000000,1301612588152741683,null,19,6,0
2504,720,111900,111900.000000,-33.200000,-37184.000000,13021187550385053435,null,19,6,0
2505,658,23.34,23.340000,-33.200000,-40.950000,4032550633695763863,null,20,6,0
2506,667,23.34,23.340000,-33.200000,-40.950000,7028522712952941853,null,20,6,0
2507,675,23.34,23.340000,-33.200000,-40.950000,12537564842634522875,null,20,6,0
2508,684,1.79769e+308,,,-42186.000000,12021473714180716298,null,20,6,0
2509,694,23.34,23.340000,-33.200000,-40.950000,7437106094606933070,null,20,6,0
2510,702,23.34,23.340000,-33.200000,-40.950000,1275006993298699376,null,20,6,0
2511,712,121877,121877.000000,-33.200000,-40496.300000,9346784923645435887,null,20,6,0
2512,721,23.34,23.340000,-33.200000,-40.950000,8593360297878188000,null,20,6,0
2513,728,23.34,23.340000,-33.200000,-40.950000,17329313084354395233,null,20,6,0
2514,657,1.79769e+308,,,-42186.000000,15263857606228171278,null,21,6,0
2515,663,1.79769e+308,,,-42186.000000,11806189228684944840,null,21,6,0
2516,669,1.79769e+308,,,-42186.000000,4320761976049763826,null,21,6,0
2517,676,1.79769e+308,,,-42186.000000,1626365431021400103,null,21,6,0
2518,682,1.79769e+308,,,-42186.000000,13947046381298527784,null,21,6,0
2519,689,1.79769e+308,,,-42186.000000,5261176080197439277,null,21,6,0
2520,695,1.79769e+308,,,-42186.000000,5643261853350739815,null,21,6,0
2521,702,1.79769e+308,,,-42186.000000,10635450632035597069,null,21,6,0
2522,708,1.79769e+308,,,-42186.000000,3602700409563125697,null,21,6,0
2523,657,1.79769e+308,,,-42186.000000,14949065728933792121,null,22,6,0
2524,664,1.79769e+308,,,-42186.000000,17533365663572361813,null,22,6,0
2525,671,1.79769e+308,,,-42186.000000,17849304569594760199,null,22,6,0
2526,678,1.79769e+308,,,-42186.000000,6133742795524517281,null,22,6,0
2527,685,1.79769e+308,,,-42186.000000,18414566905119791406,null,22,6,0
2528,692,1.79769e+308,,,-42186.000000,12476112796010504769,null,22,6,0
2529,698,1.79769e+308,,,-42186.000000,5211083342174231941,null,22,6,0
2530,705,1.79769e+308,,,-42186.000000,12338894366991800061,null,22,6,0
2531,712,1.79769e+308,,,-42186.000000,14715305899364879372,null,22,6,0
2532,656,1.79769e+308,,,-42186.000000,9524379106400480696,null,23,6,0
2533,663,1.79769e+308,,,-42186.000000,854162706192638509,null,23,6,0
2534,669,80549.1,80549.100000,-33.200000,-26775.500000,3440890062574648191,null,23,6,0
2535,676,80480.7,80480.700000,-33.200000,-26752.800000,9383640612217447695,null,23,6,0
2536,683,80480.7,80480.700000,-33.200000,-26752.800000,12643212958201672465,null,23,6,0
2537,691,107058,107058.000000,-34.700000,-37184.000000,3906995091621671624,null,23,6,0
2538,697,80480.7,80480.700000,-33.200000,-26752.800000,11941742070776138103,null,23,6,0
2539,704,80480.7,80480.700000,-33.200000,-26752.800000,7559011399544711783,null,23,6,0
2540,711,80480.7,80480.700000,-33.200000,-26752.800000,8622221252772822092,null,23,6,0
2541,657,121373,121373.000000,-33.200000,-40329.000000,1637673622483502552,null,24,6,0
2542,665,121373,121373.000000,-33.200000,-40329.000000,9611852811883673490,null,24,6,0
2543,673,121373,121373.000000,-33.200000,-40329.000000,8300290652877175855,null,24,6,0
2544,680,121373,121373.000000,-33.200000,-40329.000000,112413825216388983,null,24,6,0
2545,687,121373,121373.000000,-33.200000,-40329.000000,8164974575363540884,null,24,6,0
2546,694,121373,121373.000000,-33.200000,-40329.000000,9386018660520869202,null,24,6,0
2547,702,121373,121373.000000,-33.200000,-40329.000000,5484778215463165110,null,24,6,0
2548,709,121373,121373.000000,-33.200000,-40329.000000,12023568796295060873,null,24,6,0
2549,716,121841,121841.000000,-33.200000,-40484.300000,1848199661232849984,null,24,6,0
2550,657,1.79769e+308,,,-42186.000000,3048006912884227454,null,25,6,0
2551,665,1.79769e+308,,,-42186.000000,7910117497346822113,null,25,6,0
2552,672,1.79769e+308,,,-42186.000000,13012566925606414811,null,25,6,0
2553,680,1.79769e+308,,,-42186.000000,7064674283270245641,null,25,6,0
2554,687,1.79769e+308,,,-42186.000000,17042083701720376182,null,25,6,0
2555,694,1.79769e+308,,,-42186.000000,5911244935695979336,null,25,6,0
2556,702,1.79769e+308,,,-42186.000000,6340859218955760478,null,25,6,0
2557,709,1.79769e+308,,,-42186.000000,18201953240830324424,null,25,6,0
2558,717,1.79769e+308,,,-42186.000000,9082772985464587350,null,25,6,0
2559,658,1.79769e+308,,,-42186.000000,5409401137043002347,null,26,6,0
2560,667,1.79769e+308,,,-42186.000000,18431220339798265049,null,26,6,0
2561,675,1.79769e+308,,,-42186.000000,2078429568697278755,null,26,6,0
2562,683,1.79769e+308,,,-42186.000000,10278618160951711162,null,26,6,0
2563,691,1.79769e+308,,,-42186.000000,10230852448948029900,null,26,6,0
2564,699,1.79769e+308,,,-42186.000000,14307197932735564966,null,26,6,0
2565,707,1.79769e+308,,,-42186.000000,5591249920576950380,null,26,6,0
2566,715,1.79769e+308,,,-42186.000000,10249962953227613796,null,26,6,0
2567,723,1.79769e+308,,,-42186.000000,13239287537538161366,null,26,6,0
2568,656,1.79769e+308,,,-42186.000000,17352712224138716380,null,27,6,0
2569,663,1.79769e+308,,,-42186.000000,13387079149731993825,null,27,6,0
2570,669,1.79769e+308,,,-42186.000000,11316174303751146643,null,27,6,0
2571,675,1.79769e+308,,,-42186.000000,9349839501899381437,null,27,6,0
2572,682,1.79769e+308,,,-42186.000000,14455522181806664013,null,27,6,0
2573,688,1.79769e+308,,,-42186.000000,11978509642378853875,null,27,6,0
2574,694,1.79769e+308,,,-42186.000000,17063284637298595371,null,27,6,0
2575,701,1.79769e+308,,,-42186.000000,16312450502935468103,null,27,6,0
2576,707,1.79769e+308,,,-42186.000000,10922599337372228063,null,27,6,0
2577,658,23.34,23.340000,-33.200000,-40.950000,8560491254086212645,null,28,6,0
2578,668,23.34,23.340000,-33.200000,-40.950000,12825764397236177676,null,28,6,0
2579,675,23.34,23.340000,-33.200000,-40.950000,3625319575654870904,null,28,6,0
2580,683,23.34,23.340000,-33.200000,-40.950000,259165137043452276,null,28,6,0
2581,691,23.34,23.340000,-33.200000,-40.950000,3360166076020518274,null,28,6,0
2582,698,1.79769e+308,,,-42186.000000,10904678875203492072,null,28,6,0
2583,705,105882,105882.000000,-34.700000,-36775.700000,16344020826767078925,null,28,6,0
2584,712,23.34,23.340000,-33.200000,-40.950000,8771950531702393795,null,28,6,0
2585,720,23.34,23.340000,-33.200000,-40.950000,15905879084150652089,null,28,6,0
2586,657,1.79769e+308,,,-42186.000000,11442564394846764464,null,29,6,0
2587,664,1.79769e+308,,,-42186.000000,9873459464782829791,null,29,6,0
2588,671,1.79769e+308,,,-42186.000000,3929805180792883698,null,29,6,0
2589,678,1.79769e+308,,,-42186.000000,15468174823131420625,null,29,6,0
2590,685,1.79769e+308,,,-42186.000000,16714538785017177528,null,29,6,0
2591,692,1.79769e+308,,,-42186.000000,757490987918368009,null,29,6,0
2592,699,1.79769e+308,,,-42186.000000,11103881765021446608,null,29,6,0
2593,709,1.79769e+308,,,-42186.000000,4761618103270819369,null,29,6,0
2594,716,1.79769e+308,,,-42186.000000,8096738772737569623,null,29,6,0
2595,659,1.79769e+308,,,-42186.000000,17283959996832305488,null,30,6,0
2596,667,1.79769e+308,,,-42186.000000,11473414371349690642,null,30,6,0
2597,674,110670,110670.000000,-33.200000,-36775.700000,11216267007936003271,null,30,6,0
2598,680,110670,110670.000000,-33.200000,-36775.700000,13140558449753427125,null,30,6,0
2599,687,110670,110670.000000,-33.200000,-36775.700000,2265475584068868444,null,30,6,0
2600,693,110670,110670.000000,-33.200000,-36775.700000,5734590468871046757,null,30,6,0
2601,699,110670,110670.000000,-33.200000,-36775.700000,16122432748287719515,null,30,6,0
2602,706,110670,110670.000000,-33.200000,-36775.700000,9257534083878489344,null,30,6,0
2603,712,110670,110670.000000,-33.200000,-36775.700000,14436149934675721739,null,30,6,0
2604,658,105957,105957.000000,-34.700000,-36801.700000,3607128661482081913,null,31,6,0
2605,665,110748,110748.000000,-33.200000,-36801.700000,4635356950654945631,null,31,6,0
2606,673,105957,105957.000000,-34.700000,-36801.700000,1364424290342622366,null,31,6,0
2607,681,105957,105957.000000,-34.700000,-36801.700000,4737853168037208261,null,31,6,0
2608,690,105957,105957.000000,-34.700000,-36801.700000,11891160536594185802,null,31,6,0
2609,698,105957,105957.000000,-34.700000,-36801.700000,7283487629132413545,null,31,6,0
2610,706,105957,105957.000000,-34.700000,-36801.700000,974751905021484590,null,31,6,0
2611,713,121841,121841.000000,-33.200000,-40484.300000,14520724827793056284,null,31,6,0
2612,721,105957,105957.000000,-34.700000,-36801.700000,2869859885034483695,null,31,6,0
