ConfigID,UseMipStart,Configuration
5695469039860366272,0,CPXPARAM_Advance=1;CPXPARAM_Barrier_Algorithm=3;CPXPARAM_Barrier_ColNonzeros=0;CPXPARAM_Barrier_Crossover=2;CPXPARAM_Barrier_Limits_Corrections=-1;CPXPARAM_Barrier_Ordering=0;CPXPARAM_Barrier_StartAlg=2;CPXPARAM_Emphasis_MIP=5;CPXPARAM_Emphasis_Memory=0;CPXPARAM_Emphasis_Numerical=0;CPXPARAM_Feasopt_Mode=3;CPXPARAM_LPMethod=0;CPXPARAM_MIP_Cuts_Cliques=3;CPXPARAM_MIP_Cuts_Covers=0;CPXPARAM_MIP_Cuts_Disjunctive=3;CPXPARAM_MIP_Cuts_FlowCovers=2;CPXPARAM_MIP_Cuts_GUBCovers=1;CPXPARAM_MIP_Cuts_Gomory=2;CPXPARAM_MIP_Cuts_Implied=2;CPXPARAM_MIP_Cuts_MIRCut=2;CPXPARAM_MIP_Cuts_PathCut=0;CPXPARAM_MIP_Limits_AggForCut=3;CPXPARAM_MIP_Limits_CutPasses=0;CPXPARAM_MIP_Limits_CutsFactor=-1;CPXPARAM_MIP_Limits_GomoryCand=25;CPXPARAM_MIP_Limits_GomoryPass=0;CPXPARAM_MIP_Limits_Nodes=9223372036800000000;CPXPARAM_MIP_Limits_ProbeTime=2;CPXPARAM_MIP_Limits_RepairTries=0;CPXPARAM_MIP_Limits_StrongCand=10;CPXPARAM_MIP_Limits_StrongIt=0;CPXPARAM_MIP_OrderType=0;CPXPARAM_MIP_Strategy_BBInterval=7;CPXPARAM_MIP_Strategy_Branch=0;CPXPARAM_MIP_Strategy_Dive=0;CPXPARAM_MIP_Strategy_File=1;CPXPARAM_MIP_Strategy_HeuristicFreq=0;CPXPARAM_MIP_Strategy_LBHeur=0;CPXPARAM_MIP_Strategy_NodeSelect=1;CPXPARAM_MIP_Strategy_Order=1;CPXPARAM_MIP_Strategy_PresolveNode=0;CPXPARAM_MIP_Strategy_Probe=3;CPXPARAM_MIP_Strategy_RINSHeur=0;CPXPARAM_MIP_Strategy_StartAlgorithm=2;CPXPARAM_MIP_Strategy_SubAlgorithm=3;CPXPARAM_MIP_Strategy_VariableSelect=4;CPXPARAM_Network_NetFind=2;CPXPARAM_Network_Pricing=0;CPXPARAM_Parallel=1;CPXPARAM_Preprocessing_Aggregator=-1;CPXPARAM_Preprocessing_BoundStrength=1;CPXPARAM_Preprocessing_CoeffReduce=-1;CPXPARAM_Preprocessing_Dependency=-1;CPXPARAM_Preprocessing_Dual=0;CPXPARAM_Preprocessing_Fill=10;CPXPARAM_Preprocessing_NumPass=-1;CPXPARAM_Preprocessing_Presolve=1;CPXPARAM_Preprocessing_QPMakePSD=1;CPXPARAM_Preprocessing_Reduce=1;CPXPARAM_Preprocessing_Relax=-1;CPXPARAM_Preprocessing_RepeatPresolve=-1;CPXPARAM_Preprocessing_Symmetry=4;CPXPARAM_Read_Scale=0;CPXPARAM_Sifting_Algorithm=0;CPXPARAM_Simplex_Crash=-1;CPXPARAM_Simplex_DGradient=1;CPXPARAM_Simplex_Limits_Perturbation=0;CPXPARAM_Simplex_Limits_Singularity=10;CPXPARAM_Simplex_PGradient=0;CPXPARAM_Simplex_Pricing=0;CPXPARAM_Simplex_Refactor=0
12331661303096362873,0,CPXPARAM_Advance=1;CPXPARAM_Barrier_Algorithm=3;CPXPARAM_Barrier_ColNonzeros=0;CPXPARAM_Barrier_Crossover=2;CPXPARAM_Barrier_Limits_Corrections=-1;CPXPARAM_Barrier_Ordering=0;CPXPARAM_Barrier_StartAlg=2;CPXPARAM_Emphasis_MIP=0;CPXPARAM_Emphasis_Memory=0;CPXPARAM_Emphasis_Numerical=0;CPXPARAM_Feasopt_Mode=5;CPXPARAM_LPMethod=0;CPXPARAM_MIP_Cuts_Cliques=3;CPXPARAM_MIP_Cuts_Covers=0;CPXPARAM_MIP_Cuts_Disjunctive=3;CPXPARAM_MIP_Cuts_FlowCovers=2;CPXPARAM_MIP_Cuts_GUBCovers=1;CPXPARAM_MIP_Cuts_Gomory=2;CPXPARAM_MIP_Cuts_Implied=2;CPXPARAM_MIP_Cuts_MIRCut=2;CPXPARAM_MIP_Cuts_PathCut=0;CPXPARAM_MIP_Limits_AggForCut=3;CPXPARAM_MIP_Limits_CutPasses=0;CPXPARAM_MIP_Limits_CutsFactor=-1;CPXPARAM_MIP_Limits_GomoryCand=25;CPXPARAM_MIP_Limits_GomoryPass=0;CPXPARAM_MIP_Limits_Nodes=9223372036800000000;CPXPARAM_MIP_Limits_ProbeTime=2;CPXPARAM_MIP_Limits_RepairTries=0;CPXPARAM_MIP_Limits_StrongCand=10;CPXPARAM_MIP_Limits_StrongIt=0;CPXPARAM_MIP_OrderType=0;CPXPARAM_MIP_Strategy_BBInterval=7;CPXPARAM_MIP_Strategy_Branch=0;CPXPARAM_MIP_Strategy_Dive=0;CPXPARAM_MIP_Strategy_File=1;CPXPARAM_MIP_Strategy_HeuristicFreq=0;CPXPARAM_MIP_Strategy_LBHeur=0;CPXPARAM_MIP_Strategy_NodeSelect=1;CPXPARAM_MIP_Strategy_Order=1;CPXPARAM_MIP_Strategy_PresolveNode=0;CPXPARAM_MIP_Strategy_Probe=3;CPXPARAM_MIP_Strategy_RINSHeur=0;CPXPARAM_MIP_Strategy_StartAlgorithm=2;CPXPARAM_MIP_Strategy_SubAlgorithm=3;CPXPARAM_MIP_Strategy_VariableSelect=4;CPXPARAM_Network_NetFind=2;CPXPARAM_Network_Pricing=0;CPXPARAM_Parallel=1;CPXPARAM_Preprocessing_Aggregator=-1;CPXPARAM_Preprocessing_BoundStrength=1;CPXPARAM_Preprocessing_CoeffReduce=-1;CPXPARAM_Preprocessing_Dependency=-1;CPXPARAM_Preprocessing_Dual=0;CPXPARAM_Preprocessing_Fill=10;CPXPARAM_Preprocessing_NumPass=-1;CPXPARAM_Preprocessing_Presolve=1;CPXPARAM_Preprocessing_QPMakePSD=1;CPXPARAM_Preprocessing_Reduce=2;CPXPARAM_Preprocessing_Relax=-1;CPXPARAM_Preprocessing_RepeatPresolve=-1;CPXPARAM_Preprocessing_Symmetry=4;CPXPARAM_Read_Scale=0;CPXPARAM_Sifting_Algorithm=0;CPXPARAM_Simplex_Crash=-1;CPXPARAM_Simplex_DGradient=1;CPXPARAM_Simplex_Limits_Perturbation=0;CPXPARAM_Simplex_Limits_Singularity=10;CPXPARAM_Simplex_PGradient=0;CPXPARAM_Simplex_Pricing=0;CPXPARAM_Simplex_Refactor=0
14285771521376727484,0,CPXPARAM_Advance=1;CPXPARAM_Barrier_Algorithm=3;CPXPARAM_Barrier_ColNonzeros=0;CPXPARAM_Barrier_Crossover=2;CPXPARAM_Barrier_Limits_Corrections=-1;CPXPARAM_Barrier_Ordering=0;CPXPARAM_Barrier_StartAlg=2;CPXPARAM_Emphasis_MIP=5;CPXPARAM_Emphasis_Memory=0;CPXPARAM_Emphasis_Numerical=0;CPXPARAM_Feasopt_Mode=5;CPXPARAM_LPMethod=0;CPXPARAM_MIP_Cuts_Cliques=3;CPXPARAM_MIP_Cuts_Covers=0;CPXPARAM_MIP_Cuts_Disjunctive=3;CPXPARAM_MIP_Cuts_FlowCovers=2;CPXPARAM_MIP_Cuts_GUBCovers=1;CPXPARAM_MIP_Cuts_Gomory=2;CPXPARAM_MIP_Cuts_Implied=2;CPXPARAM_MIP_Cuts_MIRCut=2;CPXPARAM_MIP_Cuts_PathCut=0;CPXPARAM_MIP_Limits_AggForCut=3;CPXPARAM_MIP_Limits_CutPasses=0;CPXPARAM_MIP_Limits_CutsFactor=-1;CPXPARAM_MIP_Limits_GomoryCand=25;CPXPARAM_MIP_Limits_GomoryPass=0;CPXPARAM_MIP_Limits_Nodes=9223372036800000000;CPXPARAM_MIP_Limits_ProbeTime=2;CPXPARAM_MIP_Limits_RepairTries=0;CPXPARAM_MIP_Limits_StrongCand=10;CPXPARAM_MIP_Limits_StrongIt=0;CPXPARAM_MIP_OrderType=0;CPXPARAM_MIP_Strategy_BBInterval=7;CPXPARAM_MIP_Strategy_Branch=0;CPXPARAM_MIP_Strategy_Dive=0;CPXPARAM_MIP_Strategy_File=1;CPXPARAM_MIP_Strategy_HeuristicFreq=0;CPXPARAM_MIP_Strategy_LBHeur=0;CPXPARAM_MIP_Strategy_NodeSelect=1;CPXPARAM_MIP_Strategy_Order=1;CPXPARAM_MIP_Strategy_PresolveNode=0;CPXPARAM_MIP_Strategy_Probe=3;CPXPARAM_MIP_Strategy_RINSHeur=0;CPXPARAM_MIP_Strategy_StartAlgorithm=2;CPXPARAM_MIP_Strategy_SubAlgorithm=3;CPXPARAM_MIP_Strategy_VariableSelect=4;CPXPARAM_Network_NetFind=2;CPXPARAM_Network_Pricing=0;CPXPARAM_Parallel=1;CPXPARAM_Preprocessing_Aggregator=-1;CPXPARAM_Preprocessing_BoundStrength=1;CPXPARAM_Preprocessing_CoeffReduce=-1;CPXPARAM_Preprocessing_Dependency=-1;CPXPARAM_Preprocessing_Dual=0;CPXPARAM_Preprocessing_Fill=10;CPXPARAM_Preprocessing_NumPass=-1;CPXPARAM_Preprocessing_Presolve=1;CPXPARAM_Preprocessing_QPMakePSD=1;CPXPARAM_Preprocessing_Reduce=2;CPXPARAM_Preprocessing_Relax=-1;CPXPARAM_Preprocessing_RepeatPresolve=-1;CPXPARAM_Preprocessing_Symmetry=4;CPXPARAM_Read_Scale=0;CPXPARAM_Sifting_Algorithm=0;CPXPARAM_Simplex_Crash=-1;CPXPARAM_Simplex_DGradient=1;CPXPARAM_Simplex_Limits_Perturbation=0;CPXPARAM_Simplex_Limits_Singularity=10;CPXPARAM_Simplex_PGradient=0;CPXPARAM_Simplex_Pricing=0;CPXPARAM_Simplex_Refactor=0
14722851070514364502,0,CPXPARAM_Advance=1;CPXPARAM_Barrier_Algorithm=0;CPXPARAM_Barrier_ColNonzeros=0;CPXPARAM_Barrier_Crossover=0;CPXPARAM_Barrier_Limits_Corrections=-1;CPXPARAM_Barrier_Ordering=0;CPXPARAM_Barrier_StartAlg=2;CPXPARAM_Emphasis_MIP=1;CPXPARAM_Emphasis_Memory=0;CPXPARAM_Emphasis_Numerical=0;CPXPARAM_Feasopt_Mode=0;CPXPARAM_LPMethod=0;CPXPARAM_MIP_Cuts_Cliques=0;CPXPARAM_MIP_Cuts_Covers=0;CPXPARAM_MIP_Cuts_Disjunctive=2;CPXPARAM_MIP_Cuts_FlowCovers=1;CPXPARAM_MIP_Cuts_GUBCovers=2;CPXPARAM_MIP_Cuts_Gomory=2;CPXPARAM_MIP_Cuts_Implied=1;CPXPARAM_MIP_Cuts_MIRCut=-1;CPXPARAM_MIP_Cuts_PathCut=2;CPXPARAM_MIP_Limits_AggForCut=3;CPXPARAM_MIP_Limits_CutPasses=0;CPXPARAM_MIP_Limits_CutsFactor=-1;CPXPARAM_MIP_Limits_GomoryCand=800;CPXPARAM_MIP_Limits_GomoryPass=0;CPXPARAM_MIP_Limits_Nodes=9223372036800000000;CPXPARAM_MIP_Limits_ProbeTime=240;CPXPARAM_MIP_Limits_RepairTries=0;CPXPARAM_MIP_Limits_StrongCand=10;CPXPARAM_MIP_Limits_StrongIt=0;CPXPARAM_MIP_OrderType=0;CPXPARAM_MIP_Strategy_BBInterval=7;CPXPARAM_MIP_Strategy_Branch=0;CPXPARAM_MIP_Strategy_Dive=0;CPXPARAM_MIP_Strategy_File=1;CPXPARAM_MIP_Strategy_HeuristicFreq=0;CPXPARAM_MIP_Strategy_LBHeur=0;CPXPARAM_MIP_Strategy_NodeSelect=1;CPXPARAM_MIP_Strategy_Order=1;CPXPARAM_MIP_Strategy_PresolveNode=0;CPXPARAM_MIP_Strategy_Probe=3;CPXPARAM_MIP_Strategy_RINSHeur=0;CPXPARAM_MIP_Strategy_StartAlgorithm=5;CPXPARAM_MIP_Strategy_SubAlgorithm=0;CPXPARAM_MIP_Strategy_VariableSelect=0;CPXPARAM_Network_NetFind=2;CPXPARAM_Network_Pricing=0;CPXPARAM_Parallel=1;CPXPARAM_Preprocessing_Aggregator=-1;CPXPARAM_Preprocessing_BoundStrength=-1;CPXPARAM_Preprocessing_CoeffReduce=-1;CPXPARAM_Preprocessing_Dependency=-1;CPXPARAM_Preprocessing_Dual=0;CPXPARAM_Preprocessing_Fill=10;CPXPARAM_Preprocessing_NumPass=-1;CPXPARAM_Preprocessing_Presolve=1;CPXPARAM_Preprocessing_QPMakePSD=1;CPXPARAM_Preprocessing_Reduce=3;CPXPARAM_Preprocessing_Relax=-1;CPXPARAM_Preprocessing_RepeatPresolve=-1;CPXPARAM_Preprocessing_Symmetry=4;CPXPARAM_Read_Scale=0;CPXPARAM_Sifting_Algorithm=0;CPXPARAM_Simplex_Crash=1;CPXPARAM_Simplex_DGradient=2;CPXPARAM_Simplex_Limits_Perturbation=0;CPXPARAM_Simplex_Limits_Singularity=10;CPXPARAM_Simplex_PGradient=0;CPXPARAM_Simplex_Pricing=0;CPXPARAM_Simplex_Refactor=0
1798449692612264262,0,CPXPARAM_Advance=1;CPXPARAM_Barrier_Algorithm=0;CPXPARAM_Barrier_ColNonzeros=0;CPXPARAM_Barrier_Crossover=0;CPXPARAM_Barrier_Limits_Corrections=-1;CPXPARAM_Barrier_Ordering=0;CPXPARAM_Barrier_StartAlg=2;CPXPARAM_Emphasis_MIP=1;CPXPARAM_Emphasis_Memory=0;CPXPARAM_Emphasis_Numerical=0;CPXPARAM_Feasopt_Mode=0;CPXPARAM_LPMethod=0;CPXPARAM_MIP_Cuts_Cliques=0;CPXPARAM_MIP_Cuts_Covers=0;CPXPARAM_MIP_Cuts_Disjunctive=2;CPXPARAM_MIP_Cuts_FlowCovers=1;CPXPARAM_MIP_Cuts_GUBCovers=2;CPXPARAM_MIP_Cuts_Gomory=2;CPXPARAM_MIP_Cuts_Implied=1;CPXPARAM_MIP_Cuts_MIRCut=-1;CPXPARAM_MIP_Cuts_PathCut=2;CPXPARAM_MIP_Limits_AggForCut=3;CPXPARAM_MIP_Limits_CutPasses=0;CPXPARAM_MIP_Limits_CutsFactor=-1;CPXPARAM_MIP_Limits_GomoryCand=800;CPXPARAM_MIP_Limits_GomoryPass=0;CPXPARAM_MIP_Limits_Nodes=9223372036800000000;CPXPARAM_MIP_Limits_ProbeTime=30;CPXPARAM_MIP_Limits_RepairTries=0;CPXPARAM_MIP_Limits_StrongCand=10;CPXPARAM_MIP_Limits_StrongIt=0;CPXPARAM_MIP_OrderType=0;CPXPARAM_MIP_Strategy_BBInterval=7;CPXPARAM_MIP_Strategy_Branch=0;CPXPARAM_MIP_Strategy_Dive=0;CPXPARAM_MIP_Strategy_File=1;CPXPARAM_MIP_Strategy_HeuristicFreq=0;CPXPARAM_MIP_Strategy_LBHeur=0;CPXPARAM_MIP_Strategy_NodeSelect=1;CPXPARAM_MIP_Strategy_Order=1;CPXPARAM_MIP_Strategy_PresolveNode=0;CPXPARAM_MIP_Strategy_Probe=3;CPXPARAM_MIP_Strategy_RINSHeur=0;CPXPARAM_MIP_Strategy_StartAlgorithm=5;CPXPARAM_MIP_Strategy_SubAlgorithm=0;CPXPARAM_MIP_Strategy_VariableSelect=0;CPXPARAM_Network_NetFind=2;CPXPARAM_Network_Pricing=0;CPXPARAM_Parallel=1;CPXPARAM_Preprocessing_Aggregator=-1;CPXPARAM_Preprocessing_BoundStrength=-1;CPXPARAM_Preprocessing_CoeffReduce=-1;CPXPARAM_Preprocessing_Dependency=-1;CPXPARAM_Preprocessing_Dual=0;CPXPARAM_Preprocessing_Fill=10;CPXPARAM_Preprocessing_NumPass=-1;CPXPARAM_Preprocessing_Presolve=1;CPXPARAM_Preprocessing_QPMakePSD=1;CPXPARAM_Preprocessing_Reduce=3;CPXPARAM_Preprocessing_Relax=-1;CPXPARAM_Preprocessing_RepeatPresolve=-1;CPXPARAM_Preprocessing_Symmetry=4;CPXPARAM_Read_Scale=0;CPXPARAM_Sifting_Algorithm=0;CPXPARAM_Simplex_Crash=1;CPXPARAM_Simplex_DGradient=2;CPXPARAM_Simplex_Limits_Perturbation=0;CPXPARAM_Simplex_Limits_Singularity=10;CPXPARAM_Simplex_PGradient=0;CPXPARAM_Simplex_Pricing=0;CPXPARAM_Simplex_Refactor=0
11558203181970295803,0,CPXPARAM_Advance=1;CPXPARAM_Barrier_Algorithm=0;CPXPARAM_Barrier_ColNonzeros=0;CPXPARAM_Barrier_Crossover=0;CPXPARAM_Barrier_Limits_Corrections=-1;CPXPARAM_Barrier_Ordering=0;CPXPARAM_Barrier_StartAlg=2;CPXPARAM_Emphasis_MIP=1;CPXPARAM_Emphasis_Memory=0;CPXPARAM_Emphasis_Numerical=0;CPXPARAM_Feasopt_Mode=0;CPXPARAM_LPMethod=0;CPXPARAM_MIP_Cuts_Cliques=0;CPXPARAM_MIP_Cuts_Covers=0;CPXPARAM_MIP_Cuts_Disjunctive=2;CPXPARAM_MIP_Cuts_FlowCovers=1;CPXPARAM_MIP_Cuts_GUBCovers=2;CPXPARAM_MIP_Cuts_Gomory=2;CPXPARAM_MIP_Cuts_Implied=1;CPXPARAM_MIP_Cuts_MIRCut=-1;CPXPARAM_MIP_Cuts_PathCut=2;CPXPARAM_MIP_Limits_AggForCut=3;CPXPARAM_MIP_Limits_CutPasses=0;CPXPARAM_MIP_Limits_CutsFactor=-1;CPXPARAM_MIP_Limits_GomoryCand=800;CPXPARAM_MIP_Limits_GomoryPass=0;CPXPARAM_MIP_Limits_Nodes=0;CPXPARAM_MIP_Limits_ProbeTime=0;CPXPARAM_MIP_Limits_RepairTries=0;CPXPARAM_MIP_Limits_StrongCand=10;CPXPARAM_MIP_Limits_StrongIt=0;CPXPARAM_MIP_OrderType=0;CPXPARAM_MIP_Strategy_BBInterval=7;CPXPARAM_MIP_Strategy_Branch=0;CPXPARAM_MIP_Strategy_Dive=0;CPXPARAM_MIP_Strategy_File=1;CPXPARAM_MIP_Strategy_HeuristicFreq=0;CPXPARAM_MIP_Strategy_LBHeur=0;CPXPARAM_MIP_Strategy_NodeSelect=1;CPXPARAM_MIP_Strategy_Order=1;CPXPARAM_MIP_Strategy_PresolveNode=0;CPXPARAM_MIP_Strategy_Probe=3;CPXPARAM_MIP_Strategy_RINSHeur=0;CPXPARAM_MIP_Strategy_StartAlgorithm=5;CPXPARAM_MIP_Strategy_SubAlgorithm=0;CPXPARAM_MIP_Strategy_VariableSelect=0;CPXPARAM_Network_NetFind=2;CPXPARAM_Network_Pricing=0;CPXPARAM_Parallel=1;CPXPARAM_Preprocessing_Aggregator=-1;CPXPARAM_Preprocessing_BoundStrength=-1;CPXPARAM_Preprocessing_CoeffReduce=-1;CPXPARAM_Preprocessing_Dependency=-1;CPXPARAM_Preprocessing_Dual=0;CPXPARAM_Preprocessing_Fill=10;CPXPARAM_Preprocessing_NumPass=-1;CPXPARAM_Preprocessing_Presolve=1;CPXPARAM_Preprocessing_QPMakePSD=1;CPXPARAM_Preprocessing_Reduce=3;CPXPARAM_Preprocessing_Relax=-1;CPXPARAM_Preprocessing_RepeatPresolve=-1;CPXPARAM_Preprocessing_Symmetry=4;CPXPARAM_Read_Scale=0;CPXPARAM_Sifting_Algorithm=0;CPXPARAM_Simplex_Crash=1;CPXPARAM_Simplex_DGradient=2;CPXPARAM_Simplex_Limits_Perturbation=0;CPXPARAM_Simplex_Limits_Singularity=10;CPXPARAM_Simplex_PGradient=0;CPXPARAM_Simplex_Pricing=0;CPXPARAM_Simplex_Refactor=0
5698363031147296717,0,CPXPARAM_Advance=1;CPXPARAM_Barrier_Algorithm=2;CPXPARAM_Barrier_ColNonzeros=0;CPXPARAM_Barrier_Crossover=1;CPXPARAM_Barrier_Limits_Corrections=-1;CPXPARAM_Barrier_Ordering=0;CPXPARAM_Barrier_StartAlg=2;CPXPARAM_Emphasis_MIP=2;CPXPARAM_Emphasis_Memory=0;CPXPARAM_Emphasis_Numerical=0;CPXPARAM_Feasopt_Mode=4;CPXPARAM_LPMethod=0;CPXPARAM_MIP_Cuts_Cliques=3;CPXPARAM_MIP_Cuts_Covers=0;CPXPARAM_MIP_Cuts_Disjunctive=3;CPXPARAM_MIP_Cuts_FlowCovers=0;CPXPARAM_MIP_Cuts_GUBCovers=-1;CPXPARAM_MIP_Cuts_Gomory=2;CPXPARAM_MIP_Cuts_Implied=2;CPXPARAM_MIP_Cuts_MIRCut=-1;CPXPARAM_MIP_Cuts_PathCut=0;CPXPARAM_MIP_Limits_AggForCut=3;CPXPARAM_MIP_Limits_CutPasses=0;CPXPARAM_MIP_Limits_CutsFactor=-1;CPXPARAM_MIP_Limits_GomoryCand=25;CPXPARAM_MIP_Limits_GomoryPass=0;CPXPARAM_MIP_Limits_Nodes=9223372036800000000;CPXPARAM_MIP_Limits_ProbeTime=240;CPXPARAM_MIP_Limits_RepairTries=0;CPXPARAM_MIP_Limits_StrongCand=10;CPXPARAM_MIP_Limits_StrongIt=0;CPXPARAM_MIP_OrderType=0;CPXPARAM_MIP_Strategy_BBInterval=7;CPXPARAM_MIP_Strategy_Branch=1;CPXPARAM_MIP_Strategy_Dive=0;CPXPARAM_MIP_Strategy_File=1;CPXPARAM_MIP_Strategy_HeuristicFreq=0;CPXPARAM_MIP_Strategy_LBHeur=0;CPXPARAM_MIP_Strategy_NodeSelect=1;CPXPARAM_MIP_Strategy_Order=1;CPXPARAM_MIP_Strategy_PresolveNode=0;CPXPARAM_MIP_Strategy_Probe=2;CPXPARAM_MIP_Strategy_RINSHeur=0;CPXPARAM_MIP_Strategy_StartAlgorithm=6;CPXPARAM_MIP_Strategy_SubAlgorithm=0;CPXPARAM_MIP_Strategy_VariableSelect=-1;CPXPARAM_Network_NetFind=2;CPXPARAM_Network_Pricing=0;CPXPARAM_Parallel=1;CPXPARAM_Preprocessing_Aggregator=-1;CPXPARAM_Preprocessing_BoundStrength=1;CPXPARAM_Preprocessing_CoeffReduce=-1;CPXPARAM_Preprocessing_Dependency=-1;CPXPARAM_Preprocessing_Dual=0;CPXPARAM_Preprocessing_Fill=10;CPXPARAM_Preprocessing_NumPass=-1;CPXPARAM_Preprocessing_Presolve=1;CPXPARAM_Preprocessing_QPMakePSD=1;CPXPARAM_Preprocessing_Reduce=1;CPXPARAM_Preprocessing_Relax=-1;CPXPARAM_Preprocessing_RepeatPresolve=-1;CPXPARAM_Preprocessing_Symmetry=2;CPXPARAM_Read_Scale=0;CPXPARAM_Sifting_Algorithm=0;CPXPARAM_Simplex_Crash=0;CPXPARAM_Simplex_DGradient=5;CPXPARAM_Simplex_Limits_Perturbation=0;CPXPARAM_Simplex_Limits_Singularity=10;CPXPARAM_Simplex_PGradient=0;CPXPARAM_Simplex_Pricing=0;CPXPARAM_Simplex_Refactor=0
4336884227077175023,0,CPXPARAM_Advance=1;CPXPARAM_Barrier_Algorithm=2;CPXPARAM_Barrier_ColNonzeros=0;CPXPARAM_Barrier_Crossover=0;CPXPARAM_Barrier_Limits_Corrections=-1;CPXPARAM_Barrier_Ordering=0;CPXPARAM_Barrier_StartAlg=2;CPXPARAM_Emphasis_MIP=2;CPXPARAM_Emphasis_Memory=0;CPXPARAM_Emphasis_Numerical=0;CPXPARAM_Feasopt_Mode=4;CPXPARAM_LPMethod=0;CPXPARAM_MIP_Cuts_Cliques=3;CPXPARAM_MIP_Cuts_Covers=0;CPXPARAM_MIP_Cuts_Disjunctive=3;CPXPARAM_MIP_Cuts_FlowCovers=0;CPXPARAM_MIP_Cuts_GUBCovers=-1;CPXPARAM_MIP_Cuts_Gomory=2;CPXPARAM_MIP_Cuts_Implied=2;CPXPARAM_MIP_Cuts_MIRCut=-1;CPXPARAM_MIP_Cuts_PathCut=0;CPXPARAM_MIP_Limits_AggForCut=3;CPXPARAM_MIP_Limits_CutPasses=0;CPXPARAM_MIP_Limits_CutsFactor=-1;CPXPARAM_MIP_Limits_GomoryCand=25;CPXPARAM_MIP_Limits_GomoryPass=0;CPXPARAM_MIP_Limits_Nodes=9223372036800000000;CPXPARAM_MIP_Limits_ProbeTime=5;CPXPARAM_MIP_Limits_RepairTries=0;CPXPARAM_MIP_Limits_StrongCand=10;CPXPARAM_MIP_Limits_StrongIt=0;CPXPARAM_MIP_OrderType=0;CPXPARAM_MIP_Strategy_BBInterval=7;CPXPARAM_MIP_Strategy_Branch=1;CPXPARAM_MIP_Strategy_Dive=0;CPXPARAM_MIP_Strategy_File=1;CPXPARAM_MIP_Strategy_HeuristicFreq=0;CPXPARAM_MIP_Strategy_LBHeur=0;CPXPARAM_MIP_Strategy_NodeSelect=1;CPXPARAM_MIP_Strategy_Order=1;CPXPARAM_MIP_Strategy_PresolveNode=0;CPXPARAM_MIP_Strategy_Probe=2;CPXPARAM_MIP_Strategy_RINSHeur=0;CPXPARAM_MIP_Strategy_StartAlgorithm=6;CPXPARAM_MIP_Strategy_SubAlgorithm=0;CPXPARAM_MIP_Strategy_VariableSelect=-1;CPXPARAM_Network_NetFind=2;CPXPARAM_Network_Pricing=0;CPXPARAM_Parallel=1;CPXPARAM_Preprocessing_Aggregator=-1;CPXPARAM_Preprocessing_BoundStrength=1;CPXPARAM_Preprocessing_CoeffReduce=-1;CPXPARAM_Preprocessing_Dependency=-1;CPXPARAM_Preprocessing_Dual=0;CPXPARAM_Preprocessing_Fill=10;CPXPARAM_Preprocessing_NumPass=-1;CPXPARAM_Preprocessing_Presolve=1;CPXPARAM_Preprocessing_QPMakePSD=1;CPXPARAM_Preprocessing_Reduce=1;CPXPARAM_Preprocessing_Relax=-1;CPXPARAM_Preprocessing_RepeatPresolve=-1;CPXPARAM_Preprocessing_Symmetry=2;CPXPARAM_Read_Scale=0;CPXPARAM_Sifting_Algorithm=0;CPXPARAM_Simplex_Crash=0;CPXPARAM_Simplex_DGradient=5;CPXPARAM_Simplex_Limits_Perturbation=0;CPXPARAM_Simplex_Limits_Singularity=10;CPXPARAM_Simplex_PGradient=0;CPXPARAM_Simplex_Pricing=0;CPXPARAM_Simplex_Refactor=0
13215187381598411957,0,CPXPARAM_Advance=1;CPXPARAM_Barrier_Algorithm=2;CPXPARAM_Barrier_ColNonzeros=0;CPXPARAM_Barrier_Crossover=1;CPXPARAM_Barrier_Limits_Corrections=-1;CPXPARAM_Barrier_Ordering=0;CPXPARAM_Barrier_StartAlg=2;CPXPARAM_Emphasis_MIP=2;CPXPARAM_Emphasis_Memory=0;CPXPARAM_Emphasis_Numerical=0;CPXPARAM_Feasopt_Mode=4;CPXPARAM_LPMethod=0;CPXPARAM_MIP_Cuts_Cliques=3;CPXPARAM_MIP_Cuts_Covers=0;CPXPARAM_MIP_Cuts_Disjunctive=3;CPXPARAM_MIP_Cuts_FlowCovers=0;CPXPARAM_MIP_Cuts_GUBCovers=-1;CPXPARAM_MIP_Cuts_Gomory=2;CPXPARAM_MIP_Cuts_Implied=2;CPXPARAM_MIP_Cuts_MIRCut=-1;CPXPARAM_MIP_Cuts_PathCut=0;CPXPARAM_MIP_Limits_AggForCut=3;CPXPARAM_MIP_Limits_CutPasses=0;CPXPARAM_MIP_Limits_CutsFactor=-1;CPXPARAM_MIP_Limits_GomoryCand=25;CPXPARAM_MIP_Limits_GomoryPass=0;CPXPARAM_MIP_Limits_Nodes=9223372036800000000;CPXPARAM_MIP_Limits_ProbeTime=120;CPXPARAM_MIP_Limits_RepairTries=0;CPXPARAM_MIP_Limits_StrongCand=10;CPXPARAM_MIP_Limits_StrongIt=0;CPXPARAM_MIP_OrderType=0;CPXPARAM_MIP_Strategy_BBInterval=7;CPXPARAM_MIP_Strategy_Branch=1;CPXPARAM_MIP_Strategy_Dive=0;CPXPARAM_MIP_Strategy_File=1;CPXPARAM_MIP_Strategy_HeuristicFreq=0;CPXPARAM_MIP_Strategy_LBHeur=0;CPXPARAM_MIP_Strategy_NodeSelect=1;CPXPARAM_MIP_Strategy_Order=1;CPXPARAM_MIP_Strategy_PresolveNode=0;CPXPARAM_MIP_Strategy_Probe=2;CPXPARAM_MIP_Strategy_RINSHeur=0;CPXPARAM_MIP_Strategy_StartAlgorithm=6;CPXPARAM_MIP_Strategy_SubAlgorithm=0;CPXPARAM_MIP_Strategy_VariableSelect=-1;CPXPARAM_Network_NetFind=2;CPXPARAM_Network_Pricing=0;CPXPARAM_Parallel=1;CPXPARAM_Preprocessing_Aggregator=-1;CPXPARAM_Preprocessing_BoundStrength=1;CPXPARAM_Preprocessing_CoeffReduce=-1;CPXPARAM_Preprocessing_Dependency=-1;CPXPARAM_Preprocessing_Dual=0;CPXPARAM_Preprocessing_Fill=10;CPXPARAM_Preprocessing_NumPass=-1;CPXPARAM_Preprocessing_Presolve=1;CPXPARAM_Preprocessing_QPMakePSD=1;CPXPARAM_Preprocessing_Reduce=1;CPXPARAM_Preprocessing_Relax=-1;CPXPARAM_Preprocessing_RepeatPresolve=-1;CPXPARAM_Preprocessing_Symmetry=2;CPXPARAM_Read_Scale=0;CPXPARAM_Sifting_Algorithm=0;CPXPARAM_Simplex_Crash=0;CPXPARAM_Simplex_DGradient=5;CPXPARAM_Simplex_Limits_Perturbation=0;CPXPARAM_Simplex_Limits_Singularity=10;CPXPARAM_Simplex_PGradient=0;CPXPARAM_Simplex_Pricing=0;CPXPARAM_Simplex_Refactor=0
5398211508414193954,0,CPXPARAM_Advance=1;CPXPARAM_Barrier_Algorithm=2;CPXPARAM_Barrier_ColNonzeros=0;CPXPARAM_Barrier_Crossover=1;CPXPARAM_Barrier_Limits_Corrections=-1;CPXPARAM_Barrier_Ordering=0;CPXPARAM_Barrier_StartAlg=2;CPXPARAM_Emphasis_MIP=2;CPXPARAM_Emphasis_Memory=0;CPXPARAM_Emphasis_Numerical=0;CPXPARAM_Feasopt_Mode=4;CPXPARAM_LPMethod=0;CPXPARAM_MIP_Cuts_Cliques=3;CPXPARAM_MIP_Cuts_Covers=0;CPXPARAM_MIP_Cuts_Disjunctive=3;CPXPARAM_MIP_Cuts_FlowCovers=0;CPXPARAM_MIP_Cuts_GUBCovers=-1;CPXPARAM_MIP_Cuts_Gomory=2;CPXPARAM_MIP_Cuts_Implied=2;CPXPARAM_MIP_Cuts_MIRCut=-1;CPXPARAM_MIP_Cuts_PathCut=0;CPXPARAM_MIP_Limits_AggForCut=3;CPXPARAM_MIP_Limits_CutPasses=0;CPXPARAM_MIP_Limits_CutsFactor=-1;CPXPARAM_MIP_Limits_GomoryCand=25;CPXPARAM_MIP_Limits_GomoryPass=0;CPXPARAM_MIP_Limits_Nodes=9223372036800000000;CPXPARAM_MIP_Limits_ProbeTime=2;CPXPARAM_MIP_Limits_RepairTries=0;CPXPARAM_MIP_Limits_StrongCand=10;CPXPARAM_MIP_Limits_StrongIt=0;CPXPARAM_MIP_OrderType=0;CPXPARAM_MIP_Strategy_BBInterval=7;CPXPARAM_MIP_Strategy_Branch=1;CPXPARAM_MIP_Strategy_Dive=0;CPXPARAM_MIP_Strategy_File=1;CPXPARAM_MIP_Strategy_HeuristicFreq=0;CPXPARAM_MIP_Strategy_LBHeur=0;CPXPARAM_MIP_Strategy_NodeSelect=1;CPXPARAM_MIP_Strategy_Order=1;CPXPARAM_MIP_Strategy_PresolveNode=0;CPXPARAM_MIP_Strategy_Probe=2;CPXPARAM_MIP_Strategy_RINSHeur=0;CPXPARAM_MIP_Strategy_StartAlgorithm=6;CPXPARAM_MIP_Strategy_SubAlgorithm=0;CPXPARAM_MIP_Strategy_VariableSelect=-1;CPXPARAM_Network_NetFind=2;CPXPARAM_Network_Pricing=0;CPXPARAM_Parallel=1;CPXPARAM_Preprocessing_Aggregator=-1;CPXPARAM_Preprocessing_BoundStrength=1;CPXPARAM_Preprocessing_CoeffReduce=-1;CPXPARAM_Preprocessing_Dependency=-1;CPXPARAM_Preprocessing_Dual=0;CPXPARAM_Preprocessing_Fill=10;CPXPARAM_Preprocessing_NumPass=-1;CPXPARAM_Preprocessing_Presolve=1;CPXPARAM_Preprocessing_QPMakePSD=1;CPXPARAM_Preprocessing_Reduce=1;CPXPARAM_Preprocessing_Relax=-1;CPXPARAM_Preprocessing_RepeatPresolve=-1;CPXPARAM_Preprocessing_Symmetry=2;CPXPARAM_Read_Scale=0;CPXPARAM_Sifting_Algorithm=0;CPXPARAM_Simplex_Crash=0;CPXPARAM_Simplex_DGradient=5;CPXPARAM_Simplex_Limits_Perturbation=0;CPXPARAM_Simplex_Limits_Singularity=10;CPXPARAM_Simplex_PGradient=0;CPXPARAM_Simplex_Pricing=0;CPXPARAM_Simplex_Refactor=0
1942557129578581917,0,CPXPARAM_Advance=1;CPXPARAM_Barrier_Algorithm=3;CPXPARAM_Barrier_ColNonzeros=0;CPXPARAM_Barrier_Crossover=2;CPXPARAM_Barrier_Limits_Corrections=-1;CPXPARAM_Barrier_Ordering=0;CPXPARAM_Barrier_StartAlg=2;CPXPARAM_Emphasis_MIP=5;CPXPARAM_Emphasis_Memory=0;CPXPARAM_Emphasis_Numerical=0;CPXPARAM_Feasopt_Mode=5;CPXPARAM_LPMethod=0;CPXPARAM_MIP_Cuts_Cliques=3;CPXPARAM_MIP_Cuts_Covers=0;CPXPARAM_MIP_Cuts_Disjunctive=3;CPXPARAM_MIP_Cuts_FlowCovers=2;CPXPARAM_MIP_Cuts_GUBCovers=1;CPXPARAM_MIP_Cuts_Gomory=2;CPXPARAM_MIP_Cuts_Implied=2;CPXPARAM_MIP_Cuts_MIRCut=2;CPXPARAM_MIP_Cuts_PathCut=0;CPXPARAM_MIP_Limits_AggForCut=3;CPXPARAM_MIP_Limits_CutPasses=0;CPXPARAM_MIP_Limits_CutsFactor=-1;CPXPARAM_MIP_Limits_GomoryCand=25;CPXPARAM_MIP_Limits_GomoryPass=0;CPXPARAM_MIP_Limits_Nodes=0;CPXPARAM_MIP_Limits_ProbeTime=2;CPXPARAM_MIP_Limits_RepairTries=0;CPXPARAM_MIP_Limits_StrongCand=10;CPXPARAM_MIP_Limits_StrongIt=0;CPXPARAM_MIP_OrderType=0;CPXPARAM_MIP_Strategy_BBInterval=7;CPXPARAM_MIP_Strategy_Branch=0;CPXPARAM_MIP_Strategy_Dive=0;CPXPARAM_MIP_Strategy_File=1;CPXPARAM_MIP_Strategy_HeuristicFreq=0;CPXPARAM_MIP_Strategy_LBHeur=0;CPXPARAM_MIP_Strategy_NodeSelect=1;CPXPARAM_MIP_Strategy_Order=1;CPXPARAM_MIP_Strategy_PresolveNode=0;CPXPARAM_MIP_Strategy_Probe=3;CPXPARAM_MIP_Strategy_RINSHeur=0;CPXPARAM_MIP_Strategy_StartAlgorithm=2;CPXPARAM_MIP_Strategy_SubAlgorithm=3;CPXPARAM_MIP_Strategy_VariableSelect=4;CPXPARAM_Network_NetFind=2;CPXPARAM_Network_Pricing=0;CPXPARAM_Parallel=1;CPXPARAM_Preprocessing_Aggregator=-1;CPXPARAM_Preprocessing_BoundStrength=1;CPXPARAM_Preprocessing_CoeffReduce=-1;CPXPARAM_Preprocessing_Dependency=-1;CPXPARAM_Preprocessing_Dual=0;CPXPARAM_Preprocessing_Fill=10;CPXPARAM_Preprocessing_NumPass=-1;CPXPARAM_Preprocessing_Presolve=1;CPXPARAM_Preprocessing_QPMakePSD=1;CPXPARAM_Preprocessing_Reduce=2;CPXPARAM_Preprocessing_Relax=-1;CPXPARAM_Preprocessing_RepeatPresolve=-1;CPXPARAM_Preprocessing_Symmetry=4;CPXPARAM_Read_Scale=0;CPXPARAM_Sifting_Algorithm=0;CPXPARAM_Simplex_Crash=-1;CPXPARAM_Simplex_DGradient=1;CPXPARAM_Simplex_Limits_Perturbation=0;CPXPARAM_Simplex_Limits_Singularity=10;CPXPARAM_Simplex_PGradient=0;CPXPARAM_Simplex_Pricing=0;CPXPARAM_Simplex_Refactor=0
1142265491748232753,0,CPXPARAM_Advance=1;CPXPARAM_Barrier_Algorithm=2;CPXPARAM_Barrier_ColNonzeros=0;CPXPARAM_Barrier_Crossover=1;CPXPARAM_Barrier_Limits_Corrections=-1;CPXPARAM_Barrier_Ordering=0;CPXPARAM_Barrier_StartAlg=2;CPXPARAM_Emphasis_MIP=2;CPXPARAM_Emphasis_Memory=0;CPXPARAM_Emphasis_Numerical=0;CPXPARAM_Feasopt_Mode=4;CPXPARAM_LPMethod=0;CPXPARAM_MIP_Cuts_Cliques=3;CPXPARAM_MIP_Cuts_Covers=0;CPXPARAM_MIP_Cuts_Disjunctive=3;CPXPARAM_MIP_Cuts_FlowCovers=0;CPXPARAM_MIP_Cuts_GUBCovers=-1;CPXPARAM_MIP_Cuts_Gomory=2;CPXPARAM_MIP_Cuts_Implied=2;CPXPARAM_MIP_Cuts_MIRCut=-1;CPXPARAM_MIP_Cuts_PathCut=0;CPXPARAM_MIP_Limits_AggForCut=3;CPXPARAM_MIP_Limits_CutPasses=0;CPXPARAM_MIP_Limits_CutsFactor=-1;CPXPARAM_MIP_Limits_GomoryCand=25;CPXPARAM_MIP_Limits_GomoryPass=0;CPXPARAM_MIP_Limits_Nodes=9223372036800000000;CPXPARAM_MIP_Limits_ProbeTime=5;CPXPARAM_MIP_Limits_RepairTries=0;CPXPARAM_MIP_Limits_StrongCand=10;CPXPARAM_MIP_Limits_StrongIt=0;CPXPARAM_MIP_OrderType=0;CPXPARAM_MIP_Strategy_BBInterval=7;CPXPARAM_MIP_Strategy_Branch=1;CPXPARAM_MIP_Strategy_Dive=0;CPXPARAM_MIP_Strategy_File=1;CPXPARAM_MIP_Strategy_HeuristicFreq=0;CPXPARAM_MIP_Strategy_LBHeur=0;CPXPARAM_MIP_Strategy_NodeSelect=1;CPXPARAM_MIP_Strategy_Order=1;CPXPARAM_MIP_Strategy_PresolveNode=0;CPXPARAM_MIP_Strategy_Probe=2;CPXPARAM_MIP_Strategy_RINSHeur=0;CPXPARAM_MIP_Strategy_StartAlgorithm=6;CPXPARAM_MIP_Strategy_SubAlgorithm=0;CPXPARAM_MIP_Strategy_VariableSelect=-1;CPXPARAM_Network_NetFind=2;CPXPARAM_Network_Pricing=0;CPXPARAM_Parallel=1;CPXPARAM_Preprocessing_Aggregator=-1;CPXPARAM_Preprocessing_BoundStrength=1;CPXPARAM_Preprocessing_CoeffReduce=-1;CPXPARAM_Preprocessing_Dependency=-1;CPXPARAM_Preprocessing_Dual=0;CPXPARAM_Preprocessing_Fill=10;CPXPARAM_Preprocessing_NumPass=-1;CPXPARAM_Preprocessing_Presolve=1;CPXPARAM_Preprocessing_QPMakePSD=1;CPXPARAM_Preprocessing_Reduce=0;CPXPARAM_Preprocessing_Relax=-1;CPXPARAM_Preprocessing_RepeatPresolve=-1;CPXPARAM_Preprocessing_Symmetry=2;CPXPARAM_Read_Scale=0;CPXPARAM_Sifting_Algorithm=0;CPXPARAM_Simplex_Crash=0;CPXPARAM_Simplex_DGradient=5;CPXPARAM_Simplex_Limits_Perturbation=0;CPXPARAM_Simplex_Limits_Singularity=10;CPXPARAM_Simplex_PGradient=0;CPXPARAM_Simplex_Pricing=0;CPXPARAM_Simplex_Refactor=0
17362608806863955352,0,CPXPARAM_Advance=1;CPXPARAM_Barrier_Algorithm=2;CPXPARAM_Barrier_ColNonzeros=0;CPXPARAM_Barrier_Crossover=1;CPXPARAM_Barrier_Limits_Corrections=-1;CPXPARAM_Barrier_Ordering=0;CPXPARAM_Barrier_StartAlg=2;CPXPARAM_Emphasis_MIP=2;CPXPARAM_Emphasis_Memory=0;CPXPARAM_Emphasis_Numerical=0;CPXPARAM_Feasopt_Mode=4;CPXPARAM_LPMethod=0;CPXPARAM_MIP_Cuts_Cliques=3;CPXPARAM_MIP_Cuts_Covers=0;CPXPARAM_MIP_Cuts_Disjunctive=3;CPXPARAM_MIP_Cuts_FlowCovers=0;CPXPARAM_MIP_Cuts_GUBCovers=-1;CPXPARAM_MIP_Cuts_Gomory=2;CPXPARAM_MIP_Cuts_Implied=2;CPXPARAM_MIP_Cuts_MIRCut=-1;CPXPARAM_MIP_Cuts_PathCut=0;CPXPARAM_MIP_Limits_AggForCut=3;CPXPARAM_MIP_Limits_CutPasses=0;CPXPARAM_MIP_Limits_CutsFactor=-1;CPXPARAM_MIP_Limits_GomoryCand=25;CPXPARAM_MIP_Limits_GomoryPass=0;CPXPARAM_MIP_Limits_Nodes=9223372036800000000;CPXPARAM_MIP_Limits_ProbeTime=5;CPXPARAM_MIP_Limits_RepairTries=0;CPXPARAM_MIP_Limits_StrongCand=10;CPXPARAM_MIP_Limits_StrongIt=0;CPXPARAM_MIP_OrderType=0;CPXPARAM_MIP_Strategy_BBInterval=7;CPXPARAM_MIP_Strategy_Branch=1;CPXPARAM_MIP_Strategy_Dive=0;CPXPARAM_MIP_Strategy_File=1;CPXPARAM_MIP_Strategy_HeuristicFreq=0;CPXPARAM_MIP_Strategy_LBHeur=0;CPXPARAM_MIP_Strategy_NodeSelect=1;CPXPARAM_MIP_Strategy_Order=1;CPXPARAM_MIP_Strategy_PresolveNode=0;CPXPARAM_MIP_Strategy_Probe=2;CPXPARAM_MIP_Strategy_RINSHeur=0;CPXPARAM_MIP_Strategy_StartAlgorithm=6;CPXPARAM_MIP_Strategy_SubAlgorithm=0;CPXPARAM_MIP_Strategy_VariableSelect=-1;CPXPARAM_Network_NetFind=2;CPXPARAM_Network_Pricing=0;CPXPARAM_Parallel=1;CPXPARAM_Preprocessing_Aggregator=-1;CPXPARAM_Preprocessing_BoundStrength=1;CPXPARAM_Preprocessing_CoeffReduce=-1;CPXPARAM_Preprocessing_Dependency=-1;CPXPARAM_Preprocessing_Dual=0;CPXPARAM_Preprocessing_Fill=10;CPXPARAM_Preprocessing_NumPass=-1;CPXPARAM_Preprocessing_Presolve=1;CPXPARAM_Preprocessing_QPMakePSD=1;CPXPARAM_Preprocessing_Reduce=1;CPXPARAM_Preprocessing_Relax=-1;CPXPARAM_Preprocessing_RepeatPresolve=-1;CPXPARAM_Preprocessing_Symmetry=2;CPXPARAM_Read_Scale=0;CPXPARAM_Sifting_Algorithm=0;CPXPARAM_Simplex_Crash=0;CPXPARAM_Simplex_DGradient=5;CPXPARAM_Simplex_Limits_Perturbation=0;CPXPARAM_Simplex_Limits_Singularity=10;CPXPARAM_Simplex_PGradient=0;CPXPARAM_Simplex_Pricing=0;CPXPARAM_Simplex_Refactor=0
21294738541558848,0,CPXPARAM_Advance=1;CPXPARAM_Barrier_Algorithm=2;CPXPARAM_Barrier_ColNonzeros=0;CPXPARAM_Barrier_Crossover=1;CPXPARAM_Barrier_Limits_Corrections=-1;CPXPARAM_Barrier_Ordering=0;CPXPARAM_Barrier_StartAlg=2;CPXPARAM_Emphasis_MIP=2;CPXPARAM_Emphasis_Memory=0;CPXPARAM_Emphasis_Numerical=0;CPXPARAM_Feasopt_Mode=3;CPXPARAM_LPMethod=0;CPXPARAM_MIP_Cuts_Cliques=3;CPXPARAM_MIP_Cuts_Covers=0;CPXPARAM_MIP_Cuts_Disjunctive=3;CPXPARAM_MIP_Cuts_FlowCovers=0;CPXPARAM_MIP_Cuts_GUBCovers=-1;CPXPARAM_MIP_Cuts_Gomory=2;CPXPARAM_MIP_Cuts_Implied=2;CPXPARAM_MIP_Cuts_MIRCut=-1;CPXPARAM_MIP_Cuts_PathCut=0;CPXPARAM_MIP_Limits_AggForCut=3;CPXPARAM_MIP_Limits_CutPasses=0;CPXPARAM_MIP_Limits_CutsFactor=-1;CPXPARAM_MIP_Limits_GomoryCand=25;CPXPARAM_MIP_Limits_GomoryPass=0;CPXPARAM_MIP_Limits_Nodes=9223372036800000000;CPXPARAM_MIP_Limits_ProbeTime=5;CPXPARAM_MIP_Limits_RepairTries=0;CPXPARAM_MIP_Limits_StrongCand=10;CPXPARAM_MIP_Limits_StrongIt=0;CPXPARAM_MIP_OrderType=0;CPXPARAM_MIP_Strategy_BBInterval=7;CPXPARAM_MIP_Strategy_Branch=1;CPXPARAM_MIP_Strategy_Dive=0;CPXPARAM_MIP_Strategy_File=1;CPXPARAM_MIP_Strategy_HeuristicFreq=0;CPXPARAM_MIP_Strategy_LBHeur=0;CPXPARAM_MIP_Strategy_NodeSelect=1;CPXPARAM_MIP_Strategy_Order=1;CPXPARAM_MIP_Strategy_PresolveNode=0;CPXPARAM_MIP_Strategy_Probe=2;CPXPARAM_MIP_Strategy_RINSHeur=0;CPXPARAM_MIP_Strategy_StartAlgorithm=6;CPXPARAM_MIP_Strategy_SubAlgorithm=0;CPXPARAM_MIP_Strategy_VariableSelect=0;CPXPARAM_Network_NetFind=2;CPXPARAM_Network_Pricing=0;CPXPARAM_Parallel=1;CPXPARAM_Preprocessing_Aggregator=-1;CPXPARAM_Preprocessing_BoundStrength=1;CPXPARAM_Preprocessing_CoeffReduce=-1;CPXPARAM_Preprocessing_Dependency=-1;CPXPARAM_Preprocessing_Dual=0;CPXPARAM_Preprocessing_Fill=10;CPXPARAM_Preprocessing_NumPass=-1;CPXPARAM_Preprocessing_Presolve=1;CPXPARAM_Preprocessing_QPMakePSD=1;CPXPARAM_Preprocessing_Reduce=1;CPXPARAM_Preprocessing_Relax=-1;CPXPARAM_Preprocessing_RepeatPresolve=-1;CPXPARAM_Preprocessing_Symmetry=2;CPXPARAM_Read_Scale=0;CPXPARAM_Sifting_Algorithm=0;CPXPARAM_Simplex_Crash=0;CPXPARAM_Simplex_DGradient=5;CPXPARAM_Simplex_Limits_Perturbation=0;CPXPARAM_Simplex_Limits_Singularity=10;CPXPARAM_Simplex_PGradient=0;CPXPARAM_Simplex_Pricing=0;CPXPARAM_Simplex_Refactor=0
94046687138994063,0,CPXPARAM_Advance=1;CPXPARAM_Barrier_Algorithm=2;CPXPARAM_Barrier_ColNonzeros=0;CPXPARAM_Barrier_Crossover=1;CPXPARAM_Barrier_Limits_Corrections=-1;CPXPARAM_Barrier_Ordering=0;CPXPARAM_Barrier_StartAlg=2;CPXPARAM_Emphasis_MIP=2;CPXPARAM_Emphasis_Memory=0;CPXPARAM_Emphasis_Numerical=0;CPXPARAM_Feasopt_Mode=4;CPXPARAM_LPMethod=0;CPXPARAM_MIP_Cuts_Cliques=3;CPXPARAM_MIP_Cuts_Covers=0;CPXPARAM_MIP_Cuts_Disjunctive=3;CPXPARAM_MIP_Cuts_FlowCovers=0;CPXPARAM_MIP_Cuts_GUBCovers=-1;CPXPARAM_MIP_Cuts_Gomory=2;CPXPARAM_MIP_Cuts_Implied=2;CPXPARAM_MIP_Cuts_MIRCut=-1;CPXPARAM_MIP_Cuts_PathCut=0;CPXPARAM_MIP_Limits_AggForCut=3;CPXPARAM_MIP_Limits_CutPasses=0;CPXPARAM_MIP_Limits_CutsFactor=-1;CPXPARAM_MIP_Limits_GomoryCand=25;CPXPARAM_MIP_Limits_GomoryPass=0;CPXPARAM_MIP_Limits_Nodes=9223372036800000000;CPXPARAM_MIP_Limits_ProbeTime=5;CPXPARAM_MIP_Limits_RepairTries=0;CPXPARAM_MIP_Limits_StrongCand=10;CPXPARAM_MIP_Limits_StrongIt=0;CPXPARAM_MIP_OrderType=0;CPXPARAM_MIP_Strategy_BBInterval=7;CPXPARAM_MIP_Strategy_Branch=1;CPXPARAM_MIP_Strategy_Dive=0;CPXPARAM_MIP_Strategy_File=1;CPXPARAM_MIP_Strategy_HeuristicFreq=0;CPXPARAM_MIP_Strategy_LBHeur=0;CPXPARAM_MIP_Strategy_NodeSelect=1;CPXPARAM_MIP_Strategy_Order=1;CPXPARAM_MIP_Strategy_PresolveNode=0;CPXPARAM_MIP_Strategy_Probe=-1;CPXPARAM_MIP_Strategy_RINSHeur=0;CPXPARAM_MIP_Strategy_StartAlgorithm=6;CPXPARAM_MIP_Strategy_SubAlgorithm=0;CPXPARAM_MIP_Strategy_VariableSelect=0;CPXPARAM_Network_NetFind=2;CPXPARAM_Network_Pricing=0;CPXPARAM_Parallel=1;CPXPARAM_Preprocessing_Aggregator=-1;CPXPARAM_Preprocessing_BoundStrength=1;CPXPARAM_Preprocessing_CoeffReduce=-1;CPXPARAM_Preprocessing_Dependency=-1;CPXPARAM_Preprocessing_Dual=0;CPXPARAM_Preprocessing_Fill=10;CPXPARAM_Preprocessing_NumPass=-1;CPXPARAM_Preprocessing_Presolve=1;CPXPARAM_Preprocessing_QPMakePSD=1;CPXPARAM_Preprocessing_Reduce=1;CPXPARAM_Preprocessing_Relax=-1;CPXPARAM_Preprocessing_RepeatPresolve=-1;CPXPARAM_Preprocessing_Symmetry=2;CPXPARAM_Read_Scale=0;CPXPARAM_Sifting_Algorithm=0;CPXPARAM_Simplex_Crash=0;CPXPARAM_Simplex_DGradient=5;CPXPARAM_Simplex_Limits_Perturbation=0;CPXPARAM_Simplex_Limits_Singularity=10;CPXPARAM_Simplex_PGradient=0;CPXPARAM_Simplex_Pricing=0;CPXPARAM_Simplex_Refactor=0
8506358845103317302,0,CPXPARAM_Advance=1;CPXPARAM_Barrier_Algorithm=2;CPXPARAM_Barrier_ColNonzeros=0;CPXPARAM_Barrier_Crossover=1;CPXPARAM_Barrier_Limits_Corrections=-1;CPXPARAM_Barrier_Ordering=0;CPXPARAM_Barrier_StartAlg=2;CPXPARAM_Emphasis_MIP=2;CPXPARAM_Emphasis_Memory=0;CPXPARAM_Emphasis_Numerical=0;CPXPARAM_Feasopt_Mode=4;CPXPARAM_LPMethod=0;CPXPARAM_MIP_Cuts_Cliques=3;CPXPARAM_MIP_Cuts_Covers=0;CPXPARAM_MIP_Cuts_Disjunctive=3;CPXPARAM_MIP_Cuts_FlowCovers=0;CPXPARAM_MIP_Cuts_GUBCovers=-1;CPXPARAM_MIP_Cuts_Gomory=2;CPXPARAM_MIP_Cuts_Implied=2;CPXPARAM_MIP_Cuts_MIRCut=-1;CPXPARAM_MIP_Cuts_PathCut=0;CPXPARAM_MIP_Limits_AggForCut=3;CPXPARAM_MIP_Limits_CutPasses=0;CPXPARAM_MIP_Limits_CutsFactor=-1;CPXPARAM_MIP_Limits_GomoryCand=10;CPXPARAM_MIP_Limits_GomoryPass=0;CPXPARAM_MIP_Limits_Nodes=9223372036800000000;CPXPARAM_MIP_Limits_ProbeTime=5;CPXPARAM_MIP_Limits_RepairTries=0;CPXPARAM_MIP_Limits_StrongCand=10;CPXPARAM_MIP_Limits_StrongIt=0;CPXPARAM_MIP_OrderType=0;CPXPARAM_MIP_Strategy_BBInterval=7;CPXPARAM_MIP_Strategy_Branch=1;CPXPARAM_MIP_Strategy_Dive=0;CPXPARAM_MIP_Strategy_File=1;CPXPARAM_MIP_Strategy_HeuristicFreq=0;CPXPARAM_MIP_Strategy_LBHeur=0;CPXPARAM_MIP_Strategy_NodeSelect=1;CPXPARAM_MIP_Strategy_Order=1;CPXPARAM_MIP_Strategy_PresolveNode=0;CPXPARAM_MIP_Strategy_Probe=2;CPXPARAM_MIP_Strategy_RINSHeur=0;CPXPARAM_MIP_Strategy_StartAlgorithm=6;CPXPARAM_MIP_Strategy_SubAlgorithm=0;CPXPARAM_MIP_Strategy_VariableSelect=0;CPXPARAM_Network_NetFind=2;CPXPARAM_Network_Pricing=0;CPXPARAM_Parallel=1;CPXPARAM_Preprocessing_Aggregator=-1;CPXPARAM_Preprocessing_BoundStrength=1;CPXPARAM_Preprocessing_CoeffReduce=-1;CPXPARAM_Preprocessing_Dependency=-1;CPXPARAM_Preprocessing_Dual=0;CPXPARAM_Preprocessing_Fill=10;CPXPARAM_Preprocessing_NumPass=-1;CPXPARAM_Preprocessing_Presolve=1;CPXPARAM_Preprocessing_QPMakePSD=1;CPXPARAM_Preprocessing_Reduce=1;CPXPARAM_Preprocessing_Relax=-1;CPXPARAM_Preprocessing_RepeatPresolve=-1;CPXPARAM_Preprocessing_Symmetry=2;CPXPARAM_Read_Scale=0;CPXPARAM_Sifting_Algorithm=0;CPXPARAM_Simplex_Crash=0;CPXPARAM_Simplex_DGradient=5;CPXPARAM_Simplex_Limits_Perturbation=0;CPXPARAM_Simplex_Limits_Singularity=10;CPXPARAM_Simplex_PGradient=0;CPXPARAM_Simplex_Pricing=0;CPXPARAM_Simplex_Refactor=0
4266846800238231369,0,CPXPARAM_Advance=1;CPXPARAM_Barrier_Algorithm=2;CPXPARAM_Barrier_ColNonzeros=0;CPXPARAM_Barrier_Crossover=1;CPXPARAM_Barrier_Limits_Corrections=-1;CPXPARAM_Barrier_Ordering=0;CPXPARAM_Barrier_StartAlg=2;CPXPARAM_Emphasis_MIP=2;CPXPARAM_Emphasis_Memory=0;CPXPARAM_Emphasis_Numerical=0;CPXPARAM_Feasopt_Mode=4;CPXPARAM_LPMethod=0;CPXPARAM_MIP_Cuts_Cliques=3;CPXPARAM_MIP_Cuts_Covers=0;CPXPARAM_MIP_Cuts_Disjunctive=3;CPXPARAM_MIP_Cuts_FlowCovers=0;CPXPARAM_MIP_Cuts_GUBCovers=-1;CPXPARAM_MIP_Cuts_Gomory=2;CPXPARAM_MIP_Cuts_Implied=2;CPXPARAM_MIP_Cuts_MIRCut=-1;CPXPARAM_MIP_Cuts_PathCut=0;CPXPARAM_MIP_Limits_AggForCut=3;CPXPARAM_MIP_Limits_CutPasses=0;CPXPARAM_MIP_Limits_CutsFactor=-1;CPXPARAM_MIP_Limits_GomoryCand=25;CPXPARAM_MIP_Limits_GomoryPass=0;CPXPARAM_MIP_Limits_Nodes=9223372036800000000;CPXPARAM_MIP_Limits_ProbeTime=5;CPXPARAM_MIP_Limits_RepairTries=0;CPXPARAM_MIP_Limits_StrongCand=10;CPXPARAM_MIP_Limits_StrongIt=0;CPXPARAM_MIP_OrderType=0;CPXPARAM_MIP_Strategy_BBInterval=7;CPXPARAM_MIP_Strategy_Branch=1;CPXPARAM_MIP_Strategy_Dive=0;CPXPARAM_MIP_Strategy_File=1;CPXPARAM_MIP_Strategy_HeuristicFreq=0;CPXPARAM_MIP_Strategy_LBHeur=0;CPXPARAM_MIP_Strategy_NodeSelect=1;CPXPARAM_MIP_Strategy_Order=1;CPXPARAM_MIP_Strategy_PresolveNode=0;CPXPARAM_MIP_Strategy_Probe=2;CPXPARAM_MIP_Strategy_RINSHeur=0;CPXPARAM_MIP_Strategy_StartAlgorithm=6;CPXPARAM_MIP_Strategy_SubAlgorithm=0;CPXPARAM_MIP_Strategy_VariableSelect=0;CPXPARAM_Network_NetFind=2;CPXPARAM_Network_Pricing=0;CPXPARAM_Parallel=1;CPXPARAM_Preprocessing_Aggregator=-1;CPXPARAM_Preprocessing_BoundStrength=1;CPXPARAM_Preprocessing_CoeffReduce=-1;CPXPARAM_Preprocessing_Dependency=-1;CPXPARAM_Preprocessing_Dual=0;CPXPARAM_Preprocessing_Fill=10;CPXPARAM_Preprocessing_NumPass=-1;CPXPARAM_Preprocessing_Presolve=1;CPXPARAM_Preprocessing_QPMakePSD=1;CPXPARAM_Preprocessing_Reduce=1;CPXPARAM_Preprocessing_Relax=-1;CPXPARAM_Preprocessing_RepeatPresolve=-1;CPXPARAM_Preprocessing_Symmetry=2;CPXPARAM_Read_Scale=0;CPXPARAM_Sifting_Algorithm=0;CPXPARAM_Simplex_Crash=0;CPXPARAM_Simplex_DGradient=5;CPXPARAM_Simplex_Limits_Perturbation=0;CPXPARAM_Simplex_Limits_Singularity=10;CPXPARAM_Simplex_PGradient=0;CPXPARAM_Simplex_Pricing=0;CPXPARAM_Simplex_Refactor=0
48416067753881299,0,CPXPARAM_Advance=1;CPXPARAM_Barrier_Algorithm=2;CPXPARAM_Barrier_ColNonzeros=0;CPXPARAM_Barrier_Crossover=1;CPXPARAM_Barrier_Limits_Corrections=-1;CPXPARAM_Barrier_Ordering=0;CPXPARAM_Barrier_StartAlg=2;CPXPARAM_Emphasis_MIP=2;CPXPARAM_Emphasis_Memory=0;CPXPARAM_Emphasis_Numerical=0;CPXPARAM_Feasopt_Mode=4;CPXPARAM_LPMethod=0;CPXPARAM_MIP_Cuts_Cliques=3;CPXPARAM_MIP_Cuts_Covers=0;CPXPARAM_MIP_Cuts_Disjunctive=3;CPXPARAM_MIP_Cuts_FlowCovers=0;CPXPARAM_MIP_Cuts_GUBCovers=-1;CPXPARAM_MIP_Cuts_Gomory=2;CPXPARAM_MIP_Cuts_Implied=2;CPXPARAM_MIP_Cuts_MIRCut=-1;CPXPARAM_MIP_Cuts_PathCut=0;CPXPARAM_MIP_Limits_AggForCut=3;CPXPARAM_MIP_Limits_CutPasses=0;CPXPARAM_MIP_Limits_CutsFactor=-1;CPXPARAM_MIP_Limits_GomoryCand=25;CPXPARAM_MIP_Limits_GomoryPass=0;CPXPARAM_MIP_Limits_Nodes=9223372036800000000;CPXPARAM_MIP_Limits_ProbeTime=0;CPXPARAM_MIP_Limits_RepairTries=0;CPXPARAM_MIP_Limits_StrongCand=10;CPXPARAM_MIP_Limits_StrongIt=0;CPXPARAM_MIP_OrderType=0;CPXPARAM_MIP_Strategy_BBInterval=7;CPXPARAM_MIP_Strategy_Branch=1;CPXPARAM_MIP_Strategy_Dive=0;CPXPARAM_MIP_Strategy_File=1;CPXPARAM_MIP_Strategy_HeuristicFreq=0;CPXPARAM_MIP_Strategy_LBHeur=0;CPXPARAM_MIP_Strategy_NodeSelect=1;CPXPARAM_MIP_Strategy_Order=1;CPXPARAM_MIP_Strategy_PresolveNode=0;CPXPARAM_MIP_Strategy_Probe=2;CPXPARAM_MIP_Strategy_RINSHeur=0;CPXPARAM_MIP_Strategy_StartAlgorithm=6;CPXPARAM_MIP_Strategy_SubAlgorithm=5;CPXPARAM_MIP_Strategy_VariableSelect=0;CPXPARAM_Network_NetFind=2;CPXPARAM_Network_Pricing=0;CPXPARAM_Parallel=1;CPXPARAM_Preprocessing_Aggregator=-1;CPXPARAM_Preprocessing_BoundStrength=1;CPXPARAM_Preprocessing_CoeffReduce=-1;CPXPARAM_Preprocessing_Dependency=-1;CPXPARAM_Preprocessing_Dual=0;CPXPARAM_Preprocessing_Fill=10;CPXPARAM_Preprocessing_NumPass=-1;CPXPARAM_Preprocessing_Presolve=1;CPXPARAM_Preprocessing_QPMakePSD=1;CPXPARAM_Preprocessing_Reduce=1;CPXPARAM_Preprocessing_Relax=-1;CPXPARAM_Preprocessing_RepeatPresolve=-1;CPXPARAM_Preprocessing_Symmetry=2;CPXPARAM_Read_Scale=0;CPXPARAM_Sifting_Algorithm=0;CPXPARAM_Simplex_Crash=0;CPXPARAM_Simplex_DGradient=5;CPXPARAM_Simplex_Limits_Perturbation=0;CPXPARAM_Simplex_Limits_Singularity=10;CPXPARAM_Simplex_PGradient=0;CPXPARAM_Simplex_Pricing=0;CPXPARAM_Simplex_Refactor=0
9257587077984133339,0,CPXPARAM_Advance=1;CPXPARAM_Barrier_Algorithm=2;CPXPARAM_Barrier_ColNonzeros=0;CPXPARAM_Barrier_Crossover=1;CPXPARAM_Barrier_Limits_Corrections=-1;CPXPARAM_Barrier_Ordering=0;CPXPARAM_Barrier_StartAlg=2;CPXPARAM_Emphasis_MIP=2;CPXPARAM_Emphasis_Memory=0;CPXPARAM_Emphasis_Numerical=0;CPXPARAM_Feasopt_Mode=4;CPXPARAM_LPMethod=0;CPXPARAM_MIP_Cuts_Cliques=3;CPXPARAM_MIP_Cuts_Covers=0;CPXPARAM_MIP_Cuts_Disjunctive=3;CPXPARAM_MIP_Cuts_FlowCovers=0;CPXPARAM_MIP_Cuts_GUBCovers=-1;CPXPARAM_MIP_Cuts_Gomory=-1;CPXPARAM_MIP_Cuts_Implied=2;CPXPARAM_MIP_Cuts_MIRCut=-1;CPXPARAM_MIP_Cuts_PathCut=0;CPXPARAM_MIP_Limits_AggForCut=3;CPXPARAM_MIP_Limits_CutPasses=0;CPXPARAM_MIP_Limits_CutsFactor=-1;CPXPARAM_MIP_Limits_GomoryCand=25;CPXPARAM_MIP_Limits_GomoryPass=0;CPXPARAM_MIP_Limits_Nodes=9223372036800000000;CPXPARAM_MIP_Limits_ProbeTime=5;CPXPARAM_MIP_Limits_RepairTries=0;CPXPARAM_MIP_Limits_StrongCand=10;CPXPARAM_MIP_Limits_StrongIt=0;CPXPARAM_MIP_OrderType=0;CPXPARAM_MIP_Strategy_BBInterval=7;CPXPARAM_MIP_Strategy_Branch=1;CPXPARAM_MIP_Strategy_Dive=0;CPXPARAM_MIP_Strategy_File=1;CPXPARAM_MIP_Strategy_HeuristicFreq=0;CPXPARAM_MIP_Strategy_LBHeur=0;CPXPARAM_MIP_Strategy_NodeSelect=1;CPXPARAM_MIP_Strategy_Order=1;CPXPARAM_MIP_Strategy_PresolveNode=0;CPXPARAM_MIP_Strategy_Probe=2;CPXPARAM_MIP_Strategy_RINSHeur=0;CPXPARAM_MIP_Strategy_StartAlgorithm=6;CPXPARAM_MIP_Strategy_SubAlgorithm=5;CPXPARAM_MIP_Strategy_VariableSelect=0;CPXPARAM_Network_NetFind=2;CPXPARAM_Network_Pricing=0;CPXPARAM_Parallel=1;CPXPARAM_Preprocessing_Aggregator=-1;CPXPARAM_Preprocessing_BoundStrength=1;CPXPARAM_Preprocessing_CoeffReduce=-1;CPXPARAM_Preprocessing_Dependency=-1;CPXPARAM_Preprocessing_Dual=0;CPXPARAM_Preprocessing_Fill=10;CPXPARAM_Preprocessing_NumPass=-1;CPXPARAM_Preprocessing_Presolve=1;CPXPARAM_Preprocessing_QPMakePSD=1;CPXPARAM_Preprocessing_Reduce=1;CPXPARAM_Preprocessing_Relax=-1;CPXPARAM_Preprocessing_RepeatPresolve=-1;CPXPARAM_Preprocessing_Symmetry=2;CPXPARAM_Read_Scale=0;CPXPARAM_Sifting_Algorithm=0;CPXPARAM_Simplex_Crash=0;CPXPARAM_Simplex_DGradient=5;CPXPARAM_Simplex_Limits_Perturbation=0;CPXPARAM_Simplex_Limits_Singularity=10;CPXPARAM_Simplex_PGradient=0;CPXPARAM_Simplex_Pricing=0;CPXPARAM_Simplex_Refactor=0
8464208877893577989,0,CPXPARAM_Advance=1;CPXPARAM_Barrier_Algorithm=0;CPXPARAM_Barrier_ColNonzeros=0;CPXPARAM_Barrier_Crossover=0;CPXPARAM_Barrier_Limits_Corrections=-1;CPXPARAM_Barrier_Ordering=0;CPXPARAM_Barrier_StartAlg=2;CPXPARAM_Emphasis_MIP=1;CPXPARAM_Emphasis_Memory=0;CPXPARAM_Emphasis_Numerical=0;CPXPARAM_Feasopt_Mode=0;CPXPARAM_LPMethod=0;CPXPARAM_MIP_Cuts_Cliques=0;CPXPARAM_MIP_Cuts_Covers=0;CPXPARAM_MIP_Cuts_Disjunctive=2;CPXPARAM_MIP_Cuts_FlowCovers=1;CPXPARAM_MIP_Cuts_GUBCovers=2;CPXPARAM_MIP_Cuts_Gomory=2;CPXPARAM_MIP_Cuts_Implied=1;CPXPARAM_MIP_Cuts_MIRCut=-1;CPXPARAM_MIP_Cuts_PathCut=2;CPXPARAM_MIP_Limits_AggForCut=3;CPXPARAM_MIP_Limits_CutPasses=0;CPXPARAM_MIP_Limits_CutsFactor=-1;CPXPARAM_MIP_Limits_GomoryCand=800;CPXPARAM_MIP_Limits_GomoryPass=0;CPXPARAM_MIP_Limits_Nodes=9223372036800000000;CPXPARAM_MIP_Limits_ProbeTime=0;CPXPARAM_MIP_Limits_RepairTries=0;CPXPARAM_MIP_Limits_StrongCand=10;CPXPARAM_MIP_Limits_StrongIt=0;CPXPARAM_MIP_OrderType=0;CPXPARAM_MIP_Strategy_BBInterval=7;CPXPARAM_MIP_Strategy_Branch=0;CPXPARAM_MIP_Strategy_Dive=0;CPXPARAM_MIP_Strategy_File=1;CPXPARAM_MIP_Strategy_HeuristicFreq=0;CPXPARAM_MIP_Strategy_LBHeur=0;CPXPARAM_MIP_Strategy_NodeSelect=1;CPXPARAM_MIP_Strategy_Order=1;CPXPARAM_MIP_Strategy_PresolveNode=0;CPXPARAM_MIP_Strategy_Probe=3;CPXPARAM_MIP_Strategy_RINSHeur=0;CPXPARAM_MIP_Strategy_StartAlgorithm=5;CPXPARAM_MIP_Strategy_SubAlgorithm=0;CPXPARAM_MIP_Strategy_VariableSelect=0;CPXPARAM_Network_NetFind=2;CPXPARAM_Network_Pricing=0;CPXPARAM_Parallel=1;CPXPARAM_Preprocessing_Aggregator=-1;CPXPARAM_Preprocessing_BoundStrength=-1;CPXPARAM_Preprocessing_CoeffReduce=-1;CPXPARAM_Preprocessing_Dependency=-1;CPXPARAM_Preprocessing_Dual=0;CPXPARAM_Preprocessing_Fill=10;CPXPARAM_Preprocessing_NumPass=-1;CPXPARAM_Preprocessing_Presolve=1;CPXPARAM_Preprocessing_QPMakePSD=1;CPXPARAM_Preprocessing_Reduce=3;CPXPARAM_Preprocessing_Relax=-1;CPXPARAM_Preprocessing_RepeatPresolve=-1;CPXPARAM_Preprocessing_Symmetry=-1;CPXPARAM_Read_Scale=0;CPXPARAM_Sifting_Algorithm=0;CPXPARAM_Simplex_Crash=1;CPXPARAM_Simplex_DGradient=2;CPXPARAM_Simplex_Limits_Perturbation=0;CPXPARAM_Simplex_Limits_Singularity=10;CPXPARAM_Simplex_PGradient=0;CPXPARAM_Simplex_Pricing=0;CPXPARAM_Simplex_Refactor=0
13750500768564972302,0,CPXPARAM_Advance=1;CPXPARAM_Barrier_Algorithm=0;CPXPARAM_Barrier_ColNonzeros=0;CPXPARAM_Barrier_Crossover=0;CPXPARAM_Barrier_Limits_Corrections=-1;CPXPARAM_Barrier_Ordering=0;CPXPARAM_Barrier_StartAlg=2;CPXPARAM_Emphasis_MIP=1;CPXPARAM_Emphasis_Memory=0;CPXPARAM_Emphasis_Numerical=0;CPXPARAM_Feasopt_Mode=0;CPXPARAM_LPMethod=0;CPXPARAM_MIP_Cuts_Cliques=0;CPXPARAM_MIP_Cuts_Covers=0;CPXPARAM_MIP_Cuts_Disjunctive=2;CPXPARAM_MIP_Cuts_FlowCovers=1;CPXPARAM_MIP_Cuts_GUBCovers=-1;CPXPARAM_MIP_Cuts_Gomory=2;CPXPARAM_MIP_Cuts_Implied=1;CPXPARAM_MIP_Cuts_MIRCut=-1;CPXPARAM_MIP_Cuts_PathCut=2;CPXPARAM_MIP_Limits_AggForCut=3;CPXPARAM_MIP_Limits_CutPasses=0;CPXPARAM_MIP_Limits_CutsFactor=-1;CPXPARAM_MIP_Limits_GomoryCand=800;CPXPARAM_MIP_Limits_GomoryPass=0;CPXPARAM_MIP_Limits_Nodes=9223372036800000000;CPXPARAM_MIP_Limits_ProbeTime=0;CPXPARAM_MIP_Limits_RepairTries=0;CPXPARAM_MIP_Limits_StrongCand=10;CPXPARAM_MIP_Limits_StrongIt=0;CPXPARAM_MIP_OrderType=0;CPXPARAM_MIP_Strategy_BBInterval=7;CPXPARAM_MIP_Strategy_Branch=0;CPXPARAM_MIP_Strategy_Dive=0;CPXPARAM_MIP_Strategy_File=1;CPXPARAM_MIP_Strategy_HeuristicFreq=0;CPXPARAM_MIP_Strategy_LBHeur=0;CPXPARAM_MIP_Strategy_NodeSelect=1;CPXPARAM_MIP_Strategy_Order=1;CPXPARAM_MIP_Strategy_PresolveNode=0;CPXPARAM_MIP_Strategy_Probe=3;CPXPARAM_MIP_Strategy_RINSHeur=0;CPXPARAM_MIP_Strategy_StartAlgorithm=5;CPXPARAM_MIP_Strategy_SubAlgorithm=0;CPXPARAM_MIP_Strategy_VariableSelect=0;CPXPARAM_Network_NetFind=2;CPXPARAM_Network_Pricing=0;CPXPARAM_Parallel=1;CPXPARAM_Preprocessing_Aggregator=-1;CPXPARAM_Preprocessing_BoundStrength=-1;CPXPARAM_Preprocessing_CoeffReduce=-1;CPXPARAM_Preprocessing_Dependency=-1;CPXPARAM_Preprocessing_Dual=0;CPXPARAM_Preprocessing_Fill=10;CPXPARAM_Preprocessing_NumPass=-1;CPXPARAM_Preprocessing_Presolve=1;CPXPARAM_Preprocessing_QPMakePSD=1;CPXPARAM_Preprocessing_Reduce=3;CPXPARAM_Preprocessing_Relax=-1;CPXPARAM_Preprocessing_RepeatPresolve=-1;CPXPARAM_Preprocessing_Symmetry=4;CPXPARAM_Read_Scale=0;CPXPARAM_Sifting_Algorithm=0;CPXPARAM_Simplex_Crash=1;CPXPARAM_Simplex_DGradient=2;CPXPARAM_Simplex_Limits_Perturbation=0;CPXPARAM_Simplex_Limits_Singularity=10;CPXPARAM_Simplex_PGradient=0;CPXPARAM_Simplex_Pricing=0;CPXPARAM_Simplex_Refactor=0
337284502850840880,0,CPXPARAM_Advance=1;CPXPARAM_Barrier_Algorithm=0;CPXPARAM_Barrier_ColNonzeros=0;CPXPARAM_Barrier_Crossover=2;CPXPARAM_Barrier_Limits_Corrections=-1;CPXPARAM_Barrier_Ordering=0;CPXPARAM_Barrier_StartAlg=2;CPXPARAM_Emphasis_MIP=1;CPXPARAM_Emphasis_Memory=0;CPXPARAM_Emphasis_Numerical=0;CPXPARAM_Feasopt_Mode=0;CPXPARAM_LPMethod=0;CPXPARAM_MIP_Cuts_Cliques=0;CPXPARAM_MIP_Cuts_Covers=0;CPXPARAM_MIP_Cuts_Disjunctive=2;CPXPARAM_MIP_Cuts_FlowCovers=1;CPXPARAM_MIP_Cuts_GUBCovers=2;CPXPARAM_MIP_Cuts_Gomory=2;CPXPARAM_MIP_Cuts_Implied=1;CPXPARAM_MIP_Cuts_MIRCut=-1;CPXPARAM_MIP_Cuts_PathCut=2;CPXPARAM_MIP_Limits_AggForCut=3;CPXPARAM_MIP_Limits_CutPasses=0;CPXPARAM_MIP_Limits_CutsFactor=-1;CPXPARAM_MIP_Limits_GomoryCand=800;CPXPARAM_MIP_Limits_GomoryPass=0;CPXPARAM_MIP_Limits_Nodes=9223372036800000000;CPXPARAM_MIP_Limits_ProbeTime=0;CPXPARAM_MIP_Limits_RepairTries=0;CPXPARAM_MIP_Limits_StrongCand=10;CPXPARAM_MIP_Limits_StrongIt=0;CPXPARAM_MIP_OrderType=0;CPXPARAM_MIP_Strategy_BBInterval=7;CPXPARAM_MIP_Strategy_Branch=0;CPXPARAM_MIP_Strategy_Dive=0;CPXPARAM_MIP_Strategy_File=1;CPXPARAM_MIP_Strategy_HeuristicFreq=0;CPXPARAM_MIP_Strategy_LBHeur=0;CPXPARAM_MIP_Strategy_NodeSelect=1;CPXPARAM_MIP_Strategy_Order=1;CPXPARAM_MIP_Strategy_PresolveNode=0;CPXPARAM_MIP_Strategy_Probe=3;CPXPARAM_MIP_Strategy_RINSHeur=0;CPXPARAM_MIP_Strategy_StartAlgorithm=5;CPXPARAM_MIP_Strategy_SubAlgorithm=0;CPXPARAM_MIP_Strategy_VariableSelect=0;CPXPARAM_Network_NetFind=2;CPXPARAM_Network_Pricing=0;CPXPARAM_Parallel=1;CPXPARAM_Preprocessing_Aggregator=-1;CPXPARAM_Preprocessing_BoundStrength=-1;CPXPARAM_Preprocessing_CoeffReduce=-1;CPXPARAM_Preprocessing_Dependency=-1;CPXPARAM_Preprocessing_Dual=0;CPXPARAM_Preprocessing_Fill=10;CPXPARAM_Preprocessing_NumPass=-1;CPXPARAM_Preprocessing_Presolve=1;CPXPARAM_Preprocessing_QPMakePSD=1;CPXPARAM_Preprocessing_Reduce=3;CPXPARAM_Preprocessing_Relax=-1;CPXPARAM_Preprocessing_RepeatPresolve=-1;CPXPARAM_Preprocessing_Symmetry=4;CPXPARAM_Read_Scale=0;CPXPARAM_Sifting_Algorithm=0;CPXPARAM_Simplex_Crash=1;CPXPARAM_Simplex_DGradient=2;CPXPARAM_Simplex_Limits_Perturbation=0;CPXPARAM_Simplex_Limits_Singularity=10;CPXPARAM_Simplex_PGradient=0;CPXPARAM_Simplex_Pricing=0;CPXPARAM_Simplex_Refactor=0
3462921517864245830,0,CPXPARAM_Advance=1;CPXPARAM_Barrier_Algorithm=0;CPXPARAM_Barrier_ColNonzeros=0;CPXPARAM_Barrier_Crossover=0;CPXPARAM_Barrier_Limits_Corrections=-1;CPXPARAM_Barrier_Ordering=0;CPXPARAM_Barrier_StartAlg=2;CPXPARAM_Emphasis_MIP=1;CPXPARAM_Emphasis_Memory=0;CPXPARAM_Emphasis_Numerical=0;CPXPARAM_Feasopt_Mode=0;CPXPARAM_LPMethod=0;CPXPARAM_MIP_Cuts_Cliques=0;CPXPARAM_MIP_Cuts_Covers=0;CPXPARAM_MIP_Cuts_Disjunctive=2;CPXPARAM_MIP_Cuts_FlowCovers=1;CPXPARAM_MIP_Cuts_GUBCovers=2;CPXPARAM_MIP_Cuts_Gomory=2;CPXPARAM_MIP_Cuts_Implied=1;CPXPARAM_MIP_Cuts_MIRCut=-1;CPXPARAM_MIP_Cuts_PathCut=2;CPXPARAM_MIP_Limits_AggForCut=3;CPXPARAM_MIP_Limits_CutPasses=0;CPXPARAM_MIP_Limits_CutsFactor=-1;CPXPARAM_MIP_Limits_GomoryCand=800;CPXPARAM_MIP_Limits_GomoryPass=0;CPXPARAM_MIP_Limits_Nodes=9223372036800000000;CPXPARAM_MIP_Limits_ProbeTime=0;CPXPARAM_MIP_Limits_RepairTries=0;CPXPARAM_MIP_Limits_StrongCand=10;CPXPARAM_MIP_Limits_StrongIt=0;CPXPARAM_MIP_OrderType=0;CPXPARAM_MIP_Strategy_BBInterval=7;CPXPARAM_MIP_Strategy_Branch=0;CPXPARAM_MIP_Strategy_Dive=0;CPXPARAM_MIP_Strategy_File=1;CPXPARAM_MIP_Strategy_HeuristicFreq=0;CPXPARAM_MIP_Strategy_LBHeur=0;CPXPARAM_MIP_Strategy_NodeSelect=1;CPXPARAM_MIP_Strategy_Order=1;CPXPARAM_MIP_Strategy_PresolveNode=0;CPXPARAM_MIP_Strategy_Probe=3;CPXPARAM_MIP_Strategy_RINSHeur=0;CPXPARAM_MIP_Strategy_StartAlgorithm=5;CPXPARAM_MIP_Strategy_SubAlgorithm=0;CPXPARAM_MIP_Strategy_VariableSelect=0;CPXPARAM_Network_NetFind=2;CPXPARAM_Network_Pricing=0;CPXPARAM_Parallel=1;CPXPARAM_Preprocessing_Aggregator=-1;CPXPARAM_Preprocessing_BoundStrength=-1;CPXPARAM_Preprocessing_CoeffReduce=-1;CPXPARAM_Preprocessing_Dependency=-1;CPXPARAM_Preprocessing_Dual=0;CPXPARAM_Preprocessing_Fill=10;CPXPARAM_Preprocessing_NumPass=-1;CPXPARAM_Preprocessing_Presolve=1;CPXPARAM_Preprocessing_QPMakePSD=1;CPXPARAM_Preprocessing_Reduce=3;CPXPARAM_Preprocessing_Relax=-1;CPXPARAM_Preprocessing_RepeatPresolve=-1;CPXPARAM_Preprocessing_Symmetry=4;CPXPARAM_Read_Scale=0;CPXPARAM_Sifting_Algorithm=0;CPXPARAM_Simplex_Crash=1;CPXPARAM_Simplex_DGradient=1;CPXPARAM_Simplex_Limits_Perturbation=0;CPXPARAM_Simplex_Limits_Singularity=10;CPXPARAM_Simplex_PGradient=0;CPXPARAM_Simplex_Pricing=0;CPXPARAM_Simplex_Refactor=0
6799684211413008259,0,CPXPARAM_Advance=1;CPXPARAM_Barrier_Algorithm=0;CPXPARAM_Barrier_ColNonzeros=0;CPXPARAM_Barrier_Crossover=0;CPXPARAM_Barrier_Limits_Corrections=-1;CPXPARAM_Barrier_Ordering=0;CPXPARAM_Barrier_StartAlg=2;CPXPARAM_Emphasis_MIP=1;CPXPARAM_Emphasis_Memory=0;CPXPARAM_Emphasis_Numerical=0;CPXPARAM_Feasopt_Mode=0;CPXPARAM_LPMethod=0;CPXPARAM_MIP_Cuts_Cliques=0;CPXPARAM_MIP_Cuts_Covers=0;CPXPARAM_MIP_Cuts_Disjunctive=2;CPXPARAM_MIP_Cuts_FlowCovers=1;CPXPARAM_MIP_Cuts_GUBCovers=2;CPXPARAM_MIP_Cuts_Gomory=2;CPXPARAM_MIP_Cuts_Implied=1;CPXPARAM_MIP_Cuts_MIRCut=-1;CPXPARAM_MIP_Cuts_PathCut=2;CPXPARAM_MIP_Limits_AggForCut=3;CPXPARAM_MIP_Limits_CutPasses=0;CPXPARAM_MIP_Limits_CutsFactor=-1;CPXPARAM_MIP_Limits_GomoryCand=800;CPXPARAM_MIP_Limits_GomoryPass=0;CPXPARAM_MIP_Limits_Nodes=9223372036800000000;CPXPARAM_MIP_Limits_ProbeTime=0;CPXPARAM_MIP_Limits_RepairTries=0;CPXPARAM_MIP_Limits_StrongCand=40;CPXPARAM_MIP_Limits_StrongIt=0;CPXPARAM_MIP_OrderType=0;CPXPARAM_MIP_Strategy_BBInterval=7;CPXPARAM_MIP_Strategy_Branch=0;CPXPARAM_MIP_Strategy_Dive=0;CPXPARAM_MIP_Strategy_File=1;CPXPARAM_MIP_Strategy_HeuristicFreq=0;CPXPARAM_MIP_Strategy_LBHeur=0;CPXPARAM_MIP_Strategy_NodeSelect=1;CPXPARAM_MIP_Strategy_Order=1;CPXPARAM_MIP_Strategy_PresolveNode=0;CPXPARAM_MIP_Strategy_Probe=3;CPXPARAM_MIP_Strategy_RINSHeur=0;CPXPARAM_MIP_Strategy_StartAlgorithm=5;CPXPARAM_MIP_Strategy_SubAlgorithm=0;CPXPARAM_MIP_Strategy_VariableSelect=0;CPXPARAM_Network_NetFind=2;CPXPARAM_Network_Pricing=0;CPXPARAM_Parallel=1;CPXPARAM_Preprocessing_Aggregator=-1;CPXPARAM_Preprocessing_BoundStrength=-1;CPXPARAM_Preprocessing_CoeffReduce=-1;CPXPARAM_Preprocessing_Dependency=-1;CPXPARAM_Preprocessing_Dual=0;CPXPARAM_Preprocessing_Fill=10;CPXPARAM_Preprocessing_NumPass=-1;CPXPARAM_Preprocessing_Presolve=1;CPXPARAM_Preprocessing_QPMakePSD=1;CPXPARAM_Preprocessing_Reduce=3;CPXPARAM_Preprocessing_Relax=-1;CPXPARAM_Preprocessing_RepeatPresolve=-1;CPXPARAM_Preprocessing_Symmetry=4;CPXPARAM_Read_Scale=0;CPXPARAM_Sifting_Algorithm=0;CPXPARAM_Simplex_Crash=1;CPXPARAM_Simplex_DGradient=2;CPXPARAM_Simplex_Limits_Perturbation=0;CPXPARAM_Simplex_Limits_Singularity=10;CPXPARAM_Simplex_PGradient=0;CPXPARAM_Simplex_Pricing=0;CPXPARAM_Simplex_Refactor=0
14085412394996376288,0,CPXPARAM_Advance=1;CPXPARAM_Barrier_Algorithm=0;CPXPARAM_Barrier_ColNonzeros=0;CPXPARAM_Barrier_Crossover=0;CPXPARAM_Barrier_Limits_Corrections=-1;CPXPARAM_Barrier_Ordering=0;CPXPARAM_Barrier_StartAlg=2;CPXPARAM_Emphasis_MIP=1;CPXPARAM_Emphasis_Memory=0;CPXPARAM_Emphasis_Numerical=0;CPXPARAM_Feasopt_Mode=0;CPXPARAM_LPMethod=0;CPXPARAM_MIP_Cuts_Cliques=0;CPXPARAM_MIP_Cuts_Covers=0;CPXPARAM_MIP_Cuts_Disjunctive=2;CPXPARAM_MIP_Cuts_FlowCovers=1;CPXPARAM_MIP_Cuts_GUBCovers=2;CPXPARAM_MIP_Cuts_Gomory=2;CPXPARAM_MIP_Cuts_Implied=1;CPXPARAM_MIP_Cuts_MIRCut=-1;CPXPARAM_MIP_Cuts_PathCut=2;CPXPARAM_MIP_Limits_AggForCut=3;CPXPARAM_MIP_Limits_CutPasses=0;CPXPARAM_MIP_Limits_CutsFactor=-1;CPXPARAM_MIP_Limits_GomoryCand=800;CPXPARAM_MIP_Limits_GomoryPass=0;CPXPARAM_MIP_Limits_Nodes=9223372036800000000;CPXPARAM_MIP_Limits_ProbeTime=0;CPXPARAM_MIP_Limits_RepairTries=0;CPXPARAM_MIP_Limits_StrongCand=20;CPXPARAM_MIP_Limits_StrongIt=0;CPXPARAM_MIP_OrderType=0;CPXPARAM_MIP_Strategy_BBInterval=7;CPXPARAM_MIP_Strategy_Branch=0;CPXPARAM_MIP_Strategy_Dive=0;CPXPARAM_MIP_Strategy_File=1;CPXPARAM_MIP_Strategy_HeuristicFreq=0;CPXPARAM_MIP_Strategy_LBHeur=0;CPXPARAM_MIP_Strategy_NodeSelect=1;CPXPARAM_MIP_Strategy_Order=1;CPXPARAM_MIP_Strategy_PresolveNode=0;CPXPARAM_MIP_Strategy_Probe=3;CPXPARAM_MIP_Strategy_RINSHeur=0;CPXPARAM_MIP_Strategy_StartAlgorithm=5;CPXPARAM_MIP_Strategy_SubAlgorithm=0;CPXPARAM_MIP_Strategy_VariableSelect=0;CPXPARAM_Network_NetFind=2;CPXPARAM_Network_Pricing=0;CPXPARAM_Parallel=1;CPXPARAM_Preprocessing_Aggregator=-1;CPXPARAM_Preprocessing_BoundStrength=-1;CPXPARAM_Preprocessing_CoeffReduce=-1;CPXPARAM_Preprocessing_Dependency=-1;CPXPARAM_Preprocessing_Dual=0;CPXPARAM_Preprocessing_Fill=10;CPXPARAM_Preprocessing_NumPass=-1;CPXPARAM_Preprocessing_Presolve=1;CPXPARAM_Preprocessing_QPMakePSD=1;CPXPARAM_Preprocessing_Reduce=3;CPXPARAM_Preprocessing_Relax=-1;CPXPARAM_Preprocessing_RepeatPresolve=-1;CPXPARAM_Preprocessing_Symmetry=4;CPXPARAM_Read_Scale=0;CPXPARAM_Sifting_Algorithm=0;CPXPARAM_Simplex_Crash=1;CPXPARAM_Simplex_DGradient=2;CPXPARAM_Simplex_Limits_Perturbation=0;CPXPARAM_Simplex_Limits_Singularity=10;CPXPARAM_Simplex_PGradient=0;CPXPARAM_Simplex_Pricing=0;CPXPARAM_Simplex_Refactor=0
10140914415687149346,0,CPXPARAM_Advance=1;CPXPARAM_Barrier_Algorithm=0;CPXPARAM_Barrier_ColNonzeros=0;CPXPARAM_Barrier_Crossover=0;CPXPARAM_Barrier_Limits_Corrections=-1;CPXPARAM_Barrier_Ordering=0;CPXPARAM_Barrier_StartAlg=2;CPXPARAM_Emphasis_MIP=1;CPXPARAM_Emphasis_Memory=0;CPXPARAM_Emphasis_Numerical=0;CPXPARAM_Feasopt_Mode=0;CPXPARAM_LPMethod=0;CPXPARAM_MIP_Cuts_Cliques=0;CPXPARAM_MIP_Cuts_Covers=0;CPXPARAM_MIP_Cuts_Disjunctive=2;CPXPARAM_MIP_Cuts_FlowCovers=1;CPXPARAM_MIP_Cuts_GUBCovers=2;CPXPARAM_MIP_Cuts_Gomory=2;CPXPARAM_MIP_Cuts_Implied=1;CPXPARAM_MIP_Cuts_MIRCut=-1;CPXPARAM_MIP_Cuts_PathCut=2;CPXPARAM_MIP_Limits_AggForCut=3;CPXPARAM_MIP_Limits_CutPasses=0;CPXPARAM_MIP_Limits_CutsFactor=-1;CPXPARAM_MIP_Limits_GomoryCand=800;CPXPARAM_MIP_Limits_GomoryPass=0;CPXPARAM_MIP_Limits_Nodes=9223372036800000000;CPXPARAM_MIP_Limits_ProbeTime=0;CPXPARAM_MIP_Limits_RepairTries=0;CPXPARAM_MIP_Limits_StrongCand=10;CPXPARAM_MIP_Limits_StrongIt=0;CPXPARAM_MIP_OrderType=0;CPXPARAM_MIP_Strategy_BBInterval=7;CPXPARAM_MIP_Strategy_Branch=0;CPXPARAM_MIP_Strategy_Dive=0;CPXPARAM_MIP_Strategy_File=1;CPXPARAM_MIP_Strategy_HeuristicFreq=0;CPXPARAM_MIP_Strategy_LBHeur=0;CPXPARAM_MIP_Strategy_NodeSelect=1;CPXPARAM_MIP_Strategy_Order=1;CPXPARAM_MIP_Strategy_PresolveNode=0;CPXPARAM_MIP_Strategy_Probe=3;CPXPARAM_MIP_Strategy_RINSHeur=0;CPXPARAM_MIP_Strategy_StartAlgorithm=5;CPXPARAM_MIP_Strategy_SubAlgorithm=0;CPXPARAM_MIP_Strategy_VariableSelect=0;CPXPARAM_Network_NetFind=2;CPXPARAM_Network_Pricing=0;CPXPARAM_Parallel=1;CPXPARAM_Preprocessing_Aggregator=-1;CPXPARAM_Preprocessing_BoundStrength=-1;CPXPARAM_Preprocessing_CoeffReduce=-1;CPXPARAM_Preprocessing_Dependency=-1;CPXPARAM_Preprocessing_Dual=0;CPXPARAM_Preprocessing_Fill=10;CPXPARAM_Preprocessing_NumPass=-1;CPXPARAM_Preprocessing_Presolve=1;CPXPARAM_Preprocessing_QPMakePSD=1;CPXPARAM_Preprocessing_Reduce=3;CPXPARAM_Preprocessing_Relax=-1;CPXPARAM_Preprocessing_RepeatPresolve=-1;CPXPARAM_Preprocessing_Symmetry=4;CPXPARAM_Read_Scale=0;CPXPARAM_Sifting_Algorithm=0;CPXPARAM_Simplex_Crash=1;CPXPARAM_Simplex_DGradient=2;CPXPARAM_Simplex_Limits_Perturbation=0;CPXPARAM_Simplex_Limits_Singularity=20;CPXPARAM_Simplex_PGradient=0;CPXPARAM_Simplex_Pricing=0;CPXPARAM_Simplex_Refactor=0
18425410539052801063,0,CPXPARAM_Advance=1;CPXPARAM_Barrier_Algorithm=0;CPXPARAM_Barrier_ColNonzeros=0;CPXPARAM_Barrier_Crossover=0;CPXPARAM_Barrier_Limits_Corrections=-1;CPXPARAM_Barrier_Ordering=0;CPXPARAM_Barrier_StartAlg=2;CPXPARAM_Emphasis_MIP=1;CPXPARAM_Emphasis_Memory=0;CPXPARAM_Emphasis_Numerical=0;CPXPARAM_Feasopt_Mode=0;CPXPARAM_LPMethod=0;CPXPARAM_MIP_Cuts_Cliques=0;CPXPARAM_MIP_Cuts_Covers=0;CPXPARAM_MIP_Cuts_Disjunctive=2;CPXPARAM_MIP_Cuts_FlowCovers=1;CPXPARAM_MIP_Cuts_GUBCovers=2;CPXPARAM_MIP_Cuts_Gomory=2;CPXPARAM_MIP_Cuts_Implied=1;CPXPARAM_MIP_Cuts_MIRCut=-1;CPXPARAM_MIP_Cuts_PathCut=2;CPXPARAM_MIP_Limits_AggForCut=3;CPXPARAM_MIP_Limits_CutPasses=0;CPXPARAM_MIP_Limits_CutsFactor=-1;CPXPARAM_MIP_Limits_GomoryCand=800;CPXPARAM_MIP_Limits_GomoryPass=0;CPXPARAM_MIP_Limits_Nodes=9223372036800000000;CPXPARAM_MIP_Limits_ProbeTime=0;CPXPARAM_MIP_Limits_RepairTries=0;CPXPARAM_MIP_Limits_StrongCand=10;CPXPARAM_MIP_Limits_StrongIt=0;CPXPARAM_MIP_OrderType=0;CPXPARAM_MIP_Strategy_BBInterval=7;CPXPARAM_MIP_Strategy_Branch=0;CPXPARAM_MIP_Strategy_Dive=0;CPXPARAM_MIP_Strategy_File=1;CPXPARAM_MIP_Strategy_HeuristicFreq=0;CPXPARAM_MIP_Strategy_LBHeur=0;CPXPARAM_MIP_Strategy_NodeSelect=1;CPXPARAM_MIP_Strategy_Order=1;CPXPARAM_MIP_Strategy_PresolveNode=0;CPXPARAM_MIP_Strategy_Probe=3;CPXPARAM_MIP_Strategy_RINSHeur=0;CPXPARAM_MIP_Strategy_StartAlgorithm=5;CPXPARAM_MIP_Strategy_SubAlgorithm=0;CPXPARAM_MIP_Strategy_VariableSelect=0;CPXPARAM_Network_NetFind=2;CPXPARAM_Network_Pricing=0;CPXPARAM_Parallel=1;CPXPARAM_Preprocessing_Aggregator=-1;CPXPARAM_Preprocessing_BoundStrength=-1;CPXPARAM_Preprocessing_CoeffReduce=-1;CPXPARAM_Preprocessing_Dependency=-1;CPXPARAM_Preprocessing_Dual=0;CPXPARAM_Preprocessing_Fill=10;CPXPARAM_Preprocessing_NumPass=-1;CPXPARAM_Preprocessing_Presolve=1;CPXPARAM_Preprocessing_QPMakePSD=1;CPXPARAM_Preprocessing_Reduce=3;CPXPARAM_Preprocessing_Relax=-1;CPXPARAM_Preprocessing_RepeatPresolve=-1;CPXPARAM_Preprocessing_Symmetry=4;CPXPARAM_Read_Scale=0;CPXPARAM_Sifting_Algorithm=0;CPXPARAM_Simplex_Crash=1;CPXPARAM_Simplex_DGradient=2;CPXPARAM_Simplex_Limits_Perturbation=0;CPXPARAM_Simplex_Limits_Singularity=5;CPXPARAM_Simplex_PGradient=0;CPXPARAM_Simplex_Pricing=0;CPXPARAM_Simplex_Refactor=0
12157637719934331940,0,CPXPARAM_Advance=1;CPXPARAM_Barrier_Algorithm=0;CPXPARAM_Barrier_ColNonzeros=0;CPXPARAM_Barrier_Crossover=0;CPXPARAM_Barrier_Limits_Corrections=-1;CPXPARAM_Barrier_Ordering=0;CPXPARAM_Barrier_StartAlg=2;CPXPARAM_Emphasis_MIP=1;CPXPARAM_Emphasis_Memory=0;CPXPARAM_Emphasis_Numerical=0;CPXPARAM_Feasopt_Mode=0;CPXPARAM_LPMethod=0;CPXPARAM_MIP_Cuts_Cliques=0;CPXPARAM_MIP_Cuts_Covers=0;CPXPARAM_MIP_Cuts_Disjunctive=2;CPXPARAM_MIP_Cuts_FlowCovers=1;CPXPARAM_MIP_Cuts_GUBCovers=2;CPXPARAM_MIP_Cuts_Gomory=2;CPXPARAM_MIP_Cuts_Implied=1;CPXPARAM_MIP_Cuts_MIRCut=-1;CPXPARAM_MIP_Cuts_PathCut=2;CPXPARAM_MIP_Limits_AggForCut=3;CPXPARAM_MIP_Limits_CutPasses=0;CPXPARAM_MIP_Limits_CutsFactor=-1;CPXPARAM_MIP_Limits_GomoryCand=800;CPXPARAM_MIP_Limits_GomoryPass=0;CPXPARAM_MIP_Limits_Nodes=9223372036800000000;CPXPARAM_MIP_Limits_ProbeTime=0;CPXPARAM_MIP_Limits_RepairTries=0;CPXPARAM_MIP_Limits_StrongCand=10;CPXPARAM_MIP_Limits_StrongIt=0;CPXPARAM_MIP_OrderType=0;CPXPARAM_MIP_Strategy_BBInterval=7;CPXPARAM_MIP_Strategy_Branch=0;CPXPARAM_MIP_Strategy_Dive=0;CPXPARAM_MIP_Strategy_File=1;CPXPARAM_MIP_Strategy_HeuristicFreq=0;CPXPARAM_MIP_Strategy_LBHeur=0;CPXPARAM_MIP_Strategy_NodeSelect=1;CPXPARAM_MIP_Strategy_Order=1;CPXPARAM_MIP_Strategy_PresolveNode=0;CPXPARAM_MIP_Strategy_Probe=3;CPXPARAM_MIP_Strategy_RINSHeur=0;CPXPARAM_MIP_Strategy_StartAlgorithm=5;CPXPARAM_MIP_Strategy_SubAlgorithm=0;CPXPARAM_MIP_Strategy_VariableSelect=0;CPXPARAM_Network_NetFind=2;CPXPARAM_Network_Pricing=0;CPXPARAM_Parallel=1;CPXPARAM_Preprocessing_Aggregator=-1;CPXPARAM_Preprocessing_BoundStrength=-1;CPXPARAM_Preprocessing_CoeffReduce=-1;CPXPARAM_Preprocessing_Dependency=-1;CPXPARAM_Preprocessing_Dual=0;CPXPARAM_Preprocessing_Fill=10;CPXPARAM_Preprocessing_NumPass=-1;CPXPARAM_Preprocessing_Presolve=1;CPXPARAM_Preprocessing_QPMakePSD=1;CPXPARAM_Preprocessing_Reduce=3;CPXPARAM_Preprocessing_Relax=-1;CPXPARAM_Preprocessing_RepeatPresolve=-1;CPXPARAM_Preprocessing_Symmetry=4;CPXPARAM_Read_Scale=0;CPXPARAM_Sifting_Algorithm=3;CPXPARAM_Simplex_Crash=1;CPXPARAM_Simplex_DGradient=2;CPXPARAM_Simplex_Limits_Perturbation=0;CPXPARAM_Simplex_Limits_Singularity=10;CPXPARAM_Simplex_PGradient=0;CPXPARAM_Simplex_Pricing=0;CPXPARAM_Simplex_Refactor=0
12979086046115647892,0,CPXPARAM_Advance=1;CPXPARAM_Barrier_Algorithm=0;CPXPARAM_Barrier_ColNonzeros=0;CPXPARAM_Barrier_Crossover=0;CPXPARAM_Barrier_Limits_Corrections=-1;CPXPARAM_Barrier_Ordering=0;CPXPARAM_Barrier_StartAlg=2;CPXPARAM_Emphasis_MIP=1;CPXPARAM_Emphasis_Memory=0;CPXPARAM_Emphasis_Numerical=0;CPXPARAM_Feasopt_Mode=0;CPXPARAM_LPMethod=0;CPXPARAM_MIP_Cuts_Cliques=0;CPXPARAM_MIP_Cuts_Covers=0;CPXPARAM_MIP_Cuts_Disjunctive=2;CPXPARAM_MIP_Cuts_FlowCovers=1;CPXPARAM_MIP_Cuts_GUBCovers=2;CPXPARAM_MIP_Cuts_Gomory=2;CPXPARAM_MIP_Cuts_Implied=1;CPXPARAM_MIP_Cuts_MIRCut=-1;CPXPARAM_MIP_Cuts_PathCut=2;CPXPARAM_MIP_Limits_AggForCut=3;CPXPARAM_MIP_Limits_CutPasses=0;CPXPARAM_MIP_Limits_CutsFactor=-1;CPXPARAM_MIP_Limits_GomoryCand=800;CPXPARAM_MIP_Limits_GomoryPass=0;CPXPARAM_MIP_Limits_Nodes=9223372036800000000;CPXPARAM_MIP_Limits_ProbeTime=0;CPXPARAM_MIP_Limits_RepairTries=0;CPXPARAM_MIP_Limits_StrongCand=10;CPXPARAM_MIP_Limits_StrongIt=0;CPXPARAM_MIP_OrderType=0;CPXPARAM_MIP_Strategy_BBInterval=7;CPXPARAM_MIP_Strategy_Branch=0;CPXPARAM_MIP_Strategy_Dive=0;CPXPARAM_MIP_Strategy_File=1;CPXPARAM_MIP_Strategy_HeuristicFreq=0;CPXPARAM_MIP_Strategy_LBHeur=0;CPXPARAM_MIP_Strategy_NodeSelect=1;CPXPARAM_MIP_Strategy_Order=1;CPXPARAM_MIP_Strategy_PresolveNode=0;CPXPARAM_MIP_Strategy_Probe=3;CPXPARAM_MIP_Strategy_RINSHeur=0;CPXPARAM_MIP_Strategy_StartAlgorithm=5;CPXPARAM_MIP_Strategy_SubAlgorithm=0;CPXPARAM_MIP_Strategy_VariableSelect=0;CPXPARAM_Network_NetFind=2;CPXPARAM_Network_Pricing=0;CPXPARAM_Parallel=1;CPXPARAM_Preprocessing_Aggregator=-1;CPXPARAM_Preprocessing_BoundStrength=-1;CPXPARAM_Preprocessing_CoeffReduce=-1;CPXPARAM_Preprocessing_Dependency=-1;CPXPARAM_Preprocessing_Dual=0;CPXPARAM_Preprocessing_Fill=10;CPXPARAM_Preprocessing_NumPass=-1;CPXPARAM_Preprocessing_Presolve=1;CPXPARAM_Preprocessing_QPMakePSD=1;CPXPARAM_Preprocessing_Reduce=3;CPXPARAM_Preprocessing_Relax=-1;CPXPARAM_Preprocessing_RepeatPresolve=-1;CPXPARAM_Preprocessing_Symmetry=4;CPXPARAM_Read_Scale=1;CPXPARAM_Sifting_Algorithm=0;CPXPARAM_Simplex_Crash=1;CPXPARAM_Simplex_DGradient=2;CPXPARAM_Simplex_Limits_Perturbation=0;CPXPARAM_Simplex_Limits_Singularity=10;CPXPARAM_Simplex_PGradient=0;CPXPARAM_Simplex_Pricing=0;CPXPARAM_Simplex_Refactor=0
9935471521942352356,0,CPXPARAM_Advance=1;CPXPARAM_Barrier_Algorithm=0;CPXPARAM_Barrier_ColNonzeros=0;CPXPARAM_Barrier_Crossover=0;CPXPARAM_Barrier_Limits_Corrections=-1;CPXPARAM_Barrier_Ordering=0;CPXPARAM_Barrier_StartAlg=2;CPXPARAM_Emphasis_MIP=1;CPXPARAM_Emphasis_Memory=0;CPXPARAM_Emphasis_Numerical=0;CPXPARAM_Feasopt_Mode=0;CPXPARAM_LPMethod=6;CPXPARAM_MIP_Cuts_Cliques=0;CPXPARAM_MIP_Cuts_Covers=0;CPXPARAM_MIP_Cuts_Disjunctive=2;CPXPARAM_MIP_Cuts_FlowCovers=1;CPXPARAM_MIP_Cuts_GUBCovers=2;CPXPARAM_MIP_Cuts_Gomory=2;CPXPARAM_MIP_Cuts_Implied=1;CPXPARAM_MIP_Cuts_MIRCut=-1;CPXPARAM_MIP_Cuts_PathCut=2;CPXPARAM_MIP_Limits_AggForCut=3;CPXPARAM_MIP_Limits_CutPasses=0;CPXPARAM_MIP_Limits_CutsFactor=-1;CPXPARAM_MIP_Limits_GomoryCand=800;CPXPARAM_MIP_Limits_GomoryPass=0;CPXPARAM_MIP_Limits_Nodes=9223372036800000000;CPXPARAM_MIP_Limits_ProbeTime=0;CPXPARAM_MIP_Limits_RepairTries=0;CPXPARAM_MIP_Limits_StrongCand=10;CPXPARAM_MIP_Limits_StrongIt=0;CPXPARAM_MIP_OrderType=0;CPXPARAM_MIP_Strategy_BBInterval=7;CPXPARAM_MIP_Strategy_Branch=0;CPXPARAM_MIP_Strategy_Dive=0;CPXPARAM_MIP_Strategy_File=1;CPXPARAM_MIP_Strategy_HeuristicFreq=0;CPXPARAM_MIP_Strategy_LBHeur=0;CPXPARAM_MIP_Strategy_NodeSelect=1;CPXPARAM_MIP_Strategy_Order=1;CPXPARAM_MIP_Strategy_PresolveNode=0;CPXPARAM_MIP_Strategy_Probe=3;CPXPARAM_MIP_Strategy_RINSHeur=0;CPXPARAM_MIP_Strategy_StartAlgorithm=5;CPXPARAM_MIP_Strategy_SubAlgorithm=0;CPXPARAM_MIP_Strategy_VariableSelect=0;CPXPARAM_Network_NetFind=2;CPXPARAM_Network_Pricing=0;CPXPARAM_Parallel=1;CPXPARAM_Preprocessing_Aggregator=-1;CPXPARAM_Preprocessing_BoundStrength=-1;CPXPARAM_Preprocessing_CoeffReduce=-1;CPXPARAM_Preprocessing_Dependency=-1;CPXPARAM_Preprocessing_Dual=0;CPXPARAM_Preprocessing_Fill=10;CPXPARAM_Preprocessing_NumPass=-1;CPXPARAM_Preprocessing_Presolve=1;CPXPARAM_Preprocessing_QPMakePSD=1;CPXPARAM_Preprocessing_Reduce=3;CPXPARAM_Preprocessing_Relax=-1;CPXPARAM_Preprocessing_RepeatPresolve=-1;CPXPARAM_Preprocessing_Symmetry=4;CPXPARAM_Read_Scale=0;CPXPARAM_Sifting_Algorithm=0;CPXPARAM_Simplex_Crash=1;CPXPARAM_Simplex_DGradient=2;CPXPARAM_Simplex_Limits_Perturbation=0;CPXPARAM_Simplex_Limits_Singularity=10;CPXPARAM_Simplex_PGradient=0;CPXPARAM_Simplex_Pricing=0;CPXPARAM_Simplex_Refactor=0
12169406732290848973,0,CPXPARAM_Advance=1;CPXPARAM_Barrier_Algorithm=0;CPXPARAM_Barrier_ColNonzeros=0;CPXPARAM_Barrier_Crossover=0;CPXPARAM_Barrier_Limits_Corrections=-1;CPXPARAM_Barrier_Ordering=0;CPXPARAM_Barrier_StartAlg=2;CPXPARAM_Emphasis_MIP=1;CPXPARAM_Emphasis_Memory=0;CPXPARAM_Emphasis_Numerical=0;CPXPARAM_Feasopt_Mode=0;CPXPARAM_LPMethod=5;CPXPARAM_MIP_Cuts_Cliques=0;CPXPARAM_MIP_Cuts_Covers=0;CPXPARAM_MIP_Cuts_Disjunctive=2;CPXPARAM_MIP_Cuts_FlowCovers=1;CPXPARAM_MIP_Cuts_GUBCovers=2;CPXPARAM_MIP_Cuts_Gomory=2;CPXPARAM_MIP_Cuts_Implied=1;CPXPARAM_MIP_Cuts_MIRCut=-1;CPXPARAM_MIP_Cuts_PathCut=2;CPXPARAM_MIP_Limits_AggForCut=3;CPXPARAM_MIP_Limits_CutPasses=0;CPXPARAM_MIP_Limits_CutsFactor=-1;CPXPARAM_MIP_Limits_GomoryCand=800;CPXPARAM_MIP_Limits_GomoryPass=0;CPXPARAM_MIP_Limits_Nodes=9223372036800000000;CPXPARAM_MIP_Limits_ProbeTime=0;CPXPARAM_MIP_Limits_RepairTries=0;CPXPARAM_MIP_Limits_StrongCand=10;CPXPARAM_MIP_Limits_StrongIt=0;CPXPARAM_MIP_OrderType=0;CPXPARAM_MIP_Strategy_BBInterval=7;CPXPARAM_MIP_Strategy_Branch=0;CPXPARAM_MIP_Strategy_Dive=0;CPXPARAM_MIP_Strategy_File=1;CPXPARAM_MIP_Strategy_HeuristicFreq=0;CPXPARAM_MIP_Strategy_LBHeur=0;CPXPARAM_MIP_Strategy_NodeSelect=1;CPXPARAM_MIP_Strategy_Order=1;CPXPARAM_MIP_Strategy_PresolveNode=0;CPXPARAM_MIP_Strategy_Probe=3;CPXPARAM_MIP_Strategy_RINSHeur=0;CPXPARAM_MIP_Strategy_StartAlgorithm=5;CPXPARAM_MIP_Strategy_SubAlgorithm=0;CPXPARAM_MIP_Strategy_VariableSelect=0;CPXPARAM_Network_NetFind=2;CPXPARAM_Network_Pricing=0;CPXPARAM_Parallel=1;CPXPARAM_Preprocessing_Aggregator=-1;CPXPARAM_Preprocessing_BoundStrength=-1;CPXPARAM_Preprocessing_CoeffReduce=-1;CPXPARAM_Preprocessing_Dependency=-1;CPXPARAM_Preprocessing_Dual=0;CPXPARAM_Preprocessing_Fill=10;CPXPARAM_Preprocessing_NumPass=-1;CPXPARAM_Preprocessing_Presolve=1;CPXPARAM_Preprocessing_QPMakePSD=1;CPXPARAM_Preprocessing_Reduce=3;CPXPARAM_Preprocessing_Relax=-1;CPXPARAM_Preprocessing_RepeatPresolve=-1;CPXPARAM_Preprocessing_Symmetry=4;CPXPARAM_Read_Scale=0;CPXPARAM_Sifting_Algorithm=0;CPXPARAM_Simplex_Crash=1;CPXPARAM_Simplex_DGradient=2;CPXPARAM_Simplex_Limits_Perturbation=0;CPXPARAM_Simplex_Limits_Singularity=10;CPXPARAM_Simplex_PGradient=0;CPXPARAM_Simplex_Pricing=0;CPXPARAM_Simplex_Refactor=0
2737767148796624751,0,CPXPARAM_Advance=1;CPXPARAM_Barrier_Algorithm=0;CPXPARAM_Barrier_ColNonzeros=0;CPXPARAM_Barrier_Crossover=0;CPXPARAM_Barrier_Limits_Corrections=-1;CPXPARAM_Barrier_Ordering=0;CPXPARAM_Barrier_StartAlg=2;CPXPARAM_Emphasis_MIP=1;CPXPARAM_Emphasis_Memory=0;CPXPARAM_Emphasis_Numerical=0;CPXPARAM_Feasopt_Mode=0;CPXPARAM_LPMethod=4;CPXPARAM_MIP_Cuts_Cliques=0;CPXPARAM_MIP_Cuts_Covers=0;CPXPARAM_MIP_Cuts_Disjunctive=2;CPXPARAM_MIP_Cuts_FlowCovers=1;CPXPARAM_MIP_Cuts_GUBCovers=2;CPXPARAM_MIP_Cuts_Gomory=2;CPXPARAM_MIP_Cuts_Implied=1;CPXPARAM_MIP_Cuts_MIRCut=-1;CPXPARAM_MIP_Cuts_PathCut=2;CPXPARAM_MIP_Limits_AggForCut=3;CPXPARAM_MIP_Limits_CutPasses=0;CPXPARAM_MIP_Limits_CutsFactor=-1;CPXPARAM_MIP_Limits_GomoryCand=800;CPXPARAM_MIP_Limits_GomoryPass=0;CPXPARAM_MIP_Limits_Nodes=9223372036800000000;CPXPARAM_MIP_Limits_ProbeTime=0;CPXPARAM_MIP_Limits_RepairTries=0;CPXPARAM_MIP_Limits_StrongCand=10;CPXPARAM_MIP_Limits_StrongIt=0;CPXPARAM_MIP_OrderType=0;CPXPARAM_MIP_Strategy_BBInterval=7;CPXPARAM_MIP_Strategy_Branch=0;CPXPARAM_MIP_Strategy_Dive=0;CPXPARAM_MIP_Strategy_File=1;CPXPARAM_MIP_Strategy_HeuristicFreq=0;CPXPARAM_MIP_Strategy_LBHeur=0;CPXPARAM_MIP_Strategy_NodeSelect=1;CPXPARAM_MIP_Strategy_Order=1;CPXPARAM_MIP_Strategy_PresolveNode=0;CPXPARAM_MIP_Strategy_Probe=3;CPXPARAM_MIP_Strategy_RINSHeur=0;CPXPARAM_MIP_Strategy_StartAlgorithm=5;CPXPARAM_MIP_Strategy_SubAlgorithm=0;CPXPARAM_MIP_Strategy_VariableSelect=0;CPXPARAM_Network_NetFind=2;CPXPARAM_Network_Pricing=0;CPXPARAM_Parallel=1;CPXPARAM_Preprocessing_Aggregator=-1;CPXPARAM_Preprocessing_BoundStrength=-1;CPXPARAM_Preprocessing_CoeffReduce=-1;CPXPARAM_Preprocessing_Dependency=-1;CPXPARAM_Preprocessing_Dual=0;CPXPARAM_Preprocessing_Fill=10;CPXPARAM_Preprocessing_NumPass=-1;CPXPARAM_Preprocessing_Presolve=1;CPXPARAM_Preprocessing_QPMakePSD=1;CPXPARAM_Preprocessing_Reduce=3;CPXPARAM_Preprocessing_Relax=-1;CPXPARAM_Preprocessing_RepeatPresolve=-1;CPXPARAM_Preprocessing_Symmetry=4;CPXPARAM_Read_Scale=0;CPXPARAM_Sifting_Algorithm=0;CPXPARAM_Simplex_Crash=1;CPXPARAM_Simplex_DGradient=2;CPXPARAM_Simplex_Limits_Perturbation=0;CPXPARAM_Simplex_Limits_Singularity=10;CPXPARAM_Simplex_PGradient=0;CPXPARAM_Simplex_Pricing=0;CPXPARAM_Simplex_Refactor=0
948321019674424474,0,CPXPARAM_Advance=1;CPXPARAM_Barrier_Algorithm=0;CPXPARAM_Barrier_ColNonzeros=0;CPXPARAM_Barrier_Crossover=0;CPXPARAM_Barrier_Limits_Corrections=-1;CPXPARAM_Barrier_Ordering=0;CPXPARAM_Barrier_StartAlg=2;CPXPARAM_Emphasis_MIP=1;CPXPARAM_Emphasis_Memory=0;CPXPARAM_Emphasis_Numerical=0;CPXPARAM_Feasopt_Mode=0;CPXPARAM_LPMethod=0;CPXPARAM_MIP_Cuts_Cliques=0;CPXPARAM_MIP_Cuts_Covers=0;CPXPARAM_MIP_Cuts_Disjunctive=2;CPXPARAM_MIP_Cuts_FlowCovers=1;CPXPARAM_MIP_Cuts_GUBCovers=2;CPXPARAM_MIP_Cuts_Gomory=2;CPXPARAM_MIP_Cuts_Implied=1;CPXPARAM_MIP_Cuts_MIRCut=-1;CPXPARAM_MIP_Cuts_PathCut=2;CPXPARAM_MIP_Limits_AggForCut=3;CPXPARAM_MIP_Limits_CutPasses=0;CPXPARAM_MIP_Limits_CutsFactor=-1;CPXPARAM_MIP_Limits_GomoryCand=800;CPXPARAM_MIP_Limits_GomoryPass=0;CPXPARAM_MIP_Limits_Nodes=9223372036800000000;CPXPARAM_MIP_Limits_ProbeTime=0;CPXPARAM_MIP_Limits_RepairTries=0;CPXPARAM_MIP_Limits_StrongCand=10;CPXPARAM_MIP_Limits_StrongIt=0;CPXPARAM_MIP_OrderType=0;CPXPARAM_MIP_Strategy_BBInterval=7;CPXPARAM_MIP_Strategy_Branch=0;CPXPARAM_MIP_Strategy_Dive=0;CPXPARAM_MIP_Strategy_File=1;CPXPARAM_MIP_Strategy_HeuristicFreq=0;CPXPARAM_MIP_Strategy_LBHeur=0;CPXPARAM_MIP_Strategy_NodeSelect=1;CPXPARAM_MIP_Strategy_Order=1;CPXPARAM_MIP_Strategy_PresolveNode=0;CPXPARAM_MIP_Strategy_Probe=3;CPXPARAM_MIP_Strategy_RINSHeur=0;CPXPARAM_MIP_Strategy_StartAlgorithm=5;CPXPARAM_MIP_Strategy_SubAlgorithm=0;CPXPARAM_MIP_Strategy_VariableSelect=0;CPXPARAM_Network_NetFind=2;CPXPARAM_Network_Pricing=0;CPXPARAM_Parallel=1;CPXPARAM_Preprocessing_Aggregator=-1;CPXPARAM_Preprocessing_BoundStrength=-1;CPXPARAM_Preprocessing_CoeffReduce=-1;CPXPARAM_Preprocessing_Dependency=-1;CPXPARAM_Preprocessing_Dual=0;CPXPARAM_Preprocessing_Fill=10;CPXPARAM_Preprocessing_NumPass=-1;CPXPARAM_Preprocessing_Presolve=1;CPXPARAM_Preprocessing_QPMakePSD=1;CPXPARAM_Preprocessing_Reduce=3;CPXPARAM_Preprocessing_Relax=-1;CPXPARAM_Preprocessing_RepeatPresolve=2;CPXPARAM_Preprocessing_Symmetry=4;CPXPARAM_Read_Scale=0;CPXPARAM_Sifting_Algorithm=0;CPXPARAM_Simplex_Crash=1;CPXPARAM_Simplex_DGradient=2;CPXPARAM_Simplex_Limits_Perturbation=0;CPXPARAM_Simplex_Limits_Singularity=10;CPXPARAM_Simplex_PGradient=0;CPXPARAM_Simplex_Pricing=0;CPXPARAM_Simplex_Refactor=0
16862026455129576571,0,CPXPARAM_Advance=1;CPXPARAM_Barrier_Algorithm=0;CPXPARAM_Barrier_ColNonzeros=0;CPXPARAM_Barrier_Crossover=0;CPXPARAM_Barrier_Limits_Corrections=-1;CPXPARAM_Barrier_Ordering=0;CPXPARAM_Barrier_StartAlg=2;CPXPARAM_Emphasis_MIP=1;CPXPARAM_Emphasis_Memory=0;CPXPARAM_Emphasis_Numerical=0;CPXPARAM_Feasopt_Mode=0;CPXPARAM_LPMethod=0;CPXPARAM_MIP_Cuts_Cliques=0;CPXPARAM_MIP_Cuts_Covers=0;CPXPARAM_MIP_Cuts_Disjunctive=2;CPXPARAM_MIP_Cuts_FlowCovers=1;CPXPARAM_MIP_Cuts_GUBCovers=2;CPXPARAM_MIP_Cuts_Gomory=2;CPXPARAM_MIP_Cuts_Implied=1;CPXPARAM_MIP_Cuts_MIRCut=-1;CPXPARAM_MIP_Cuts_PathCut=2;CPXPARAM_MIP_Limits_AggForCut=3;CPXPARAM_MIP_Limits_CutPasses=0;CPXPARAM_MIP_Limits_CutsFactor=-1;CPXPARAM_MIP_Limits_GomoryCand=800;CPXPARAM_MIP_Limits_GomoryPass=0;CPXPARAM_MIP_Limits_Nodes=9223372036800000000;CPXPARAM_MIP_Limits_ProbeTime=0;CPXPARAM_MIP_Limits_RepairTries=0;CPXPARAM_MIP_Limits_StrongCand=10;CPXPARAM_MIP_Limits_StrongIt=0;CPXPARAM_MIP_OrderType=0;CPXPARAM_MIP_Strategy_BBInterval=7;CPXPARAM_MIP_Strategy_Branch=0;CPXPARAM_MIP_Strategy_Dive=0;CPXPARAM_MIP_Strategy_File=1;CPXPARAM_MIP_Strategy_HeuristicFreq=0;CPXPARAM_MIP_Strategy_LBHeur=0;CPXPARAM_MIP_Strategy_NodeSelect=1;CPXPARAM_MIP_Strategy_Order=1;CPXPARAM_MIP_Strategy_PresolveNode=0;CPXPARAM_MIP_Strategy_Probe=3;CPXPARAM_MIP_Strategy_RINSHeur=0;CPXPARAM_MIP_Strategy_StartAlgorithm=5;CPXPARAM_MIP_Strategy_SubAlgorithm=0;CPXPARAM_MIP_Strategy_VariableSelect=0;CPXPARAM_Network_NetFind=2;CPXPARAM_Network_Pricing=0;CPXPARAM_Parallel=1;CPXPARAM_Preprocessing_Aggregator=-1;CPXPARAM_Preprocessing_BoundStrength=-1;CPXPARAM_Preprocessing_CoeffReduce=-1;CPXPARAM_Preprocessing_Dependency=-1;CPXPARAM_Preprocessing_Dual=0;CPXPARAM_Preprocessing_Fill=10;CPXPARAM_Preprocessing_NumPass=-1;CPXPARAM_Preprocessing_Presolve=1;CPXPARAM_Preprocessing_QPMakePSD=1;CPXPARAM_Preprocessing_Reduce=3;CPXPARAM_Preprocessing_Relax=-1;CPXPARAM_Preprocessing_RepeatPresolve=1;CPXPARAM_Preprocessing_Symmetry=4;CPXPARAM_Read_Scale=0;CPXPARAM_Sifting_Algorithm=0;CPXPARAM_Simplex_Crash=1;CPXPARAM_Simplex_DGradient=2;CPXPARAM_Simplex_Limits_Perturbation=0;CPXPARAM_Simplex_Limits_Singularity=10;CPXPARAM_Simplex_PGradient=0;CPXPARAM_Simplex_Pricing=0;CPXPARAM_Simplex_Refactor=0
14062830683704267490,0,CPXPARAM_Advance=1;CPXPARAM_Barrier_Algorithm=0;CPXPARAM_Barrier_ColNonzeros=0;CPXPARAM_Barrier_Crossover=0;CPXPARAM_Barrier_Limits_Corrections=-1;CPXPARAM_Barrier_Ordering=0;CPXPARAM_Barrier_StartAlg=2;CPXPARAM_Emphasis_MIP=1;CPXPARAM_Emphasis_Memory=0;CPXPARAM_Emphasis_Numerical=0;CPXPARAM_Feasopt_Mode=0;CPXPARAM_LPMethod=0;CPXPARAM_MIP_Cuts_Cliques=0;CPXPARAM_MIP_Cuts_Covers=0;CPXPARAM_MIP_Cuts_Disjunctive=2;CPXPARAM_MIP_Cuts_FlowCovers=1;CPXPARAM_MIP_Cuts_GUBCovers=2;CPXPARAM_MIP_Cuts_Gomory=2;CPXPARAM_MIP_Cuts_Implied=1;CPXPARAM_MIP_Cuts_MIRCut=-1;CPXPARAM_MIP_Cuts_PathCut=2;CPXPARAM_MIP_Limits_AggForCut=3;CPXPARAM_MIP_Limits_CutPasses=0;CPXPARAM_MIP_Limits_CutsFactor=-1;CPXPARAM_MIP_Limits_GomoryCand=800;CPXPARAM_MIP_Limits_GomoryPass=0;CPXPARAM_MIP_Limits_Nodes=9223372036800000000;CPXPARAM_MIP_Limits_ProbeTime=0;CPXPARAM_MIP_Limits_RepairTries=0;CPXPARAM_MIP_Limits_StrongCand=10;CPXPARAM_MIP_Limits_StrongIt=0;CPXPARAM_MIP_OrderType=0;CPXPARAM_MIP_Strategy_BBInterval=7;CPXPARAM_MIP_Strategy_Branch=0;CPXPARAM_MIP_Strategy_Dive=0;CPXPARAM_MIP_Strategy_File=1;CPXPARAM_MIP_Strategy_HeuristicFreq=0;CPXPARAM_MIP_Strategy_LBHeur=0;CPXPARAM_MIP_Strategy_NodeSelect=1;CPXPARAM_MIP_Strategy_Order=1;CPXPARAM_MIP_Strategy_PresolveNode=0;CPXPARAM_MIP_Strategy_Probe=3;CPXPARAM_MIP_Strategy_RINSHeur=0;CPXPARAM_MIP_Strategy_StartAlgorithm=5;CPXPARAM_MIP_Strategy_SubAlgorithm=0;CPXPARAM_MIP_Strategy_VariableSelect=0;CPXPARAM_Network_NetFind=2;CPXPARAM_Network_Pricing=0;CPXPARAM_Parallel=1;CPXPARAM_Preprocessing_Aggregator=-1;CPXPARAM_Preprocessing_BoundStrength=-1;CPXPARAM_Preprocessing_CoeffReduce=-1;CPXPARAM_Preprocessing_Dependency=-1;CPXPARAM_Preprocessing_Dual=0;CPXPARAM_Preprocessing_Fill=10;CPXPARAM_Preprocessing_NumPass=-1;CPXPARAM_Preprocessing_Presolve=1;CPXPARAM_Preprocessing_QPMakePSD=1;CPXPARAM_Preprocessing_Reduce=3;CPXPARAM_Preprocessing_Relax=-1;CPXPARAM_Preprocessing_RepeatPresolve=0;CPXPARAM_Preprocessing_Symmetry=4;CPXPARAM_Read_Scale=0;CPXPARAM_Sifting_Algorithm=0;CPXPARAM_Simplex_Crash=1;CPXPARAM_Simplex_DGradient=2;CPXPARAM_Simplex_Limits_Perturbation=0;CPXPARAM_Simplex_Limits_Singularity=10;CPXPARAM_Simplex_PGradient=0;CPXPARAM_Simplex_Pricing=0;CPXPARAM_Simplex_Refactor=0
2343987232483059411,0,CPXPARAM_Advance=1;CPXPARAM_Barrier_Algorithm=3;CPXPARAM_Barrier_ColNonzeros=0;CPXPARAM_Barrier_Crossover=2;CPXPARAM_Barrier_Limits_Corrections=-1;CPXPARAM_Barrier_Ordering=0;CPXPARAM_Barrier_StartAlg=1;CPXPARAM_Emphasis_MIP=5;CPXPARAM_Emphasis_Memory=0;CPXPARAM_Emphasis_Numerical=0;CPXPARAM_Feasopt_Mode=5;CPXPARAM_LPMethod=0;CPXPARAM_MIP_Cuts_Cliques=3;CPXPARAM_MIP_Cuts_Covers=0;CPXPARAM_MIP_Cuts_Disjunctive=3;CPXPARAM_MIP_Cuts_FlowCovers=2;CPXPARAM_MIP_Cuts_GUBCovers=1;CPXPARAM_MIP_Cuts_Gomory=2;CPXPARAM_MIP_Cuts_Implied=2;CPXPARAM_MIP_Cuts_MIRCut=2;CPXPARAM_MIP_Cuts_PathCut=0;CPXPARAM_MIP_Limits_AggForCut=3;CPXPARAM_MIP_Limits_CutPasses=0;CPXPARAM_MIP_Limits_CutsFactor=-1;CPXPARAM_MIP_Limits_GomoryCand=25;CPXPARAM_MIP_Limits_GomoryPass=0;CPXPARAM_MIP_Limits_Nodes=9223372036800000000;CPXPARAM_MIP_Limits_ProbeTime=2;CPXPARAM_MIP_Limits_RepairTries=0;CPXPARAM_MIP_Limits_StrongCand=10;CPXPARAM_MIP_Limits_StrongIt=0;CPXPARAM_MIP_OrderType=0;CPXPARAM_MIP_Strategy_BBInterval=7;CPXPARAM_MIP_Strategy_Branch=0;CPXPARAM_MIP_Strategy_Dive=0;CPXPARAM_MIP_Strategy_File=1;CPXPARAM_MIP_Strategy_HeuristicFreq=0;CPXPARAM_MIP_Strategy_LBHeur=0;CPXPARAM_MIP_Strategy_NodeSelect=1;CPXPARAM_MIP_Strategy_Order=1;CPXPARAM_MIP_Strategy_PresolveNode=0;CPXPARAM_MIP_Strategy_Probe=3;CPXPARAM_MIP_Strategy_RINSHeur=0;CPXPARAM_MIP_Strategy_StartAlgorithm=2;CPXPARAM_MIP_Strategy_SubAlgorithm=3;CPXPARAM_MIP_Strategy_VariableSelect=4;CPXPARAM_Network_NetFind=2;CPXPARAM_Network_Pricing=0;CPXPARAM_Parallel=1;CPXPARAM_Preprocessing_Aggregator=-1;CPXPARAM_Preprocessing_BoundStrength=1;CPXPARAM_Preprocessing_CoeffReduce=-1;CPXPARAM_Preprocessing_Dependency=-1;CPXPARAM_Preprocessing_Dual=0;CPXPARAM_Preprocessing_Fill=10;CPXPARAM_Preprocessing_NumPass=-1;CPXPARAM_Preprocessing_Presolve=1;CPXPARAM_Preprocessing_QPMakePSD=1;CPXPARAM_Preprocessing_Reduce=2;CPXPARAM_Preprocessing_Relax=-1;CPXPARAM_Preprocessing_RepeatPresolve=-1;CPXPARAM_Preprocessing_Symmetry=4;CPXPARAM_Read_Scale=0;CPXPARAM_Sifting_Algorithm=0;CPXPARAM_Simplex_Crash=-1;CPXPARAM_Simplex_DGradient=1;CPXPARAM_Simplex_Limits_Perturbation=0;CPXPARAM_Simplex_Limits_Singularity=10;CPXPARAM_Simplex_PGradient=0;CPXPARAM_Simplex_Pricing=0;CPXPARAM_Simplex_Refactor=0
17708835595867305349,0,CPXPARAM_Advance=1;CPXPARAM_Barrier_Algorithm=0;CPXPARAM_Barrier_ColNonzeros=0;CPXPARAM_Barrier_Crossover=0;CPXPARAM_Barrier_Limits_Corrections=-1;CPXPARAM_Barrier_Ordering=0;CPXPARAM_Barrier_StartAlg=2;CPXPARAM_Emphasis_MIP=1;CPXPARAM_Emphasis_Memory=0;CPXPARAM_Emphasis_Numerical=0;CPXPARAM_Feasopt_Mode=0;CPXPARAM_LPMethod=0;CPXPARAM_MIP_Cuts_Cliques=0;CPXPARAM_MIP_Cuts_Covers=0;CPXPARAM_MIP_Cuts_Disjunctive=2;CPXPARAM_MIP_Cuts_FlowCovers=1;CPXPARAM_MIP_Cuts_GUBCovers=2;CPXPARAM_MIP_Cuts_Gomory=2;CPXPARAM_MIP_Cuts_Implied=1;CPXPARAM_MIP_Cuts_MIRCut=-1;CPXPARAM_MIP_Cuts_PathCut=2;CPXPARAM_MIP_Limits_AggForCut=3;CPXPARAM_MIP_Limits_CutPasses=0;CPXPARAM_MIP_Limits_CutsFactor=-1;CPXPARAM_MIP_Limits_GomoryCand=800;CPXPARAM_MIP_Limits_GomoryPass=0;CPXPARAM_MIP_Limits_Nodes=9223372036800000000;CPXPARAM_MIP_Limits_ProbeTime=0;CPXPARAM_MIP_Limits_RepairTries=0;CPXPARAM_MIP_Limits_StrongCand=10;CPXPARAM_MIP_Limits_StrongIt=0;CPXPARAM_MIP_OrderType=0;CPXPARAM_MIP_Strategy_BBInterval=7;CPXPARAM_MIP_Strategy_Branch=0;CPXPARAM_MIP_Strategy_Dive=0;CPXPARAM_MIP_Strategy_File=1;CPXPARAM_MIP_Strategy_HeuristicFreq=0;CPXPARAM_MIP_Strategy_LBHeur=0;CPXPARAM_MIP_Strategy_NodeSelect=1;CPXPARAM_MIP_Strategy_Order=1;CPXPARAM_MIP_Strategy_PresolveNode=0;CPXPARAM_MIP_Strategy_Probe=3;CPXPARAM_MIP_Strategy_RINSHeur=0;CPXPARAM_MIP_Strategy_StartAlgorithm=5;CPXPARAM_MIP_Strategy_SubAlgorithm=0;CPXPARAM_MIP_Strategy_VariableSelect=0;CPXPARAM_Network_NetFind=2;CPXPARAM_Network_Pricing=0;CPXPARAM_Parallel=1;CPXPARAM_Preprocessing_Aggregator=-1;CPXPARAM_Preprocessing_BoundStrength=-1;CPXPARAM_Preprocessing_CoeffReduce=-1;CPXPARAM_Preprocessing_Dependency=-1;CPXPARAM_Preprocessing_Dual=0;CPXPARAM_Preprocessing_Fill=10;CPXPARAM_Preprocessing_NumPass=-1;CPXPARAM_Preprocessing_Presolve=1;CPXPARAM_Preprocessing_QPMakePSD=1;CPXPARAM_Preprocessing_Reduce=3;CPXPARAM_Preprocessing_Relax=0;CPXPARAM_Preprocessing_RepeatPresolve=-1;CPXPARAM_Preprocessing_Symmetry=4;CPXPARAM_Read_Scale=0;CPXPARAM_Sifting_Algorithm=0;CPXPARAM_Simplex_Crash=1;CPXPARAM_Simplex_DGradient=2;CPXPARAM_Simplex_Limits_Perturbation=0;CPXPARAM_Simplex_Limits_Singularity=10;CPXPARAM_Simplex_PGradient=0;CPXPARAM_Simplex_Pricing=0;CPXPARAM_Simplex_Refactor=0
14955349077803103528,0,CPXPARAM_Advance=1;CPXPARAM_Barrier_Algorithm=0;CPXPARAM_Barrier_ColNonzeros=0;CPXPARAM_Barrier_Crossover=0;CPXPARAM_Barrier_Limits_Corrections=-1;CPXPARAM_Barrier_Ordering=0;CPXPARAM_Barrier_StartAlg=2;CPXPARAM_Emphasis_MIP=1;CPXPARAM_Emphasis_Memory=0;CPXPARAM_Emphasis_Numerical=0;CPXPARAM_Feasopt_Mode=0;CPXPARAM_LPMethod=0;CPXPARAM_MIP_Cuts_Cliques=0;CPXPARAM_MIP_Cuts_Covers=0;CPXPARAM_MIP_Cuts_Disjunctive=2;CPXPARAM_MIP_Cuts_FlowCovers=1;CPXPARAM_MIP_Cuts_GUBCovers=2;CPXPARAM_MIP_Cuts_Gomory=2;CPXPARAM_MIP_Cuts_Implied=1;CPXPARAM_MIP_Cuts_MIRCut=-1;CPXPARAM_MIP_Cuts_PathCut=2;CPXPARAM_MIP_Limits_AggForCut=3;CPXPARAM_MIP_Limits_CutPasses=0;CPXPARAM_MIP_Limits_CutsFactor=-1;CPXPARAM_MIP_Limits_GomoryCand=800;CPXPARAM_MIP_Limits_GomoryPass=0;CPXPARAM_MIP_Limits_Nodes=9223372036800000000;CPXPARAM_MIP_Limits_ProbeTime=0;CPXPARAM_MIP_Limits_RepairTries=0;CPXPARAM_MIP_Limits_StrongCand=10;CPXPARAM_MIP_Limits_StrongIt=0;CPXPARAM_MIP_OrderType=0;CPXPARAM_MIP_Strategy_BBInterval=7;CPXPARAM_MIP_Strategy_Branch=0;CPXPARAM_MIP_Strategy_Dive=0;CPXPARAM_MIP_Strategy_File=1;CPXPARAM_MIP_Strategy_HeuristicFreq=0;CPXPARAM_MIP_Strategy_LBHeur=0;CPXPARAM_MIP_Strategy_NodeSelect=1;CPXPARAM_MIP_Strategy_Order=1;CPXPARAM_MIP_Strategy_PresolveNode=0;CPXPARAM_MIP_Strategy_Probe=3;CPXPARAM_MIP_Strategy_RINSHeur=0;CPXPARAM_MIP_Strategy_StartAlgorithm=5;CPXPARAM_MIP_Strategy_SubAlgorithm=0;CPXPARAM_MIP_Strategy_VariableSelect=0;CPXPARAM_Network_NetFind=2;CPXPARAM_Network_Pricing=0;CPXPARAM_Parallel=1;CPXPARAM_Preprocessing_Aggregator=-1;CPXPARAM_Preprocessing_BoundStrength=-1;CPXPARAM_Preprocessing_CoeffReduce=-1;CPXPARAM_Preprocessing_Dependency=-1;CPXPARAM_Preprocessing_Dual=0;CPXPARAM_Preprocessing_Fill=10;CPXPARAM_Preprocessing_NumPass=-1;CPXPARAM_Preprocessing_Presolve=1;CPXPARAM_Preprocessing_QPMakePSD=1;CPXPARAM_Preprocessing_Reduce=1;CPXPARAM_Preprocessing_Relax=-1;CPXPARAM_Preprocessing_RepeatPresolve=-1;CPXPARAM_Preprocessing_Symmetry=4;CPXPARAM_Read_Scale=0;CPXPARAM_Sifting_Algorithm=0;CPXPARAM_Simplex_Crash=1;CPXPARAM_Simplex_DGradient=2;CPXPARAM_Simplex_Limits_Perturbation=0;CPXPARAM_Simplex_Limits_Singularity=10;CPXPARAM_Simplex_PGradient=0;CPXPARAM_Simplex_Pricing=0;CPXPARAM_Simplex_Refactor=0
4172162493331199845,0,CPXPARAM_Advance=1;CPXPARAM_Barrier_Algorithm=3;CPXPARAM_Barrier_ColNonzeros=0;CPXPARAM_Barrier_Crossover=2;CPXPARAM_Barrier_Limits_Corrections=-1;CPXPARAM_Barrier_Ordering=0;CPXPARAM_Barrier_StartAlg=2;CPXPARAM_Emphasis_MIP=5;CPXPARAM_Emphasis_Memory=0;CPXPARAM_Emphasis_Numerical=0;CPXPARAM_Feasopt_Mode=0;CPXPARAM_LPMethod=0;CPXPARAM_MIP_Cuts_Cliques=3;CPXPARAM_MIP_Cuts_Covers=0;CPXPARAM_MIP_Cuts_Disjunctive=3;CPXPARAM_MIP_Cuts_FlowCovers=2;CPXPARAM_MIP_Cuts_GUBCovers=1;CPXPARAM_MIP_Cuts_Gomory=2;CPXPARAM_MIP_Cuts_Implied=2;CPXPARAM_MIP_Cuts_MIRCut=2;CPXPARAM_MIP_Cuts_PathCut=0;CPXPARAM_MIP_Limits_AggForCut=3;CPXPARAM_MIP_Limits_CutPasses=0;CPXPARAM_MIP_Limits_CutsFactor=-1;CPXPARAM_MIP_Limits_GomoryCand=25;CPXPARAM_MIP_Limits_GomoryPass=0;CPXPARAM_MIP_Limits_Nodes=9223372036800000000;CPXPARAM_MIP_Limits_ProbeTime=2;CPXPARAM_MIP_Limits_RepairTries=0;CPXPARAM_MIP_Limits_StrongCand=10;CPXPARAM_MIP_Limits_StrongIt=0;CPXPARAM_MIP_OrderType=0;CPXPARAM_MIP_Strategy_BBInterval=7;CPXPARAM_MIP_Strategy_Branch=0;CPXPARAM_MIP_Strategy_Dive=0;CPXPARAM_MIP_Strategy_File=1;CPXPARAM_MIP_Strategy_HeuristicFreq=0;CPXPARAM_MIP_Strategy_LBHeur=0;CPXPARAM_MIP_Strategy_NodeSelect=1;CPXPARAM_MIP_Strategy_Order=1;CPXPARAM_MIP_Strategy_PresolveNode=0;CPXPARAM_MIP_Strategy_Probe=3;CPXPARAM_MIP_Strategy_RINSHeur=0;CPXPARAM_MIP_Strategy_StartAlgorithm=2;CPXPARAM_MIP_Strategy_SubAlgorithm=3;CPXPARAM_MIP_Strategy_VariableSelect=4;CPXPARAM_Network_NetFind=2;CPXPARAM_Network_Pricing=0;CPXPARAM_Parallel=1;CPXPARAM_Preprocessing_Aggregator=-1;CPXPARAM_Preprocessing_BoundStrength=1;CPXPARAM_Preprocessing_CoeffReduce=-1;CPXPARAM_Preprocessing_Dependency=-1;CPXPARAM_Preprocessing_Dual=0;CPXPARAM_Preprocessing_Fill=10;CPXPARAM_Preprocessing_NumPass=-1;CPXPARAM_Preprocessing_Presolve=1;CPXPARAM_Preprocessing_QPMakePSD=1;CPXPARAM_Preprocessing_Reduce=2;CPXPARAM_Preprocessing_Relax=-1;CPXPARAM_Preprocessing_RepeatPresolve=-1;CPXPARAM_Preprocessing_Symmetry=4;CPXPARAM_Read_Scale=0;CPXPARAM_Sifting_Algorithm=0;CPXPARAM_Simplex_Crash=-1;CPXPARAM_Simplex_DGradient=1;CPXPARAM_Simplex_Limits_Perturbation=0;CPXPARAM_Simplex_Limits_Singularity=10;CPXPARAM_Simplex_PGradient=0;CPXPARAM_Simplex_Pricing=0;CPXPARAM_Simplex_Refactor=0
5282770799420523911,0,CPXPARAM_Advance=1;CPXPARAM_Barrier_Algorithm=0;CPXPARAM_Barrier_ColNonzeros=0;CPXPARAM_Barrier_Crossover=0;CPXPARAM_Barrier_Limits_Corrections=-1;CPXPARAM_Barrier_Ordering=0;CPXPARAM_Barrier_StartAlg=2;CPXPARAM_Emphasis_MIP=1;CPXPARAM_Emphasis_Memory=0;CPXPARAM_Emphasis_Numerical=0;CPXPARAM_Feasopt_Mode=0;CPXPARAM_LPMethod=0;CPXPARAM_MIP_Cuts_Cliques=0;CPXPARAM_MIP_Cuts_Covers=0;CPXPARAM_MIP_Cuts_Disjunctive=2;CPXPARAM_MIP_Cuts_FlowCovers=1;CPXPARAM_MIP_Cuts_GUBCovers=2;CPXPARAM_MIP_Cuts_Gomory=2;CPXPARAM_MIP_Cuts_Implied=1;CPXPARAM_MIP_Cuts_MIRCut=-1;CPXPARAM_MIP_Cuts_PathCut=2;CPXPARAM_MIP_Limits_AggForCut=3;CPXPARAM_MIP_Limits_CutPasses=0;CPXPARAM_MIP_Limits_CutsFactor=-1;CPXPARAM_MIP_Limits_GomoryCand=800;CPXPARAM_MIP_Limits_GomoryPass=0;CPXPARAM_MIP_Limits_Nodes=9223372036800000000;CPXPARAM_MIP_Limits_ProbeTime=0;CPXPARAM_MIP_Limits_RepairTries=0;CPXPARAM_MIP_Limits_StrongCand=10;CPXPARAM_MIP_Limits_StrongIt=0;CPXPARAM_MIP_OrderType=0;CPXPARAM_MIP_Strategy_BBInterval=7;CPXPARAM_MIP_Strategy_Branch=0;CPXPARAM_MIP_Strategy_Dive=0;CPXPARAM_MIP_Strategy_File=1;CPXPARAM_MIP_Strategy_HeuristicFreq=0;CPXPARAM_MIP_Strategy_LBHeur=0;CPXPARAM_MIP_Strategy_NodeSelect=1;CPXPARAM_MIP_Strategy_Order=1;CPXPARAM_MIP_Strategy_PresolveNode=0;CPXPARAM_MIP_Strategy_Probe=3;CPXPARAM_MIP_Strategy_RINSHeur=0;CPXPARAM_MIP_Strategy_StartAlgorithm=5;CPXPARAM_MIP_Strategy_SubAlgorithm=0;CPXPARAM_MIP_Strategy_VariableSelect=0;CPXPARAM_Network_NetFind=2;CPXPARAM_Network_Pricing=0;CPXPARAM_Parallel=1;CPXPARAM_Preprocessing_Aggregator=-1;CPXPARAM_Preprocessing_BoundStrength=-1;CPXPARAM_Preprocessing_CoeffReduce=-1;CPXPARAM_Preprocessing_Dependency=-1;CPXPARAM_Preprocessing_Dual=0;CPXPARAM_Preprocessing_Fill=10;CPXPARAM_Preprocessing_NumPass=-1;CPXPARAM_Preprocessing_Presolve=1;CPXPARAM_Preprocessing_QPMakePSD=1;CPXPARAM_Preprocessing_Reduce=0;CPXPARAM_Preprocessing_Relax=-1;CPXPARAM_Preprocessing_RepeatPresolve=-1;CPXPARAM_Preprocessing_Symmetry=4;CPXPARAM_Read_Scale=0;CPXPARAM_Sifting_Algorithm=0;CPXPARAM_Simplex_Crash=1;CPXPARAM_Simplex_DGradient=2;CPXPARAM_Simplex_Limits_Perturbation=0;CPXPARAM_Simplex_Limits_Singularity=10;CPXPARAM_Simplex_PGradient=0;CPXPARAM_Simplex_Pricing=0;CPXPARAM_Simplex_Refactor=0
1752911228386280230,0,CPXPARAM_Advance=1;CPXPARAM_Barrier_Algorithm=0;CPXPARAM_Barrier_ColNonzeros=0;CPXPARAM_Barrier_Crossover=0;CPXPARAM_Barrier_Limits_Corrections=-1;CPXPARAM_Barrier_Ordering=0;CPXPARAM_Barrier_StartAlg=3;CPXPARAM_Emphasis_MIP=5;CPXPARAM_Emphasis_Memory=0;CPXPARAM_Emphasis_Numerical=0;CPXPARAM_Feasopt_Mode=1;CPXPARAM_LPMethod=0;CPXPARAM_MIP_Cuts_Cliques=1;CPXPARAM_MIP_Cuts_Covers=0;CPXPARAM_MIP_Cuts_Disjunctive=3;CPXPARAM_MIP_Cuts_FlowCovers=1;CPXPARAM_MIP_Cuts_GUBCovers=0;CPXPARAM_MIP_Cuts_Gomory=1;CPXPARAM_MIP_Cuts_Implied=2;CPXPARAM_MIP_Cuts_MIRCut=1;CPXPARAM_MIP_Cuts_PathCut=-1;CPXPARAM_MIP_Limits_AggForCut=3;CPXPARAM_MIP_Limits_CutPasses=0;CPXPARAM_MIP_Limits_CutsFactor=-1;CPXPARAM_MIP_Limits_GomoryCand=150;CPXPARAM_MIP_Limits_GomoryPass=0;CPXPARAM_MIP_Limits_Nodes=9223372036800000000;CPXPARAM_MIP_Limits_ProbeTime=20;CPXPARAM_MIP_Limits_RepairTries=0;CPXPARAM_MIP_Limits_StrongCand=10;CPXPARAM_MIP_Limits_StrongIt=0;CPXPARAM_MIP_OrderType=0;CPXPARAM_MIP_Strategy_BBInterval=7;CPXPARAM_MIP_Strategy_Branch=1;CPXPARAM_MIP_Strategy_Dive=0;CPXPARAM_MIP_Strategy_File=1;CPXPARAM_MIP_Strategy_HeuristicFreq=0;CPXPARAM_MIP_Strategy_LBHeur=0;CPXPARAM_MIP_Strategy_NodeSelect=1;CPXPARAM_MIP_Strategy_Order=1;CPXPARAM_MIP_Strategy_PresolveNode=0;CPXPARAM_MIP_Strategy_Probe=3;CPXPARAM_MIP_Strategy_RINSHeur=0;CPXPARAM_MIP_Strategy_StartAlgorithm=1;CPXPARAM_MIP_Strategy_SubAlgorithm=4;CPXPARAM_MIP_Strategy_VariableSelect=0;CPXPARAM_Network_NetFind=2;CPXPARAM_Network_Pricing=0;CPXPARAM_Parallel=1;CPXPARAM_Preprocessing_Aggregator=-1;CPXPARAM_Preprocessing_BoundStrength=-1;CPXPARAM_Preprocessing_CoeffReduce=-1;CPXPARAM_Preprocessing_Dependency=-1;CPXPARAM_Preprocessing_Dual=0;CPXPARAM_Preprocessing_Fill=10;CPXPARAM_Preprocessing_NumPass=-1;CPXPARAM_Preprocessing_Presolve=1;CPXPARAM_Preprocessing_QPMakePSD=1;CPXPARAM_Preprocessing_Reduce=3;CPXPARAM_Preprocessing_Relax=-1;CPXPARAM_Preprocessing_RepeatPresolve=-1;CPXPARAM_Preprocessing_Symmetry=1;CPXPARAM_Read_Scale=0;CPXPARAM_Sifting_Algorithm=0;CPXPARAM_Simplex_Crash=0;CPXPARAM_Simplex_DGradient=0;CPXPARAM_Simplex_Limits_Perturbation=0;CPXPARAM_Simplex_Limits_Singularity=10;CPXPARAM_Simplex_PGradient=0;CPXPARAM_Simplex_Pricing=0;CPXPARAM_Simplex_Refactor=0
15860939039303464912,0,CPXPARAM_Advance=1;CPXPARAM_Barrier_Algorithm=0;CPXPARAM_Barrier_ColNonzeros=0;CPXPARAM_Barrier_Crossover=2;CPXPARAM_Barrier_Limits_Corrections=-1;CPXPARAM_Barrier_Ordering=0;CPXPARAM_Barrier_StartAlg=3;CPXPARAM_Emphasis_MIP=5;CPXPARAM_Emphasis_Memory=0;CPXPARAM_Emphasis_Numerical=0;CPXPARAM_Feasopt_Mode=1;CPXPARAM_LPMethod=0;CPXPARAM_MIP_Cuts_Cliques=1;CPXPARAM_MIP_Cuts_Covers=0;CPXPARAM_MIP_Cuts_Disjunctive=3;CPXPARAM_MIP_Cuts_FlowCovers=1;CPXPARAM_MIP_Cuts_GUBCovers=0;CPXPARAM_MIP_Cuts_Gomory=1;CPXPARAM_MIP_Cuts_Implied=2;CPXPARAM_MIP_Cuts_MIRCut=0;CPXPARAM_MIP_Cuts_PathCut=-1;CPXPARAM_MIP_Limits_AggForCut=3;CPXPARAM_MIP_Limits_CutPasses=0;CPXPARAM_MIP_Limits_CutsFactor=-1;CPXPARAM_MIP_Limits_GomoryCand=150;CPXPARAM_MIP_Limits_GomoryPass=0;CPXPARAM_MIP_Limits_Nodes=9223372036800000000;CPXPARAM_MIP_Limits_ProbeTime=20;CPXPARAM_MIP_Limits_RepairTries=0;CPXPARAM_MIP_Limits_StrongCand=10;CPXPARAM_MIP_Limits_StrongIt=0;CPXPARAM_MIP_OrderType=0;CPXPARAM_MIP_Strategy_BBInterval=7;CPXPARAM_MIP_Strategy_Branch=1;CPXPARAM_MIP_Strategy_Dive=0;CPXPARAM_MIP_Strategy_File=1;CPXPARAM_MIP_Strategy_HeuristicFreq=0;CPXPARAM_MIP_Strategy_LBHeur=0;CPXPARAM_MIP_Strategy_NodeSelect=1;CPXPARAM_MIP_Strategy_Order=1;CPXPARAM_MIP_Strategy_PresolveNode=0;CPXPARAM_MIP_Strategy_Probe=3;CPXPARAM_MIP_Strategy_RINSHeur=0;CPXPARAM_MIP_Strategy_StartAlgorithm=1;CPXPARAM_MIP_Strategy_SubAlgorithm=4;CPXPARAM_MIP_Strategy_VariableSelect=0;CPXPARAM_Network_NetFind=2;CPXPARAM_Network_Pricing=0;CPXPARAM_Parallel=1;CPXPARAM_Preprocessing_Aggregator=-1;CPXPARAM_Preprocessing_BoundStrength=-1;CPXPARAM_Preprocessing_CoeffReduce=-1;CPXPARAM_Preprocessing_Dependency=-1;CPXPARAM_Preprocessing_Dual=0;CPXPARAM_Preprocessing_Fill=10;CPXPARAM_Preprocessing_NumPass=-1;CPXPARAM_Preprocessing_Presolve=1;CPXPARAM_Preprocessing_QPMakePSD=1;CPXPARAM_Preprocessing_Reduce=3;CPXPARAM_Preprocessing_Relax=-1;CPXPARAM_Preprocessing_RepeatPresolve=-1;CPXPARAM_Preprocessing_Symmetry=1;CPXPARAM_Read_Scale=0;CPXPARAM_Sifting_Algorithm=0;CPXPARAM_Simplex_Crash=0;CPXPARAM_Simplex_DGradient=0;CPXPARAM_Simplex_Limits_Perturbation=0;CPXPARAM_Simplex_Limits_Singularity=10;CPXPARAM_Simplex_PGradient=0;CPXPARAM_Simplex_Pricing=0;CPXPARAM_Simplex_Refactor=0
17172958349703674220,0,CPXPARAM_Advance=1;CPXPARAM_Barrier_Algorithm=2;CPXPARAM_Barrier_ColNonzeros=0;CPXPARAM_Barrier_Crossover=1;CPXPARAM_Barrier_Limits_Corrections=-1;CPXPARAM_Barrier_Ordering=0;CPXPARAM_Barrier_StartAlg=2;CPXPARAM_Emphasis_MIP=2;CPXPARAM_Emphasis_Memory=0;CPXPARAM_Emphasis_Numerical=0;CPXPARAM_Feasopt_Mode=4;CPXPARAM_LPMethod=0;CPXPARAM_MIP_Cuts_Cliques=3;CPXPARAM_MIP_Cuts_Covers=0;CPXPARAM_MIP_Cuts_Disjunctive=3;CPXPARAM_MIP_Cuts_FlowCovers=0;CPXPARAM_MIP_Cuts_GUBCovers=-1;CPXPARAM_MIP_Cuts_Gomory=2;CPXPARAM_MIP_Cuts_Implied=2;CPXPARAM_MIP_Cuts_MIRCut=-1;CPXPARAM_MIP_Cuts_PathCut=2;CPXPARAM_MIP_Limits_AggForCut=3;CPXPARAM_MIP_Limits_CutPasses=0;CPXPARAM_MIP_Limits_CutsFactor=-1;CPXPARAM_MIP_Limits_GomoryCand=25;CPXPARAM_MIP_Limits_GomoryPass=0;CPXPARAM_MIP_Limits_Nodes=9223372036800000000;CPXPARAM_MIP_Limits_ProbeTime=5;CPXPARAM_MIP_Limits_RepairTries=0;CPXPARAM_MIP_Limits_StrongCand=10;CPXPARAM_MIP_Limits_StrongIt=0;CPXPARAM_MIP_OrderType=0;CPXPARAM_MIP_Strategy_BBInterval=7;CPXPARAM_MIP_Strategy_Branch=1;CPXPARAM_MIP_Strategy_Dive=0;CPXPARAM_MIP_Strategy_File=1;CPXPARAM_MIP_Strategy_HeuristicFreq=0;CPXPARAM_MIP_Strategy_LBHeur=0;CPXPARAM_MIP_Strategy_NodeSelect=1;CPXPARAM_MIP_Strategy_Order=1;CPXPARAM_MIP_Strategy_PresolveNode=0;CPXPARAM_MIP_Strategy_Probe=2;CPXPARAM_MIP_Strategy_RINSHeur=0;CPXPARAM_MIP_Strategy_StartAlgorithm=6;CPXPARAM_MIP_Strategy_SubAlgorithm=0;CPXPARAM_MIP_Strategy_VariableSelect=-1;CPXPARAM_Network_NetFind=2;CPXPARAM_Network_Pricing=0;CPXPARAM_Parallel=1;CPXPARAM_Preprocessing_Aggregator=-1;CPXPARAM_Preprocessing_BoundStrength=1;CPXPARAM_Preprocessing_CoeffReduce=-1;CPXPARAM_Preprocessing_Dependency=-1;CPXPARAM_Preprocessing_Dual=0;CPXPARAM_Preprocessing_Fill=10;CPXPARAM_Preprocessing_NumPass=-1;CPXPARAM_Preprocessing_Presolve=1;CPXPARAM_Preprocessing_QPMakePSD=1;CPXPARAM_Preprocessing_Reduce=1;CPXPARAM_Preprocessing_Relax=-1;CPXPARAM_Preprocessing_RepeatPresolve=-1;CPXPARAM_Preprocessing_Symmetry=2;CPXPARAM_Read_Scale=0;CPXPARAM_Sifting_Algorithm=0;CPXPARAM_Simplex_Crash=0;CPXPARAM_Simplex_DGradient=5;CPXPARAM_Simplex_Limits_Perturbation=0;CPXPARAM_Simplex_Limits_Singularity=10;CPXPARAM_Simplex_PGradient=0;CPXPARAM_Simplex_Pricing=0;CPXPARAM_Simplex_Refactor=0
10645366769149054682,0,CPXPARAM_Advance=1;CPXPARAM_Barrier_Algorithm=0;CPXPARAM_Barrier_ColNonzeros=0;CPXPARAM_Barrier_Crossover=0;CPXPARAM_Barrier_Limits_Corrections=-1;CPXPARAM_Barrier_Ordering=0;CPXPARAM_Barrier_StartAlg=3;CPXPARAM_Emphasis_MIP=5;CPXPARAM_Emphasis_Memory=0;CPXPARAM_Emphasis_Numerical=0;CPXPARAM_Feasopt_Mode=1;CPXPARAM_LPMethod=0;CPXPARAM_MIP_Cuts_Cliques=1;CPXPARAM_MIP_Cuts_Covers=0;CPXPARAM_MIP_Cuts_Disjunctive=3;CPXPARAM_MIP_Cuts_FlowCovers=1;CPXPARAM_MIP_Cuts_GUBCovers=0;CPXPARAM_MIP_Cuts_Gomory=1;CPXPARAM_MIP_Cuts_Implied=2;CPXPARAM_MIP_Cuts_MIRCut=0;CPXPARAM_MIP_Cuts_PathCut=-1;CPXPARAM_MIP_Limits_AggForCut=3;CPXPARAM_MIP_Limits_CutPasses=0;CPXPARAM_MIP_Limits_CutsFactor=-1;CPXPARAM_MIP_Limits_GomoryCand=150;CPXPARAM_MIP_Limits_GomoryPass=0;CPXPARAM_MIP_Limits_Nodes=9223372036800000000;CPXPARAM_MIP_Limits_ProbeTime=20;CPXPARAM_MIP_Limits_RepairTries=0;CPXPARAM_MIP_Limits_StrongCand=10;CPXPARAM_MIP_Limits_StrongIt=0;CPXPARAM_MIP_OrderType=0;CPXPARAM_MIP_Strategy_BBInterval=7;CPXPARAM_MIP_Strategy_Branch=1;CPXPARAM_MIP_Strategy_Dive=0;CPXPARAM_MIP_Strategy_File=1;CPXPARAM_MIP_Strategy_HeuristicFreq=0;CPXPARAM_MIP_Strategy_LBHeur=0;CPXPARAM_MIP_Strategy_NodeSelect=1;CPXPARAM_MIP_Strategy_Order=1;CPXPARAM_MIP_Strategy_PresolveNode=0;CPXPARAM_MIP_Strategy_Probe=3;CPXPARAM_MIP_Strategy_RINSHeur=0;CPXPARAM_MIP_Strategy_StartAlgorithm=5;CPXPARAM_MIP_Strategy_SubAlgorithm=4;CPXPARAM_MIP_Strategy_VariableSelect=0;CPXPARAM_Network_NetFind=2;CPXPARAM_Network_Pricing=0;CPXPARAM_Parallel=1;CPXPARAM_Preprocessing_Aggregator=-1;CPXPARAM_Preprocessing_BoundStrength=-1;CPXPARAM_Preprocessing_CoeffReduce=-1;CPXPARAM_Preprocessing_Dependency=-1;CPXPARAM_Preprocessing_Dual=0;CPXPARAM_Preprocessing_Fill=10;CPXPARAM_Preprocessing_NumPass=-1;CPXPARAM_Preprocessing_Presolve=1;CPXPARAM_Preprocessing_QPMakePSD=1;CPXPARAM_Preprocessing_Reduce=3;CPXPARAM_Preprocessing_Relax=-1;CPXPARAM_Preprocessing_RepeatPresolve=-1;CPXPARAM_Preprocessing_Symmetry=1;CPXPARAM_Read_Scale=0;CPXPARAM_Sifting_Algorithm=0;CPXPARAM_Simplex_Crash=0;CPXPARAM_Simplex_DGradient=0;CPXPARAM_Simplex_Limits_Perturbation=0;CPXPARAM_Simplex_Limits_Singularity=10;CPXPARAM_Simplex_PGradient=0;CPXPARAM_Simplex_Pricing=0;CPXPARAM_Simplex_Refactor=0
2879514733526027834,0,CPXPARAM_Advance=1;CPXPARAM_Barrier_Algorithm=0;CPXPARAM_Barrier_ColNonzeros=0;CPXPARAM_Barrier_Crossover=0;CPXPARAM_Barrier_Limits_Corrections=-1;CPXPARAM_Barrier_Ordering=0;CPXPARAM_Barrier_StartAlg=2;CPXPARAM_Emphasis_MIP=1;CPXPARAM_Emphasis_Memory=0;CPXPARAM_Emphasis_Numerical=0;CPXPARAM_Feasopt_Mode=0;CPXPARAM_LPMethod=0;CPXPARAM_MIP_Cuts_Cliques=0;CPXPARAM_MIP_Cuts_Covers=0;CPXPARAM_MIP_Cuts_Disjunctive=2;CPXPARAM_MIP_Cuts_FlowCovers=1;CPXPARAM_MIP_Cuts_GUBCovers=2;CPXPARAM_MIP_Cuts_Gomory=2;CPXPARAM_MIP_Cuts_Implied=1;CPXPARAM_MIP_Cuts_MIRCut=-1;CPXPARAM_MIP_Cuts_PathCut=2;CPXPARAM_MIP_Limits_AggForCut=3;CPXPARAM_MIP_Limits_CutPasses=0;CPXPARAM_MIP_Limits_CutsFactor=-1;CPXPARAM_MIP_Limits_GomoryCand=800;CPXPARAM_MIP_Limits_GomoryPass=0;CPXPARAM_MIP_Limits_Nodes=9223372036800000000;CPXPARAM_MIP_Limits_ProbeTime=0;CPXPARAM_MIP_Limits_RepairTries=0;CPXPARAM_MIP_Limits_StrongCand=10;CPXPARAM_MIP_Limits_StrongIt=0;CPXPARAM_MIP_OrderType=0;CPXPARAM_MIP_Strategy_BBInterval=7;CPXPARAM_MIP_Strategy_Branch=0;CPXPARAM_MIP_Strategy_Dive=0;CPXPARAM_MIP_Strategy_File=1;CPXPARAM_MIP_Strategy_HeuristicFreq=0;CPXPARAM_MIP_Strategy_LBHeur=0;CPXPARAM_MIP_Strategy_NodeSelect=1;CPXPARAM_MIP_Strategy_Order=1;CPXPARAM_MIP_Strategy_PresolveNode=0;CPXPARAM_MIP_Strategy_Probe=3;CPXPARAM_MIP_Strategy_RINSHeur=0;CPXPARAM_MIP_Strategy_StartAlgorithm=5;CPXPARAM_MIP_Strategy_SubAlgorithm=0;CPXPARAM_MIP_Strategy_VariableSelect=0;CPXPARAM_Network_NetFind=2;CPXPARAM_Network_Pricing=0;CPXPARAM_Parallel=1;CPXPARAM_Preprocessing_Aggregator=-1;CPXPARAM_Preprocessing_BoundStrength=-1;CPXPARAM_Preprocessing_CoeffReduce=-1;CPXPARAM_Preprocessing_Dependency=-1;CPXPARAM_Preprocessing_Dual=0;CPXPARAM_Preprocessing_Fill=10;CPXPARAM_Preprocessing_NumPass=-1;CPXPARAM_Preprocessing_Presolve=1;CPXPARAM_Preprocessing_QPMakePSD=1;CPXPARAM_Preprocessing_Reduce=2;CPXPARAM_Preprocessing_Relax=-1;CPXPARAM_Preprocessing_RepeatPresolve=-1;CPXPARAM_Preprocessing_Symmetry=4;CPXPARAM_Read_Scale=0;CPXPARAM_Sifting_Algorithm=0;CPXPARAM_Simplex_Crash=1;CPXPARAM_Simplex_DGradient=2;CPXPARAM_Simplex_Limits_Perturbation=0;CPXPARAM_Simplex_Limits_Singularity=10;CPXPARAM_Simplex_PGradient=0;CPXPARAM_Simplex_Pricing=0;CPXPARAM_Simplex_Refactor=0
1123221935452192493,0,CPXPARAM_Advance=1;CPXPARAM_Barrier_Algorithm=0;CPXPARAM_Barrier_ColNonzeros=0;CPXPARAM_Barrier_Crossover=0;CPXPARAM_Barrier_Limits_Corrections=-1;CPXPARAM_Barrier_Ordering=0;CPXPARAM_Barrier_StartAlg=3;CPXPARAM_Emphasis_MIP=5;CPXPARAM_Emphasis_Memory=0;CPXPARAM_Emphasis_Numerical=0;CPXPARAM_Feasopt_Mode=1;CPXPARAM_LPMethod=0;CPXPARAM_MIP_Cuts_Cliques=1;CPXPARAM_MIP_Cuts_Covers=0;CPXPARAM_MIP_Cuts_Disjunctive=3;CPXPARAM_MIP_Cuts_FlowCovers=1;CPXPARAM_MIP_Cuts_GUBCovers=0;CPXPARAM_MIP_Cuts_Gomory=1;CPXPARAM_MIP_Cuts_Implied=0;CPXPARAM_MIP_Cuts_MIRCut=0;CPXPARAM_MIP_Cuts_PathCut=-1;CPXPARAM_MIP_Limits_AggForCut=3;CPXPARAM_MIP_Limits_CutPasses=0;CPXPARAM_MIP_Limits_CutsFactor=-1;CPXPARAM_MIP_Limits_GomoryCand=150;CPXPARAM_MIP_Limits_GomoryPass=0;CPXPARAM_MIP_Limits_Nodes=9223372036800000000;CPXPARAM_MIP_Limits_ProbeTime=20;CPXPARAM_MIP_Limits_RepairTries=0;CPXPARAM_MIP_Limits_StrongCand=10;CPXPARAM_MIP_Limits_StrongIt=0;CPXPARAM_MIP_OrderType=0;CPXPARAM_MIP_Strategy_BBInterval=7;CPXPARAM_MIP_Strategy_Branch=1;CPXPARAM_MIP_Strategy_Dive=0;CPXPARAM_MIP_Strategy_File=1;CPXPARAM_MIP_Strategy_HeuristicFreq=0;CPXPARAM_MIP_Strategy_LBHeur=0;CPXPARAM_MIP_Strategy_NodeSelect=1;CPXPARAM_MIP_Strategy_Order=1;CPXPARAM_MIP_Strategy_PresolveNode=0;CPXPARAM_MIP_Strategy_Probe=3;CPXPARAM_MIP_Strategy_RINSHeur=0;CPXPARAM_MIP_Strategy_StartAlgorithm=1;CPXPARAM_MIP_Strategy_SubAlgorithm=4;CPXPARAM_MIP_Strategy_VariableSelect=0;CPXPARAM_Network_NetFind=2;CPXPARAM_Network_Pricing=0;CPXPARAM_Parallel=1;CPXPARAM_Preprocessing_Aggregator=-1;CPXPARAM_Preprocessing_BoundStrength=-1;CPXPARAM_Preprocessing_CoeffReduce=-1;CPXPARAM_Preprocessing_Dependency=-1;CPXPARAM_Preprocessing_Dual=0;CPXPARAM_Preprocessing_Fill=10;CPXPARAM_Preprocessing_NumPass=-1;CPXPARAM_Preprocessing_Presolve=1;CPXPARAM_Preprocessing_QPMakePSD=1;CPXPARAM_Preprocessing_Reduce=3;CPXPARAM_Preprocessing_Relax=-1;CPXPARAM_Preprocessing_RepeatPresolve=-1;CPXPARAM_Preprocessing_Symmetry=1;CPXPARAM_Read_Scale=0;CPXPARAM_Sifting_Algorithm=0;CPXPARAM_Simplex_Crash=0;CPXPARAM_Simplex_DGradient=0;CPXPARAM_Simplex_Limits_Perturbation=0;CPXPARAM_Simplex_Limits_Singularity=10;CPXPARAM_Simplex_PGradient=0;CPXPARAM_Simplex_Pricing=0;CPXPARAM_Simplex_Refactor=0
17283172896773868381,0,CPXPARAM_Advance=1;CPXPARAM_Barrier_Algorithm=0;CPXPARAM_Barrier_ColNonzeros=0;CPXPARAM_Barrier_Crossover=0;CPXPARAM_Barrier_Limits_Corrections=-1;CPXPARAM_Barrier_Ordering=0;CPXPARAM_Barrier_StartAlg=4;CPXPARAM_Emphasis_MIP=5;CPXPARAM_Emphasis_Memory=0;CPXPARAM_Emphasis_Numerical=0;CPXPARAM_Feasopt_Mode=1;CPXPARAM_LPMethod=0;CPXPARAM_MIP_Cuts_Cliques=1;CPXPARAM_MIP_Cuts_Covers=0;CPXPARAM_MIP_Cuts_Disjunctive=3;CPXPARAM_MIP_Cuts_FlowCovers=1;CPXPARAM_MIP_Cuts_GUBCovers=0;CPXPARAM_MIP_Cuts_Gomory=1;CPXPARAM_MIP_Cuts_Implied=2;CPXPARAM_MIP_Cuts_MIRCut=0;CPXPARAM_MIP_Cuts_PathCut=-1;CPXPARAM_MIP_Limits_AggForCut=3;CPXPARAM_MIP_Limits_CutPasses=0;CPXPARAM_MIP_Limits_CutsFactor=-1;CPXPARAM_MIP_Limits_GomoryCand=150;CPXPARAM_MIP_Limits_GomoryPass=0;CPXPARAM_MIP_Limits_Nodes=9223372036800000000;CPXPARAM_MIP_Limits_ProbeTime=20;CPXPARAM_MIP_Limits_RepairTries=0;CPXPARAM_MIP_Limits_StrongCand=10;CPXPARAM_MIP_Limits_StrongIt=0;CPXPARAM_MIP_OrderType=0;CPXPARAM_MIP_Strategy_BBInterval=7;CPXPARAM_MIP_Strategy_Branch=1;CPXPARAM_MIP_Strategy_Dive=0;CPXPARAM_MIP_Strategy_File=1;CPXPARAM_MIP_Strategy_HeuristicFreq=0;CPXPARAM_MIP_Strategy_LBHeur=0;CPXPARAM_MIP_Strategy_NodeSelect=1;CPXPARAM_MIP_Strategy_Order=1;CPXPARAM_MIP_Strategy_PresolveNode=0;CPXPARAM_MIP_Strategy_Probe=3;CPXPARAM_MIP_Strategy_RINSHeur=0;CPXPARAM_MIP_Strategy_StartAlgorithm=1;CPXPARAM_MIP_Strategy_SubAlgorithm=4;CPXPARAM_MIP_Strategy_VariableSelect=0;CPXPARAM_Network_NetFind=2;CPXPARAM_Network_Pricing=0;CPXPARAM_Parallel=1;CPXPARAM_Preprocessing_Aggregator=-1;CPXPARAM_Preprocessing_BoundStrength=-1;CPXPARAM_Preprocessing_CoeffReduce=-1;CPXPARAM_Preprocessing_Dependency=-1;CPXPARAM_Preprocessing_Dual=0;CPXPARAM_Preprocessing_Fill=10;CPXPARAM_Preprocessing_NumPass=-1;CPXPARAM_Preprocessing_Presolve=1;CPXPARAM_Preprocessing_QPMakePSD=1;CPXPARAM_Preprocessing_Reduce=3;CPXPARAM_Preprocessing_Relax=-1;CPXPARAM_Preprocessing_RepeatPresolve=-1;CPXPARAM_Preprocessing_Symmetry=1;CPXPARAM_Read_Scale=0;CPXPARAM_Sifting_Algorithm=0;CPXPARAM_Simplex_Crash=0;CPXPARAM_Simplex_DGradient=0;CPXPARAM_Simplex_Limits_Perturbation=0;CPXPARAM_Simplex_Limits_Singularity=10;CPXPARAM_Simplex_PGradient=0;CPXPARAM_Simplex_Pricing=0;CPXPARAM_Simplex_Refactor=0
14968170417610618121,0,CPXPARAM_Advance=1;CPXPARAM_Barrier_Algorithm=0;CPXPARAM_Barrier_ColNonzeros=0;CPXPARAM_Barrier_Crossover=0;CPXPARAM_Barrier_Limits_Corrections=-1;CPXPARAM_Barrier_Ordering=0;CPXPARAM_Barrier_StartAlg=3;CPXPARAM_Emphasis_MIP=5;CPXPARAM_Emphasis_Memory=0;CPXPARAM_Emphasis_Numerical=0;CPXPARAM_Feasopt_Mode=1;CPXPARAM_LPMethod=0;CPXPARAM_MIP_Cuts_Cliques=1;CPXPARAM_MIP_Cuts_Covers=0;CPXPARAM_MIP_Cuts_Disjunctive=3;CPXPARAM_MIP_Cuts_FlowCovers=1;CPXPARAM_MIP_Cuts_GUBCovers=0;CPXPARAM_MIP_Cuts_Gomory=1;CPXPARAM_MIP_Cuts_Implied=2;CPXPARAM_MIP_Cuts_MIRCut=0;CPXPARAM_MIP_Cuts_PathCut=-1;CPXPARAM_MIP_Limits_AggForCut=3;CPXPARAM_MIP_Limits_CutPasses=0;CPXPARAM_MIP_Limits_CutsFactor=-1;CPXPARAM_MIP_Limits_GomoryCand=150;CPXPARAM_MIP_Limits_GomoryPass=0;CPXPARAM_MIP_Limits_Nodes=9223372036800000000;CPXPARAM_MIP_Limits_ProbeTime=20;CPXPARAM_MIP_Limits_RepairTries=0;CPXPARAM_MIP_Limits_StrongCand=10;CPXPARAM_MIP_Limits_StrongIt=0;CPXPARAM_MIP_OrderType=0;CPXPARAM_MIP_Strategy_BBInterval=7;CPXPARAM_MIP_Strategy_Branch=1;CPXPARAM_MIP_Strategy_Dive=0;CPXPARAM_MIP_Strategy_File=1;CPXPARAM_MIP_Strategy_HeuristicFreq=0;CPXPARAM_MIP_Strategy_LBHeur=0;CPXPARAM_MIP_Strategy_NodeSelect=1;CPXPARAM_MIP_Strategy_Order=1;CPXPARAM_MIP_Strategy_PresolveNode=0;CPXPARAM_MIP_Strategy_Probe=3;CPXPARAM_MIP_Strategy_RINSHeur=0;CPXPARAM_MIP_Strategy_StartAlgorithm=1;CPXPARAM_MIP_Strategy_SubAlgorithm=4;CPXPARAM_MIP_Strategy_VariableSelect=0;CPXPARAM_Network_NetFind=2;CPXPARAM_Network_Pricing=0;CPXPARAM_Parallel=1;CPXPARAM_Preprocessing_Aggregator=-1;CPXPARAM_Preprocessing_BoundStrength=-1;CPXPARAM_Preprocessing_CoeffReduce=-1;CPXPARAM_Preprocessing_Dependency=-1;CPXPARAM_Preprocessing_Dual=0;CPXPARAM_Preprocessing_Fill=10;CPXPARAM_Preprocessing_NumPass=-1;CPXPARAM_Preprocessing_Presolve=1;CPXPARAM_Preprocessing_QPMakePSD=1;CPXPARAM_Preprocessing_Reduce=3;CPXPARAM_Preprocessing_Relax=-1;CPXPARAM_Preprocessing_RepeatPresolve=-1;CPXPARAM_Preprocessing_Symmetry=1;CPXPARAM_Read_Scale=0;CPXPARAM_Sifting_Algorithm=0;CPXPARAM_Simplex_Crash=0;CPXPARAM_Simplex_DGradient=1;CPXPARAM_Simplex_Limits_Perturbation=0;CPXPARAM_Simplex_Limits_Singularity=10;CPXPARAM_Simplex_PGradient=0;CPXPARAM_Simplex_Pricing=0;CPXPARAM_Simplex_Refactor=0
14773776358196383772,0,CPXPARAM_Advance=1;CPXPARAM_Barrier_Algorithm=0;CPXPARAM_Barrier_ColNonzeros=0;CPXPARAM_Barrier_Crossover=0;CPXPARAM_Barrier_Limits_Corrections=-1;CPXPARAM_Barrier_Ordering=0;CPXPARAM_Barrier_StartAlg=3;CPXPARAM_Emphasis_MIP=5;CPXPARAM_Emphasis_Memory=0;CPXPARAM_Emphasis_Numerical=0;CPXPARAM_Feasopt_Mode=1;CPXPARAM_LPMethod=0;CPXPARAM_MIP_Cuts_Cliques=1;CPXPARAM_MIP_Cuts_Covers=0;CPXPARAM_MIP_Cuts_Disjunctive=1;CPXPARAM_MIP_Cuts_FlowCovers=1;CPXPARAM_MIP_Cuts_GUBCovers=0;CPXPARAM_MIP_Cuts_Gomory=1;CPXPARAM_MIP_Cuts_Implied=2;CPXPARAM_MIP_Cuts_MIRCut=0;CPXPARAM_MIP_Cuts_PathCut=-1;CPXPARAM_MIP_Limits_AggForCut=3;CPXPARAM_MIP_Limits_CutPasses=0;CPXPARAM_MIP_Limits_CutsFactor=-1;CPXPARAM_MIP_Limits_GomoryCand=150;CPXPARAM_MIP_Limits_GomoryPass=0;CPXPARAM_MIP_Limits_Nodes=9223372036800000000;CPXPARAM_MIP_Limits_ProbeTime=20;CPXPARAM_MIP_Limits_RepairTries=0;CPXPARAM_MIP_Limits_StrongCand=10;CPXPARAM_MIP_Limits_StrongIt=0;CPXPARAM_MIP_OrderType=0;CPXPARAM_MIP_Strategy_BBInterval=7;CPXPARAM_MIP_Strategy_Branch=1;CPXPARAM_MIP_Strategy_Dive=0;CPXPARAM_MIP_Strategy_File=1;CPXPARAM_MIP_Strategy_HeuristicFreq=0;CPXPARAM_MIP_Strategy_LBHeur=0;CPXPARAM_MIP_Strategy_NodeSelect=1;CPXPARAM_MIP_Strategy_Order=1;CPXPARAM_MIP_Strategy_PresolveNode=0;CPXPARAM_MIP_Strategy_Probe=3;CPXPARAM_MIP_Strategy_RINSHeur=0;CPXPARAM_MIP_Strategy_StartAlgorithm=1;CPXPARAM_MIP_Strategy_SubAlgorithm=4;CPXPARAM_MIP_Strategy_VariableSelect=0;CPXPARAM_Network_NetFind=2;CPXPARAM_Network_Pricing=0;CPXPARAM_Parallel=1;CPXPARAM_Preprocessing_Aggregator=-1;CPXPARAM_Preprocessing_BoundStrength=-1;CPXPARAM_Preprocessing_CoeffReduce=-1;CPXPARAM_Preprocessing_Dependency=-1;CPXPARAM_Preprocessing_Dual=0;CPXPARAM_Preprocessing_Fill=10;CPXPARAM_Preprocessing_NumPass=-1;CPXPARAM_Preprocessing_Presolve=1;CPXPARAM_Preprocessing_QPMakePSD=1;CPXPARAM_Preprocessing_Reduce=3;CPXPARAM_Preprocessing_Relax=-1;CPXPARAM_Preprocessing_RepeatPresolve=-1;CPXPARAM_Preprocessing_Symmetry=1;CPXPARAM_Read_Scale=0;CPXPARAM_Sifting_Algorithm=0;CPXPARAM_Simplex_Crash=0;CPXPARAM_Simplex_DGradient=0;CPXPARAM_Simplex_Limits_Perturbation=0;CPXPARAM_Simplex_Limits_Singularity=10;CPXPARAM_Simplex_PGradient=0;CPXPARAM_Simplex_Pricing=0;CPXPARAM_Simplex_Refactor=0
12563597031845113648,0,CPXPARAM_Advance=1;CPXPARAM_Barrier_Algorithm=0;CPXPARAM_Barrier_ColNonzeros=0;CPXPARAM_Barrier_Crossover=0;CPXPARAM_Barrier_Limits_Corrections=-1;CPXPARAM_Barrier_Ordering=0;CPXPARAM_Barrier_StartAlg=3;CPXPARAM_Emphasis_MIP=5;CPXPARAM_Emphasis_Memory=0;CPXPARAM_Emphasis_Numerical=0;CPXPARAM_Feasopt_Mode=1;CPXPARAM_LPMethod=0;CPXPARAM_MIP_Cuts_Cliques=1;CPXPARAM_MIP_Cuts_Covers=0;CPXPARAM_MIP_Cuts_Disjunctive=3;CPXPARAM_MIP_Cuts_FlowCovers=1;CPXPARAM_MIP_Cuts_GUBCovers=0;CPXPARAM_MIP_Cuts_Gomory=-1;CPXPARAM_MIP_Cuts_Implied=2;CPXPARAM_MIP_Cuts_MIRCut=0;CPXPARAM_MIP_Cuts_PathCut=-1;CPXPARAM_MIP_Limits_AggForCut=3;CPXPARAM_MIP_Limits_CutPasses=0;CPXPARAM_MIP_Limits_CutsFactor=-1;CPXPARAM_MIP_Limits_GomoryCand=150;CPXPARAM_MIP_Limits_GomoryPass=0;CPXPARAM_MIP_Limits_Nodes=9223372036800000000;CPXPARAM_MIP_Limits_ProbeTime=20;CPXPARAM_MIP_Limits_RepairTries=0;CPXPARAM_MIP_Limits_StrongCand=10;CPXPARAM_MIP_Limits_StrongIt=0;CPXPARAM_MIP_OrderType=0;CPXPARAM_MIP_Strategy_BBInterval=7;CPXPARAM_MIP_Strategy_Branch=1;CPXPARAM_MIP_Strategy_Dive=0;CPXPARAM_MIP_Strategy_File=1;CPXPARAM_MIP_Strategy_HeuristicFreq=0;CPXPARAM_MIP_Strategy_LBHeur=0;CPXPARAM_MIP_Strategy_NodeSelect=1;CPXPARAM_MIP_Strategy_Order=1;CPXPARAM_MIP_Strategy_PresolveNode=0;CPXPARAM_MIP_Strategy_Probe=3;CPXPARAM_MIP_Strategy_RINSHeur=0;CPXPARAM_MIP_Strategy_StartAlgorithm=1;CPXPARAM_MIP_Strategy_SubAlgorithm=4;CPXPARAM_MIP_Strategy_VariableSelect=0;CPXPARAM_Network_NetFind=2;CPXPARAM_Network_Pricing=0;CPXPARAM_Parallel=1;CPXPARAM_Preprocessing_Aggregator=-1;CPXPARAM_Preprocessing_BoundStrength=-1;CPXPARAM_Preprocessing_CoeffReduce=-1;CPXPARAM_Preprocessing_Dependency=-1;CPXPARAM_Preprocessing_Dual=0;CPXPARAM_Preprocessing_Fill=10;CPXPARAM_Preprocessing_NumPass=-1;CPXPARAM_Preprocessing_Presolve=1;CPXPARAM_Preprocessing_QPMakePSD=1;CPXPARAM_Preprocessing_Reduce=3;CPXPARAM_Preprocessing_Relax=-1;CPXPARAM_Preprocessing_RepeatPresolve=-1;CPXPARAM_Preprocessing_Symmetry=1;CPXPARAM_Read_Scale=0;CPXPARAM_Sifting_Algorithm=0;CPXPARAM_Simplex_Crash=0;CPXPARAM_Simplex_DGradient=0;CPXPARAM_Simplex_Limits_Perturbation=0;CPXPARAM_Simplex_Limits_Singularity=10;CPXPARAM_Simplex_PGradient=0;CPXPARAM_Simplex_Pricing=0;CPXPARAM_Simplex_Refactor=0
8102288794874793308,0,CPXPARAM_Advance=1;CPXPARAM_Barrier_Algorithm=0;CPXPARAM_Barrier_ColNonzeros=0;CPXPARAM_Barrier_Crossover=0;CPXPARAM_Barrier_Limits_Corrections=-1;CPXPARAM_Barrier_Ordering=0;CPXPARAM_Barrier_StartAlg=3;CPXPARAM_Emphasis_MIP=5;CPXPARAM_Emphasis_Memory=0;CPXPARAM_Emphasis_Numerical=0;CPXPARAM_Feasopt_Mode=1;CPXPARAM_LPMethod=0;CPXPARAM_MIP_Cuts_Cliques=1;CPXPARAM_MIP_Cuts_Covers=0;CPXPARAM_MIP_Cuts_Disjunctive=3;CPXPARAM_MIP_Cuts_FlowCovers=1;CPXPARAM_MIP_Cuts_GUBCovers=0;CPXPARAM_MIP_Cuts_Gomory=1;CPXPARAM_MIP_Cuts_Implied=2;CPXPARAM_MIP_Cuts_MIRCut=-1;CPXPARAM_MIP_Cuts_PathCut=-1;CPXPARAM_MIP_Limits_AggForCut=3;CPXPARAM_MIP_Limits_CutPasses=0;CPXPARAM_MIP_Limits_CutsFactor=-1;CPXPARAM_MIP_Limits_GomoryCand=150;CPXPARAM_MIP_Limits_GomoryPass=0;CPXPARAM_MIP_Limits_Nodes=9223372036800000000;CPXPARAM_MIP_Limits_ProbeTime=20;CPXPARAM_MIP_Limits_RepairTries=0;CPXPARAM_MIP_Limits_StrongCand=10;CPXPARAM_MIP_Limits_StrongIt=0;CPXPARAM_MIP_OrderType=0;CPXPARAM_MIP_Strategy_BBInterval=7;CPXPARAM_MIP_Strategy_Branch=1;CPXPARAM_MIP_Strategy_Dive=0;CPXPARAM_MIP_Strategy_File=1;CPXPARAM_MIP_Strategy_HeuristicFreq=0;CPXPARAM_MIP_Strategy_LBHeur=0;CPXPARAM_MIP_Strategy_NodeSelect=1;CPXPARAM_MIP_Strategy_Order=1;CPXPARAM_MIP_Strategy_PresolveNode=0;CPXPARAM_MIP_Strategy_Probe=3;CPXPARAM_MIP_Strategy_RINSHeur=0;CPXPARAM_MIP_Strategy_StartAlgorithm=1;CPXPARAM_MIP_Strategy_SubAlgorithm=4;CPXPARAM_MIP_Strategy_VariableSelect=0;CPXPARAM_Network_NetFind=2;CPXPARAM_Network_Pricing=0;CPXPARAM_Parallel=1;CPXPARAM_Preprocessing_Aggregator=-1;CPXPARAM_Preprocessing_BoundStrength=-1;CPXPARAM_Preprocessing_CoeffReduce=-1;CPXPARAM_Preprocessing_Dependency=-1;CPXPARAM_Preprocessing_Dual=0;CPXPARAM_Preprocessing_Fill=10;CPXPARAM_Preprocessing_NumPass=-1;CPXPARAM_Preprocessing_Presolve=1;CPXPARAM_Preprocessing_QPMakePSD=1;CPXPARAM_Preprocessing_Reduce=3;CPXPARAM_Preprocessing_Relax=-1;CPXPARAM_Preprocessing_RepeatPresolve=-1;CPXPARAM_Preprocessing_Symmetry=1;CPXPARAM_Read_Scale=0;CPXPARAM_Sifting_Algorithm=0;CPXPARAM_Simplex_Crash=0;CPXPARAM_Simplex_DGradient=0;CPXPARAM_Simplex_Limits_Perturbation=0;CPXPARAM_Simplex_Limits_Singularity=10;CPXPARAM_Simplex_PGradient=0;CPXPARAM_Simplex_Pricing=0;CPXPARAM_Simplex_Refactor=0
17842491804267368744,0,CPXPARAM_Advance=1;CPXPARAM_Barrier_Algorithm=0;CPXPARAM_Barrier_ColNonzeros=0;CPXPARAM_Barrier_Crossover=0;CPXPARAM_Barrier_Limits_Corrections=-1;CPXPARAM_Barrier_Ordering=0;CPXPARAM_Barrier_StartAlg=3;CPXPARAM_Emphasis_MIP=5;CPXPARAM_Emphasis_Memory=0;CPXPARAM_Emphasis_Numerical=0;CPXPARAM_Feasopt_Mode=1;CPXPARAM_LPMethod=0;CPXPARAM_MIP_Cuts_Cliques=1;CPXPARAM_MIP_Cuts_Covers=0;CPXPARAM_MIP_Cuts_Disjunctive=3;CPXPARAM_MIP_Cuts_FlowCovers=1;CPXPARAM_MIP_Cuts_GUBCovers=0;CPXPARAM_MIP_Cuts_Gomory=1;CPXPARAM_MIP_Cuts_Implied=2;CPXPARAM_MIP_Cuts_MIRCut=0;CPXPARAM_MIP_Cuts_PathCut=-1;CPXPARAM_MIP_Limits_AggForCut=3;CPXPARAM_MIP_Limits_CutPasses=0;CPXPARAM_MIP_Limits_CutsFactor=-1;CPXPARAM_MIP_Limits_GomoryCand=150;CPXPARAM_MIP_Limits_GomoryPass=0;CPXPARAM_MIP_Limits_Nodes=9223372036800000000;CPXPARAM_MIP_Limits_ProbeTime=20;CPXPARAM_MIP_Limits_RepairTries=0;CPXPARAM_MIP_Limits_StrongCand=10;CPXPARAM_MIP_Limits_StrongIt=0;CPXPARAM_MIP_OrderType=0;CPXPARAM_MIP_Strategy_BBInterval=7;CPXPARAM_MIP_Strategy_Branch=1;CPXPARAM_MIP_Strategy_Dive=0;CPXPARAM_MIP_Strategy_File=1;CPXPARAM_MIP_Strategy_HeuristicFreq=0;CPXPARAM_MIP_Strategy_LBHeur=0;CPXPARAM_MIP_Strategy_NodeSelect=1;CPXPARAM_MIP_Strategy_Order=1;CPXPARAM_MIP_Strategy_PresolveNode=0;CPXPARAM_MIP_Strategy_Probe=3;CPXPARAM_MIP_Strategy_RINSHeur=0;CPXPARAM_MIP_Strategy_StartAlgorithm=1;CPXPARAM_MIP_Strategy_SubAlgorithm=4;CPXPARAM_MIP_Strategy_VariableSelect=-1;CPXPARAM_Network_NetFind=2;CPXPARAM_Network_Pricing=0;CPXPARAM_Parallel=1;CPXPARAM_Preprocessing_Aggregator=-1;CPXPARAM_Preprocessing_BoundStrength=-1;CPXPARAM_Preprocessing_CoeffReduce=-1;CPXPARAM_Preprocessing_Dependency=-1;CPXPARAM_Preprocessing_Dual=0;CPXPARAM_Preprocessing_Fill=10;CPXPARAM_Preprocessing_NumPass=-1;CPXPARAM_Preprocessing_Presolve=1;CPXPARAM_Preprocessing_QPMakePSD=1;CPXPARAM_Preprocessing_Reduce=3;CPXPARAM_Preprocessing_Relax=-1;CPXPARAM_Preprocessing_RepeatPresolve=-1;CPXPARAM_Preprocessing_Symmetry=1;CPXPARAM_Read_Scale=0;CPXPARAM_Sifting_Algorithm=0;CPXPARAM_Simplex_Crash=0;CPXPARAM_Simplex_DGradient=0;CPXPARAM_Simplex_Limits_Perturbation=0;CPXPARAM_Simplex_Limits_Singularity=10;CPXPARAM_Simplex_PGradient=0;CPXPARAM_Simplex_Pricing=0;CPXPARAM_Simplex_Refactor=0
13921534696382777109,0,CPXPARAM_Advance=1;CPXPARAM_Barrier_Algorithm=0;CPXPARAM_Barrier_ColNonzeros=0;CPXPARAM_Barrier_Crossover=0;CPXPARAM_Barrier_Limits_Corrections=-1;CPXPARAM_Barrier_Ordering=0;CPXPARAM_Barrier_StartAlg=3;CPXPARAM_Emphasis_MIP=5;CPXPARAM_Emphasis_Memory=0;CPXPARAM_Emphasis_Numerical=0;CPXPARAM_Feasopt_Mode=2;CPXPARAM_LPMethod=0;CPXPARAM_MIP_Cuts_Cliques=1;CPXPARAM_MIP_Cuts_Covers=0;CPXPARAM_MIP_Cuts_Disjunctive=3;CPXPARAM_MIP_Cuts_FlowCovers=1;CPXPARAM_MIP_Cuts_GUBCovers=0;CPXPARAM_MIP_Cuts_Gomory=1;CPXPARAM_MIP_Cuts_Implied=2;CPXPARAM_MIP_Cuts_MIRCut=0;CPXPARAM_MIP_Cuts_PathCut=-1;CPXPARAM_MIP_Limits_AggForCut=3;CPXPARAM_MIP_Limits_CutPasses=0;CPXPARAM_MIP_Limits_CutsFactor=-1;CPXPARAM_MIP_Limits_GomoryCand=150;CPXPARAM_MIP_Limits_GomoryPass=0;CPXPARAM_MIP_Limits_Nodes=9223372036800000000;CPXPARAM_MIP_Limits_ProbeTime=20;CPXPARAM_MIP_Limits_RepairTries=0;CPXPARAM_MIP_Limits_StrongCand=10;CPXPARAM_MIP_Limits_StrongIt=0;CPXPARAM_MIP_OrderType=0;CPXPARAM_MIP_Strategy_BBInterval=7;CPXPARAM_MIP_Strategy_Branch=1;CPXPARAM_MIP_Strategy_Dive=0;CPXPARAM_MIP_Strategy_File=1;CPXPARAM_MIP_Strategy_HeuristicFreq=0;CPXPARAM_MIP_Strategy_LBHeur=0;CPXPARAM_MIP_Strategy_NodeSelect=1;CPXPARAM_MIP_Strategy_Order=1;CPXPARAM_MIP_Strategy_PresolveNode=0;CPXPARAM_MIP_Strategy_Probe=3;CPXPARAM_MIP_Strategy_RINSHeur=0;CPXPARAM_MIP_Strategy_StartAlgorithm=1;CPXPARAM_MIP_Strategy_SubAlgorithm=4;CPXPARAM_MIP_Strategy_VariableSelect=0;CPXPARAM_Network_NetFind=2;CPXPARAM_Network_Pricing=0;CPXPARAM_Parallel=1;CPXPARAM_Preprocessing_Aggregator=-1;CPXPARAM_Preprocessing_BoundStrength=-1;CPXPARAM_Preprocessing_CoeffReduce=-1;CPXPARAM_Preprocessing_Dependency=-1;CPXPARAM_Preprocessing_Dual=0;CPXPARAM_Preprocessing_Fill=10;CPXPARAM_Preprocessing_NumPass=-1;CPXPARAM_Preprocessing_Presolve=1;CPXPARAM_Preprocessing_QPMakePSD=1;CPXPARAM_Preprocessing_Reduce=3;CPXPARAM_Preprocessing_Relax=-1;CPXPARAM_Preprocessing_RepeatPresolve=-1;CPXPARAM_Preprocessing_Symmetry=1;CPXPARAM_Read_Scale=0;CPXPARAM_Sifting_Algorithm=0;CPXPARAM_Simplex_Crash=0;CPXPARAM_Simplex_DGradient=0;CPXPARAM_Simplex_Limits_Perturbation=0;CPXPARAM_Simplex_Limits_Singularity=10;CPXPARAM_Simplex_PGradient=0;CPXPARAM_Simplex_Pricing=0;CPXPARAM_Simplex_Refactor=0
15053888928053874903,0,CPXPARAM_Advance=1;CPXPARAM_Barrier_Algorithm=0;CPXPARAM_Barrier_ColNonzeros=0;CPXPARAM_Barrier_Crossover=0;CPXPARAM_Barrier_Limits_Corrections=-1;CPXPARAM_Barrier_Ordering=0;CPXPARAM_Barrier_StartAlg=2;CPXPARAM_Emphasis_MIP=1;CPXPARAM_Emphasis_Memory=0;CPXPARAM_Emphasis_Numerical=0;CPXPARAM_Feasopt_Mode=0;CPXPARAM_LPMethod=0;CPXPARAM_MIP_Cuts_Cliques=0;CPXPARAM_MIP_Cuts_Covers=0;CPXPARAM_MIP_Cuts_Disjunctive=2;CPXPARAM_MIP_Cuts_FlowCovers=1;CPXPARAM_MIP_Cuts_GUBCovers=2;CPXPARAM_MIP_Cuts_Gomory=2;CPXPARAM_MIP_Cuts_Implied=1;CPXPARAM_MIP_Cuts_MIRCut=-1;CPXPARAM_MIP_Cuts_PathCut=2;CPXPARAM_MIP_Limits_AggForCut=3;CPXPARAM_MIP_Limits_CutPasses=0;CPXPARAM_MIP_Limits_CutsFactor=-1;CPXPARAM_MIP_Limits_GomoryCand=800;CPXPARAM_MIP_Limits_GomoryPass=0;CPXPARAM_MIP_Limits_Nodes=9223372036800000000;CPXPARAM_MIP_Limits_ProbeTime=0;CPXPARAM_MIP_Limits_RepairTries=0;CPXPARAM_MIP_Limits_StrongCand=10;CPXPARAM_MIP_Limits_StrongIt=0;CPXPARAM_MIP_OrderType=0;CPXPARAM_MIP_Strategy_BBInterval=7;CPXPARAM_MIP_Strategy_Branch=0;CPXPARAM_MIP_Strategy_Dive=0;CPXPARAM_MIP_Strategy_File=1;CPXPARAM_MIP_Strategy_HeuristicFreq=0;CPXPARAM_MIP_Strategy_LBHeur=0;CPXPARAM_MIP_Strategy_NodeSelect=1;CPXPARAM_MIP_Strategy_Order=1;CPXPARAM_MIP_Strategy_PresolveNode=0;CPXPARAM_MIP_Strategy_Probe=3;CPXPARAM_MIP_Strategy_RINSHeur=0;CPXPARAM_MIP_Strategy_StartAlgorithm=5;CPXPARAM_MIP_Strategy_SubAlgorithm=0;CPXPARAM_MIP_Strategy_VariableSelect=0;CPXPARAM_Network_NetFind=2;CPXPARAM_Network_Pricing=0;CPXPARAM_Parallel=1;CPXPARAM_Preprocessing_Aggregator=-1;CPXPARAM_Preprocessing_BoundStrength=-1;CPXPARAM_Preprocessing_CoeffReduce=-1;CPXPARAM_Preprocessing_Dependency=-1;CPXPARAM_Preprocessing_Dual=0;CPXPARAM_Preprocessing_Fill=10;CPXPARAM_Preprocessing_NumPass=-1;CPXPARAM_Preprocessing_Presolve=1;CPXPARAM_Preprocessing_QPMakePSD=1;CPXPARAM_Preprocessing_Reduce=3;CPXPARAM_Preprocessing_Relax=-1;CPXPARAM_Preprocessing_RepeatPresolve=-1;CPXPARAM_Preprocessing_Symmetry=3;CPXPARAM_Read_Scale=0;CPXPARAM_Sifting_Algorithm=0;CPXPARAM_Simplex_Crash=1;CPXPARAM_Simplex_DGradient=2;CPXPARAM_Simplex_Limits_Perturbation=0;CPXPARAM_Simplex_Limits_Singularity=10;CPXPARAM_Simplex_PGradient=0;CPXPARAM_Simplex_Pricing=0;CPXPARAM_Simplex_Refactor=0
98091563584165591,0,CPXPARAM_Advance=1;CPXPARAM_Barrier_Algorithm=0;CPXPARAM_Barrier_ColNonzeros=0;CPXPARAM_Barrier_Crossover=0;CPXPARAM_Barrier_Limits_Corrections=-1;CPXPARAM_Barrier_Ordering=0;CPXPARAM_Barrier_StartAlg=2;CPXPARAM_Emphasis_MIP=1;CPXPARAM_Emphasis_Memory=0;CPXPARAM_Emphasis_Numerical=0;CPXPARAM_Feasopt_Mode=0;CPXPARAM_LPMethod=0;CPXPARAM_MIP_Cuts_Cliques=0;CPXPARAM_MIP_Cuts_Covers=0;CPXPARAM_MIP_Cuts_Disjunctive=2;CPXPARAM_MIP_Cuts_FlowCovers=1;CPXPARAM_MIP_Cuts_GUBCovers=2;CPXPARAM_MIP_Cuts_Gomory=2;CPXPARAM_MIP_Cuts_Implied=1;CPXPARAM_MIP_Cuts_MIRCut=-1;CPXPARAM_MIP_Cuts_PathCut=2;CPXPARAM_MIP_Limits_AggForCut=3;CPXPARAM_MIP_Limits_CutPasses=0;CPXPARAM_MIP_Limits_CutsFactor=-1;CPXPARAM_MIP_Limits_GomoryCand=800;CPXPARAM_MIP_Limits_GomoryPass=0;CPXPARAM_MIP_Limits_Nodes=9223372036800000000;CPXPARAM_MIP_Limits_ProbeTime=0;CPXPARAM_MIP_Limits_RepairTries=0;CPXPARAM_MIP_Limits_StrongCand=10;CPXPARAM_MIP_Limits_StrongIt=0;CPXPARAM_MIP_OrderType=0;CPXPARAM_MIP_Strategy_BBInterval=7;CPXPARAM_MIP_Strategy_Branch=0;CPXPARAM_MIP_Strategy_Dive=0;CPXPARAM_MIP_Strategy_File=1;CPXPARAM_MIP_Strategy_HeuristicFreq=0;CPXPARAM_MIP_Strategy_LBHeur=0;CPXPARAM_MIP_Strategy_NodeSelect=1;CPXPARAM_MIP_Strategy_Order=1;CPXPARAM_MIP_Strategy_PresolveNode=0;CPXPARAM_MIP_Strategy_Probe=3;CPXPARAM_MIP_Strategy_RINSHeur=0;CPXPARAM_MIP_Strategy_StartAlgorithm=5;CPXPARAM_MIP_Strategy_SubAlgorithm=5;CPXPARAM_MIP_Strategy_VariableSelect=0;CPXPARAM_Network_NetFind=2;CPXPARAM_Network_Pricing=0;CPXPARAM_Parallel=1;CPXPARAM_Preprocessing_Aggregator=-1;CPXPARAM_Preprocessing_BoundStrength=-1;CPXPARAM_Preprocessing_CoeffReduce=-1;CPXPARAM_Preprocessing_Dependency=-1;CPXPARAM_Preprocessing_Dual=0;CPXPARAM_Preprocessing_Fill=10;CPXPARAM_Preprocessing_NumPass=-1;CPXPARAM_Preprocessing_Presolve=1;CPXPARAM_Preprocessing_QPMakePSD=1;CPXPARAM_Preprocessing_Reduce=3;CPXPARAM_Preprocessing_Relax=-1;CPXPARAM_Preprocessing_RepeatPresolve=-1;CPXPARAM_Preprocessing_Symmetry=4;CPXPARAM_Read_Scale=0;CPXPARAM_Sifting_Algorithm=0;CPXPARAM_Simplex_Crash=1;CPXPARAM_Simplex_DGradient=2;CPXPARAM_Simplex_Limits_Perturbation=0;CPXPARAM_Simplex_Limits_Singularity=10;CPXPARAM_Simplex_PGradient=0;CPXPARAM_Simplex_Pricing=0;CPXPARAM_Simplex_Refactor=0
9761973518065789390,0,CPXPARAM_Advance=1;CPXPARAM_Barrier_Algorithm=0;CPXPARAM_Barrier_ColNonzeros=0;CPXPARAM_Barrier_Crossover=0;CPXPARAM_Barrier_Limits_Corrections=-1;CPXPARAM_Barrier_Ordering=0;CPXPARAM_Barrier_StartAlg=2;CPXPARAM_Emphasis_MIP=1;CPXPARAM_Emphasis_Memory=0;CPXPARAM_Emphasis_Numerical=0;CPXPARAM_Feasopt_Mode=0;CPXPARAM_LPMethod=0;CPXPARAM_MIP_Cuts_Cliques=2;CPXPARAM_MIP_Cuts_Covers=0;CPXPARAM_MIP_Cuts_Disjunctive=2;CPXPARAM_MIP_Cuts_FlowCovers=1;CPXPARAM_MIP_Cuts_GUBCovers=2;CPXPARAM_MIP_Cuts_Gomory=2;CPXPARAM_MIP_Cuts_Implied=1;CPXPARAM_MIP_Cuts_MIRCut=-1;CPXPARAM_MIP_Cuts_PathCut=2;CPXPARAM_MIP_Limits_AggForCut=3;CPXPARAM_MIP_Limits_CutPasses=0;CPXPARAM_MIP_Limits_CutsFactor=-1;CPXPARAM_MIP_Limits_GomoryCand=800;CPXPARAM_MIP_Limits_GomoryPass=0;CPXPARAM_MIP_Limits_Nodes=9223372036800000000;CPXPARAM_MIP_Limits_ProbeTime=0;CPXPARAM_MIP_Limits_RepairTries=0;CPXPARAM_MIP_Limits_StrongCand=10;CPXPARAM_MIP_Limits_StrongIt=0;CPXPARAM_MIP_OrderType=0;CPXPARAM_MIP_Strategy_BBInterval=7;CPXPARAM_MIP_Strategy_Branch=0;CPXPARAM_MIP_Strategy_Dive=0;CPXPARAM_MIP_Strategy_File=1;CPXPARAM_MIP_Strategy_HeuristicFreq=0;CPXPARAM_MIP_Strategy_LBHeur=0;CPXPARAM_MIP_Strategy_NodeSelect=1;CPXPARAM_MIP_Strategy_Order=1;CPXPARAM_MIP_Strategy_PresolveNode=0;CPXPARAM_MIP_Strategy_Probe=3;CPXPARAM_MIP_Strategy_RINSHeur=0;CPXPARAM_MIP_Strategy_StartAlgorithm=5;CPXPARAM_MIP_Strategy_SubAlgorithm=0;CPXPARAM_MIP_Strategy_VariableSelect=0;CPXPARAM_Network_NetFind=2;CPXPARAM_Network_Pricing=0;CPXPARAM_Parallel=1;CPXPARAM_Preprocessing_Aggregator=-1;CPXPARAM_Preprocessing_BoundStrength=-1;CPXPARAM_Preprocessing_CoeffReduce=-1;CPXPARAM_Preprocessing_Dependency=-1;CPXPARAM_Preprocessing_Dual=0;CPXPARAM_Preprocessing_Fill=10;CPXPARAM_Preprocessing_NumPass=-1;CPXPARAM_Preprocessing_Presolve=1;CPXPARAM_Preprocessing_QPMakePSD=1;CPXPARAM_Preprocessing_Reduce=3;CPXPARAM_Preprocessing_Relax=-1;CPXPARAM_Preprocessing_RepeatPresolve=-1;CPXPARAM_Preprocessing_Symmetry=4;CPXPARAM_Read_Scale=0;CPXPARAM_Sifting_Algorithm=0;CPXPARAM_Simplex_Crash=1;CPXPARAM_Simplex_DGradient=2;CPXPARAM_Simplex_Limits_Perturbation=0;CPXPARAM_Simplex_Limits_Singularity=10;CPXPARAM_Simplex_PGradient=0;CPXPARAM_Simplex_Pricing=0;CPXPARAM_Simplex_Refactor=0
14659445846530912742,0,CPXPARAM_Advance=1;CPXPARAM_Barrier_Algorithm=0;CPXPARAM_Barrier_ColNonzeros=0;CPXPARAM_Barrier_Crossover=0;CPXPARAM_Barrier_Limits_Corrections=-1;CPXPARAM_Barrier_Ordering=0;CPXPARAM_Barrier_StartAlg=2;CPXPARAM_Emphasis_MIP=1;CPXPARAM_Emphasis_Memory=0;CPXPARAM_Emphasis_Numerical=0;CPXPARAM_Feasopt_Mode=0;CPXPARAM_LPMethod=0;CPXPARAM_MIP_Cuts_Cliques=0;CPXPARAM_MIP_Cuts_Covers=0;CPXPARAM_MIP_Cuts_Disjunctive=2;CPXPARAM_MIP_Cuts_FlowCovers=1;CPXPARAM_MIP_Cuts_GUBCovers=2;CPXPARAM_MIP_Cuts_Gomory=2;CPXPARAM_MIP_Cuts_Implied=1;CPXPARAM_MIP_Cuts_MIRCut=-1;CPXPARAM_MIP_Cuts_PathCut=2;CPXPARAM_MIP_Limits_AggForCut=3;CPXPARAM_MIP_Limits_CutPasses=0;CPXPARAM_MIP_Limits_CutsFactor=-1;CPXPARAM_MIP_Limits_GomoryCand=800;CPXPARAM_MIP_Limits_GomoryPass=0;CPXPARAM_MIP_Limits_Nodes=9223372036800000000;CPXPARAM_MIP_Limits_ProbeTime=0;CPXPARAM_MIP_Limits_RepairTries=0;CPXPARAM_MIP_Limits_StrongCand=10;CPXPARAM_MIP_Limits_StrongIt=0;CPXPARAM_MIP_OrderType=0;CPXPARAM_MIP_Strategy_BBInterval=7;CPXPARAM_MIP_Strategy_Branch=0;CPXPARAM_MIP_Strategy_Dive=0;CPXPARAM_MIP_Strategy_File=1;CPXPARAM_MIP_Strategy_HeuristicFreq=0;CPXPARAM_MIP_Strategy_LBHeur=0;CPXPARAM_MIP_Strategy_NodeSelect=1;CPXPARAM_MIP_Strategy_Order=1;CPXPARAM_MIP_Strategy_PresolveNode=0;CPXPARAM_MIP_Strategy_Probe=3;CPXPARAM_MIP_Strategy_RINSHeur=0;CPXPARAM_MIP_Strategy_StartAlgorithm=5;CPXPARAM_MIP_Strategy_SubAlgorithm=0;CPXPARAM_MIP_Strategy_VariableSelect=0;CPXPARAM_Network_NetFind=2;CPXPARAM_Network_Pricing=0;CPXPARAM_Parallel=1;CPXPARAM_Preprocessing_Aggregator=-1;CPXPARAM_Preprocessing_BoundStrength=-1;CPXPARAM_Preprocessing_CoeffReduce=-1;CPXPARAM_Preprocessing_Dependency=-1;CPXPARAM_Preprocessing_Dual=0;CPXPARAM_Preprocessing_Fill=10;CPXPARAM_Preprocessing_NumPass=-1;CPXPARAM_Preprocessing_Presolve=1;CPXPARAM_Preprocessing_QPMakePSD=1;CPXPARAM_Preprocessing_Reduce=3;CPXPARAM_Preprocessing_Relax=-1;CPXPARAM_Preprocessing_RepeatPresolve=-1;CPXPARAM_Preprocessing_Symmetry=4;CPXPARAM_Read_Scale=0;CPXPARAM_Sifting_Algorithm=0;CPXPARAM_Simplex_Crash=1;CPXPARAM_Simplex_DGradient=3;CPXPARAM_Simplex_Limits_Perturbation=0;CPXPARAM_Simplex_Limits_Singularity=10;CPXPARAM_Simplex_PGradient=0;CPXPARAM_Simplex_Pricing=0;CPXPARAM_Simplex_Refactor=0
12986456353862689754,0,CPXPARAM_Advance=1;CPXPARAM_Barrier_Algorithm=0;CPXPARAM_Barrier_ColNonzeros=0;CPXPARAM_Barrier_Crossover=0;CPXPARAM_Barrier_Limits_Corrections=-1;CPXPARAM_Barrier_Ordering=0;CPXPARAM_Barrier_StartAlg=2;CPXPARAM_Emphasis_MIP=1;CPXPARAM_Emphasis_Memory=0;CPXPARAM_Emphasis_Numerical=0;CPXPARAM_Feasopt_Mode=0;CPXPARAM_LPMethod=0;CPXPARAM_MIP_Cuts_Cliques=0;CPXPARAM_MIP_Cuts_Covers=0;CPXPARAM_MIP_Cuts_Disjunctive=2;CPXPARAM_MIP_Cuts_FlowCovers=1;CPXPARAM_MIP_Cuts_GUBCovers=2;CPXPARAM_MIP_Cuts_Gomory=2;CPXPARAM_MIP_Cuts_Implied=1;CPXPARAM_MIP_Cuts_MIRCut=-1;CPXPARAM_MIP_Cuts_PathCut=2;CPXPARAM_MIP_Limits_AggForCut=3;CPXPARAM_MIP_Limits_CutPasses=0;CPXPARAM_MIP_Limits_CutsFactor=-1;CPXPARAM_MIP_Limits_GomoryCand=50;CPXPARAM_MIP_Limits_GomoryPass=0;CPXPARAM_MIP_Limits_Nodes=9223372036800000000;CPXPARAM_MIP_Limits_ProbeTime=0;CPXPARAM_MIP_Limits_RepairTries=0;CPXPARAM_MIP_Limits_StrongCand=10;CPXPARAM_MIP_Limits_StrongIt=0;CPXPARAM_MIP_OrderType=0;CPXPARAM_MIP_Strategy_BBInterval=7;CPXPARAM_MIP_Strategy_Branch=0;CPXPARAM_MIP_Strategy_Dive=0;CPXPARAM_MIP_Strategy_File=1;CPXPARAM_MIP_Strategy_HeuristicFreq=0;CPXPARAM_MIP_Strategy_LBHeur=0;CPXPARAM_MIP_Strategy_NodeSelect=1;CPXPARAM_MIP_Strategy_Order=1;CPXPARAM_MIP_Strategy_PresolveNode=0;CPXPARAM_MIP_Strategy_Probe=3;CPXPARAM_MIP_Strategy_RINSHeur=0;CPXPARAM_MIP_Strategy_StartAlgorithm=5;CPXPARAM_MIP_Strategy_SubAlgorithm=0;CPXPARAM_MIP_Strategy_VariableSelect=0;CPXPARAM_Network_NetFind=2;CPXPARAM_Network_Pricing=0;CPXPARAM_Parallel=1;CPXPARAM_Preprocessing_Aggregator=-1;CPXPARAM_Preprocessing_BoundStrength=-1;CPXPARAM_Preprocessing_CoeffReduce=-1;CPXPARAM_Preprocessing_Dependency=-1;CPXPARAM_Preprocessing_Dual=0;CPXPARAM_Preprocessing_Fill=10;CPXPARAM_Preprocessing_NumPass=-1;CPXPARAM_Preprocessing_Presolve=1;CPXPARAM_Preprocessing_QPMakePSD=1;CPXPARAM_Preprocessing_Reduce=3;CPXPARAM_Preprocessing_Relax=-1;CPXPARAM_Preprocessing_RepeatPresolve=-1;CPXPARAM_Preprocessing_Symmetry=4;CPXPARAM_Read_Scale=0;CPXPARAM_Sifting_Algorithm=0;CPXPARAM_Simplex_Crash=1;CPXPARAM_Simplex_DGradient=2;CPXPARAM_Simplex_Limits_Perturbation=0;CPXPARAM_Simplex_Limits_Singularity=10;CPXPARAM_Simplex_PGradient=0;CPXPARAM_Simplex_Pricing=0;CPXPARAM_Simplex_Refactor=0
1581852922880299645,0,CPXPARAM_Advance=1;CPXPARAM_Barrier_Algorithm=0;CPXPARAM_Barrier_ColNonzeros=0;CPXPARAM_Barrier_Crossover=0;CPXPARAM_Barrier_Limits_Corrections=-1;CPXPARAM_Barrier_Ordering=0;CPXPARAM_Barrier_StartAlg=2;CPXPARAM_Emphasis_MIP=1;CPXPARAM_Emphasis_Memory=0;CPXPARAM_Emphasis_Numerical=0;CPXPARAM_Feasopt_Mode=1;CPXPARAM_LPMethod=0;CPXPARAM_MIP_Cuts_Cliques=0;CPXPARAM_MIP_Cuts_Covers=0;CPXPARAM_MIP_Cuts_Disjunctive=2;CPXPARAM_MIP_Cuts_FlowCovers=1;CPXPARAM_MIP_Cuts_GUBCovers=2;CPXPARAM_MIP_Cuts_Gomory=2;CPXPARAM_MIP_Cuts_Implied=1;CPXPARAM_MIP_Cuts_MIRCut=-1;CPXPARAM_MIP_Cuts_PathCut=2;CPXPARAM_MIP_Limits_AggForCut=3;CPXPARAM_MIP_Limits_CutPasses=0;CPXPARAM_MIP_Limits_CutsFactor=-1;CPXPARAM_MIP_Limits_GomoryCand=800;CPXPARAM_MIP_Limits_GomoryPass=0;CPXPARAM_MIP_Limits_Nodes=9223372036800000000;CPXPARAM_MIP_Limits_ProbeTime=0;CPXPARAM_MIP_Limits_RepairTries=0;CPXPARAM_MIP_Limits_StrongCand=10;CPXPARAM_MIP_Limits_StrongIt=0;CPXPARAM_MIP_OrderType=0;CPXPARAM_MIP_Strategy_BBInterval=7;CPXPARAM_MIP_Strategy_Branch=0;CPXPARAM_MIP_Strategy_Dive=0;CPXPARAM_MIP_Strategy_File=1;CPXPARAM_MIP_Strategy_HeuristicFreq=0;CPXPARAM_MIP_Strategy_LBHeur=0;CPXPARAM_MIP_Strategy_NodeSelect=1;CPXPARAM_MIP_Strategy_Order=1;CPXPARAM_MIP_Strategy_PresolveNode=0;CPXPARAM_MIP_Strategy_Probe=3;CPXPARAM_MIP_Strategy_RINSHeur=0;CPXPARAM_MIP_Strategy_StartAlgorithm=5;CPXPARAM_MIP_Strategy_SubAlgorithm=0;CPXPARAM_MIP_Strategy_VariableSelect=0;CPXPARAM_Network_NetFind=2;CPXPARAM_Network_Pricing=0;CPXPARAM_Parallel=1;CPXPARAM_Preprocessing_Aggregator=-1;CPXPARAM_Preprocessing_BoundStrength=-1;CPXPARAM_Preprocessing_CoeffReduce=-1;CPXPARAM_Preprocessing_Dependency=-1;CPXPARAM_Preprocessing_Dual=0;CPXPARAM_Preprocessing_Fill=10;CPXPARAM_Preprocessing_NumPass=-1;CPXPARAM_Preprocessing_Presolve=1;CPXPARAM_Preprocessing_QPMakePSD=1;CPXPARAM_Preprocessing_Reduce=3;CPXPARAM_Preprocessing_Relax=-1;CPXPARAM_Preprocessing_RepeatPresolve=-1;CPXPARAM_Preprocessing_Symmetry=4;CPXPARAM_Read_Scale=0;CPXPARAM_Sifting_Algorithm=0;CPXPARAM_Simplex_Crash=1;CPXPARAM_Simplex_DGradient=2;CPXPARAM_Simplex_Limits_Perturbation=0;CPXPARAM_Simplex_Limits_Singularity=10;CPXPARAM_Simplex_PGradient=0;CPXPARAM_Simplex_Pricing=0;CPXPARAM_Simplex_Refactor=0
12495268409334108351,0,CPXPARAM_Advance=1;CPXPARAM_Barrier_Algorithm=0;CPXPARAM_Barrier_ColNonzeros=0;CPXPARAM_Barrier_Crossover=0;CPXPARAM_Barrier_Limits_Corrections=-1;CPXPARAM_Barrier_Ordering=0;CPXPARAM_Barrier_StartAlg=2;CPXPARAM_Emphasis_MIP=1;CPXPARAM_Emphasis_Memory=0;CPXPARAM_Emphasis_Numerical=0;CPXPARAM_Feasopt_Mode=0;CPXPARAM_LPMethod=0;CPXPARAM_MIP_Cuts_Cliques=0;CPXPARAM_MIP_Cuts_Covers=0;CPXPARAM_MIP_Cuts_Disjunctive=2;CPXPARAM_MIP_Cuts_FlowCovers=1;CPXPARAM_MIP_Cuts_GUBCovers=2;CPXPARAM_MIP_Cuts_Gomory=2;CPXPARAM_MIP_Cuts_Implied=1;CPXPARAM_MIP_Cuts_MIRCut=-1;CPXPARAM_MIP_Cuts_PathCut=2;CPXPARAM_MIP_Limits_AggForCut=3;CPXPARAM_MIP_Limits_CutPasses=0;CPXPARAM_MIP_Limits_CutsFactor=-1;CPXPARAM_MIP_Limits_GomoryCand=800;CPXPARAM_MIP_Limits_GomoryPass=0;CPXPARAM_MIP_Limits_Nodes=9223372036800000000;CPXPARAM_MIP_Limits_ProbeTime=0;CPXPARAM_MIP_Limits_RepairTries=0;CPXPARAM_MIP_Limits_StrongCand=10;CPXPARAM_MIP_Limits_StrongIt=0;CPXPARAM_MIP_OrderType=0;CPXPARAM_MIP_Strategy_BBInterval=7;CPXPARAM_MIP_Strategy_Branch=-1;CPXPARAM_MIP_Strategy_Dive=0;CPXPARAM_MIP_Strategy_File=1;CPXPARAM_MIP_Strategy_HeuristicFreq=0;CPXPARAM_MIP_Strategy_LBHeur=0;CPXPARAM_MIP_Strategy_NodeSelect=1;CPXPARAM_MIP_Strategy_Order=1;CPXPARAM_MIP_Strategy_PresolveNode=0;CPXPARAM_MIP_Strategy_Probe=3;CPXPARAM_MIP_Strategy_RINSHeur=0;CPXPARAM_MIP_Strategy_StartAlgorithm=5;CPXPARAM_MIP_Strategy_SubAlgorithm=0;CPXPARAM_MIP_Strategy_VariableSelect=0;CPXPARAM_Network_NetFind=2;CPXPARAM_Network_Pricing=0;CPXPARAM_Parallel=1;CPXPARAM_Preprocessing_Aggregator=-1;CPXPARAM_Preprocessing_BoundStrength=-1;CPXPARAM_Preprocessing_CoeffReduce=-1;CPXPARAM_Preprocessing_Dependency=-1;CPXPARAM_Preprocessing_Dual=0;CPXPARAM_Preprocessing_Fill=10;CPXPARAM_Preprocessing_NumPass=-1;CPXPARAM_Preprocessing_Presolve=1;CPXPARAM_Preprocessing_QPMakePSD=1;CPXPARAM_Preprocessing_Reduce=3;CPXPARAM_Preprocessing_Relax=-1;CPXPARAM_Preprocessing_RepeatPresolve=-1;CPXPARAM_Preprocessing_Symmetry=4;CPXPARAM_Read_Scale=0;CPXPARAM_Sifting_Algorithm=0;CPXPARAM_Simplex_Crash=1;CPXPARAM_Simplex_DGradient=2;CPXPARAM_Simplex_Limits_Perturbation=0;CPXPARAM_Simplex_Limits_Singularity=10;CPXPARAM_Simplex_PGradient=0;CPXPARAM_Simplex_Pricing=0;CPXPARAM_Simplex_Refactor=0
16367626128736508564,0,CPXPARAM_Advance=1;CPXPARAM_Barrier_Algorithm=0;CPXPARAM_Barrier_ColNonzeros=0;CPXPARAM_Barrier_Crossover=0;CPXPARAM_Barrier_Limits_Corrections=-1;CPXPARAM_Barrier_Ordering=0;CPXPARAM_Barrier_StartAlg=2;CPXPARAM_Emphasis_MIP=1;CPXPARAM_Emphasis_Memory=0;CPXPARAM_Emphasis_Numerical=0;CPXPARAM_Feasopt_Mode=0;CPXPARAM_LPMethod=0;CPXPARAM_MIP_Cuts_Cliques=0;CPXPARAM_MIP_Cuts_Covers=0;CPXPARAM_MIP_Cuts_Disjunctive=2;CPXPARAM_MIP_Cuts_FlowCovers=1;CPXPARAM_MIP_Cuts_GUBCovers=2;CPXPARAM_MIP_Cuts_Gomory=2;CPXPARAM_MIP_Cuts_Implied=1;CPXPARAM_MIP_Cuts_MIRCut=-1;CPXPARAM_MIP_Cuts_PathCut=2;CPXPARAM_MIP_Limits_AggForCut=3;CPXPARAM_MIP_Limits_CutPasses=0;CPXPARAM_MIP_Limits_CutsFactor=-1;CPXPARAM_MIP_Limits_GomoryCand=800;CPXPARAM_MIP_Limits_GomoryPass=0;CPXPARAM_MIP_Limits_Nodes=9223372036800000000;CPXPARAM_MIP_Limits_ProbeTime=1e+75;CPXPARAM_MIP_Limits_RepairTries=0;CPXPARAM_MIP_Limits_StrongCand=10;CPXPARAM_MIP_Limits_StrongIt=0;CPXPARAM_MIP_OrderType=0;CPXPARAM_MIP_Strategy_BBInterval=7;CPXPARAM_MIP_Strategy_Branch=0;CPXPARAM_MIP_Strategy_Dive=0;CPXPARAM_MIP_Strategy_File=1;CPXPARAM_MIP_Strategy_HeuristicFreq=0;CPXPARAM_MIP_Strategy_LBHeur=0;CPXPARAM_MIP_Strategy_NodeSelect=1;CPXPARAM_MIP_Strategy_Order=1;CPXPARAM_MIP_Strategy_PresolveNode=0;CPXPARAM_MIP_Strategy_Probe=3;CPXPARAM_MIP_Strategy_RINSHeur=0;CPXPARAM_MIP_Strategy_StartAlgorithm=5;CPXPARAM_MIP_Strategy_SubAlgorithm=0;CPXPARAM_MIP_Strategy_VariableSelect=0;CPXPARAM_Network_NetFind=2;CPXPARAM_Network_Pricing=0;CPXPARAM_Parallel=1;CPXPARAM_Preprocessing_Aggregator=-1;CPXPARAM_Preprocessing_BoundStrength=-1;CPXPARAM_Preprocessing_CoeffReduce=-1;CPXPARAM_Preprocessing_Dependency=-1;CPXPARAM_Preprocessing_Dual=0;CPXPARAM_Preprocessing_Fill=10;CPXPARAM_Preprocessing_NumPass=-1;CPXPARAM_Preprocessing_Presolve=1;CPXPARAM_Preprocessing_QPMakePSD=1;CPXPARAM_Preprocessing_Reduce=3;CPXPARAM_Preprocessing_Relax=-1;CPXPARAM_Preprocessing_RepeatPresolve=-1;CPXPARAM_Preprocessing_Symmetry=4;CPXPARAM_Read_Scale=0;CPXPARAM_Sifting_Algorithm=0;CPXPARAM_Simplex_Crash=1;CPXPARAM_Simplex_DGradient=2;CPXPARAM_Simplex_Limits_Perturbation=0;CPXPARAM_Simplex_Limits_Singularity=10;CPXPARAM_Simplex_PGradient=0;CPXPARAM_Simplex_Pricing=0;CPXPARAM_Simplex_Refactor=0
12311271573974231806,0,CPXPARAM_Advance=1;CPXPARAM_Barrier_Algorithm=0;CPXPARAM_Barrier_ColNonzeros=0;CPXPARAM_Barrier_Crossover=0;CPXPARAM_Barrier_Limits_Corrections=-1;CPXPARAM_Barrier_Ordering=0;CPXPARAM_Barrier_StartAlg=2;CPXPARAM_Emphasis_MIP=1;CPXPARAM_Emphasis_Memory=0;CPXPARAM_Emphasis_Numerical=0;CPXPARAM_Feasopt_Mode=0;CPXPARAM_LPMethod=0;CPXPARAM_MIP_Cuts_Cliques=0;CPXPARAM_MIP_Cuts_Covers=0;CPXPARAM_MIP_Cuts_Disjunctive=2;CPXPARAM_MIP_Cuts_FlowCovers=1;CPXPARAM_MIP_Cuts_GUBCovers=0;CPXPARAM_MIP_Cuts_Gomory=2;CPXPARAM_MIP_Cuts_Implied=1;CPXPARAM_MIP_Cuts_MIRCut=-1;CPXPARAM_MIP_Cuts_PathCut=2;CPXPARAM_MIP_Limits_AggForCut=3;CPXPARAM_MIP_Limits_CutPasses=0;CPXPARAM_MIP_Limits_CutsFactor=-1;CPXPARAM_MIP_Limits_GomoryCand=800;CPXPARAM_MIP_Limits_GomoryPass=0;CPXPARAM_MIP_Limits_Nodes=9223372036800000000;CPXPARAM_MIP_Limits_ProbeTime=0;CPXPARAM_MIP_Limits_RepairTries=0;CPXPARAM_MIP_Limits_StrongCand=10;CPXPARAM_MIP_Limits_StrongIt=0;CPXPARAM_MIP_OrderType=0;CPXPARAM_MIP_Strategy_BBInterval=7;CPXPARAM_MIP_Strategy_Branch=0;CPXPARAM_MIP_Strategy_Dive=0;CPXPARAM_MIP_Strategy_File=1;CPXPARAM_MIP_Strategy_HeuristicFreq=0;CPXPARAM_MIP_Strategy_LBHeur=0;CPXPARAM_MIP_Strategy_NodeSelect=1;CPXPARAM_MIP_Strategy_Order=1;CPXPARAM_MIP_Strategy_PresolveNode=0;CPXPARAM_MIP_Strategy_Probe=3;CPXPARAM_MIP_Strategy_RINSHeur=0;CPXPARAM_MIP_Strategy_StartAlgorithm=5;CPXPARAM_MIP_Strategy_SubAlgorithm=0;CPXPARAM_MIP_Strategy_VariableSelect=0;CPXPARAM_Network_NetFind=2;CPXPARAM_Network_Pricing=0;CPXPARAM_Parallel=1;CPXPARAM_Preprocessing_Aggregator=-1;CPXPARAM_Preprocessing_BoundStrength=-1;CPXPARAM_Preprocessing_CoeffReduce=-1;CPXPARAM_Preprocessing_Dependency=-1;CPXPARAM_Preprocessing_Dual=0;CPXPARAM_Preprocessing_Fill=10;CPXPARAM_Preprocessing_NumPass=-1;CPXPARAM_Preprocessing_Presolve=1;CPXPARAM_Preprocessing_QPMakePSD=1;CPXPARAM_Preprocessing_Reduce=3;CPXPARAM_Preprocessing_Relax=-1;CPXPARAM_Preprocessing_RepeatPresolve=-1;CPXPARAM_Preprocessing_Symmetry=4;CPXPARAM_Read_Scale=0;CPXPARAM_Sifting_Algorithm=0;CPXPARAM_Simplex_Crash=1;CPXPARAM_Simplex_DGradient=2;CPXPARAM_Simplex_Limits_Perturbation=0;CPXPARAM_Simplex_Limits_Singularity=10;CPXPARAM_Simplex_PGradient=0;CPXPARAM_Simplex_Pricing=0;CPXPARAM_Simplex_Refactor=0
7023135508033072658,0,CPXPARAM_Advance=1;CPXPARAM_Barrier_Algorithm=0;CPXPARAM_Barrier_ColNonzeros=0;CPXPARAM_Barrier_Crossover=0;CPXPARAM_Barrier_Limits_Corrections=-1;CPXPARAM_Barrier_Ordering=0;CPXPARAM_Barrier_StartAlg=2;CPXPARAM_Emphasis_MIP=1;CPXPARAM_Emphasis_Memory=0;CPXPARAM_Emphasis_Numerical=0;CPXPARAM_Feasopt_Mode=0;CPXPARAM_LPMethod=0;CPXPARAM_MIP_Cuts_Cliques=0;CPXPARAM_MIP_Cuts_Covers=0;CPXPARAM_MIP_Cuts_Disjunctive=2;CPXPARAM_MIP_Cuts_FlowCovers=1;CPXPARAM_MIP_Cuts_GUBCovers=2;CPXPARAM_MIP_Cuts_Gomory=2;CPXPARAM_MIP_Cuts_Implied=1;CPXPARAM_MIP_Cuts_MIRCut=1;CPXPARAM_MIP_Cuts_PathCut=2;CPXPARAM_MIP_Limits_AggForCut=3;CPXPARAM_MIP_Limits_CutPasses=0;CPXPARAM_MIP_Limits_CutsFactor=-1;CPXPARAM_MIP_Limits_GomoryCand=800;CPXPARAM_MIP_Limits_GomoryPass=0;CPXPARAM_MIP_Limits_Nodes=9223372036800000000;CPXPARAM_MIP_Limits_ProbeTime=0;CPXPARAM_MIP_Limits_RepairTries=0;CPXPARAM_MIP_Limits_StrongCand=10;CPXPARAM_MIP_Limits_StrongIt=0;CPXPARAM_MIP_OrderType=0;CPXPARAM_MIP_Strategy_BBInterval=7;CPXPARAM_MIP_Strategy_Branch=0;CPXPARAM_MIP_Strategy_Dive=0;CPXPARAM_MIP_Strategy_File=1;CPXPARAM_MIP_Strategy_HeuristicFreq=0;CPXPARAM_MIP_Strategy_LBHeur=0;CPXPARAM_MIP_Strategy_NodeSelect=1;CPXPARAM_MIP_Strategy_Order=1;CPXPARAM_MIP_Strategy_PresolveNode=0;CPXPARAM_MIP_Strategy_Probe=3;CPXPARAM_MIP_Strategy_RINSHeur=0;CPXPARAM_MIP_Strategy_StartAlgorithm=5;CPXPARAM_MIP_Strategy_SubAlgorithm=0;CPXPARAM_MIP_Strategy_VariableSelect=0;CPXPARAM_Network_NetFind=2;CPXPARAM_Network_Pricing=0;CPXPARAM_Parallel=1;CPXPARAM_Preprocessing_Aggregator=-1;CPXPARAM_Preprocessing_BoundStrength=-1;CPXPARAM_Preprocessing_CoeffReduce=-1;CPXPARAM_Preprocessing_Dependency=-1;CPXPARAM_Preprocessing_Dual=0;CPXPARAM_Preprocessing_Fill=10;CPXPARAM_Preprocessing_NumPass=-1;CPXPARAM_Preprocessing_Presolve=1;CPXPARAM_Preprocessing_QPMakePSD=1;CPXPARAM_Preprocessing_Reduce=3;CPXPARAM_Preprocessing_Relax=-1;CPXPARAM_Preprocessing_RepeatPresolve=-1;CPXPARAM_Preprocessing_Symmetry=4;CPXPARAM_Read_Scale=0;CPXPARAM_Sifting_Algorithm=0;CPXPARAM_Simplex_Crash=1;CPXPARAM_Simplex_DGradient=2;CPXPARAM_Simplex_Limits_Perturbation=0;CPXPARAM_Simplex_Limits_Singularity=10;CPXPARAM_Simplex_PGradient=0;CPXPARAM_Simplex_Pricing=0;CPXPARAM_Simplex_Refactor=0
1479284853231974272,0,CPXPARAM_Advance=1;CPXPARAM_Barrier_Algorithm=0;CPXPARAM_Barrier_ColNonzeros=0;CPXPARAM_Barrier_Crossover=0;CPXPARAM_Barrier_Limits_Corrections=-1;CPXPARAM_Barrier_Ordering=0;CPXPARAM_Barrier_StartAlg=2;CPXPARAM_Emphasis_MIP=1;CPXPARAM_Emphasis_Memory=0;CPXPARAM_Emphasis_Numerical=0;CPXPARAM_Feasopt_Mode=0;CPXPARAM_LPMethod=0;CPXPARAM_MIP_Cuts_Cliques=0;CPXPARAM_MIP_Cuts_Covers=0;CPXPARAM_MIP_Cuts_Disjunctive=2;CPXPARAM_MIP_Cuts_FlowCovers=1;CPXPARAM_MIP_Cuts_GUBCovers=2;CPXPARAM_MIP_Cuts_Gomory=2;CPXPARAM_MIP_Cuts_Implied=1;CPXPARAM_MIP_Cuts_MIRCut=-1;CPXPARAM_MIP_Cuts_PathCut=2;CPXPARAM_MIP_Limits_AggForCut=3;CPXPARAM_MIP_Limits_CutPasses=0;CPXPARAM_MIP_Limits_CutsFactor=-1;CPXPARAM_MIP_Limits_GomoryCand=800;CPXPARAM_MIP_Limits_GomoryPass=0;CPXPARAM_MIP_Limits_Nodes=9223372036800000000;CPXPARAM_MIP_Limits_ProbeTime=0;CPXPARAM_MIP_Limits_RepairTries=0;CPXPARAM_MIP_Limits_StrongCand=10;CPXPARAM_MIP_Limits_StrongIt=0;CPXPARAM_MIP_OrderType=0;CPXPARAM_MIP_Strategy_BBInterval=7;CPXPARAM_MIP_Strategy_Branch=0;CPXPARAM_MIP_Strategy_Dive=0;CPXPARAM_MIP_Strategy_File=1;CPXPARAM_MIP_Strategy_HeuristicFreq=0;CPXPARAM_MIP_Strategy_LBHeur=0;CPXPARAM_MIP_Strategy_NodeSelect=1;CPXPARAM_MIP_Strategy_Order=1;CPXPARAM_MIP_Strategy_PresolveNode=0;CPXPARAM_MIP_Strategy_Probe=-1;CPXPARAM_MIP_Strategy_RINSHeur=0;CPXPARAM_MIP_Strategy_StartAlgorithm=5;CPXPARAM_MIP_Strategy_SubAlgorithm=0;CPXPARAM_MIP_Strategy_VariableSelect=0;CPXPARAM_Network_NetFind=2;CPXPARAM_Network_Pricing=0;CPXPARAM_Parallel=1;CPXPARAM_Preprocessing_Aggregator=-1;CPXPARAM_Preprocessing_BoundStrength=-1;CPXPARAM_Preprocessing_CoeffReduce=-1;CPXPARAM_Preprocessing_Dependency=-1;CPXPARAM_Preprocessing_Dual=0;CPXPARAM_Preprocessing_Fill=10;CPXPARAM_Preprocessing_NumPass=-1;CPXPARAM_Preprocessing_Presolve=1;CPXPARAM_Preprocessing_QPMakePSD=1;CPXPARAM_Preprocessing_Reduce=3;CPXPARAM_Preprocessing_Relax=-1;CPXPARAM_Preprocessing_RepeatPresolve=-1;CPXPARAM_Preprocessing_Symmetry=4;CPXPARAM_Read_Scale=0;CPXPARAM_Sifting_Algorithm=0;CPXPARAM_Simplex_Crash=1;CPXPARAM_Simplex_DGradient=2;CPXPARAM_Simplex_Limits_Perturbation=0;CPXPARAM_Simplex_Limits_Singularity=10;CPXPARAM_Simplex_PGradient=0;CPXPARAM_Simplex_Pricing=0;CPXPARAM_Simplex_Refactor=0
17639870947378917099,0,CPXPARAM_Advance=1;CPXPARAM_Barrier_Algorithm=0;CPXPARAM_Barrier_ColNonzeros=0;CPXPARAM_Barrier_Crossover=0;CPXPARAM_Barrier_Limits_Corrections=-1;CPXPARAM_Barrier_Ordering=0;CPXPARAM_Barrier_StartAlg=2;CPXPARAM_Emphasis_MIP=1;CPXPARAM_Emphasis_Memory=0;CPXPARAM_Emphasis_Numerical=0;CPXPARAM_Feasopt_Mode=0;CPXPARAM_LPMethod=0;CPXPARAM_MIP_Cuts_Cliques=0;CPXPARAM_MIP_Cuts_Covers=0;CPXPARAM_MIP_Cuts_Disjunctive=2;CPXPARAM_MIP_Cuts_FlowCovers=1;CPXPARAM_MIP_Cuts_GUBCovers=2;CPXPARAM_MIP_Cuts_Gomory=2;CPXPARAM_MIP_Cuts_Implied=1;CPXPARAM_MIP_Cuts_MIRCut=-1;CPXPARAM_MIP_Cuts_PathCut=2;CPXPARAM_MIP_Limits_AggForCut=3;CPXPARAM_MIP_Limits_CutPasses=0;CPXPARAM_MIP_Limits_CutsFactor=-1;CPXPARAM_MIP_Limits_GomoryCand=10;CPXPARAM_MIP_Limits_GomoryPass=0;CPXPARAM_MIP_Limits_Nodes=9223372036800000000;CPXPARAM_MIP_Limits_ProbeTime=0;CPXPARAM_MIP_Limits_RepairTries=0;CPXPARAM_MIP_Limits_StrongCand=10;CPXPARAM_MIP_Limits_StrongIt=0;CPXPARAM_MIP_OrderType=0;CPXPARAM_MIP_Strategy_BBInterval=7;CPXPARAM_MIP_Strategy_Branch=0;CPXPARAM_MIP_Strategy_Dive=0;CPXPARAM_MIP_Strategy_File=1;CPXPARAM_MIP_Strategy_HeuristicFreq=0;CPXPARAM_MIP_Strategy_LBHeur=0;CPXPARAM_MIP_Strategy_NodeSelect=1;CPXPARAM_MIP_Strategy_Order=1;CPXPARAM_MIP_Strategy_PresolveNode=0;CPXPARAM_MIP_Strategy_Probe=3;CPXPARAM_MIP_Strategy_RINSHeur=0;CPXPARAM_MIP_Strategy_StartAlgorithm=5;CPXPARAM_MIP_Strategy_SubAlgorithm=0;CPXPARAM_MIP_Strategy_VariableSelect=0;CPXPARAM_Network_NetFind=2;CPXPARAM_Network_Pricing=0;CPXPARAM_Parallel=1;CPXPARAM_Preprocessing_Aggregator=-1;CPXPARAM_Preprocessing_BoundStrength=-1;CPXPARAM_Preprocessing_CoeffReduce=-1;CPXPARAM_Preprocessing_Dependency=-1;CPXPARAM_Preprocessing_Dual=0;CPXPARAM_Preprocessing_Fill=10;CPXPARAM_Preprocessing_NumPass=-1;CPXPARAM_Preprocessing_Presolve=1;CPXPARAM_Preprocessing_QPMakePSD=1;CPXPARAM_Preprocessing_Reduce=3;CPXPARAM_Preprocessing_Relax=-1;CPXPARAM_Preprocessing_RepeatPresolve=-1;CPXPARAM_Preprocessing_Symmetry=4;CPXPARAM_Read_Scale=0;CPXPARAM_Sifting_Algorithm=0;CPXPARAM_Simplex_Crash=1;CPXPARAM_Simplex_DGradient=2;CPXPARAM_Simplex_Limits_Perturbation=0;CPXPARAM_Simplex_Limits_Singularity=10;CPXPARAM_Simplex_PGradient=0;CPXPARAM_Simplex_Pricing=0;CPXPARAM_Simplex_Refactor=0
17078867038841426981,0,CPXPARAM_Advance=1;CPXPARAM_Barrier_Algorithm=0;CPXPARAM_Barrier_ColNonzeros=0;CPXPARAM_Barrier_Crossover=0;CPXPARAM_Barrier_Limits_Corrections=-1;CPXPARAM_Barrier_Ordering=0;CPXPARAM_Barrier_StartAlg=2;CPXPARAM_Emphasis_MIP=1;CPXPARAM_Emphasis_Memory=0;CPXPARAM_Emphasis_Numerical=0;CPXPARAM_Feasopt_Mode=2;CPXPARAM_LPMethod=0;CPXPARAM_MIP_Cuts_Cliques=0;CPXPARAM_MIP_Cuts_Covers=0;CPXPARAM_MIP_Cuts_Disjunctive=2;CPXPARAM_MIP_Cuts_FlowCovers=1;CPXPARAM_MIP_Cuts_GUBCovers=2;CPXPARAM_MIP_Cuts_Gomory=2;CPXPARAM_MIP_Cuts_Implied=1;CPXPARAM_MIP_Cuts_MIRCut=-1;CPXPARAM_MIP_Cuts_PathCut=2;CPXPARAM_MIP_Limits_AggForCut=3;CPXPARAM_MIP_Limits_CutPasses=0;CPXPARAM_MIP_Limits_CutsFactor=-1;CPXPARAM_MIP_Limits_GomoryCand=800;CPXPARAM_MIP_Limits_GomoryPass=0;CPXPARAM_MIP_Limits_Nodes=9223372036800000000;CPXPARAM_MIP_Limits_ProbeTime=0;CPXPARAM_MIP_Limits_RepairTries=0;CPXPARAM_MIP_Limits_StrongCand=10;CPXPARAM_MIP_Limits_StrongIt=0;CPXPARAM_MIP_OrderType=0;CPXPARAM_MIP_Strategy_BBInterval=7;CPXPARAM_MIP_Strategy_Branch=0;CPXPARAM_MIP_Strategy_Dive=0;CPXPARAM_MIP_Strategy_File=1;CPXPARAM_MIP_Strategy_HeuristicFreq=0;CPXPARAM_MIP_Strategy_LBHeur=0;CPXPARAM_MIP_Strategy_NodeSelect=1;CPXPARAM_MIP_Strategy_Order=1;CPXPARAM_MIP_Strategy_PresolveNode=0;CPXPARAM_MIP_Strategy_Probe=3;CPXPARAM_MIP_Strategy_RINSHeur=0;CPXPARAM_MIP_Strategy_StartAlgorithm=5;CPXPARAM_MIP_Strategy_SubAlgorithm=0;CPXPARAM_MIP_Strategy_VariableSelect=0;CPXPARAM_Network_NetFind=2;CPXPARAM_Network_Pricing=0;CPXPARAM_Parallel=1;CPXPARAM_Preprocessing_Aggregator=-1;CPXPARAM_Preprocessing_BoundStrength=-1;CPXPARAM_Preprocessing_CoeffReduce=-1;CPXPARAM_Preprocessing_Dependency=-1;CPXPARAM_Preprocessing_Dual=0;CPXPARAM_Preprocessing_Fill=10;CPXPARAM_Preprocessing_NumPass=-1;CPXPARAM_Preprocessing_Presolve=1;CPXPARAM_Preprocessing_QPMakePSD=1;CPXPARAM_Preprocessing_Reduce=3;CPXPARAM_Preprocessing_Relax=-1;CPXPARAM_Preprocessing_RepeatPresolve=-1;CPXPARAM_Preprocessing_Symmetry=4;CPXPARAM_Read_Scale=0;CPXPARAM_Sifting_Algorithm=0;CPXPARAM_Simplex_Crash=1;CPXPARAM_Simplex_DGradient=2;CPXPARAM_Simplex_Limits_Perturbation=0;CPXPARAM_Simplex_Limits_Singularity=10;CPXPARAM_Simplex_PGradient=0;CPXPARAM_Simplex_Pricing=0;CPXPARAM_Simplex_Refactor=0
7495030282117890181,0,CPXPARAM_Advance=1;CPXPARAM_Barrier_Algorithm=0;CPXPARAM_Barrier_ColNonzeros=0;CPXPARAM_Barrier_Crossover=0;CPXPARAM_Barrier_Limits_Corrections=-1;CPXPARAM_Barrier_Ordering=0;CPXPARAM_Barrier_StartAlg=2;CPXPARAM_Emphasis_MIP=1;CPXPARAM_Emphasis_Memory=0;CPXPARAM_Emphasis_Numerical=0;CPXPARAM_Feasopt_Mode=0;CPXPARAM_LPMethod=0;CPXPARAM_MIP_Cuts_Cliques=0;CPXPARAM_MIP_Cuts_Covers=0;CPXPARAM_MIP_Cuts_Disjunctive=2;CPXPARAM_MIP_Cuts_FlowCovers=1;CPXPARAM_MIP_Cuts_GUBCovers=2;CPXPARAM_MIP_Cuts_Gomory=2;CPXPARAM_MIP_Cuts_Implied=1;CPXPARAM_MIP_Cuts_MIRCut=-1;CPXPARAM_MIP_Cuts_PathCut=2;CPXPARAM_MIP_Limits_AggForCut=3;CPXPARAM_MIP_Limits_CutPasses=0;CPXPARAM_MIP_Limits_CutsFactor=-1;CPXPARAM_MIP_Limits_GomoryCand=800;CPXPARAM_MIP_Limits_GomoryPass=0;CPXPARAM_MIP_Limits_Nodes=9223372036800000000;CPXPARAM_MIP_Limits_ProbeTime=0;CPXPARAM_MIP_Limits_RepairTries=0;CPXPARAM_MIP_Limits_StrongCand=10;CPXPARAM_MIP_Limits_StrongIt=0;CPXPARAM_MIP_OrderType=0;CPXPARAM_MIP_Strategy_BBInterval=7;CPXPARAM_MIP_Strategy_Branch=0;CPXPARAM_MIP_Strategy_Dive=0;CPXPARAM_MIP_Strategy_File=1;CPXPARAM_MIP_Strategy_HeuristicFreq=0;CPXPARAM_MIP_Strategy_LBHeur=0;CPXPARAM_MIP_Strategy_NodeSelect=1;CPXPARAM_MIP_Strategy_Order=1;CPXPARAM_MIP_Strategy_PresolveNode=0;CPXPARAM_MIP_Strategy_Probe=3;CPXPARAM_MIP_Strategy_RINSHeur=0;CPXPARAM_MIP_Strategy_StartAlgorithm=5;CPXPARAM_MIP_Strategy_SubAlgorithm=0;CPXPARAM_MIP_Strategy_VariableSelect=0;CPXPARAM_Network_NetFind=2;CPXPARAM_Network_Pricing=0;CPXPARAM_Parallel=1;CPXPARAM_Preprocessing_Aggregator=-1;CPXPARAM_Preprocessing_BoundStrength=-1;CPXPARAM_Preprocessing_CoeffReduce=-1;CPXPARAM_Preprocessing_Dependency=-1;CPXPARAM_Preprocessing_Dual=0;CPXPARAM_Preprocessing_Fill=10;CPXPARAM_Preprocessing_NumPass=-1;CPXPARAM_Preprocessing_Presolve=1;CPXPARAM_Preprocessing_QPMakePSD=1;CPXPARAM_Preprocessing_Reduce=3;CPXPARAM_Preprocessing_Relax=-1;CPXPARAM_Preprocessing_RepeatPresolve=-1;CPXPARAM_Preprocessing_Symmetry=4;CPXPARAM_Read_Scale=0;CPXPARAM_Sifting_Algorithm=2;CPXPARAM_Simplex_Crash=1;CPXPARAM_Simplex_DGradient=2;CPXPARAM_Simplex_Limits_Perturbation=0;CPXPARAM_Simplex_Limits_Singularity=10;CPXPARAM_Simplex_PGradient=0;CPXPARAM_Simplex_Pricing=0;CPXPARAM_Simplex_Refactor=0
14253763048500556635,0,CPXPARAM_Advance=1;CPXPARAM_Barrier_Algorithm=0;CPXPARAM_Barrier_ColNonzeros=0;CPXPARAM_Barrier_Crossover=0;CPXPARAM_Barrier_Limits_Corrections=-1;CPXPARAM_Barrier_Ordering=0;CPXPARAM_Barrier_StartAlg=2;CPXPARAM_Emphasis_MIP=1;CPXPARAM_Emphasis_Memory=0;CPXPARAM_Emphasis_Numerical=0;CPXPARAM_Feasopt_Mode=0;CPXPARAM_LPMethod=0;CPXPARAM_MIP_Cuts_Cliques=0;CPXPARAM_MIP_Cuts_Covers=0;CPXPARAM_MIP_Cuts_Disjunctive=2;CPXPARAM_MIP_Cuts_FlowCovers=1;CPXPARAM_MIP_Cuts_GUBCovers=2;CPXPARAM_MIP_Cuts_Gomory=2;CPXPARAM_MIP_Cuts_Implied=1;CPXPARAM_MIP_Cuts_MIRCut=-1;CPXPARAM_MIP_Cuts_PathCut=2;CPXPARAM_MIP_Limits_AggForCut=3;CPXPARAM_MIP_Limits_CutPasses=0;CPXPARAM_MIP_Limits_CutsFactor=-1;CPXPARAM_MIP_Limits_GomoryCand=800;CPXPARAM_MIP_Limits_GomoryPass=0;CPXPARAM_MIP_Limits_Nodes=9223372036800000000;CPXPARAM_MIP_Limits_ProbeTime=0;CPXPARAM_MIP_Limits_RepairTries=0;CPXPARAM_MIP_Limits_StrongCand=10;CPXPARAM_MIP_Limits_StrongIt=0;CPXPARAM_MIP_OrderType=0;CPXPARAM_MIP_Strategy_BBInterval=7;CPXPARAM_MIP_Strategy_Branch=0;CPXPARAM_MIP_Strategy_Dive=0;CPXPARAM_MIP_Strategy_File=3;CPXPARAM_MIP_Strategy_HeuristicFreq=0;CPXPARAM_MIP_Strategy_LBHeur=0;CPXPARAM_MIP_Strategy_NodeSelect=1;CPXPARAM_MIP_Strategy_Order=1;CPXPARAM_MIP_Strategy_PresolveNode=0;CPXPARAM_MIP_Strategy_Probe=3;CPXPARAM_MIP_Strategy_RINSHeur=0;CPXPARAM_MIP_Strategy_StartAlgorithm=5;CPXPARAM_MIP_Strategy_SubAlgorithm=0;CPXPARAM_MIP_Strategy_VariableSelect=0;CPXPARAM_Network_NetFind=2;CPXPARAM_Network_Pricing=0;CPXPARAM_Parallel=1;CPXPARAM_Preprocessing_Aggregator=-1;CPXPARAM_Preprocessing_BoundStrength=-1;CPXPARAM_Preprocessing_CoeffReduce=-1;CPXPARAM_Preprocessing_Dependency=-1;CPXPARAM_Preprocessing_Dual=0;CPXPARAM_Preprocessing_Fill=10;CPXPARAM_Preprocessing_NumPass=-1;CPXPARAM_Preprocessing_Presolve=1;CPXPARAM_Preprocessing_QPMakePSD=1;CPXPARAM_Preprocessing_Reduce=3;CPXPARAM_Preprocessing_Relax=-1;CPXPARAM_Preprocessing_RepeatPresolve=-1;CPXPARAM_Preprocessing_Symmetry=4;CPXPARAM_Read_Scale=0;CPXPARAM_Sifting_Algorithm=0;CPXPARAM_Simplex_Crash=1;CPXPARAM_Simplex_DGradient=2;CPXPARAM_Simplex_Limits_Perturbation=0;CPXPARAM_Simplex_Limits_Singularity=10;CPXPARAM_Simplex_PGradient=0;CPXPARAM_Simplex_Pricing=0;CPXPARAM_Simplex_Refactor=0
4958754847751541791,0,CPXPARAM_Advance=1;CPXPARAM_Barrier_Algorithm=0;CPXPARAM_Barrier_ColNonzeros=0;CPXPARAM_Barrier_Crossover=0;CPXPARAM_Barrier_Limits_Corrections=-1;CPXPARAM_Barrier_Ordering=0;CPXPARAM_Barrier_StartAlg=2;CPXPARAM_Emphasis_MIP=1;CPXPARAM_Emphasis_Memory=0;CPXPARAM_Emphasis_Numerical=0;CPXPARAM_Feasopt_Mode=0;CPXPARAM_LPMethod=0;CPXPARAM_MIP_Cuts_Cliques=0;CPXPARAM_MIP_Cuts_Covers=0;CPXPARAM_MIP_Cuts_Disjunctive=2;CPXPARAM_MIP_Cuts_FlowCovers=1;CPXPARAM_MIP_Cuts_GUBCovers=2;CPXPARAM_MIP_Cuts_Gomory=2;CPXPARAM_MIP_Cuts_Implied=1;CPXPARAM_MIP_Cuts_MIRCut=-1;CPXPARAM_MIP_Cuts_PathCut=2;CPXPARAM_MIP_Limits_AggForCut=3;CPXPARAM_MIP_Limits_CutPasses=0;CPXPARAM_MIP_Limits_CutsFactor=-1;CPXPARAM_MIP_Limits_GomoryCand=800;CPXPARAM_MIP_Limits_GomoryPass=0;CPXPARAM_MIP_Limits_Nodes=9223372036800000000;CPXPARAM_MIP_Limits_ProbeTime=0;CPXPARAM_MIP_Limits_RepairTries=0;CPXPARAM_MIP_Limits_StrongCand=10;CPXPARAM_MIP_Limits_StrongIt=0;CPXPARAM_MIP_OrderType=0;CPXPARAM_MIP_Strategy_BBInterval=7;CPXPARAM_MIP_Strategy_Branch=0;CPXPARAM_MIP_Strategy_Dive=0;CPXPARAM_MIP_Strategy_File=2;CPXPARAM_MIP_Strategy_HeuristicFreq=0;CPXPARAM_MIP_Strategy_LBHeur=0;CPXPARAM_MIP_Strategy_NodeSelect=1;CPXPARAM_MIP_Strategy_Order=1;CPXPARAM_MIP_Strategy_PresolveNode=0;CPXPARAM_MIP_Strategy_Probe=3;CPXPARAM_MIP_Strategy_RINSHeur=0;CPXPARAM_MIP_Strategy_StartAlgorithm=5;CPXPARAM_MIP_Strategy_SubAlgorithm=0;CPXPARAM_MIP_Strategy_VariableSelect=0;CPXPARAM_Network_NetFind=2;CPXPARAM_Network_Pricing=0;CPXPARAM_Parallel=1;CPXPARAM_Preprocessing_Aggregator=-1;CPXPARAM_Preprocessing_BoundStrength=-1;CPXPARAM_Preprocessing_CoeffReduce=-1;CPXPARAM_Preprocessing_Dependency=-1;CPXPARAM_Preprocessing_Dual=0;CPXPARAM_Preprocessing_Fill=10;CPXPARAM_Preprocessing_NumPass=-1;CPXPARAM_Preprocessing_Presolve=1;CPXPARAM_Preprocessing_QPMakePSD=1;CPXPARAM_Preprocessing_Reduce=3;CPXPARAM_Preprocessing_Relax=-1;CPXPARAM_Preprocessing_RepeatPresolve=-1;CPXPARAM_Preprocessing_Symmetry=4;CPXPARAM_Read_Scale=0;CPXPARAM_Sifting_Algorithm=0;CPXPARAM_Simplex_Crash=1;CPXPARAM_Simplex_DGradient=2;CPXPARAM_Simplex_Limits_Perturbation=0;CPXPARAM_Simplex_Limits_Singularity=10;CPXPARAM_Simplex_PGradient=0;CPXPARAM_Simplex_Pricing=0;CPXPARAM_Simplex_Refactor=0
12862884442271439381,0,CPXPARAM_Advance=1;CPXPARAM_Barrier_Algorithm=0;CPXPARAM_Barrier_ColNonzeros=0;CPXPARAM_Barrier_Crossover=0;CPXPARAM_Barrier_Limits_Corrections=-1;CPXPARAM_Barrier_Ordering=0;CPXPARAM_Barrier_StartAlg=2;CPXPARAM_Emphasis_MIP=1;CPXPARAM_Emphasis_Memory=0;CPXPARAM_Emphasis_Numerical=0;CPXPARAM_Feasopt_Mode=0;CPXPARAM_LPMethod=0;CPXPARAM_MIP_Cuts_Cliques=0;CPXPARAM_MIP_Cuts_Covers=0;CPXPARAM_MIP_Cuts_Disjunctive=2;CPXPARAM_MIP_Cuts_FlowCovers=1;CPXPARAM_MIP_Cuts_GUBCovers=2;CPXPARAM_MIP_Cuts_Gomory=2;CPXPARAM_MIP_Cuts_Implied=1;CPXPARAM_MIP_Cuts_MIRCut=-1;CPXPARAM_MIP_Cuts_PathCut=2;CPXPARAM_MIP_Limits_AggForCut=3;CPXPARAM_MIP_Limits_CutPasses=0;CPXPARAM_MIP_Limits_CutsFactor=-1;CPXPARAM_MIP_Limits_GomoryCand=800;CPXPARAM_MIP_Limits_GomoryPass=0;CPXPARAM_MIP_Limits_Nodes=9223372036800000000;CPXPARAM_MIP_Limits_ProbeTime=0;CPXPARAM_MIP_Limits_RepairTries=0;CPXPARAM_MIP_Limits_StrongCand=10;CPXPARAM_MIP_Limits_StrongIt=0;CPXPARAM_MIP_OrderType=0;CPXPARAM_MIP_Strategy_BBInterval=7;CPXPARAM_MIP_Strategy_Branch=0;CPXPARAM_MIP_Strategy_Dive=0;CPXPARAM_MIP_Strategy_File=1;CPXPARAM_MIP_Strategy_HeuristicFreq=0;CPXPARAM_MIP_Strategy_LBHeur=0;CPXPARAM_MIP_Strategy_NodeSelect=1;CPXPARAM_MIP_Strategy_Order=1;CPXPARAM_MIP_Strategy_PresolveNode=0;CPXPARAM_MIP_Strategy_Probe=3;CPXPARAM_MIP_Strategy_RINSHeur=0;CPXPARAM_MIP_Strategy_StartAlgorithm=5;CPXPARAM_MIP_Strategy_SubAlgorithm=0;CPXPARAM_MIP_Strategy_VariableSelect=0;CPXPARAM_Network_NetFind=2;CPXPARAM_Network_Pricing=1;CPXPARAM_Parallel=1;CPXPARAM_Preprocessing_Aggregator=-1;CPXPARAM_Preprocessing_BoundStrength=-1;CPXPARAM_Preprocessing_CoeffReduce=-1;CPXPARAM_Preprocessing_Dependency=-1;CPXPARAM_Preprocessing_Dual=0;CPXPARAM_Preprocessing_Fill=10;CPXPARAM_Preprocessing_NumPass=-1;CPXPARAM_Preprocessing_Presolve=1;CPXPARAM_Preprocessing_QPMakePSD=1;CPXPARAM_Preprocessing_Reduce=3;CPXPARAM_Preprocessing_Relax=-1;CPXPARAM_Preprocessing_RepeatPresolve=-1;CPXPARAM_Preprocessing_Symmetry=4;CPXPARAM_Read_Scale=0;CPXPARAM_Sifting_Algorithm=0;CPXPARAM_Simplex_Crash=1;CPXPARAM_Simplex_DGradient=2;CPXPARAM_Simplex_Limits_Perturbation=0;CPXPARAM_Simplex_Limits_Singularity=10;CPXPARAM_Simplex_PGradient=0;CPXPARAM_Simplex_Pricing=0;CPXPARAM_Simplex_Refactor=0
9139050815532312278,0,CPXPARAM_Advance=1;CPXPARAM_Barrier_Algorithm=0;CPXPARAM_Barrier_ColNonzeros=0;CPXPARAM_Barrier_Crossover=0;CPXPARAM_Barrier_Limits_Corrections=-1;CPXPARAM_Barrier_Ordering=0;CPXPARAM_Barrier_StartAlg=2;CPXPARAM_Emphasis_MIP=1;CPXPARAM_Emphasis_Memory=0;CPXPARAM_Emphasis_Numerical=0;CPXPARAM_Feasopt_Mode=0;CPXPARAM_LPMethod=0;CPXPARAM_MIP_Cuts_Cliques=0;CPXPARAM_MIP_Cuts_Covers=0;CPXPARAM_MIP_Cuts_Disjunctive=2;CPXPARAM_MIP_Cuts_FlowCovers=1;CPXPARAM_MIP_Cuts_GUBCovers=2;CPXPARAM_MIP_Cuts_Gomory=2;CPXPARAM_MIP_Cuts_Implied=-1;CPXPARAM_MIP_Cuts_MIRCut=-1;CPXPARAM_MIP_Cuts_PathCut=2;CPXPARAM_MIP_Limits_AggForCut=3;CPXPARAM_MIP_Limits_CutPasses=0;CPXPARAM_MIP_Limits_CutsFactor=-1;CPXPARAM_MIP_Limits_GomoryCand=800;CPXPARAM_MIP_Limits_GomoryPass=0;CPXPARAM_MIP_Limits_Nodes=9223372036800000000;CPXPARAM_MIP_Limits_ProbeTime=0;CPXPARAM_MIP_Limits_RepairTries=0;CPXPARAM_MIP_Limits_StrongCand=10;CPXPARAM_MIP_Limits_StrongIt=0;CPXPARAM_MIP_OrderType=0;CPXPARAM_MIP_Strategy_BBInterval=7;CPXPARAM_MIP_Strategy_Branch=0;CPXPARAM_MIP_Strategy_Dive=0;CPXPARAM_MIP_Strategy_File=1;CPXPARAM_MIP_Strategy_HeuristicFreq=0;CPXPARAM_MIP_Strategy_LBHeur=0;CPXPARAM_MIP_Strategy_NodeSelect=1;CPXPARAM_MIP_Strategy_Order=1;CPXPARAM_MIP_Strategy_PresolveNode=0;CPXPARAM_MIP_Strategy_Probe=3;CPXPARAM_MIP_Strategy_RINSHeur=0;CPXPARAM_MIP_Strategy_StartAlgorithm=5;CPXPARAM_MIP_Strategy_SubAlgorithm=0;CPXPARAM_MIP_Strategy_VariableSelect=0;CPXPARAM_Network_NetFind=2;CPXPARAM_Network_Pricing=0;CPXPARAM_Parallel=1;CPXPARAM_Preprocessing_Aggregator=-1;CPXPARAM_Preprocessing_BoundStrength=-1;CPXPARAM_Preprocessing_CoeffReduce=-1;CPXPARAM_Preprocessing_Dependency=-1;CPXPARAM_Preprocessing_Dual=0;CPXPARAM_Preprocessing_Fill=10;CPXPARAM_Preprocessing_NumPass=-1;CPXPARAM_Preprocessing_Presolve=1;CPXPARAM_Preprocessing_QPMakePSD=1;CPXPARAM_Preprocessing_Reduce=3;CPXPARAM_Preprocessing_Relax=-1;CPXPARAM_Preprocessing_RepeatPresolve=-1;CPXPARAM_Preprocessing_Symmetry=4;CPXPARAM_Read_Scale=0;CPXPARAM_Sifting_Algorithm=0;CPXPARAM_Simplex_Crash=1;CPXPARAM_Simplex_DGradient=2;CPXPARAM_Simplex_Limits_Perturbation=0;CPXPARAM_Simplex_Limits_Singularity=10;CPXPARAM_Simplex_PGradient=0;CPXPARAM_Simplex_Pricing=0;CPXPARAM_Simplex_Refactor=0
3023750739999016296,0,CPXPARAM_Advance=1;CPXPARAM_Barrier_Algorithm=0;CPXPARAM_Barrier_ColNonzeros=0;CPXPARAM_Barrier_Crossover=0;CPXPARAM_Barrier_Limits_Corrections=-1;CPXPARAM_Barrier_Ordering=0;CPXPARAM_Barrier_StartAlg=2;CPXPARAM_Emphasis_MIP=1;CPXPARAM_Emphasis_Memory=0;CPXPARAM_Emphasis_Numerical=0;CPXPARAM_Feasopt_Mode=0;CPXPARAM_LPMethod=0;CPXPARAM_MIP_Cuts_Cliques=0;CPXPARAM_MIP_Cuts_Covers=0;CPXPARAM_MIP_Cuts_Disjunctive=2;CPXPARAM_MIP_Cuts_FlowCovers=1;CPXPARAM_MIP_Cuts_GUBCovers=2;CPXPARAM_MIP_Cuts_Gomory=2;CPXPARAM_MIP_Cuts_Implied=1;CPXPARAM_MIP_Cuts_MIRCut=-1;CPXPARAM_MIP_Cuts_PathCut=2;CPXPARAM_MIP_Limits_AggForCut=3;CPXPARAM_MIP_Limits_CutPasses=0;CPXPARAM_MIP_Limits_CutsFactor=-1;CPXPARAM_MIP_Limits_GomoryCand=800;CPXPARAM_MIP_Limits_GomoryPass=0;CPXPARAM_MIP_Limits_Nodes=9223372036800000000;CPXPARAM_MIP_Limits_ProbeTime=0;CPXPARAM_MIP_Limits_RepairTries=0;CPXPARAM_MIP_Limits_StrongCand=10;CPXPARAM_MIP_Limits_StrongIt=0;CPXPARAM_MIP_OrderType=0;CPXPARAM_MIP_Strategy_BBInterval=7;CPXPARAM_MIP_Strategy_Branch=0;CPXPARAM_MIP_Strategy_Dive=0;CPXPARAM_MIP_Strategy_File=1;CPXPARAM_MIP_Strategy_HeuristicFreq=0;CPXPARAM_MIP_Strategy_LBHeur=0;CPXPARAM_MIP_Strategy_NodeSelect=1;CPXPARAM_MIP_Strategy_Order=1;CPXPARAM_MIP_Strategy_PresolveNode=0;CPXPARAM_MIP_Strategy_Probe=3;CPXPARAM_MIP_Strategy_RINSHeur=0;CPXPARAM_MIP_Strategy_StartAlgorithm=5;CPXPARAM_MIP_Strategy_SubAlgorithm=0;CPXPARAM_MIP_Strategy_VariableSelect=0;CPXPARAM_Network_NetFind=1;CPXPARAM_Network_Pricing=0;CPXPARAM_Parallel=1;CPXPARAM_Preprocessing_Aggregator=-1;CPXPARAM_Preprocessing_BoundStrength=-1;CPXPARAM_Preprocessing_CoeffReduce=-1;CPXPARAM_Preprocessing_Dependency=-1;CPXPARAM_Preprocessing_Dual=0;CPXPARAM_Preprocessing_Fill=10;CPXPARAM_Preprocessing_NumPass=-1;CPXPARAM_Preprocessing_Presolve=1;CPXPARAM_Preprocessing_QPMakePSD=1;CPXPARAM_Preprocessing_Reduce=3;CPXPARAM_Preprocessing_Relax=-1;CPXPARAM_Preprocessing_RepeatPresolve=-1;CPXPARAM_Preprocessing_Symmetry=4;CPXPARAM_Read_Scale=0;CPXPARAM_Sifting_Algorithm=0;CPXPARAM_Simplex_Crash=1;CPXPARAM_Simplex_DGradient=2;CPXPARAM_Simplex_Limits_Perturbation=0;CPXPARAM_Simplex_Limits_Singularity=10;CPXPARAM_Simplex_PGradient=0;CPXPARAM_Simplex_Pricing=0;CPXPARAM_Simplex_Refactor=0
5014935710710124876,0,CPXPARAM_Advance=1;CPXPARAM_Barrier_Algorithm=0;CPXPARAM_Barrier_ColNonzeros=0;CPXPARAM_Barrier_Crossover=0;CPXPARAM_Barrier_Limits_Corrections=-1;CPXPARAM_Barrier_Ordering=0;CPXPARAM_Barrier_StartAlg=2;CPXPARAM_Emphasis_MIP=1;CPXPARAM_Emphasis_Memory=0;CPXPARAM_Emphasis_Numerical=0;CPXPARAM_Feasopt_Mode=0;CPXPARAM_LPMethod=0;CPXPARAM_MIP_Cuts_Cliques=0;CPXPARAM_MIP_Cuts_Covers=0;CPXPARAM_MIP_Cuts_Disjunctive=2;CPXPARAM_MIP_Cuts_FlowCovers=1;CPXPARAM_MIP_Cuts_GUBCovers=2;CPXPARAM_MIP_Cuts_Gomory=2;CPXPARAM_MIP_Cuts_Implied=1;CPXPARAM_MIP_Cuts_MIRCut=-1;CPXPARAM_MIP_Cuts_PathCut=2;CPXPARAM_MIP_Limits_AggForCut=3;CPXPARAM_MIP_Limits_CutPasses=0;CPXPARAM_MIP_Limits_CutsFactor=-1;CPXPARAM_MIP_Limits_GomoryCand=800;CPXPARAM_MIP_Limits_GomoryPass=0;CPXPARAM_MIP_Limits_Nodes=9223372036800000000;CPXPARAM_MIP_Limits_ProbeTime=0;CPXPARAM_MIP_Limits_RepairTries=0;CPXPARAM_MIP_Limits_StrongCand=10;CPXPARAM_MIP_Limits_StrongIt=0;CPXPARAM_MIP_OrderType=3;CPXPARAM_MIP_Strategy_BBInterval=7;CPXPARAM_MIP_Strategy_Branch=0;CPXPARAM_MIP_Strategy_Dive=0;CPXPARAM_MIP_Strategy_File=1;CPXPARAM_MIP_Strategy_HeuristicFreq=0;CPXPARAM_MIP_Strategy_LBHeur=0;CPXPARAM_MIP_Strategy_NodeSelect=1;CPXPARAM_MIP_Strategy_Order=1;CPXPARAM_MIP_Strategy_PresolveNode=0;CPXPARAM_MIP_Strategy_Probe=3;CPXPARAM_MIP_Strategy_RINSHeur=0;CPXPARAM_MIP_Strategy_StartAlgorithm=5;CPXPARAM_MIP_Strategy_SubAlgorithm=0;CPXPARAM_MIP_Strategy_VariableSelect=0;CPXPARAM_Network_NetFind=2;CPXPARAM_Network_Pricing=0;CPXPARAM_Parallel=1;CPXPARAM_Preprocessing_Aggregator=-1;CPXPARAM_Preprocessing_BoundStrength=-1;CPXPARAM_Preprocessing_CoeffReduce=-1;CPXPARAM_Preprocessing_Dependency=-1;CPXPARAM_Preprocessing_Dual=0;CPXPARAM_Preprocessing_Fill=10;CPXPARAM_Preprocessing_NumPass=-1;CPXPARAM_Preprocessing_Presolve=1;CPXPARAM_Preprocessing_QPMakePSD=1;CPXPARAM_Preprocessing_Reduce=3;CPXPARAM_Preprocessing_Relax=-1;CPXPARAM_Preprocessing_RepeatPresolve=-1;CPXPARAM_Preprocessing_Symmetry=4;CPXPARAM_Read_Scale=0;CPXPARAM_Sifting_Algorithm=0;CPXPARAM_Simplex_Crash=1;CPXPARAM_Simplex_DGradient=2;CPXPARAM_Simplex_Limits_Perturbation=0;CPXPARAM_Simplex_Limits_Singularity=10;CPXPARAM_Simplex_PGradient=0;CPXPARAM_Simplex_Pricing=0;CPXPARAM_Simplex_Refactor=0
13832645274221489741,0,CPXPARAM_Advance=1;CPXPARAM_Barrier_Algorithm=0;CPXPARAM_Barrier_ColNonzeros=0;CPXPARAM_Barrier_Crossover=0;CPXPARAM_Barrier_Limits_Corrections=-1;CPXPARAM_Barrier_Ordering=0;CPXPARAM_Barrier_StartAlg=3;CPXPARAM_Emphasis_MIP=5;CPXPARAM_Emphasis_Memory=0;CPXPARAM_Emphasis_Numerical=0;CPXPARAM_Feasopt_Mode=1;CPXPARAM_LPMethod=0;CPXPARAM_MIP_Cuts_Cliques=1;CPXPARAM_MIP_Cuts_Covers=0;CPXPARAM_MIP_Cuts_Disjunctive=3;CPXPARAM_MIP_Cuts_FlowCovers=1;CPXPARAM_MIP_Cuts_GUBCovers=0;CPXPARAM_MIP_Cuts_Gomory=1;CPXPARAM_MIP_Cuts_Implied=2;CPXPARAM_MIP_Cuts_MIRCut=0;CPXPARAM_MIP_Cuts_PathCut=-1;CPXPARAM_MIP_Limits_AggForCut=3;CPXPARAM_MIP_Limits_CutPasses=0;CPXPARAM_MIP_Limits_CutsFactor=-1;CPXPARAM_MIP_Limits_GomoryCand=150;CPXPARAM_MIP_Limits_GomoryPass=0;CPXPARAM_MIP_Limits_Nodes=9223372036800000000;CPXPARAM_MIP_Limits_ProbeTime=1e+75;CPXPARAM_MIP_Limits_RepairTries=0;CPXPARAM_MIP_Limits_StrongCand=10;CPXPARAM_MIP_Limits_StrongIt=0;CPXPARAM_MIP_OrderType=0;CPXPARAM_MIP_Strategy_BBInterval=7;CPXPARAM_MIP_Strategy_Branch=1;CPXPARAM_MIP_Strategy_Dive=0;CPXPARAM_MIP_Strategy_File=1;CPXPARAM_MIP_Strategy_HeuristicFreq=0;CPXPARAM_MIP_Strategy_LBHeur=0;CPXPARAM_MIP_Strategy_NodeSelect=1;CPXPARAM_MIP_Strategy_Order=1;CPXPARAM_MIP_Strategy_PresolveNode=0;CPXPARAM_MIP_Strategy_Probe=3;CPXPARAM_MIP_Strategy_RINSHeur=0;CPXPARAM_MIP_Strategy_StartAlgorithm=1;CPXPARAM_MIP_Strategy_SubAlgorithm=4;CPXPARAM_MIP_Strategy_VariableSelect=0;CPXPARAM_Network_NetFind=2;CPXPARAM_Network_Pricing=0;CPXPARAM_Parallel=1;CPXPARAM_Preprocessing_Aggregator=-1;CPXPARAM_Preprocessing_BoundStrength=-1;CPXPARAM_Preprocessing_CoeffReduce=-1;CPXPARAM_Preprocessing_Dependency=-1;CPXPARAM_Preprocessing_Dual=0;CPXPARAM_Preprocessing_Fill=10;CPXPARAM_Preprocessing_NumPass=-1;CPXPARAM_Preprocessing_Presolve=1;CPXPARAM_Preprocessing_QPMakePSD=1;CPXPARAM_Preprocessing_Reduce=3;CPXPARAM_Preprocessing_Relax=-1;CPXPARAM_Preprocessing_RepeatPresolve=-1;CPXPARAM_Preprocessing_Symmetry=1;CPXPARAM_Read_Scale=0;CPXPARAM_Sifting_Algorithm=0;CPXPARAM_Simplex_Crash=0;CPXPARAM_Simplex_DGradient=0;CPXPARAM_Simplex_Limits_Perturbation=0;CPXPARAM_Simplex_Limits_Singularity=10;CPXPARAM_Simplex_PGradient=0;CPXPARAM_Simplex_Pricing=0;CPXPARAM_Simplex_Refactor=0
457959040305209843,0,CPXPARAM_Advance=1;CPXPARAM_Barrier_Algorithm=0;CPXPARAM_Barrier_ColNonzeros=0;CPXPARAM_Barrier_Crossover=0;CPXPARAM_Barrier_Limits_Corrections=-1;CPXPARAM_Barrier_Ordering=0;CPXPARAM_Barrier_StartAlg=2;CPXPARAM_Emphasis_MIP=1;CPXPARAM_Emphasis_Memory=0;CPXPARAM_Emphasis_Numerical=0;CPXPARAM_Feasopt_Mode=0;CPXPARAM_LPMethod=0;CPXPARAM_MIP_Cuts_Cliques=0;CPXPARAM_MIP_Cuts_Covers=0;CPXPARAM_MIP_Cuts_Disjunctive=2;CPXPARAM_MIP_Cuts_FlowCovers=1;CPXPARAM_MIP_Cuts_GUBCovers=2;CPXPARAM_MIP_Cuts_Gomory=2;CPXPARAM_MIP_Cuts_Implied=1;CPXPARAM_MIP_Cuts_MIRCut=-1;CPXPARAM_MIP_Cuts_PathCut=2;CPXPARAM_MIP_Limits_AggForCut=3;CPXPARAM_MIP_Limits_CutPasses=0;CPXPARAM_MIP_Limits_CutsFactor=-1;CPXPARAM_MIP_Limits_GomoryCand=800;CPXPARAM_MIP_Limits_GomoryPass=0;CPXPARAM_MIP_Limits_Nodes=9223372036800000000;CPXPARAM_MIP_Limits_ProbeTime=0;CPXPARAM_MIP_Limits_RepairTries=0;CPXPARAM_MIP_Limits_StrongCand=10;CPXPARAM_MIP_Limits_StrongIt=0;CPXPARAM_MIP_OrderType=1;CPXPARAM_MIP_Strategy_BBInterval=7;CPXPARAM_MIP_Strategy_Branch=0;CPXPARAM_MIP_Strategy_Dive=0;CPXPARAM_MIP_Strategy_File=1;CPXPARAM_MIP_Strategy_HeuristicFreq=0;CPXPARAM_MIP_Strategy_LBHeur=0;CPXPARAM_MIP_Strategy_NodeSelect=1;CPXPARAM_MIP_Strategy_Order=1;CPXPARAM_MIP_Strategy_PresolveNode=0;CPXPARAM_MIP_Strategy_Probe=3;CPXPARAM_MIP_Strategy_RINSHeur=0;CPXPARAM_MIP_Strategy_StartAlgorithm=5;CPXPARAM_MIP_Strategy_SubAlgorithm=0;CPXPARAM_MIP_Strategy_VariableSelect=0;CPXPARAM_Network_NetFind=2;CPXPARAM_Network_Pricing=0;CPXPARAM_Parallel=1;CPXPARAM_Preprocessing_Aggregator=-1;CPXPARAM_Preprocessing_BoundStrength=-1;CPXPARAM_Preprocessing_CoeffReduce=-1;CPXPARAM_Preprocessing_Dependency=-1;CPXPARAM_Preprocessing_Dual=0;CPXPARAM_Preprocessing_Fill=10;CPXPARAM_Preprocessing_NumPass=-1;CPXPARAM_Preprocessing_Presolve=1;CPXPARAM_Preprocessing_QPMakePSD=1;CPXPARAM_Preprocessing_Reduce=3;CPXPARAM_Preprocessing_Relax=-1;CPXPARAM_Preprocessing_RepeatPresolve=-1;CPXPARAM_Preprocessing_Symmetry=4;CPXPARAM_Read_Scale=0;CPXPARAM_Sifting_Algorithm=0;CPXPARAM_Simplex_Crash=1;CPXPARAM_Simplex_DGradient=2;CPXPARAM_Simplex_Limits_Perturbation=0;CPXPARAM_Simplex_Limits_Singularity=10;CPXPARAM_Simplex_PGradient=0;CPXPARAM_Simplex_Pricing=0;CPXPARAM_Simplex_Refactor=0
17309587287234295516,0,CPXPARAM_Advance=1;CPXPARAM_Barrier_Algorithm=0;CPXPARAM_Barrier_ColNonzeros=0;CPXPARAM_Barrier_Crossover=0;CPXPARAM_Barrier_Limits_Corrections=-1;CPXPARAM_Barrier_Ordering=0;CPXPARAM_Barrier_StartAlg=2;CPXPARAM_Emphasis_MIP=1;CPXPARAM_Emphasis_Memory=0;CPXPARAM_Emphasis_Numerical=0;CPXPARAM_Feasopt_Mode=0;CPXPARAM_LPMethod=0;CPXPARAM_MIP_Cuts_Cliques=0;CPXPARAM_MIP_Cuts_Covers=0;CPXPARAM_MIP_Cuts_Disjunctive=2;CPXPARAM_MIP_Cuts_FlowCovers=1;CPXPARAM_MIP_Cuts_GUBCovers=2;CPXPARAM_MIP_Cuts_Gomory=2;CPXPARAM_MIP_Cuts_Implied=1;CPXPARAM_MIP_Cuts_MIRCut=-1;CPXPARAM_MIP_Cuts_PathCut=2;CPXPARAM_MIP_Limits_AggForCut=3;CPXPARAM_MIP_Limits_CutPasses=0;CPXPARAM_MIP_Limits_CutsFactor=-1;CPXPARAM_MIP_Limits_GomoryCand=800;CPXPARAM_MIP_Limits_GomoryPass=0;CPXPARAM_MIP_Limits_Nodes=9223372036800000000;CPXPARAM_MIP_Limits_ProbeTime=0;CPXPARAM_MIP_Limits_RepairTries=0;CPXPARAM_MIP_Limits_StrongCand=10;CPXPARAM_MIP_Limits_StrongIt=0;CPXPARAM_MIP_OrderType=0;CPXPARAM_MIP_Strategy_BBInterval=7;CPXPARAM_MIP_Strategy_Branch=0;CPXPARAM_MIP_Strategy_Dive=0;CPXPARAM_MIP_Strategy_File=1;CPXPARAM_MIP_Strategy_HeuristicFreq=0;CPXPARAM_MIP_Strategy_LBHeur=0;CPXPARAM_MIP_Strategy_NodeSelect=1;CPXPARAM_MIP_Strategy_Order=1;CPXPARAM_MIP_Strategy_PresolveNode=0;CPXPARAM_MIP_Strategy_Probe=3;CPXPARAM_MIP_Strategy_RINSHeur=0;CPXPARAM_MIP_Strategy_StartAlgorithm=5;CPXPARAM_MIP_Strategy_SubAlgorithm=0;CPXPARAM_MIP_Strategy_VariableSelect=0;CPXPARAM_Network_NetFind=2;CPXPARAM_Network_Pricing=0;CPXPARAM_Parallel=1;CPXPARAM_Preprocessing_Aggregator=-1;CPXPARAM_Preprocessing_BoundStrength=-1;CPXPARAM_Preprocessing_CoeffReduce=-1;CPXPARAM_Preprocessing_Dependency=3;CPXPARAM_Preprocessing_Dual=0;CPXPARAM_Preprocessing_Fill=10;CPXPARAM_Preprocessing_NumPass=-1;CPXPARAM_Preprocessing_Presolve=1;CPXPARAM_Preprocessing_QPMakePSD=1;CPXPARAM_Preprocessing_Reduce=3;CPXPARAM_Preprocessing_Relax=-1;CPXPARAM_Preprocessing_RepeatPresolve=-1;CPXPARAM_Preprocessing_Symmetry=4;CPXPARAM_Read_Scale=0;CPXPARAM_Sifting_Algorithm=0;CPXPARAM_Simplex_Crash=1;CPXPARAM_Simplex_DGradient=2;CPXPARAM_Simplex_Limits_Perturbation=0;CPXPARAM_Simplex_Limits_Singularity=10;CPXPARAM_Simplex_PGradient=0;CPXPARAM_Simplex_Pricing=0;CPXPARAM_Simplex_Refactor=0
13775039504476428954,0,CPXPARAM_Advance=1;CPXPARAM_Barrier_Algorithm=0;CPXPARAM_Barrier_ColNonzeros=0;CPXPARAM_Barrier_Crossover=0;CPXPARAM_Barrier_Limits_Corrections=-1;CPXPARAM_Barrier_Ordering=0;CPXPARAM_Barrier_StartAlg=2;CPXPARAM_Emphasis_MIP=1;CPXPARAM_Emphasis_Memory=0;CPXPARAM_Emphasis_Numerical=0;CPXPARAM_Feasopt_Mode=0;CPXPARAM_LPMethod=0;CPXPARAM_MIP_Cuts_Cliques=0;CPXPARAM_MIP_Cuts_Covers=0;CPXPARAM_MIP_Cuts_Disjunctive=2;CPXPARAM_MIP_Cuts_FlowCovers=1;CPXPARAM_MIP_Cuts_GUBCovers=2;CPXPARAM_MIP_Cuts_Gomory=2;CPXPARAM_MIP_Cuts_Implied=1;CPXPARAM_MIP_Cuts_MIRCut=-1;CPXPARAM_MIP_Cuts_PathCut=2;CPXPARAM_MIP_Limits_AggForCut=3;CPXPARAM_MIP_Limits_CutPasses=0;CPXPARAM_MIP_Limits_CutsFactor=-1;CPXPARAM_MIP_Limits_GomoryCand=800;CPXPARAM_MIP_Limits_GomoryPass=0;CPXPARAM_MIP_Limits_Nodes=9223372036800000000;CPXPARAM_MIP_Limits_ProbeTime=0;CPXPARAM_MIP_Limits_RepairTries=0;CPXPARAM_MIP_Limits_StrongCand=10;CPXPARAM_MIP_Limits_StrongIt=0;CPXPARAM_MIP_OrderType=0;CPXPARAM_MIP_Strategy_BBInterval=7;CPXPARAM_MIP_Strategy_Branch=0;CPXPARAM_MIP_Strategy_Dive=0;CPXPARAM_MIP_Strategy_File=1;CPXPARAM_MIP_Strategy_HeuristicFreq=0;CPXPARAM_MIP_Strategy_LBHeur=0;CPXPARAM_MIP_Strategy_NodeSelect=1;CPXPARAM_MIP_Strategy_Order=1;CPXPARAM_MIP_Strategy_PresolveNode=0;CPXPARAM_MIP_Strategy_Probe=3;CPXPARAM_MIP_Strategy_RINSHeur=0;CPXPARAM_MIP_Strategy_StartAlgorithm=5;CPXPARAM_MIP_Strategy_SubAlgorithm=0;CPXPARAM_MIP_Strategy_VariableSelect=0;CPXPARAM_Network_NetFind=2;CPXPARAM_Network_Pricing=0;CPXPARAM_Parallel=1;CPXPARAM_Preprocessing_Aggregator=-1;CPXPARAM_Preprocessing_BoundStrength=-1;CPXPARAM_Preprocessing_CoeffReduce=-1;CPXPARAM_Preprocessing_Dependency=1;CPXPARAM_Preprocessing_Dual=0;CPXPARAM_Preprocessing_Fill=10;CPXPARAM_Preprocessing_NumPass=-1;CPXPARAM_Preprocessing_Presolve=1;CPXPARAM_Preprocessing_QPMakePSD=1;CPXPARAM_Preprocessing_Reduce=3;CPXPARAM_Preprocessing_Relax=-1;CPXPARAM_Preprocessing_RepeatPresolve=-1;CPXPARAM_Preprocessing_Symmetry=4;CPXPARAM_Read_Scale=0;CPXPARAM_Sifting_Algorithm=0;CPXPARAM_Simplex_Crash=1;CPXPARAM_Simplex_DGradient=2;CPXPARAM_Simplex_Limits_Perturbation=0;CPXPARAM_Simplex_Limits_Singularity=10;CPXPARAM_Simplex_PGradient=0;CPXPARAM_Simplex_Pricing=0;CPXPARAM_Simplex_Refactor=0
1914344075761481478,0,CPXPARAM_Advance=1;CPXPARAM_Barrier_Algorithm=0;CPXPARAM_Barrier_ColNonzeros=0;CPXPARAM_Barrier_Crossover=0;CPXPARAM_Barrier_Limits_Corrections=-1;CPXPARAM_Barrier_Ordering=0;CPXPARAM_Barrier_StartAlg=2;CPXPARAM_Emphasis_MIP=1;CPXPARAM_Emphasis_Memory=0;CPXPARAM_Emphasis_Numerical=0;CPXPARAM_Feasopt_Mode=0;CPXPARAM_LPMethod=0;CPXPARAM_MIP_Cuts_Cliques=0;CPXPARAM_MIP_Cuts_Covers=0;CPXPARAM_MIP_Cuts_Disjunctive=2;CPXPARAM_MIP_Cuts_FlowCovers=1;CPXPARAM_MIP_Cuts_GUBCovers=2;CPXPARAM_MIP_Cuts_Gomory=2;CPXPARAM_MIP_Cuts_Implied=1;CPXPARAM_MIP_Cuts_MIRCut=-1;CPXPARAM_MIP_Cuts_PathCut=2;CPXPARAM_MIP_Limits_AggForCut=3;CPXPARAM_MIP_Limits_CutPasses=0;CPXPARAM_MIP_Limits_CutsFactor=-1;CPXPARAM_MIP_Limits_GomoryCand=800;CPXPARAM_MIP_Limits_GomoryPass=0;CPXPARAM_MIP_Limits_Nodes=9223372036800000000;CPXPARAM_MIP_Limits_ProbeTime=0;CPXPARAM_MIP_Limits_RepairTries=0;CPXPARAM_MIP_Limits_StrongCand=10;CPXPARAM_MIP_Limits_StrongIt=0;CPXPARAM_MIP_OrderType=0;CPXPARAM_MIP_Strategy_BBInterval=7;CPXPARAM_MIP_Strategy_Branch=0;CPXPARAM_MIP_Strategy_Dive=0;CPXPARAM_MIP_Strategy_File=1;CPXPARAM_MIP_Strategy_HeuristicFreq=0;CPXPARAM_MIP_Strategy_LBHeur=0;CPXPARAM_MIP_Strategy_NodeSelect=1;CPXPARAM_MIP_Strategy_Order=1;CPXPARAM_MIP_Strategy_PresolveNode=0;CPXPARAM_MIP_Strategy_Probe=3;CPXPARAM_MIP_Strategy_RINSHeur=0;CPXPARAM_MIP_Strategy_StartAlgorithm=5;CPXPARAM_MIP_Strategy_SubAlgorithm=0;CPXPARAM_MIP_Strategy_VariableSelect=0;CPXPARAM_Network_NetFind=2;CPXPARAM_Network_Pricing=0;CPXPARAM_Parallel=1;CPXPARAM_Preprocessing_Aggregator=-1;CPXPARAM_Preprocessing_BoundStrength=-1;CPXPARAM_Preprocessing_CoeffReduce=-1;CPXPARAM_Preprocessing_Dependency=0;CPXPARAM_Preprocessing_Dual=0;CPXPARAM_Preprocessing_Fill=10;CPXPARAM_Preprocessing_NumPass=-1;CPXPARAM_Preprocessing_Presolve=1;CPXPARAM_Preprocessing_QPMakePSD=1;CPXPARAM_Preprocessing_Reduce=3;CPXPARAM_Preprocessing_Relax=-1;CPXPARAM_Preprocessing_RepeatPresolve=-1;CPXPARAM_Preprocessing_Symmetry=4;CPXPARAM_Read_Scale=0;CPXPARAM_Sifting_Algorithm=0;CPXPARAM_Simplex_Crash=1;CPXPARAM_Simplex_DGradient=2;CPXPARAM_Simplex_Limits_Perturbation=0;CPXPARAM_Simplex_Limits_Singularity=10;CPXPARAM_Simplex_PGradient=0;CPXPARAM_Simplex_Pricing=0;CPXPARAM_Simplex_Refactor=0
941805708674958195,0,CPXPARAM_Advance=1;CPXPARAM_Barrier_Algorithm=0;CPXPARAM_Barrier_ColNonzeros=0;CPXPARAM_Barrier_Crossover=0;CPXPARAM_Barrier_Limits_Corrections=-1;CPXPARAM_Barrier_Ordering=0;CPXPARAM_Barrier_StartAlg=3;CPXPARAM_Emphasis_MIP=5;CPXPARAM_Emphasis_Memory=0;CPXPARAM_Emphasis_Numerical=0;CPXPARAM_Feasopt_Mode=1;CPXPARAM_LPMethod=0;CPXPARAM_MIP_Cuts_Cliques=1;CPXPARAM_MIP_Cuts_Covers=0;CPXPARAM_MIP_Cuts_Disjunctive=3;CPXPARAM_MIP_Cuts_FlowCovers=1;CPXPARAM_MIP_Cuts_GUBCovers=-1;CPXPARAM_MIP_Cuts_Gomory=1;CPXPARAM_MIP_Cuts_Implied=2;CPXPARAM_MIP_Cuts_MIRCut=0;CPXPARAM_MIP_Cuts_PathCut=-1;CPXPARAM_MIP_Limits_AggForCut=3;CPXPARAM_MIP_Limits_CutPasses=0;CPXPARAM_MIP_Limits_CutsFactor=-1;CPXPARAM_MIP_Limits_GomoryCand=150;CPXPARAM_MIP_Limits_GomoryPass=0;CPXPARAM_MIP_Limits_Nodes=9223372036800000000;CPXPARAM_MIP_Limits_ProbeTime=20;CPXPARAM_MIP_Limits_RepairTries=0;CPXPARAM_MIP_Limits_StrongCand=10;CPXPARAM_MIP_Limits_StrongIt=0;CPXPARAM_MIP_OrderType=0;CPXPARAM_MIP_Strategy_BBInterval=7;CPXPARAM_MIP_Strategy_Branch=1;CPXPARAM_MIP_Strategy_Dive=0;CPXPARAM_MIP_Strategy_File=1;CPXPARAM_MIP_Strategy_HeuristicFreq=0;CPXPARAM_MIP_Strategy_LBHeur=0;CPXPARAM_MIP_Strategy_NodeSelect=1;CPXPARAM_MIP_Strategy_Order=1;CPXPARAM_MIP_Strategy_PresolveNode=0;CPXPARAM_MIP_Strategy_Probe=3;CPXPARAM_MIP_Strategy_RINSHeur=0;CPXPARAM_MIP_Strategy_StartAlgorithm=1;CPXPARAM_MIP_Strategy_SubAlgorithm=4;CPXPARAM_MIP_Strategy_VariableSelect=0;CPXPARAM_Network_NetFind=2;CPXPARAM_Network_Pricing=0;CPXPARAM_Parallel=1;CPXPARAM_Preprocessing_Aggregator=-1;CPXPARAM_Preprocessing_BoundStrength=-1;CPXPARAM_Preprocessing_CoeffReduce=-1;CPXPARAM_Preprocessing_Dependency=-1;CPXPARAM_Preprocessing_Dual=0;CPXPARAM_Preprocessing_Fill=10;CPXPARAM_Preprocessing_NumPass=-1;CPXPARAM_Preprocessing_Presolve=1;CPXPARAM_Preprocessing_QPMakePSD=1;CPXPARAM_Preprocessing_Reduce=3;CPXPARAM_Preprocessing_Relax=-1;CPXPARAM_Preprocessing_RepeatPresolve=-1;CPXPARAM_Preprocessing_Symmetry=1;CPXPARAM_Read_Scale=0;CPXPARAM_Sifting_Algorithm=0;CPXPARAM_Simplex_Crash=0;CPXPARAM_Simplex_DGradient=0;CPXPARAM_Simplex_Limits_Perturbation=0;CPXPARAM_Simplex_Limits_Singularity=10;CPXPARAM_Simplex_PGradient=0;CPXPARAM_Simplex_Pricing=0;CPXPARAM_Simplex_Refactor=0
8496643416585862071,0,CPXPARAM_Advance=1;CPXPARAM_Barrier_Algorithm=0;CPXPARAM_Barrier_ColNonzeros=0;CPXPARAM_Barrier_Crossover=0;CPXPARAM_Barrier_Limits_Corrections=-1;CPXPARAM_Barrier_Ordering=0;CPXPARAM_Barrier_StartAlg=2;CPXPARAM_Emphasis_MIP=1;CPXPARAM_Emphasis_Memory=0;CPXPARAM_Emphasis_Numerical=0;CPXPARAM_Feasopt_Mode=0;CPXPARAM_LPMethod=0;CPXPARAM_MIP_Cuts_Cliques=0;CPXPARAM_MIP_Cuts_Covers=0;CPXPARAM_MIP_Cuts_Disjunctive=2;CPXPARAM_MIP_Cuts_FlowCovers=1;CPXPARAM_MIP_Cuts_GUBCovers=2;CPXPARAM_MIP_Cuts_Gomory=2;CPXPARAM_MIP_Cuts_Implied=1;CPXPARAM_MIP_Cuts_MIRCut=-1;CPXPARAM_MIP_Cuts_PathCut=2;CPXPARAM_MIP_Limits_AggForCut=3;CPXPARAM_MIP_Limits_CutPasses=0;CPXPARAM_MIP_Limits_CutsFactor=-1;CPXPARAM_MIP_Limits_GomoryCand=800;CPXPARAM_MIP_Limits_GomoryPass=0;CPXPARAM_MIP_Limits_Nodes=9223372036800000000;CPXPARAM_MIP_Limits_ProbeTime=0;CPXPARAM_MIP_Limits_RepairTries=0;CPXPARAM_MIP_Limits_StrongCand=10;CPXPARAM_MIP_Limits_StrongIt=0;CPXPARAM_MIP_OrderType=0;CPXPARAM_MIP_Strategy_BBInterval=7;CPXPARAM_MIP_Strategy_Branch=0;CPXPARAM_MIP_Strategy_Dive=0;CPXPARAM_MIP_Strategy_File=1;CPXPARAM_MIP_Strategy_HeuristicFreq=0;CPXPARAM_MIP_Strategy_LBHeur=0;CPXPARAM_MIP_Strategy_NodeSelect=1;CPXPARAM_MIP_Strategy_Order=1;CPXPARAM_MIP_Strategy_PresolveNode=0;CPXPARAM_MIP_Strategy_Probe=3;CPXPARAM_MIP_Strategy_RINSHeur=0;CPXPARAM_MIP_Strategy_StartAlgorithm=5;CPXPARAM_MIP_Strategy_SubAlgorithm=0;CPXPARAM_MIP_Strategy_VariableSelect=0;CPXPARAM_Network_NetFind=2;CPXPARAM_Network_Pricing=0;CPXPARAM_Parallel=1;CPXPARAM_Preprocessing_Aggregator=-1;CPXPARAM_Preprocessing_BoundStrength=-1;CPXPARAM_Preprocessing_CoeffReduce=-1;CPXPARAM_Preprocessing_Dependency=-1;CPXPARAM_Preprocessing_Dual=0;CPXPARAM_Preprocessing_Fill=10;CPXPARAM_Preprocessing_NumPass=-1;CPXPARAM_Preprocessing_Presolve=1;CPXPARAM_Preprocessing_QPMakePSD=1;CPXPARAM_Preprocessing_Reduce=3;CPXPARAM_Preprocessing_Relax=-1;CPXPARAM_Preprocessing_RepeatPresolve=-1;CPXPARAM_Preprocessing_Symmetry=4;CPXPARAM_Read_Scale=0;CPXPARAM_Sifting_Algorithm=0;CPXPARAM_Simplex_Crash=0;CPXPARAM_Simplex_DGradient=2;CPXPARAM_Simplex_Limits_Perturbation=0;CPXPARAM_Simplex_Limits_Singularity=10;CPXPARAM_Simplex_PGradient=0;CPXPARAM_Simplex_Pricing=0;CPXPARAM_Simplex_Refactor=0
12143161387768800799,0,CPXPARAM_Advance=1;CPXPARAM_Barrier_Algorithm=0;CPXPARAM_Barrier_ColNonzeros=0;CPXPARAM_Barrier_Crossover=0;CPXPARAM_Barrier_Limits_Corrections=-1;CPXPARAM_Barrier_Ordering=0;CPXPARAM_Barrier_StartAlg=2;CPXPARAM_Emphasis_MIP=1;CPXPARAM_Emphasis_Memory=0;CPXPARAM_Emphasis_Numerical=0;CPXPARAM_Feasopt_Mode=0;CPXPARAM_LPMethod=0;CPXPARAM_MIP_Cuts_Cliques=0;CPXPARAM_MIP_Cuts_Covers=0;CPXPARAM_MIP_Cuts_Disjunctive=2;CPXPARAM_MIP_Cuts_FlowCovers=1;CPXPARAM_MIP_Cuts_GUBCovers=2;CPXPARAM_MIP_Cuts_Gomory=2;CPXPARAM_MIP_Cuts_Implied=1;CPXPARAM_MIP_Cuts_MIRCut=-1;CPXPARAM_MIP_Cuts_PathCut=2;CPXPARAM_MIP_Limits_AggForCut=3;CPXPARAM_MIP_Limits_CutPasses=0;CPXPARAM_MIP_Limits_CutsFactor=-1;CPXPARAM_MIP_Limits_GomoryCand=800;CPXPARAM_MIP_Limits_GomoryPass=0;CPXPARAM_MIP_Limits_Nodes=9223372036800000000;CPXPARAM_MIP_Limits_ProbeTime=0;CPXPARAM_MIP_Limits_RepairTries=0;CPXPARAM_MIP_Limits_StrongCand=10;CPXPARAM_MIP_Limits_StrongIt=0;CPXPARAM_MIP_OrderType=0;CPXPARAM_MIP_Strategy_BBInterval=7;CPXPARAM_MIP_Strategy_Branch=0;CPXPARAM_MIP_Strategy_Dive=0;CPXPARAM_MIP_Strategy_File=1;CPXPARAM_MIP_Strategy_HeuristicFreq=0;CPXPARAM_MIP_Strategy_LBHeur=0;CPXPARAM_MIP_Strategy_NodeSelect=1;CPXPARAM_MIP_Strategy_Order=1;CPXPARAM_MIP_Strategy_PresolveNode=0;CPXPARAM_MIP_Strategy_Probe=3;CPXPARAM_MIP_Strategy_RINSHeur=0;CPXPARAM_MIP_Strategy_StartAlgorithm=5;CPXPARAM_MIP_Strategy_SubAlgorithm=0;CPXPARAM_MIP_Strategy_VariableSelect=0;CPXPARAM_Network_NetFind=2;CPXPARAM_Network_Pricing=0;CPXPARAM_Parallel=1;CPXPARAM_Preprocessing_Aggregator=-1;CPXPARAM_Preprocessing_BoundStrength=-1;CPXPARAM_Preprocessing_CoeffReduce=3;CPXPARAM_Preprocessing_Dependency=-1;CPXPARAM_Preprocessing_Dual=0;CPXPARAM_Preprocessing_Fill=10;CPXPARAM_Preprocessing_NumPass=-1;CPXPARAM_Preprocessing_Presolve=1;CPXPARAM_Preprocessing_QPMakePSD=1;CPXPARAM_Preprocessing_Reduce=3;CPXPARAM_Preprocessing_Relax=-1;CPXPARAM_Preprocessing_RepeatPresolve=-1;CPXPARAM_Preprocessing_Symmetry=4;CPXPARAM_Read_Scale=0;CPXPARAM_Sifting_Algorithm=0;CPXPARAM_Simplex_Crash=1;CPXPARAM_Simplex_DGradient=2;CPXPARAM_Simplex_Limits_Perturbation=0;CPXPARAM_Simplex_Limits_Singularity=10;CPXPARAM_Simplex_PGradient=0;CPXPARAM_Simplex_Pricing=0;CPXPARAM_Simplex_Refactor=0
10833674942557202313,0,CPXPARAM_Advance=1;CPXPARAM_Barrier_Algorithm=0;CPXPARAM_Barrier_ColNonzeros=0;CPXPARAM_Barrier_Crossover=0;CPXPARAM_Barrier_Limits_Corrections=-1;CPXPARAM_Barrier_Ordering=0;CPXPARAM_Barrier_StartAlg=2;CPXPARAM_Emphasis_MIP=1;CPXPARAM_Emphasis_Memory=0;CPXPARAM_Emphasis_Numerical=0;CPXPARAM_Feasopt_Mode=0;CPXPARAM_LPMethod=0;CPXPARAM_MIP_Cuts_Cliques=0;CPXPARAM_MIP_Cuts_Covers=0;CPXPARAM_MIP_Cuts_Disjunctive=2;CPXPARAM_MIP_Cuts_FlowCovers=1;CPXPARAM_MIP_Cuts_GUBCovers=2;CPXPARAM_MIP_Cuts_Gomory=2;CPXPARAM_MIP_Cuts_Implied=1;CPXPARAM_MIP_Cuts_MIRCut=-1;CPXPARAM_MIP_Cuts_PathCut=2;CPXPARAM_MIP_Limits_AggForCut=3;CPXPARAM_MIP_Limits_CutPasses=0;CPXPARAM_MIP_Limits_CutsFactor=-1;CPXPARAM_MIP_Limits_GomoryCand=800;CPXPARAM_MIP_Limits_GomoryPass=0;CPXPARAM_MIP_Limits_Nodes=9223372036800000000;CPXPARAM_MIP_Limits_ProbeTime=0;CPXPARAM_MIP_Limits_RepairTries=0;CPXPARAM_MIP_Limits_StrongCand=10;CPXPARAM_MIP_Limits_StrongIt=0;CPXPARAM_MIP_OrderType=0;CPXPARAM_MIP_Strategy_BBInterval=7;CPXPARAM_MIP_Strategy_Branch=0;CPXPARAM_MIP_Strategy_Dive=0;CPXPARAM_MIP_Strategy_File=1;CPXPARAM_MIP_Strategy_HeuristicFreq=0;CPXPARAM_MIP_Strategy_LBHeur=0;CPXPARAM_MIP_Strategy_NodeSelect=1;CPXPARAM_MIP_Strategy_Order=1;CPXPARAM_MIP_Strategy_PresolveNode=0;CPXPARAM_MIP_Strategy_Probe=3;CPXPARAM_MIP_Strategy_RINSHeur=0;CPXPARAM_MIP_Strategy_StartAlgorithm=3;CPXPARAM_MIP_Strategy_SubAlgorithm=0;CPXPARAM_MIP_Strategy_VariableSelect=0;CPXPARAM_Network_NetFind=2;CPXPARAM_Network_Pricing=0;CPXPARAM_Parallel=1;CPXPARAM_Preprocessing_Aggregator=-1;CPXPARAM_Preprocessing_BoundStrength=-1;CPXPARAM_Preprocessing_CoeffReduce=-1;CPXPARAM_Preprocessing_Dependency=-1;CPXPARAM_Preprocessing_Dual=0;CPXPARAM_Preprocessing_Fill=10;CPXPARAM_Preprocessing_NumPass=-1;CPXPARAM_Preprocessing_Presolve=1;CPXPARAM_Preprocessing_QPMakePSD=1;CPXPARAM_Preprocessing_Reduce=3;CPXPARAM_Preprocessing_Relax=-1;CPXPARAM_Preprocessing_RepeatPresolve=-1;CPXPARAM_Preprocessing_Symmetry=4;CPXPARAM_Read_Scale=0;CPXPARAM_Sifting_Algorithm=0;CPXPARAM_Simplex_Crash=1;CPXPARAM_Simplex_DGradient=2;CPXPARAM_Simplex_Limits_Perturbation=0;CPXPARAM_Simplex_Limits_Singularity=10;CPXPARAM_Simplex_PGradient=0;CPXPARAM_Simplex_Pricing=0;CPXPARAM_Simplex_Refactor=0
14555881994097061442,0,CPXPARAM_Advance=1;CPXPARAM_Barrier_Algorithm=0;CPXPARAM_Barrier_ColNonzeros=0;CPXPARAM_Barrier_Crossover=0;CPXPARAM_Barrier_Limits_Corrections=-1;CPXPARAM_Barrier_Ordering=0;CPXPARAM_Barrier_StartAlg=2;CPXPARAM_Emphasis_MIP=1;CPXPARAM_Emphasis_Memory=0;CPXPARAM_Emphasis_Numerical=0;CPXPARAM_Feasopt_Mode=0;CPXPARAM_LPMethod=0;CPXPARAM_MIP_Cuts_Cliques=0;CPXPARAM_MIP_Cuts_Covers=0;CPXPARAM_MIP_Cuts_Disjunctive=2;CPXPARAM_MIP_Cuts_FlowCovers=1;CPXPARAM_MIP_Cuts_GUBCovers=2;CPXPARAM_MIP_Cuts_Gomory=2;CPXPARAM_MIP_Cuts_Implied=1;CPXPARAM_MIP_Cuts_MIRCut=-1;CPXPARAM_MIP_Cuts_PathCut=2;CPXPARAM_MIP_Limits_AggForCut=3;CPXPARAM_MIP_Limits_CutPasses=0;CPXPARAM_MIP_Limits_CutsFactor=-1;CPXPARAM_MIP_Limits_GomoryCand=800;CPXPARAM_MIP_Limits_GomoryPass=0;CPXPARAM_MIP_Limits_Nodes=9223372036800000000;CPXPARAM_MIP_Limits_ProbeTime=0;CPXPARAM_MIP_Limits_RepairTries=0;CPXPARAM_MIP_Limits_StrongCand=10;CPXPARAM_MIP_Limits_StrongIt=0;CPXPARAM_MIP_OrderType=0;CPXPARAM_MIP_Strategy_BBInterval=7;CPXPARAM_MIP_Strategy_Branch=0;CPXPARAM_MIP_Strategy_Dive=0;CPXPARAM_MIP_Strategy_File=1;CPXPARAM_MIP_Strategy_HeuristicFreq=0;CPXPARAM_MIP_Strategy_LBHeur=0;CPXPARAM_MIP_Strategy_NodeSelect=1;CPXPARAM_MIP_Strategy_Order=1;CPXPARAM_MIP_Strategy_PresolveNode=0;CPXPARAM_MIP_Strategy_Probe=3;CPXPARAM_MIP_Strategy_RINSHeur=0;CPXPARAM_MIP_Strategy_StartAlgorithm=5;CPXPARAM_MIP_Strategy_SubAlgorithm=0;CPXPARAM_MIP_Strategy_VariableSelect=0;CPXPARAM_Network_NetFind=2;CPXPARAM_Network_Pricing=0;CPXPARAM_Parallel=1;CPXPARAM_Preprocessing_Aggregator=-1;CPXPARAM_Preprocessing_BoundStrength=1;CPXPARAM_Preprocessing_CoeffReduce=-1;CPXPARAM_Preprocessing_Dependency=-1;CPXPARAM_Preprocessing_Dual=0;CPXPARAM_Preprocessing_Fill=10;CPXPARAM_Preprocessing_NumPass=-1;CPXPARAM_Preprocessing_Presolve=1;CPXPARAM_Preprocessing_QPMakePSD=1;CPXPARAM_Preprocessing_Reduce=3;CPXPARAM_Preprocessing_Relax=-1;CPXPARAM_Preprocessing_RepeatPresolve=-1;CPXPARAM_Preprocessing_Symmetry=4;CPXPARAM_Read_Scale=0;CPXPARAM_Sifting_Algorithm=0;CPXPARAM_Simplex_Crash=1;CPXPARAM_Simplex_DGradient=2;CPXPARAM_Simplex_Limits_Perturbation=0;CPXPARAM_Simplex_Limits_Singularity=10;CPXPARAM_Simplex_PGradient=0;CPXPARAM_Simplex_Pricing=0;CPXPARAM_Simplex_Refactor=0
1147631972170912513,0,CPXPARAM_Advance=1;CPXPARAM_Barrier_Algorithm=0;CPXPARAM_Barrier_ColNonzeros=0;CPXPARAM_Barrier_Crossover=0;CPXPARAM_Barrier_Limits_Corrections=-1;CPXPARAM_Barrier_Ordering=0;CPXPARAM_Barrier_StartAlg=2;CPXPARAM_Emphasis_MIP=1;CPXPARAM_Emphasis_Memory=0;CPXPARAM_Emphasis_Numerical=0;CPXPARAM_Feasopt_Mode=0;CPXPARAM_LPMethod=0;CPXPARAM_MIP_Cuts_Cliques=0;CPXPARAM_MIP_Cuts_Covers=0;CPXPARAM_MIP_Cuts_Disjunctive=2;CPXPARAM_MIP_Cuts_FlowCovers=1;CPXPARAM_MIP_Cuts_GUBCovers=2;CPXPARAM_MIP_Cuts_Gomory=2;CPXPARAM_MIP_Cuts_Implied=1;CPXPARAM_MIP_Cuts_MIRCut=-1;CPXPARAM_MIP_Cuts_PathCut=2;CPXPARAM_MIP_Limits_AggForCut=3;CPXPARAM_MIP_Limits_CutPasses=0;CPXPARAM_MIP_Limits_CutsFactor=-1;CPXPARAM_MIP_Limits_GomoryCand=800;CPXPARAM_MIP_Limits_GomoryPass=0;CPXPARAM_MIP_Limits_Nodes=9223372036800000000;CPXPARAM_MIP_Limits_ProbeTime=0;CPXPARAM_MIP_Limits_RepairTries=0;CPXPARAM_MIP_Limits_StrongCand=10;CPXPARAM_MIP_Limits_StrongIt=0;CPXPARAM_MIP_OrderType=0;CPXPARAM_MIP_Strategy_BBInterval=7;CPXPARAM_MIP_Strategy_Branch=0;CPXPARAM_MIP_Strategy_Dive=0;CPXPARAM_MIP_Strategy_File=1;CPXPARAM_MIP_Strategy_HeuristicFreq=0;CPXPARAM_MIP_Strategy_LBHeur=0;CPXPARAM_MIP_Strategy_NodeSelect=1;CPXPARAM_MIP_Strategy_Order=1;CPXPARAM_MIP_Strategy_PresolveNode=0;CPXPARAM_MIP_Strategy_Probe=3;CPXPARAM_MIP_Strategy_RINSHeur=0;CPXPARAM_MIP_Strategy_StartAlgorithm=5;CPXPARAM_MIP_Strategy_SubAlgorithm=0;CPXPARAM_MIP_Strategy_VariableSelect=0;CPXPARAM_Network_NetFind=2;CPXPARAM_Network_Pricing=0;CPXPARAM_Parallel=1;CPXPARAM_Preprocessing_Aggregator=-1;CPXPARAM_Preprocessing_BoundStrength=0;CPXPARAM_Preprocessing_CoeffReduce=-1;CPXPARAM_Preprocessing_Dependency=-1;CPXPARAM_Preprocessing_Dual=0;CPXPARAM_Preprocessing_Fill=10;CPXPARAM_Preprocessing_NumPass=-1;CPXPARAM_Preprocessing_Presolve=1;CPXPARAM_Preprocessing_QPMakePSD=1;CPXPARAM_Preprocessing_Reduce=3;CPXPARAM_Preprocessing_Relax=-1;CPXPARAM_Preprocessing_RepeatPresolve=-1;CPXPARAM_Preprocessing_Symmetry=4;CPXPARAM_Read_Scale=0;CPXPARAM_Sifting_Algorithm=0;CPXPARAM_Simplex_Crash=1;CPXPARAM_Simplex_DGradient=2;CPXPARAM_Simplex_Limits_Perturbation=0;CPXPARAM_Simplex_Limits_Singularity=10;CPXPARAM_Simplex_PGradient=0;CPXPARAM_Simplex_Pricing=0;CPXPARAM_Simplex_Refactor=0
12739415481561543398,0,CPXPARAM_Advance=1;CPXPARAM_Barrier_Algorithm=0;CPXPARAM_Barrier_ColNonzeros=0;CPXPARAM_Barrier_Crossover=2;CPXPARAM_Barrier_Limits_Corrections=-1;CPXPARAM_Barrier_Ordering=0;CPXPARAM_Barrier_StartAlg=2;CPXPARAM_Emphasis_MIP=4;CPXPARAM_Emphasis_Memory=0;CPXPARAM_Emphasis_Numerical=0;CPXPARAM_Feasopt_Mode=4;CPXPARAM_LPMethod=0;CPXPARAM_MIP_Cuts_Cliques=0;CPXPARAM_MIP_Cuts_Covers=0;CPXPARAM_MIP_Cuts_Disjunctive=2;CPXPARAM_MIP_Cuts_FlowCovers=1;CPXPARAM_MIP_Cuts_GUBCovers=2;CPXPARAM_MIP_Cuts_Gomory=-1;CPXPARAM_MIP_Cuts_Implied=-1;CPXPARAM_MIP_Cuts_MIRCut=2;CPXPARAM_MIP_Cuts_PathCut=1;CPXPARAM_MIP_Limits_AggForCut=3;CPXPARAM_MIP_Limits_CutPasses=0;CPXPARAM_MIP_Limits_CutsFactor=-1;CPXPARAM_MIP_Limits_GomoryCand=100;CPXPARAM_MIP_Limits_GomoryPass=0;CPXPARAM_MIP_Limits_Nodes=9223372036800000000;CPXPARAM_MIP_Limits_ProbeTime=20;CPXPARAM_MIP_Limits_RepairTries=0;CPXPARAM_MIP_Limits_StrongCand=10;CPXPARAM_MIP_Limits_StrongIt=0;CPXPARAM_MIP_OrderType=0;CPXPARAM_MIP_Strategy_BBInterval=7;CPXPARAM_MIP_Strategy_Branch=-1;CPXPARAM_MIP_Strategy_Dive=0;CPXPARAM_MIP_Strategy_File=1;CPXPARAM_MIP_Strategy_HeuristicFreq=0;CPXPARAM_MIP_Strategy_LBHeur=0;CPXPARAM_MIP_Strategy_NodeSelect=1;CPXPARAM_MIP_Strategy_Order=1;CPXPARAM_MIP_Strategy_PresolveNode=0;CPXPARAM_MIP_Strategy_Probe=-1;CPXPARAM_MIP_Strategy_RINSHeur=0;CPXPARAM_MIP_Strategy_StartAlgorithm=6;CPXPARAM_MIP_Strategy_SubAlgorithm=1;CPXPARAM_MIP_Strategy_VariableSelect=-1;CPXPARAM_Network_NetFind=2;CPXPARAM_Network_Pricing=0;CPXPARAM_Parallel=1;CPXPARAM_Preprocessing_Aggregator=-1;CPXPARAM_Preprocessing_BoundStrength=-1;CPXPARAM_Preprocessing_CoeffReduce=-1;CPXPARAM_Preprocessing_Dependency=-1;CPXPARAM_Preprocessing_Dual=0;CPXPARAM_Preprocessing_Fill=10;CPXPARAM_Preprocessing_NumPass=-1;CPXPARAM_Preprocessing_Presolve=1;CPXPARAM_Preprocessing_QPMakePSD=1;CPXPARAM_Preprocessing_Reduce=3;CPXPARAM_Preprocessing_Relax=-1;CPXPARAM_Preprocessing_RepeatPresolve=-1;CPXPARAM_Preprocessing_Symmetry=4;CPXPARAM_Read_Scale=0;CPXPARAM_Sifting_Algorithm=0;CPXPARAM_Simplex_Crash=1;CPXPARAM_Simplex_DGradient=2;CPXPARAM_Simplex_Limits_Perturbation=0;CPXPARAM_Simplex_Limits_Singularity=10;CPXPARAM_Simplex_PGradient=0;CPXPARAM_Simplex_Pricing=0;CPXPARAM_Simplex_Refactor=0
7968282430831353966,0,CPXPARAM_Advance=1;CPXPARAM_Barrier_Algorithm=0;CPXPARAM_Barrier_ColNonzeros=0;CPXPARAM_Barrier_Crossover=2;CPXPARAM_Barrier_Limits_Corrections=-1;CPXPARAM_Barrier_Ordering=0;CPXPARAM_Barrier_StartAlg=2;CPXPARAM_Emphasis_MIP=4;CPXPARAM_Emphasis_Memory=0;CPXPARAM_Emphasis_Numerical=0;CPXPARAM_Feasopt_Mode=4;CPXPARAM_LPMethod=0;CPXPARAM_MIP_Cuts_Cliques=0;CPXPARAM_MIP_Cuts_Covers=0;CPXPARAM_MIP_Cuts_Disjunctive=2;CPXPARAM_MIP_Cuts_FlowCovers=1;CPXPARAM_MIP_Cuts_GUBCovers=2;CPXPARAM_MIP_Cuts_Gomory=-1;CPXPARAM_MIP_Cuts_Implied=-1;CPXPARAM_MIP_Cuts_MIRCut=2;CPXPARAM_MIP_Cuts_PathCut=1;CPXPARAM_MIP_Limits_AggForCut=3;CPXPARAM_MIP_Limits_CutPasses=0;CPXPARAM_MIP_Limits_CutsFactor=-1;CPXPARAM_MIP_Limits_GomoryCand=100;CPXPARAM_MIP_Limits_GomoryPass=0;CPXPARAM_MIP_Limits_Nodes=9223372036800000000;CPXPARAM_MIP_Limits_ProbeTime=20;CPXPARAM_MIP_Limits_RepairTries=0;CPXPARAM_MIP_Limits_StrongCand=10;CPXPARAM_MIP_Limits_StrongIt=0;CPXPARAM_MIP_OrderType=0;CPXPARAM_MIP_Strategy_BBInterval=7;CPXPARAM_MIP_Strategy_Branch=-1;CPXPARAM_MIP_Strategy_Dive=0;CPXPARAM_MIP_Strategy_File=1;CPXPARAM_MIP_Strategy_HeuristicFreq=0;CPXPARAM_MIP_Strategy_LBHeur=0;CPXPARAM_MIP_Strategy_NodeSelect=1;CPXPARAM_MIP_Strategy_Order=1;CPXPARAM_MIP_Strategy_PresolveNode=0;CPXPARAM_MIP_Strategy_Probe=2;CPXPARAM_MIP_Strategy_RINSHeur=0;CPXPARAM_MIP_Strategy_StartAlgorithm=6;CPXPARAM_MIP_Strategy_SubAlgorithm=1;CPXPARAM_MIP_Strategy_VariableSelect=-1;CPXPARAM_Network_NetFind=2;CPXPARAM_Network_Pricing=0;CPXPARAM_Parallel=1;CPXPARAM_Preprocessing_Aggregator=-1;CPXPARAM_Preprocessing_BoundStrength=-1;CPXPARAM_Preprocessing_CoeffReduce=-1;CPXPARAM_Preprocessing_Dependency=-1;CPXPARAM_Preprocessing_Dual=0;CPXPARAM_Preprocessing_Fill=10;CPXPARAM_Preprocessing_NumPass=-1;CPXPARAM_Preprocessing_Presolve=1;CPXPARAM_Preprocessing_QPMakePSD=1;CPXPARAM_Preprocessing_Reduce=3;CPXPARAM_Preprocessing_Relax=-1;CPXPARAM_Preprocessing_RepeatPresolve=-1;CPXPARAM_Preprocessing_Symmetry=4;CPXPARAM_Read_Scale=0;CPXPARAM_Sifting_Algorithm=0;CPXPARAM_Simplex_Crash=1;CPXPARAM_Simplex_DGradient=2;CPXPARAM_Simplex_Limits_Perturbation=0;CPXPARAM_Simplex_Limits_Singularity=10;CPXPARAM_Simplex_PGradient=0;CPXPARAM_Simplex_Pricing=0;CPXPARAM_Simplex_Refactor=0
7520853148710152981,0,CPXPARAM_Advance=1;CPXPARAM_Barrier_Algorithm=0;CPXPARAM_Barrier_ColNonzeros=0;CPXPARAM_Barrier_Crossover=2;CPXPARAM_Barrier_Limits_Corrections=-1;CPXPARAM_Barrier_Ordering=0;CPXPARAM_Barrier_StartAlg=2;CPXPARAM_Emphasis_MIP=4;CPXPARAM_Emphasis_Memory=0;CPXPARAM_Emphasis_Numerical=0;CPXPARAM_Feasopt_Mode=4;CPXPARAM_LPMethod=0;CPXPARAM_MIP_Cuts_Cliques=0;CPXPARAM_MIP_Cuts_Covers=0;CPXPARAM_MIP_Cuts_Disjunctive=2;CPXPARAM_MIP_Cuts_FlowCovers=1;CPXPARAM_MIP_Cuts_GUBCovers=2;CPXPARAM_MIP_Cuts_Gomory=-1;CPXPARAM_MIP_Cuts_Implied=-1;CPXPARAM_MIP_Cuts_MIRCut=2;CPXPARAM_MIP_Cuts_PathCut=1;CPXPARAM_MIP_Limits_AggForCut=3;CPXPARAM_MIP_Limits_CutPasses=0;CPXPARAM_MIP_Limits_CutsFactor=-1;CPXPARAM_MIP_Limits_GomoryCand=100;CPXPARAM_MIP_Limits_GomoryPass=0;CPXPARAM_MIP_Limits_Nodes=9223372036800000000;CPXPARAM_MIP_Limits_ProbeTime=30;CPXPARAM_MIP_Limits_RepairTries=0;CPXPARAM_MIP_Limits_StrongCand=10;CPXPARAM_MIP_Limits_StrongIt=0;CPXPARAM_MIP_OrderType=0;CPXPARAM_MIP_Strategy_BBInterval=7;CPXPARAM_MIP_Strategy_Branch=-1;CPXPARAM_MIP_Strategy_Dive=0;CPXPARAM_MIP_Strategy_File=1;CPXPARAM_MIP_Strategy_HeuristicFreq=0;CPXPARAM_MIP_Strategy_LBHeur=0;CPXPARAM_MIP_Strategy_NodeSelect=1;CPXPARAM_MIP_Strategy_Order=1;CPXPARAM_MIP_Strategy_PresolveNode=0;CPXPARAM_MIP_Strategy_Probe=0;CPXPARAM_MIP_Strategy_RINSHeur=0;CPXPARAM_MIP_Strategy_StartAlgorithm=6;CPXPARAM_MIP_Strategy_SubAlgorithm=1;CPXPARAM_MIP_Strategy_VariableSelect=-1;CPXPARAM_Network_NetFind=2;CPXPARAM_Network_Pricing=0;CPXPARAM_Parallel=1;CPXPARAM_Preprocessing_Aggregator=-1;CPXPARAM_Preprocessing_BoundStrength=-1;CPXPARAM_Preprocessing_CoeffReduce=-1;CPXPARAM_Preprocessing_Dependency=-1;CPXPARAM_Preprocessing_Dual=0;CPXPARAM_Preprocessing_Fill=10;CPXPARAM_Preprocessing_NumPass=-1;CPXPARAM_Preprocessing_Presolve=1;CPXPARAM_Preprocessing_QPMakePSD=1;CPXPARAM_Preprocessing_Reduce=3;CPXPARAM_Preprocessing_Relax=-1;CPXPARAM_Preprocessing_RepeatPresolve=-1;CPXPARAM_Preprocessing_Symmetry=4;CPXPARAM_Read_Scale=0;CPXPARAM_Sifting_Algorithm=0;CPXPARAM_Simplex_Crash=1;CPXPARAM_Simplex_DGradient=2;CPXPARAM_Simplex_Limits_Perturbation=0;CPXPARAM_Simplex_Limits_Singularity=10;CPXPARAM_Simplex_PGradient=0;CPXPARAM_Simplex_Pricing=0;CPXPARAM_Simplex_Refactor=0
4497580025007130163,0,CPXPARAM_Advance=1;CPXPARAM_Barrier_Algorithm=2;CPXPARAM_Barrier_ColNonzeros=0;CPXPARAM_Barrier_Crossover=1;CPXPARAM_Barrier_Limits_Corrections=-1;CPXPARAM_Barrier_Ordering=0;CPXPARAM_Barrier_StartAlg=2;CPXPARAM_Emphasis_MIP=2;CPXPARAM_Emphasis_Memory=0;CPXPARAM_Emphasis_Numerical=0;CPXPARAM_Feasopt_Mode=4;CPXPARAM_LPMethod=0;CPXPARAM_MIP_Cuts_Cliques=3;CPXPARAM_MIP_Cuts_Covers=0;CPXPARAM_MIP_Cuts_Disjunctive=3;CPXPARAM_MIP_Cuts_FlowCovers=0;CPXPARAM_MIP_Cuts_GUBCovers=-1;CPXPARAM_MIP_Cuts_Gomory=2;CPXPARAM_MIP_Cuts_Implied=2;CPXPARAM_MIP_Cuts_MIRCut=-1;CPXPARAM_MIP_Cuts_PathCut=0;CPXPARAM_MIP_Limits_AggForCut=3;CPXPARAM_MIP_Limits_CutPasses=0;CPXPARAM_MIP_Limits_CutsFactor=-1;CPXPARAM_MIP_Limits_GomoryCand=25;CPXPARAM_MIP_Limits_GomoryPass=0;CPXPARAM_MIP_Limits_Nodes=9223372036800000000;CPXPARAM_MIP_Limits_ProbeTime=5;CPXPARAM_MIP_Limits_RepairTries=0;CPXPARAM_MIP_Limits_StrongCand=10;CPXPARAM_MIP_Limits_StrongIt=0;CPXPARAM_MIP_OrderType=0;CPXPARAM_MIP_Strategy_BBInterval=7;CPXPARAM_MIP_Strategy_Branch=1;CPXPARAM_MIP_Strategy_Dive=0;CPXPARAM_MIP_Strategy_File=1;CPXPARAM_MIP_Strategy_HeuristicFreq=0;CPXPARAM_MIP_Strategy_LBHeur=0;CPXPARAM_MIP_Strategy_NodeSelect=1;CPXPARAM_MIP_Strategy_Order=1;CPXPARAM_MIP_Strategy_PresolveNode=0;CPXPARAM_MIP_Strategy_Probe=2;CPXPARAM_MIP_Strategy_RINSHeur=0;CPXPARAM_MIP_Strategy_StartAlgorithm=6;CPXPARAM_MIP_Strategy_SubAlgorithm=0;CPXPARAM_MIP_Strategy_VariableSelect=-1;CPXPARAM_Network_NetFind=2;CPXPARAM_Network_Pricing=0;CPXPARAM_Parallel=1;CPXPARAM_Preprocessing_Aggregator=-1;CPXPARAM_Preprocessing_BoundStrength=1;CPXPARAM_Preprocessing_CoeffReduce=-1;CPXPARAM_Preprocessing_Dependency=-1;CPXPARAM_Preprocessing_Dual=0;CPXPARAM_Preprocessing_Fill=10;CPXPARAM_Preprocessing_NumPass=-1;CPXPARAM_Preprocessing_Presolve=1;CPXPARAM_Preprocessing_QPMakePSD=1;CPXPARAM_Preprocessing_Reduce=1;CPXPARAM_Preprocessing_Relax=-1;CPXPARAM_Preprocessing_RepeatPresolve=-1;CPXPARAM_Preprocessing_Symmetry=2;CPXPARAM_Read_Scale=0;CPXPARAM_Sifting_Algorithm=0;CPXPARAM_Simplex_Crash=0;CPXPARAM_Simplex_DGradient=1;CPXPARAM_Simplex_Limits_Perturbation=0;CPXPARAM_Simplex_Limits_Singularity=10;CPXPARAM_Simplex_PGradient=0;CPXPARAM_Simplex_Pricing=0;CPXPARAM_Simplex_Refactor=0
12410054078865013213,0,CPXPARAM_Advance=1;CPXPARAM_Barrier_Algorithm=2;CPXPARAM_Barrier_ColNonzeros=0;CPXPARAM_Barrier_Crossover=1;CPXPARAM_Barrier_Limits_Corrections=-1;CPXPARAM_Barrier_Ordering=0;CPXPARAM_Barrier_StartAlg=2;CPXPARAM_Emphasis_MIP=2;CPXPARAM_Emphasis_Memory=0;CPXPARAM_Emphasis_Numerical=0;CPXPARAM_Feasopt_Mode=4;CPXPARAM_LPMethod=0;CPXPARAM_MIP_Cuts_Cliques=3;CPXPARAM_MIP_Cuts_Covers=0;CPXPARAM_MIP_Cuts_Disjunctive=3;CPXPARAM_MIP_Cuts_FlowCovers=0;CPXPARAM_MIP_Cuts_GUBCovers=-1;CPXPARAM_MIP_Cuts_Gomory=2;CPXPARAM_MIP_Cuts_Implied=2;CPXPARAM_MIP_Cuts_MIRCut=-1;CPXPARAM_MIP_Cuts_PathCut=0;CPXPARAM_MIP_Limits_AggForCut=3;CPXPARAM_MIP_Limits_CutPasses=0;CPXPARAM_MIP_Limits_CutsFactor=-1;CPXPARAM_MIP_Limits_GomoryCand=25;CPXPARAM_MIP_Limits_GomoryPass=0;CPXPARAM_MIP_Limits_Nodes=9223372036800000000;CPXPARAM_MIP_Limits_ProbeTime=5;CPXPARAM_MIP_Limits_RepairTries=0;CPXPARAM_MIP_Limits_StrongCand=10;CPXPARAM_MIP_Limits_StrongIt=0;CPXPARAM_MIP_OrderType=0;CPXPARAM_MIP_Strategy_BBInterval=7;CPXPARAM_MIP_Strategy_Branch=1;CPXPARAM_MIP_Strategy_Dive=0;CPXPARAM_MIP_Strategy_File=1;CPXPARAM_MIP_Strategy_HeuristicFreq=0;CPXPARAM_MIP_Strategy_LBHeur=0;CPXPARAM_MIP_Strategy_NodeSelect=1;CPXPARAM_MIP_Strategy_Order=1;CPXPARAM_MIP_Strategy_PresolveNode=0;CPXPARAM_MIP_Strategy_Probe=2;CPXPARAM_MIP_Strategy_RINSHeur=0;CPXPARAM_MIP_Strategy_StartAlgorithm=6;CPXPARAM_MIP_Strategy_SubAlgorithm=0;CPXPARAM_MIP_Strategy_VariableSelect=0;CPXPARAM_Network_NetFind=2;CPXPARAM_Network_Pricing=0;CPXPARAM_Parallel=1;CPXPARAM_Preprocessing_Aggregator=-1;CPXPARAM_Preprocessing_BoundStrength=1;CPXPARAM_Preprocessing_CoeffReduce=-1;CPXPARAM_Preprocessing_Dependency=-1;CPXPARAM_Preprocessing_Dual=0;CPXPARAM_Preprocessing_Fill=10;CPXPARAM_Preprocessing_NumPass=-1;CPXPARAM_Preprocessing_Presolve=1;CPXPARAM_Preprocessing_QPMakePSD=1;CPXPARAM_Preprocessing_Reduce=0;CPXPARAM_Preprocessing_Relax=-1;CPXPARAM_Preprocessing_RepeatPresolve=-1;CPXPARAM_Preprocessing_Symmetry=2;CPXPARAM_Read_Scale=0;CPXPARAM_Sifting_Algorithm=0;CPXPARAM_Simplex_Crash=0;CPXPARAM_Simplex_DGradient=5;CPXPARAM_Simplex_Limits_Perturbation=0;CPXPARAM_Simplex_Limits_Singularity=10;CPXPARAM_Simplex_PGradient=0;CPXPARAM_Simplex_Pricing=0;CPXPARAM_Simplex_Refactor=0
10329172985924770568,0,CPXPARAM_Advance=1;CPXPARAM_Barrier_Algorithm=0;CPXPARAM_Barrier_ColNonzeros=0;CPXPARAM_Barrier_Crossover=2;CPXPARAM_Barrier_Limits_Corrections=-1;CPXPARAM_Barrier_Ordering=0;CPXPARAM_Barrier_StartAlg=2;CPXPARAM_Emphasis_MIP=4;CPXPARAM_Emphasis_Memory=0;CPXPARAM_Emphasis_Numerical=0;CPXPARAM_Feasopt_Mode=4;CPXPARAM_LPMethod=0;CPXPARAM_MIP_Cuts_Cliques=0;CPXPARAM_MIP_Cuts_Covers=0;CPXPARAM_MIP_Cuts_Disjunctive=2;CPXPARAM_MIP_Cuts_FlowCovers=1;CPXPARAM_MIP_Cuts_GUBCovers=2;CPXPARAM_MIP_Cuts_Gomory=-1;CPXPARAM_MIP_Cuts_Implied=-1;CPXPARAM_MIP_Cuts_MIRCut=2;CPXPARAM_MIP_Cuts_PathCut=1;CPXPARAM_MIP_Limits_AggForCut=3;CPXPARAM_MIP_Limits_CutPasses=0;CPXPARAM_MIP_Limits_CutsFactor=-1;CPXPARAM_MIP_Limits_GomoryCand=100;CPXPARAM_MIP_Limits_GomoryPass=0;CPXPARAM_MIP_Limits_Nodes=9223372036800000000;CPXPARAM_MIP_Limits_ProbeTime=20;CPXPARAM_MIP_Limits_RepairTries=0;CPXPARAM_MIP_Limits_StrongCand=10;CPXPARAM_MIP_Limits_StrongIt=0;CPXPARAM_MIP_OrderType=0;CPXPARAM_MIP_Strategy_BBInterval=7;CPXPARAM_MIP_Strategy_Branch=-1;CPXPARAM_MIP_Strategy_Dive=0;CPXPARAM_MIP_Strategy_File=1;CPXPARAM_MIP_Strategy_HeuristicFreq=0;CPXPARAM_MIP_Strategy_LBHeur=0;CPXPARAM_MIP_Strategy_NodeSelect=1;CPXPARAM_MIP_Strategy_Order=1;CPXPARAM_MIP_Strategy_PresolveNode=0;CPXPARAM_MIP_Strategy_Probe=0;CPXPARAM_MIP_Strategy_RINSHeur=0;CPXPARAM_MIP_Strategy_StartAlgorithm=6;CPXPARAM_MIP_Strategy_SubAlgorithm=1;CPXPARAM_MIP_Strategy_VariableSelect=-1;CPXPARAM_Network_NetFind=2;CPXPARAM_Network_Pricing=0;CPXPARAM_Parallel=1;CPXPARAM_Preprocessing_Aggregator=-1;CPXPARAM_Preprocessing_BoundStrength=-1;CPXPARAM_Preprocessing_CoeffReduce=-1;CPXPARAM_Preprocessing_Dependency=-1;CPXPARAM_Preprocessing_Dual=0;CPXPARAM_Preprocessing_Fill=10;CPXPARAM_Preprocessing_NumPass=-1;CPXPARAM_Preprocessing_Presolve=1;CPXPARAM_Preprocessing_QPMakePSD=1;CPXPARAM_Preprocessing_Reduce=3;CPXPARAM_Preprocessing_Relax=-1;CPXPARAM_Preprocessing_RepeatPresolve=-1;CPXPARAM_Preprocessing_Symmetry=4;CPXPARAM_Read_Scale=0;CPXPARAM_Sifting_Algorithm=0;CPXPARAM_Simplex_Crash=1;CPXPARAM_Simplex_DGradient=2;CPXPARAM_Simplex_Limits_Perturbation=0;CPXPARAM_Simplex_Limits_Singularity=10;CPXPARAM_Simplex_PGradient=0;CPXPARAM_Simplex_Pricing=0;CPXPARAM_Simplex_Refactor=0
7779314895385123021,0,CPXPARAM_Advance=1;CPXPARAM_Barrier_Algorithm=0;CPXPARAM_Barrier_ColNonzeros=0;CPXPARAM_Barrier_Crossover=2;CPXPARAM_Barrier_Limits_Corrections=-1;CPXPARAM_Barrier_Ordering=0;CPXPARAM_Barrier_StartAlg=2;CPXPARAM_Emphasis_MIP=4;CPXPARAM_Emphasis_Memory=0;CPXPARAM_Emphasis_Numerical=0;CPXPARAM_Feasopt_Mode=4;CPXPARAM_LPMethod=0;CPXPARAM_MIP_Cuts_Cliques=2;CPXPARAM_MIP_Cuts_Covers=0;CPXPARAM_MIP_Cuts_Disjunctive=2;CPXPARAM_MIP_Cuts_FlowCovers=1;CPXPARAM_MIP_Cuts_GUBCovers=2;CPXPARAM_MIP_Cuts_Gomory=-1;CPXPARAM_MIP_Cuts_Implied=-1;CPXPARAM_MIP_Cuts_MIRCut=2;CPXPARAM_MIP_Cuts_PathCut=1;CPXPARAM_MIP_Limits_AggForCut=3;CPXPARAM_MIP_Limits_CutPasses=0;CPXPARAM_MIP_Limits_CutsFactor=-1;CPXPARAM_MIP_Limits_GomoryCand=100;CPXPARAM_MIP_Limits_GomoryPass=0;CPXPARAM_MIP_Limits_Nodes=9223372036800000000;CPXPARAM_MIP_Limits_ProbeTime=20;CPXPARAM_MIP_Limits_RepairTries=0;CPXPARAM_MIP_Limits_StrongCand=10;CPXPARAM_MIP_Limits_StrongIt=0;CPXPARAM_MIP_OrderType=0;CPXPARAM_MIP_Strategy_BBInterval=7;CPXPARAM_MIP_Strategy_Branch=-1;CPXPARAM_MIP_Strategy_Dive=0;CPXPARAM_MIP_Strategy_File=1;CPXPARAM_MIP_Strategy_HeuristicFreq=0;CPXPARAM_MIP_Strategy_LBHeur=0;CPXPARAM_MIP_Strategy_NodeSelect=1;CPXPARAM_MIP_Strategy_Order=1;CPXPARAM_MIP_Strategy_PresolveNode=0;CPXPARAM_MIP_Strategy_Probe=0;CPXPARAM_MIP_Strategy_RINSHeur=0;CPXPARAM_MIP_Strategy_StartAlgorithm=6;CPXPARAM_MIP_Strategy_SubAlgorithm=1;CPXPARAM_MIP_Strategy_VariableSelect=-1;CPXPARAM_Network_NetFind=2;CPXPARAM_Network_Pricing=0;CPXPARAM_Parallel=1;CPXPARAM_Preprocessing_Aggregator=-1;CPXPARAM_Preprocessing_BoundStrength=-1;CPXPARAM_Preprocessing_CoeffReduce=-1;CPXPARAM_Preprocessing_Dependency=-1;CPXPARAM_Preprocessing_Dual=0;CPXPARAM_Preprocessing_Fill=10;CPXPARAM_Preprocessing_NumPass=-1;CPXPARAM_Preprocessing_Presolve=1;CPXPARAM_Preprocessing_QPMakePSD=1;CPXPARAM_Preprocessing_Reduce=3;CPXPARAM_Preprocessing_Relax=-1;CPXPARAM_Preprocessing_RepeatPresolve=-1;CPXPARAM_Preprocessing_Symmetry=4;CPXPARAM_Read_Scale=0;CPXPARAM_Sifting_Algorithm=0;CPXPARAM_Simplex_Crash=1;CPXPARAM_Simplex_DGradient=5;CPXPARAM_Simplex_Limits_Perturbation=0;CPXPARAM_Simplex_Limits_Singularity=10;CPXPARAM_Simplex_PGradient=0;CPXPARAM_Simplex_Pricing=0;CPXPARAM_Simplex_Refactor=0
806733978563446274,0,CPXPARAM_Advance=1;CPXPARAM_Barrier_Algorithm=0;CPXPARAM_Barrier_ColNonzeros=0;CPXPARAM_Barrier_Crossover=2;CPXPARAM_Barrier_Limits_Corrections=-1;CPXPARAM_Barrier_Ordering=0;CPXPARAM_Barrier_StartAlg=2;CPXPARAM_Emphasis_MIP=4;CPXPARAM_Emphasis_Memory=0;CPXPARAM_Emphasis_Numerical=0;CPXPARAM_Feasopt_Mode=4;CPXPARAM_LPMethod=0;CPXPARAM_MIP_Cuts_Cliques=0;CPXPARAM_MIP_Cuts_Covers=0;CPXPARAM_MIP_Cuts_Disjunctive=2;CPXPARAM_MIP_Cuts_FlowCovers=1;CPXPARAM_MIP_Cuts_GUBCovers=2;CPXPARAM_MIP_Cuts_Gomory=-1;CPXPARAM_MIP_Cuts_Implied=-1;CPXPARAM_MIP_Cuts_MIRCut=2;CPXPARAM_MIP_Cuts_PathCut=1;CPXPARAM_MIP_Limits_AggForCut=3;CPXPARAM_MIP_Limits_CutPasses=0;CPXPARAM_MIP_Limits_CutsFactor=-1;CPXPARAM_MIP_Limits_GomoryCand=100;CPXPARAM_MIP_Limits_GomoryPass=0;CPXPARAM_MIP_Limits_Nodes=9223372036800000000;CPXPARAM_MIP_Limits_ProbeTime=20;CPXPARAM_MIP_Limits_RepairTries=0;CPXPARAM_MIP_Limits_StrongCand=10;CPXPARAM_MIP_Limits_StrongIt=0;CPXPARAM_MIP_OrderType=0;CPXPARAM_MIP_Strategy_BBInterval=7;CPXPARAM_MIP_Strategy_Branch=-1;CPXPARAM_MIP_Strategy_Dive=0;CPXPARAM_MIP_Strategy_File=1;CPXPARAM_MIP_Strategy_HeuristicFreq=0;CPXPARAM_MIP_Strategy_LBHeur=0;CPXPARAM_MIP_Strategy_NodeSelect=1;CPXPARAM_MIP_Strategy_Order=1;CPXPARAM_MIP_Strategy_PresolveNode=0;CPXPARAM_MIP_Strategy_Probe=0;CPXPARAM_MIP_Strategy_RINSHeur=0;CPXPARAM_MIP_Strategy_StartAlgorithm=6;CPXPARAM_MIP_Strategy_SubAlgorithm=1;CPXPARAM_MIP_Strategy_VariableSelect=2;CPXPARAM_Network_NetFind=2;CPXPARAM_Network_Pricing=0;CPXPARAM_Parallel=1;CPXPARAM_Preprocessing_Aggregator=-1;CPXPARAM_Preprocessing_BoundStrength=-1;CPXPARAM_Preprocessing_CoeffReduce=-1;CPXPARAM_Preprocessing_Dependency=-1;CPXPARAM_Preprocessing_Dual=0;CPXPARAM_Preprocessing_Fill=10;CPXPARAM_Preprocessing_NumPass=-1;CPXPARAM_Preprocessing_Presolve=1;CPXPARAM_Preprocessing_QPMakePSD=1;CPXPARAM_Preprocessing_Reduce=3;CPXPARAM_Preprocessing_Relax=-1;CPXPARAM_Preprocessing_RepeatPresolve=-1;CPXPARAM_Preprocessing_Symmetry=4;CPXPARAM_Read_Scale=0;CPXPARAM_Sifting_Algorithm=0;CPXPARAM_Simplex_Crash=1;CPXPARAM_Simplex_DGradient=5;CPXPARAM_Simplex_Limits_Perturbation=0;CPXPARAM_Simplex_Limits_Singularity=10;CPXPARAM_Simplex_PGradient=0;CPXPARAM_Simplex_Pricing=0;CPXPARAM_Simplex_Refactor=0
8219215318620997546,0,CPXPARAM_Advance=1;CPXPARAM_Barrier_Algorithm=0;CPXPARAM_Barrier_ColNonzeros=0;CPXPARAM_Barrier_Crossover=2;CPXPARAM_Barrier_Limits_Corrections=-1;CPXPARAM_Barrier_Ordering=0;CPXPARAM_Barrier_StartAlg=2;CPXPARAM_Emphasis_MIP=4;CPXPARAM_Emphasis_Memory=0;CPXPARAM_Emphasis_Numerical=0;CPXPARAM_Feasopt_Mode=0;CPXPARAM_LPMethod=0;CPXPARAM_MIP_Cuts_Cliques=0;CPXPARAM_MIP_Cuts_Covers=0;CPXPARAM_MIP_Cuts_Disjunctive=2;CPXPARAM_MIP_Cuts_FlowCovers=1;CPXPARAM_MIP_Cuts_GUBCovers=2;CPXPARAM_MIP_Cuts_Gomory=-1;CPXPARAM_MIP_Cuts_Implied=-1;CPXPARAM_MIP_Cuts_MIRCut=2;CPXPARAM_MIP_Cuts_PathCut=1;CPXPARAM_MIP_Limits_AggForCut=3;CPXPARAM_MIP_Limits_CutPasses=0;CPXPARAM_MIP_Limits_CutsFactor=-1;CPXPARAM_MIP_Limits_GomoryCand=100;CPXPARAM_MIP_Limits_GomoryPass=0;CPXPARAM_MIP_Limits_Nodes=9223372036800000000;CPXPARAM_MIP_Limits_ProbeTime=20;CPXPARAM_MIP_Limits_RepairTries=0;CPXPARAM_MIP_Limits_StrongCand=10;CPXPARAM_MIP_Limits_StrongIt=0;CPXPARAM_MIP_OrderType=0;CPXPARAM_MIP_Strategy_BBInterval=7;CPXPARAM_MIP_Strategy_Branch=-1;CPXPARAM_MIP_Strategy_Dive=0;CPXPARAM_MIP_Strategy_File=1;CPXPARAM_MIP_Strategy_HeuristicFreq=0;CPXPARAM_MIP_Strategy_LBHeur=0;CPXPARAM_MIP_Strategy_NodeSelect=1;CPXPARAM_MIP_Strategy_Order=1;CPXPARAM_MIP_Strategy_PresolveNode=0;CPXPARAM_MIP_Strategy_Probe=0;CPXPARAM_MIP_Strategy_RINSHeur=0;CPXPARAM_MIP_Strategy_StartAlgorithm=6;CPXPARAM_MIP_Strategy_SubAlgorithm=1;CPXPARAM_MIP_Strategy_VariableSelect=-1;CPXPARAM_Network_NetFind=2;CPXPARAM_Network_Pricing=0;CPXPARAM_Parallel=1;CPXPARAM_Preprocessing_Aggregator=-1;CPXPARAM_Preprocessing_BoundStrength=-1;CPXPARAM_Preprocessing_CoeffReduce=-1;CPXPARAM_Preprocessing_Dependency=-1;CPXPARAM_Preprocessing_Dual=0;CPXPARAM_Preprocessing_Fill=10;CPXPARAM_Preprocessing_NumPass=-1;CPXPARAM_Preprocessing_Presolve=1;CPXPARAM_Preprocessing_QPMakePSD=1;CPXPARAM_Preprocessing_Reduce=3;CPXPARAM_Preprocessing_Relax=-1;CPXPARAM_Preprocessing_RepeatPresolve=-1;CPXPARAM_Preprocessing_Symmetry=4;CPXPARAM_Read_Scale=0;CPXPARAM_Sifting_Algorithm=0;CPXPARAM_Simplex_Crash=1;CPXPARAM_Simplex_DGradient=5;CPXPARAM_Simplex_Limits_Perturbation=0;CPXPARAM_Simplex_Limits_Singularity=10;CPXPARAM_Simplex_PGradient=0;CPXPARAM_Simplex_Pricing=0;CPXPARAM_Simplex_Refactor=0
1260784244639577809,0,CPXPARAM_Advance=1;CPXPARAM_Barrier_Algorithm=0;CPXPARAM_Barrier_ColNonzeros=0;CPXPARAM_Barrier_Crossover=2;CPXPARAM_Barrier_Limits_Corrections=-1;CPXPARAM_Barrier_Ordering=0;CPXPARAM_Barrier_StartAlg=2;CPXPARAM_Emphasis_MIP=4;CPXPARAM_Emphasis_Memory=0;CPXPARAM_Emphasis_Numerical=0;CPXPARAM_Feasopt_Mode=4;CPXPARAM_LPMethod=0;CPXPARAM_MIP_Cuts_Cliques=0;CPXPARAM_MIP_Cuts_Covers=0;CPXPARAM_MIP_Cuts_Disjunctive=2;CPXPARAM_MIP_Cuts_FlowCovers=1;CPXPARAM_MIP_Cuts_GUBCovers=2;CPXPARAM_MIP_Cuts_Gomory=-1;CPXPARAM_MIP_Cuts_Implied=-1;CPXPARAM_MIP_Cuts_MIRCut=2;CPXPARAM_MIP_Cuts_PathCut=1;CPXPARAM_MIP_Limits_AggForCut=3;CPXPARAM_MIP_Limits_CutPasses=0;CPXPARAM_MIP_Limits_CutsFactor=-1;CPXPARAM_MIP_Limits_GomoryCand=100;CPXPARAM_MIP_Limits_GomoryPass=0;CPXPARAM_MIP_Limits_Nodes=9223372036800000000;CPXPARAM_MIP_Limits_ProbeTime=20;CPXPARAM_MIP_Limits_RepairTries=0;CPXPARAM_MIP_Limits_StrongCand=10;CPXPARAM_MIP_Limits_StrongIt=0;CPXPARAM_MIP_OrderType=0;CPXPARAM_MIP_Strategy_BBInterval=7;CPXPARAM_MIP_Strategy_Branch=-1;CPXPARAM_MIP_Strategy_Dive=0;CPXPARAM_MIP_Strategy_File=1;CPXPARAM_MIP_Strategy_HeuristicFreq=0;CPXPARAM_MIP_Strategy_LBHeur=0;CPXPARAM_MIP_Strategy_NodeSelect=1;CPXPARAM_MIP_Strategy_Order=1;CPXPARAM_MIP_Strategy_PresolveNode=0;CPXPARAM_MIP_Strategy_Probe=0;CPXPARAM_MIP_Strategy_RINSHeur=0;CPXPARAM_MIP_Strategy_StartAlgorithm=6;CPXPARAM_MIP_Strategy_SubAlgorithm=5;CPXPARAM_MIP_Strategy_VariableSelect=-1;CPXPARAM_Network_NetFind=2;CPXPARAM_Network_Pricing=0;CPXPARAM_Parallel=1;CPXPARAM_Preprocessing_Aggregator=-1;CPXPARAM_Preprocessing_BoundStrength=-1;CPXPARAM_Preprocessing_CoeffReduce=-1;CPXPARAM_Preprocessing_Dependency=-1;CPXPARAM_Preprocessing_Dual=0;CPXPARAM_Preprocessing_Fill=10;CPXPARAM_Preprocessing_NumPass=-1;CPXPARAM_Preprocessing_Presolve=1;CPXPARAM_Preprocessing_QPMakePSD=1;CPXPARAM_Preprocessing_Reduce=3;CPXPARAM_Preprocessing_Relax=-1;CPXPARAM_Preprocessing_RepeatPresolve=-1;CPXPARAM_Preprocessing_Symmetry=4;CPXPARAM_Read_Scale=0;CPXPARAM_Sifting_Algorithm=0;CPXPARAM_Simplex_Crash=1;CPXPARAM_Simplex_DGradient=5;CPXPARAM_Simplex_Limits_Perturbation=0;CPXPARAM_Simplex_Limits_Singularity=10;CPXPARAM_Simplex_PGradient=0;CPXPARAM_Simplex_Pricing=0;CPXPARAM_Simplex_Refactor=0
7469522083282793189,0,CPXPARAM_Advance=1;CPXPARAM_Barrier_Algorithm=0;CPXPARAM_Barrier_ColNonzeros=0;CPXPARAM_Barrier_Crossover=2;CPXPARAM_Barrier_Limits_Corrections=-1;CPXPARAM_Barrier_Ordering=0;CPXPARAM_Barrier_StartAlg=2;CPXPARAM_Emphasis_MIP=4;CPXPARAM_Emphasis_Memory=0;CPXPARAM_Emphasis_Numerical=0;CPXPARAM_Feasopt_Mode=4;CPXPARAM_LPMethod=0;CPXPARAM_MIP_Cuts_Cliques=0;CPXPARAM_MIP_Cuts_Covers=0;CPXPARAM_MIP_Cuts_Disjunctive=2;CPXPARAM_MIP_Cuts_FlowCovers=1;CPXPARAM_MIP_Cuts_GUBCovers=2;CPXPARAM_MIP_Cuts_Gomory=-1;CPXPARAM_MIP_Cuts_Implied=-1;CPXPARAM_MIP_Cuts_MIRCut=2;CPXPARAM_MIP_Cuts_PathCut=1;CPXPARAM_MIP_Limits_AggForCut=3;CPXPARAM_MIP_Limits_CutPasses=0;CPXPARAM_MIP_Limits_CutsFactor=-1;CPXPARAM_MIP_Limits_GomoryCand=100;CPXPARAM_MIP_Limits_GomoryPass=0;CPXPARAM_MIP_Limits_Nodes=9223372036800000000;CPXPARAM_MIP_Limits_ProbeTime=20;CPXPARAM_MIP_Limits_RepairTries=0;CPXPARAM_MIP_Limits_StrongCand=10;CPXPARAM_MIP_Limits_StrongIt=0;CPXPARAM_MIP_OrderType=0;CPXPARAM_MIP_Strategy_BBInterval=7;CPXPARAM_MIP_Strategy_Branch=-1;CPXPARAM_MIP_Strategy_Dive=0;CPXPARAM_MIP_Strategy_File=1;CPXPARAM_MIP_Strategy_HeuristicFreq=0;CPXPARAM_MIP_Strategy_LBHeur=0;CPXPARAM_MIP_Strategy_NodeSelect=1;CPXPARAM_MIP_Strategy_Order=1;CPXPARAM_MIP_Strategy_PresolveNode=0;CPXPARAM_MIP_Strategy_Probe=0;CPXPARAM_MIP_Strategy_RINSHeur=0;CPXPARAM_MIP_Strategy_StartAlgorithm=6;CPXPARAM_MIP_Strategy_SubAlgorithm=1;CPXPARAM_MIP_Strategy_VariableSelect=-1;CPXPARAM_Network_NetFind=2;CPXPARAM_Network_Pricing=0;CPXPARAM_Parallel=1;CPXPARAM_Preprocessing_Aggregator=-1;CPXPARAM_Preprocessing_BoundStrength=-1;CPXPARAM_Preprocessing_CoeffReduce=-1;CPXPARAM_Preprocessing_Dependency=-1;CPXPARAM_Preprocessing_Dual=0;CPXPARAM_Preprocessing_Fill=10;CPXPARAM_Preprocessing_NumPass=-1;CPXPARAM_Preprocessing_Presolve=1;CPXPARAM_Preprocessing_QPMakePSD=1;CPXPARAM_Preprocessing_Reduce=3;CPXPARAM_Preprocessing_Relax=-1;CPXPARAM_Preprocessing_RepeatPresolve=-1;CPXPARAM_Preprocessing_Symmetry=4;CPXPARAM_Read_Scale=0;CPXPARAM_Sifting_Algorithm=0;CPXPARAM_Simplex_Crash=1;CPXPARAM_Simplex_DGradient=5;CPXPARAM_Simplex_Limits_Perturbation=0;CPXPARAM_Simplex_Limits_Singularity=10;CPXPARAM_Simplex_PGradient=0;CPXPARAM_Simplex_Pricing=0;CPXPARAM_Simplex_Refactor=0
5559041425291067218,0,CPXPARAM_Advance=1;CPXPARAM_Barrier_Algorithm=0;CPXPARAM_Barrier_ColNonzeros=0;CPXPARAM_Barrier_Crossover=2;CPXPARAM_Barrier_Limits_Corrections=-1;CPXPARAM_Barrier_Ordering=0;CPXPARAM_Barrier_StartAlg=2;CPXPARAM_Emphasis_MIP=4;CPXPARAM_Emphasis_Memory=0;CPXPARAM_Emphasis_Numerical=0;CPXPARAM_Feasopt_Mode=4;CPXPARAM_LPMethod=0;CPXPARAM_MIP_Cuts_Cliques=0;CPXPARAM_MIP_Cuts_Covers=0;CPXPARAM_MIP_Cuts_Disjunctive=2;CPXPARAM_MIP_Cuts_FlowCovers=1;CPXPARAM_MIP_Cuts_GUBCovers=2;CPXPARAM_MIP_Cuts_Gomory=-1;CPXPARAM_MIP_Cuts_Implied=-1;CPXPARAM_MIP_Cuts_MIRCut=2;CPXPARAM_MIP_Cuts_PathCut=1;CPXPARAM_MIP_Limits_AggForCut=3;CPXPARAM_MIP_Limits_CutPasses=0;CPXPARAM_MIP_Limits_CutsFactor=-1;CPXPARAM_MIP_Limits_GomoryCand=100;CPXPARAM_MIP_Limits_GomoryPass=0;CPXPARAM_MIP_Limits_Nodes=9223372036800000000;CPXPARAM_MIP_Limits_ProbeTime=20;CPXPARAM_MIP_Limits_RepairTries=0;CPXPARAM_MIP_Limits_StrongCand=10;CPXPARAM_MIP_Limits_StrongIt=0;CPXPARAM_MIP_OrderType=0;CPXPARAM_MIP_Strategy_BBInterval=7;CPXPARAM_MIP_Strategy_Branch=-1;CPXPARAM_MIP_Strategy_Dive=0;CPXPARAM_MIP_Strategy_File=1;CPXPARAM_MIP_Strategy_HeuristicFreq=0;CPXPARAM_MIP_Strategy_LBHeur=0;CPXPARAM_MIP_Strategy_NodeSelect=1;CPXPARAM_MIP_Strategy_Order=1;CPXPARAM_MIP_Strategy_PresolveNode=0;CPXPARAM_MIP_Strategy_Probe=0;CPXPARAM_MIP_Strategy_RINSHeur=0;CPXPARAM_MIP_Strategy_StartAlgorithm=6;CPXPARAM_MIP_Strategy_SubAlgorithm=3;CPXPARAM_MIP_Strategy_VariableSelect=3;CPXPARAM_Network_NetFind=2;CPXPARAM_Network_Pricing=0;CPXPARAM_Parallel=1;CPXPARAM_Preprocessing_Aggregator=-1;CPXPARAM_Preprocessing_BoundStrength=-1;CPXPARAM_Preprocessing_CoeffReduce=-1;CPXPARAM_Preprocessing_Dependency=-1;CPXPARAM_Preprocessing_Dual=0;CPXPARAM_Preprocessing_Fill=10;CPXPARAM_Preprocessing_NumPass=-1;CPXPARAM_Preprocessing_Presolve=1;CPXPARAM_Preprocessing_QPMakePSD=1;CPXPARAM_Preprocessing_Reduce=3;CPXPARAM_Preprocessing_Relax=-1;CPXPARAM_Preprocessing_RepeatPresolve=-1;CPXPARAM_Preprocessing_Symmetry=4;CPXPARAM_Read_Scale=0;CPXPARAM_Sifting_Algorithm=0;CPXPARAM_Simplex_Crash=1;CPXPARAM_Simplex_DGradient=5;CPXPARAM_Simplex_Limits_Perturbation=0;CPXPARAM_Simplex_Limits_Singularity=10;CPXPARAM_Simplex_PGradient=0;CPXPARAM_Simplex_Pricing=0;CPXPARAM_Simplex_Refactor=0
13340012915550580465,0,CPXPARAM_Advance=1;CPXPARAM_Barrier_Algorithm=0;CPXPARAM_Barrier_ColNonzeros=0;CPXPARAM_Barrier_Crossover=0;CPXPARAM_Barrier_Limits_Corrections=-1;CPXPARAM_Barrier_Ordering=0;CPXPARAM_Barrier_StartAlg=1;CPXPARAM_Emphasis_MIP=1;CPXPARAM_Emphasis_Memory=0;CPXPARAM_Emphasis_Numerical=0;CPXPARAM_Feasopt_Mode=0;CPXPARAM_LPMethod=0;CPXPARAM_MIP_Cuts_Cliques=0;CPXPARAM_MIP_Cuts_Covers=0;CPXPARAM_MIP_Cuts_Disjunctive=2;CPXPARAM_MIP_Cuts_FlowCovers=1;CPXPARAM_MIP_Cuts_GUBCovers=2;CPXPARAM_MIP_Cuts_Gomory=2;CPXPARAM_MIP_Cuts_Implied=1;CPXPARAM_MIP_Cuts_MIRCut=-1;CPXPARAM_MIP_Cuts_PathCut=2;CPXPARAM_MIP_Limits_AggForCut=3;CPXPARAM_MIP_Limits_CutPasses=0;CPXPARAM_MIP_Limits_CutsFactor=-1;CPXPARAM_MIP_Limits_GomoryCand=800;CPXPARAM_MIP_Limits_GomoryPass=0;CPXPARAM_MIP_Limits_Nodes=9223372036800000000;CPXPARAM_MIP_Limits_ProbeTime=1e+75;CPXPARAM_MIP_Limits_RepairTries=0;CPXPARAM_MIP_Limits_StrongCand=10;CPXPARAM_MIP_Limits_StrongIt=0;CPXPARAM_MIP_OrderType=0;CPXPARAM_MIP_Strategy_BBInterval=7;CPXPARAM_MIP_Strategy_Branch=0;CPXPARAM_MIP_Strategy_Dive=0;CPXPARAM_MIP_Strategy_File=1;CPXPARAM_MIP_Strategy_HeuristicFreq=0;CPXPARAM_MIP_Strategy_LBHeur=0;CPXPARAM_MIP_Strategy_NodeSelect=1;CPXPARAM_MIP_Strategy_Order=1;CPXPARAM_MIP_Strategy_PresolveNode=0;CPXPARAM_MIP_Strategy_Probe=3;CPXPARAM_MIP_Strategy_RINSHeur=0;CPXPARAM_MIP_Strategy_StartAlgorithm=0;CPXPARAM_MIP_Strategy_SubAlgorithm=4;CPXPARAM_MIP_Strategy_VariableSelect=0;CPXPARAM_Network_NetFind=2;CPXPARAM_Network_Pricing=0;CPXPARAM_Parallel=1;CPXPARAM_Preprocessing_Aggregator=-1;CPXPARAM_Preprocessing_BoundStrength=-1;CPXPARAM_Preprocessing_CoeffReduce=-1;CPXPARAM_Preprocessing_Dependency=-1;CPXPARAM_Preprocessing_Dual=0;CPXPARAM_Preprocessing_Fill=10;CPXPARAM_Preprocessing_NumPass=-1;CPXPARAM_Preprocessing_Presolve=1;CPXPARAM_Preprocessing_QPMakePSD=1;CPXPARAM_Preprocessing_Reduce=3;CPXPARAM_Preprocessing_Relax=-1;CPXPARAM_Preprocessing_RepeatPresolve=-1;CPXPARAM_Preprocessing_Symmetry=-1;CPXPARAM_Read_Scale=0;CPXPARAM_Sifting_Algorithm=0;CPXPARAM_Simplex_Crash=1;CPXPARAM_Simplex_DGradient=0;CPXPARAM_Simplex_Limits_Perturbation=0;CPXPARAM_Simplex_Limits_Singularity=10;CPXPARAM_Simplex_PGradient=0;CPXPARAM_Simplex_Pricing=0;CPXPARAM_Simplex_Refactor=0
16754366921880651778,0,CPXPARAM_Advance=1;CPXPARAM_Barrier_Algorithm=0;CPXPARAM_Barrier_ColNonzeros=0;CPXPARAM_Barrier_Crossover=0;CPXPARAM_Barrier_Limits_Corrections=-1;CPXPARAM_Barrier_Ordering=0;CPXPARAM_Barrier_StartAlg=1;CPXPARAM_Emphasis_MIP=1;CPXPARAM_Emphasis_Memory=0;CPXPARAM_Emphasis_Numerical=0;CPXPARAM_Feasopt_Mode=0;CPXPARAM_LPMethod=0;CPXPARAM_MIP_Cuts_Cliques=0;CPXPARAM_MIP_Cuts_Covers=0;CPXPARAM_MIP_Cuts_Disjunctive=2;CPXPARAM_MIP_Cuts_FlowCovers=1;CPXPARAM_MIP_Cuts_GUBCovers=2;CPXPARAM_MIP_Cuts_Gomory=2;CPXPARAM_MIP_Cuts_Implied=1;CPXPARAM_MIP_Cuts_MIRCut=-1;CPXPARAM_MIP_Cuts_PathCut=2;CPXPARAM_MIP_Limits_AggForCut=3;CPXPARAM_MIP_Limits_CutPasses=0;CPXPARAM_MIP_Limits_CutsFactor=-1;CPXPARAM_MIP_Limits_GomoryCand=800;CPXPARAM_MIP_Limits_GomoryPass=0;CPXPARAM_MIP_Limits_Nodes=9223372036800000000;CPXPARAM_MIP_Limits_ProbeTime=1e+75;CPXPARAM_MIP_Limits_RepairTries=0;CPXPARAM_MIP_Limits_StrongCand=10;CPXPARAM_MIP_Limits_StrongIt=0;CPXPARAM_MIP_OrderType=0;CPXPARAM_MIP_Strategy_BBInterval=7;CPXPARAM_MIP_Strategy_Branch=0;CPXPARAM_MIP_Strategy_Dive=0;CPXPARAM_MIP_Strategy_File=1;CPXPARAM_MIP_Strategy_HeuristicFreq=0;CPXPARAM_MIP_Strategy_LBHeur=0;CPXPARAM_MIP_Strategy_NodeSelect=1;CPXPARAM_MIP_Strategy_Order=1;CPXPARAM_MIP_Strategy_PresolveNode=0;CPXPARAM_MIP_Strategy_Probe=3;CPXPARAM_MIP_Strategy_RINSHeur=0;CPXPARAM_MIP_Strategy_StartAlgorithm=0;CPXPARAM_MIP_Strategy_SubAlgorithm=3;CPXPARAM_MIP_Strategy_VariableSelect=0;CPXPARAM_Network_NetFind=2;CPXPARAM_Network_Pricing=0;CPXPARAM_Parallel=1;CPXPARAM_Preprocessing_Aggregator=-1;CPXPARAM_Preprocessing_BoundStrength=-1;CPXPARAM_Preprocessing_CoeffReduce=-1;CPXPARAM_Preprocessing_Dependency=-1;CPXPARAM_Preprocessing_Dual=0;CPXPARAM_Preprocessing_Fill=10;CPXPARAM_Preprocessing_NumPass=-1;CPXPARAM_Preprocessing_Presolve=1;CPXPARAM_Preprocessing_QPMakePSD=1;CPXPARAM_Preprocessing_Reduce=3;CPXPARAM_Preprocessing_Relax=-1;CPXPARAM_Preprocessing_RepeatPresolve=-1;CPXPARAM_Preprocessing_Symmetry=-1;CPXPARAM_Read_Scale=0;CPXPARAM_Sifting_Algorithm=0;CPXPARAM_Simplex_Crash=1;CPXPARAM_Simplex_DGradient=0;CPXPARAM_Simplex_Limits_Perturbation=0;CPXPARAM_Simplex_Limits_Singularity=10;CPXPARAM_Simplex_PGradient=0;CPXPARAM_Simplex_Pricing=0;CPXPARAM_Simplex_Refactor=0
9847060338723121280,0,CPXPARAM_Advance=1;CPXPARAM_Barrier_Algorithm=0;CPXPARAM_Barrier_ColNonzeros=0;CPXPARAM_Barrier_Crossover=0;CPXPARAM_Barrier_Limits_Corrections=-1;CPXPARAM_Barrier_Ordering=0;CPXPARAM_Barrier_StartAlg=1;CPXPARAM_Emphasis_MIP=1;CPXPARAM_Emphasis_Memory=0;CPXPARAM_Emphasis_Numerical=0;CPXPARAM_Feasopt_Mode=0;CPXPARAM_LPMethod=0;CPXPARAM_MIP_Cuts_Cliques=0;CPXPARAM_MIP_Cuts_Covers=0;CPXPARAM_MIP_Cuts_Disjunctive=2;CPXPARAM_MIP_Cuts_FlowCovers=1;CPXPARAM_MIP_Cuts_GUBCovers=2;CPXPARAM_MIP_Cuts_Gomory=2;CPXPARAM_MIP_Cuts_Implied=1;CPXPARAM_MIP_Cuts_MIRCut=-1;CPXPARAM_MIP_Cuts_PathCut=2;CPXPARAM_MIP_Limits_AggForCut=3;CPXPARAM_MIP_Limits_CutPasses=0;CPXPARAM_MIP_Limits_CutsFactor=-1;CPXPARAM_MIP_Limits_GomoryCand=800;CPXPARAM_MIP_Limits_GomoryPass=0;CPXPARAM_MIP_Limits_Nodes=9223372036800000000;CPXPARAM_MIP_Limits_ProbeTime=1e+75;CPXPARAM_MIP_Limits_RepairTries=0;CPXPARAM_MIP_Limits_StrongCand=10;CPXPARAM_MIP_Limits_StrongIt=0;CPXPARAM_MIP_OrderType=0;CPXPARAM_MIP_Strategy_BBInterval=7;CPXPARAM_MIP_Strategy_Branch=0;CPXPARAM_MIP_Strategy_Dive=0;CPXPARAM_MIP_Strategy_File=1;CPXPARAM_MIP_Strategy_HeuristicFreq=0;CPXPARAM_MIP_Strategy_LBHeur=0;CPXPARAM_MIP_Strategy_NodeSelect=1;CPXPARAM_MIP_Strategy_Order=1;CPXPARAM_MIP_Strategy_PresolveNode=0;CPXPARAM_MIP_Strategy_Probe=3;CPXPARAM_MIP_Strategy_RINSHeur=0;CPXPARAM_MIP_Strategy_StartAlgorithm=0;CPXPARAM_MIP_Strategy_SubAlgorithm=2;CPXPARAM_MIP_Strategy_VariableSelect=0;CPXPARAM_Network_NetFind=2;CPXPARAM_Network_Pricing=0;CPXPARAM_Parallel=1;CPXPARAM_Preprocessing_Aggregator=-1;CPXPARAM_Preprocessing_BoundStrength=-1;CPXPARAM_Preprocessing_CoeffReduce=-1;CPXPARAM_Preprocessing_Dependency=-1;CPXPARAM_Preprocessing_Dual=0;CPXPARAM_Preprocessing_Fill=10;CPXPARAM_Preprocessing_NumPass=-1;CPXPARAM_Preprocessing_Presolve=1;CPXPARAM_Preprocessing_QPMakePSD=1;CPXPARAM_Preprocessing_Reduce=3;CPXPARAM_Preprocessing_Relax=-1;CPXPARAM_Preprocessing_RepeatPresolve=-1;CPXPARAM_Preprocessing_Symmetry=-1;CPXPARAM_Read_Scale=0;CPXPARAM_Sifting_Algorithm=0;CPXPARAM_Simplex_Crash=1;CPXPARAM_Simplex_DGradient=0;CPXPARAM_Simplex_Limits_Perturbation=0;CPXPARAM_Simplex_Limits_Singularity=10;CPXPARAM_Simplex_PGradient=0;CPXPARAM_Simplex_Pricing=0;CPXPARAM_Simplex_Refactor=0
9985074644343183560,0,CPXPARAM_Advance=1;CPXPARAM_Barrier_Algorithm=0;CPXPARAM_Barrier_ColNonzeros=0;CPXPARAM_Barrier_Crossover=0;CPXPARAM_Barrier_Limits_Corrections=-1;CPXPARAM_Barrier_Ordering=0;CPXPARAM_Barrier_StartAlg=1;CPXPARAM_Emphasis_MIP=1;CPXPARAM_Emphasis_Memory=0;CPXPARAM_Emphasis_Numerical=0;CPXPARAM_Feasopt_Mode=0;CPXPARAM_LPMethod=0;CPXPARAM_MIP_Cuts_Cliques=2;CPXPARAM_MIP_Cuts_Covers=0;CPXPARAM_MIP_Cuts_Disjunctive=0;CPXPARAM_MIP_Cuts_FlowCovers=-1;CPXPARAM_MIP_Cuts_GUBCovers=2;CPXPARAM_MIP_Cuts_Gomory=2;CPXPARAM_MIP_Cuts_Implied=-1;CPXPARAM_MIP_Cuts_MIRCut=2;CPXPARAM_MIP_Cuts_PathCut=2;CPXPARAM_MIP_Limits_AggForCut=3;CPXPARAM_MIP_Limits_CutPasses=0;CPXPARAM_MIP_Limits_CutsFactor=-1;CPXPARAM_MIP_Limits_GomoryCand=150;CPXPARAM_MIP_Limits_GomoryPass=0;CPXPARAM_MIP_Limits_Nodes=9223372036800000000;CPXPARAM_MIP_Limits_ProbeTime=30;CPXPARAM_MIP_Limits_RepairTries=0;CPXPARAM_MIP_Limits_StrongCand=10;CPXPARAM_MIP_Limits_StrongIt=0;CPXPARAM_MIP_OrderType=0;CPXPARAM_MIP_Strategy_BBInterval=7;CPXPARAM_MIP_Strategy_Branch=0;CPXPARAM_MIP_Strategy_Dive=0;CPXPARAM_MIP_Strategy_File=1;CPXPARAM_MIP_Strategy_HeuristicFreq=0;CPXPARAM_MIP_Strategy_LBHeur=0;CPXPARAM_MIP_Strategy_NodeSelect=1;CPXPARAM_MIP_Strategy_Order=1;CPXPARAM_MIP_Strategy_PresolveNode=0;CPXPARAM_MIP_Strategy_Probe=0;CPXPARAM_MIP_Strategy_RINSHeur=0;CPXPARAM_MIP_Strategy_StartAlgorithm=1;CPXPARAM_MIP_Strategy_SubAlgorithm=5;CPXPARAM_MIP_Strategy_VariableSelect=-1;CPXPARAM_Network_NetFind=2;CPXPARAM_Network_Pricing=0;CPXPARAM_Parallel=1;CPXPARAM_Preprocessing_Aggregator=-1;CPXPARAM_Preprocessing_BoundStrength=-1;CPXPARAM_Preprocessing_CoeffReduce=-1;CPXPARAM_Preprocessing_Dependency=-1;CPXPARAM_Preprocessing_Dual=0;CPXPARAM_Preprocessing_Fill=10;CPXPARAM_Preprocessing_NumPass=-1;CPXPARAM_Preprocessing_Presolve=1;CPXPARAM_Preprocessing_QPMakePSD=1;CPXPARAM_Preprocessing_Reduce=3;CPXPARAM_Preprocessing_Relax=-1;CPXPARAM_Preprocessing_RepeatPresolve=-1;CPXPARAM_Preprocessing_Symmetry=3;CPXPARAM_Read_Scale=0;CPXPARAM_Sifting_Algorithm=0;CPXPARAM_Simplex_Crash=1;CPXPARAM_Simplex_DGradient=0;CPXPARAM_Simplex_Limits_Perturbation=0;CPXPARAM_Simplex_Limits_Singularity=10;CPXPARAM_Simplex_PGradient=0;CPXPARAM_Simplex_Pricing=0;CPXPARAM_Simplex_Refactor=0
1627384499869087826,0,CPXPARAM_Advance=1;CPXPARAM_Barrier_Algorithm=0;CPXPARAM_Barrier_ColNonzeros=0;CPXPARAM_Barrier_Crossover=0;CPXPARAM_Barrier_Limits_Corrections=-1;CPXPARAM_Barrier_Ordering=0;CPXPARAM_Barrier_StartAlg=1;CPXPARAM_Emphasis_MIP=1;CPXPARAM_Emphasis_Memory=0;CPXPARAM_Emphasis_Numerical=0;CPXPARAM_Feasopt_Mode=0;CPXPARAM_LPMethod=0;CPXPARAM_MIP_Cuts_Cliques=0;CPXPARAM_MIP_Cuts_Covers=0;CPXPARAM_MIP_Cuts_Disjunctive=2;CPXPARAM_MIP_Cuts_FlowCovers=1;CPXPARAM_MIP_Cuts_GUBCovers=2;CPXPARAM_MIP_Cuts_Gomory=2;CPXPARAM_MIP_Cuts_Implied=1;CPXPARAM_MIP_Cuts_MIRCut=-1;CPXPARAM_MIP_Cuts_PathCut=2;CPXPARAM_MIP_Limits_AggForCut=3;CPXPARAM_MIP_Limits_CutPasses=0;CPXPARAM_MIP_Limits_CutsFactor=-1;CPXPARAM_MIP_Limits_GomoryCand=800;CPXPARAM_MIP_Limits_GomoryPass=0;CPXPARAM_MIP_Limits_Nodes=9223372036800000000;CPXPARAM_MIP_Limits_ProbeTime=1e+75;CPXPARAM_MIP_Limits_RepairTries=0;CPXPARAM_MIP_Limits_StrongCand=10;CPXPARAM_MIP_Limits_StrongIt=0;CPXPARAM_MIP_OrderType=0;CPXPARAM_MIP_Strategy_BBInterval=7;CPXPARAM_MIP_Strategy_Branch=0;CPXPARAM_MIP_Strategy_Dive=0;CPXPARAM_MIP_Strategy_File=1;CPXPARAM_MIP_Strategy_HeuristicFreq=0;CPXPARAM_MIP_Strategy_LBHeur=0;CPXPARAM_MIP_Strategy_NodeSelect=1;CPXPARAM_MIP_Strategy_Order=1;CPXPARAM_MIP_Strategy_PresolveNode=0;CPXPARAM_MIP_Strategy_Probe=3;CPXPARAM_MIP_Strategy_RINSHeur=0;CPXPARAM_MIP_Strategy_StartAlgorithm=0;CPXPARAM_MIP_Strategy_SubAlgorithm=1;CPXPARAM_MIP_Strategy_VariableSelect=0;CPXPARAM_Network_NetFind=2;CPXPARAM_Network_Pricing=0;CPXPARAM_Parallel=1;CPXPARAM_Preprocessing_Aggregator=-1;CPXPARAM_Preprocessing_BoundStrength=-1;CPXPARAM_Preprocessing_CoeffReduce=-1;CPXPARAM_Preprocessing_Dependency=-1;CPXPARAM_Preprocessing_Dual=0;CPXPARAM_Preprocessing_Fill=10;CPXPARAM_Preprocessing_NumPass=-1;CPXPARAM_Preprocessing_Presolve=1;CPXPARAM_Preprocessing_QPMakePSD=1;CPXPARAM_Preprocessing_Reduce=3;CPXPARAM_Preprocessing_Relax=-1;CPXPARAM_Preprocessing_RepeatPresolve=-1;CPXPARAM_Preprocessing_Symmetry=-1;CPXPARAM_Read_Scale=0;CPXPARAM_Sifting_Algorithm=0;CPXPARAM_Simplex_Crash=1;CPXPARAM_Simplex_DGradient=0;CPXPARAM_Simplex_Limits_Perturbation=0;CPXPARAM_Simplex_Limits_Singularity=10;CPXPARAM_Simplex_PGradient=0;CPXPARAM_Simplex_Pricing=0;CPXPARAM_Simplex_Refactor=0
16694431306671434458,0,CPXPARAM_Advance=1;CPXPARAM_Barrier_Algorithm=0;CPXPARAM_Barrier_ColNonzeros=0;CPXPARAM_Barrier_Crossover=0;CPXPARAM_Barrier_Limits_Corrections=-1;CPXPARAM_Barrier_Ordering=0;CPXPARAM_Barrier_StartAlg=1;CPXPARAM_Emphasis_MIP=1;CPXPARAM_Emphasis_Memory=0;CPXPARAM_Emphasis_Numerical=0;CPXPARAM_Feasopt_Mode=0;CPXPARAM_LPMethod=0;CPXPARAM_MIP_Cuts_Cliques=0;CPXPARAM_MIP_Cuts_Covers=0;CPXPARAM_MIP_Cuts_Disjunctive=2;CPXPARAM_MIP_Cuts_FlowCovers=1;CPXPARAM_MIP_Cuts_GUBCovers=2;CPXPARAM_MIP_Cuts_Gomory=2;CPXPARAM_MIP_Cuts_Implied=1;CPXPARAM_MIP_Cuts_MIRCut=-1;CPXPARAM_MIP_Cuts_PathCut=2;CPXPARAM_MIP_Limits_AggForCut=3;CPXPARAM_MIP_Limits_CutPasses=0;CPXPARAM_MIP_Limits_CutsFactor=-1;CPXPARAM_MIP_Limits_GomoryCand=800;CPXPARAM_MIP_Limits_GomoryPass=0;CPXPARAM_MIP_Limits_Nodes=9223372036800000000;CPXPARAM_MIP_Limits_ProbeTime=1e+75;CPXPARAM_MIP_Limits_RepairTries=0;CPXPARAM_MIP_Limits_StrongCand=10;CPXPARAM_MIP_Limits_StrongIt=0;CPXPARAM_MIP_OrderType=0;CPXPARAM_MIP_Strategy_BBInterval=7;CPXPARAM_MIP_Strategy_Branch=0;CPXPARAM_MIP_Strategy_Dive=0;CPXPARAM_MIP_Strategy_File=1;CPXPARAM_MIP_Strategy_HeuristicFreq=0;CPXPARAM_MIP_Strategy_LBHeur=0;CPXPARAM_MIP_Strategy_NodeSelect=1;CPXPARAM_MIP_Strategy_Order=1;CPXPARAM_MIP_Strategy_PresolveNode=0;CPXPARAM_MIP_Strategy_Probe=3;CPXPARAM_MIP_Strategy_RINSHeur=0;CPXPARAM_MIP_Strategy_StartAlgorithm=6;CPXPARAM_MIP_Strategy_SubAlgorithm=0;CPXPARAM_MIP_Strategy_VariableSelect=0;CPXPARAM_Network_NetFind=2;CPXPARAM_Network_Pricing=0;CPXPARAM_Parallel=1;CPXPARAM_Preprocessing_Aggregator=-1;CPXPARAM_Preprocessing_BoundStrength=-1;CPXPARAM_Preprocessing_CoeffReduce=-1;CPXPARAM_Preprocessing_Dependency=-1;CPXPARAM_Preprocessing_Dual=0;CPXPARAM_Preprocessing_Fill=10;CPXPARAM_Preprocessing_NumPass=-1;CPXPARAM_Preprocessing_Presolve=1;CPXPARAM_Preprocessing_QPMakePSD=1;CPXPARAM_Preprocessing_Reduce=3;CPXPARAM_Preprocessing_Relax=-1;CPXPARAM_Preprocessing_RepeatPresolve=-1;CPXPARAM_Preprocessing_Symmetry=-1;CPXPARAM_Read_Scale=0;CPXPARAM_Sifting_Algorithm=0;CPXPARAM_Simplex_Crash=1;CPXPARAM_Simplex_DGradient=0;CPXPARAM_Simplex_Limits_Perturbation=0;CPXPARAM_Simplex_Limits_Singularity=10;CPXPARAM_Simplex_PGradient=0;CPXPARAM_Simplex_Pricing=0;CPXPARAM_Simplex_Refactor=0
18441412985718889472,0,CPXPARAM_Advance=1;CPXPARAM_Barrier_Algorithm=0;CPXPARAM_Barrier_ColNonzeros=0;CPXPARAM_Barrier_Crossover=0;CPXPARAM_Barrier_Limits_Corrections=-1;CPXPARAM_Barrier_Ordering=0;CPXPARAM_Barrier_StartAlg=1;CPXPARAM_Emphasis_MIP=1;CPXPARAM_Emphasis_Memory=0;CPXPARAM_Emphasis_Numerical=0;CPXPARAM_Feasopt_Mode=0;CPXPARAM_LPMethod=0;CPXPARAM_MIP_Cuts_Cliques=0;CPXPARAM_MIP_Cuts_Covers=0;CPXPARAM_MIP_Cuts_Disjunctive=2;CPXPARAM_MIP_Cuts_FlowCovers=1;CPXPARAM_MIP_Cuts_GUBCovers=2;CPXPARAM_MIP_Cuts_Gomory=2;CPXPARAM_MIP_Cuts_Implied=1;CPXPARAM_MIP_Cuts_MIRCut=-1;CPXPARAM_MIP_Cuts_PathCut=2;CPXPARAM_MIP_Limits_AggForCut=3;CPXPARAM_MIP_Limits_CutPasses=0;CPXPARAM_MIP_Limits_CutsFactor=-1;CPXPARAM_MIP_Limits_GomoryCand=800;CPXPARAM_MIP_Limits_GomoryPass=0;CPXPARAM_MIP_Limits_Nodes=9223372036800000000;CPXPARAM_MIP_Limits_ProbeTime=1e+75;CPXPARAM_MIP_Limits_RepairTries=0;CPXPARAM_MIP_Limits_StrongCand=10;CPXPARAM_MIP_Limits_StrongIt=0;CPXPARAM_MIP_OrderType=0;CPXPARAM_MIP_Strategy_BBInterval=7;CPXPARAM_MIP_Strategy_Branch=0;CPXPARAM_MIP_Strategy_Dive=0;CPXPARAM_MIP_Strategy_File=1;CPXPARAM_MIP_Strategy_HeuristicFreq=0;CPXPARAM_MIP_Strategy_LBHeur=0;CPXPARAM_MIP_Strategy_NodeSelect=1;CPXPARAM_MIP_Strategy_Order=1;CPXPARAM_MIP_Strategy_PresolveNode=0;CPXPARAM_MIP_Strategy_Probe=3;CPXPARAM_MIP_Strategy_RINSHeur=0;CPXPARAM_MIP_Strategy_StartAlgorithm=0;CPXPARAM_MIP_Strategy_SubAlgorithm=0;CPXPARAM_MIP_Strategy_VariableSelect=0;CPXPARAM_Network_NetFind=2;CPXPARAM_Network_Pricing=0;CPXPARAM_Parallel=1;CPXPARAM_Preprocessing_Aggregator=-1;CPXPARAM_Preprocessing_BoundStrength=-1;CPXPARAM_Preprocessing_CoeffReduce=-1;CPXPARAM_Preprocessing_Dependency=-1;CPXPARAM_Preprocessing_Dual=0;CPXPARAM_Preprocessing_Fill=10;CPXPARAM_Preprocessing_NumPass=-1;CPXPARAM_Preprocessing_Presolve=1;CPXPARAM_Preprocessing_QPMakePSD=1;CPXPARAM_Preprocessing_Reduce=3;CPXPARAM_Preprocessing_Relax=-1;CPXPARAM_Preprocessing_RepeatPresolve=-1;CPXPARAM_Preprocessing_Symmetry=4;CPXPARAM_Read_Scale=0;CPXPARAM_Sifting_Algorithm=0;CPXPARAM_Simplex_Crash=1;CPXPARAM_Simplex_DGradient=0;CPXPARAM_Simplex_Limits_Perturbation=0;CPXPARAM_Simplex_Limits_Singularity=10;CPXPARAM_Simplex_PGradient=0;CPXPARAM_Simplex_Pricing=0;CPXPARAM_Simplex_Refactor=0
14339928900847042630,0,CPXPARAM_Advance=1;CPXPARAM_Barrier_Algorithm=0;CPXPARAM_Barrier_ColNonzeros=0;CPXPARAM_Barrier_Crossover=0;CPXPARAM_Barrier_Limits_Corrections=-1;CPXPARAM_Barrier_Ordering=0;CPXPARAM_Barrier_StartAlg=1;CPXPARAM_Emphasis_MIP=1;CPXPARAM_Emphasis_Memory=0;CPXPARAM_Emphasis_Numerical=0;CPXPARAM_Feasopt_Mode=0;CPXPARAM_LPMethod=0;CPXPARAM_MIP_Cuts_Cliques=0;CPXPARAM_MIP_Cuts_Covers=0;CPXPARAM_MIP_Cuts_Disjunctive=2;CPXPARAM_MIP_Cuts_FlowCovers=1;CPXPARAM_MIP_Cuts_GUBCovers=2;CPXPARAM_MIP_Cuts_Gomory=2;CPXPARAM_MIP_Cuts_Implied=1;CPXPARAM_MIP_Cuts_MIRCut=-1;CPXPARAM_MIP_Cuts_PathCut=2;CPXPARAM_MIP_Limits_AggForCut=3;CPXPARAM_MIP_Limits_CutPasses=0;CPXPARAM_MIP_Limits_CutsFactor=-1;CPXPARAM_MIP_Limits_GomoryCand=800;CPXPARAM_MIP_Limits_GomoryPass=0;CPXPARAM_MIP_Limits_Nodes=9223372036800000000;CPXPARAM_MIP_Limits_ProbeTime=1e+75;CPXPARAM_MIP_Limits_RepairTries=0;CPXPARAM_MIP_Limits_StrongCand=10;CPXPARAM_MIP_Limits_StrongIt=0;CPXPARAM_MIP_OrderType=0;CPXPARAM_MIP_Strategy_BBInterval=7;CPXPARAM_MIP_Strategy_Branch=0;CPXPARAM_MIP_Strategy_Dive=1;CPXPARAM_MIP_Strategy_File=1;CPXPARAM_MIP_Strategy_HeuristicFreq=0;CPXPARAM_MIP_Strategy_LBHeur=0;CPXPARAM_MIP_Strategy_NodeSelect=1;CPXPARAM_MIP_Strategy_Order=1;CPXPARAM_MIP_Strategy_PresolveNode=0;CPXPARAM_MIP_Strategy_Probe=3;CPXPARAM_MIP_Strategy_RINSHeur=0;CPXPARAM_MIP_Strategy_StartAlgorithm=0;CPXPARAM_MIP_Strategy_SubAlgorithm=0;CPXPARAM_MIP_Strategy_VariableSelect=0;CPXPARAM_Network_NetFind=2;CPXPARAM_Network_Pricing=0;CPXPARAM_Parallel=1;CPXPARAM_Preprocessing_Aggregator=-1;CPXPARAM_Preprocessing_BoundStrength=-1;CPXPARAM_Preprocessing_CoeffReduce=-1;CPXPARAM_Preprocessing_Dependency=-1;CPXPARAM_Preprocessing_Dual=0;CPXPARAM_Preprocessing_Fill=10;CPXPARAM_Preprocessing_NumPass=-1;CPXPARAM_Preprocessing_Presolve=1;CPXPARAM_Preprocessing_QPMakePSD=1;CPXPARAM_Preprocessing_Reduce=3;CPXPARAM_Preprocessing_Relax=-1;CPXPARAM_Preprocessing_RepeatPresolve=-1;CPXPARAM_Preprocessing_Symmetry=-1;CPXPARAM_Read_Scale=0;CPXPARAM_Sifting_Algorithm=0;CPXPARAM_Simplex_Crash=1;CPXPARAM_Simplex_DGradient=0;CPXPARAM_Simplex_Limits_Perturbation=0;CPXPARAM_Simplex_Limits_Singularity=10;CPXPARAM_Simplex_PGradient=0;CPXPARAM_Simplex_Pricing=0;CPXPARAM_Simplex_Refactor=0
8200782334862334174,0,CPXPARAM_Advance=1;CPXPARAM_Barrier_Algorithm=0;CPXPARAM_Barrier_ColNonzeros=0;CPXPARAM_Barrier_Crossover=0;CPXPARAM_Barrier_Limits_Corrections=-1;CPXPARAM_Barrier_Ordering=0;CPXPARAM_Barrier_StartAlg=1;CPXPARAM_Emphasis_MIP=1;CPXPARAM_Emphasis_Memory=0;CPXPARAM_Emphasis_Numerical=0;CPXPARAM_Feasopt_Mode=0;CPXPARAM_LPMethod=0;CPXPARAM_MIP_Cuts_Cliques=0;CPXPARAM_MIP_Cuts_Covers=0;CPXPARAM_MIP_Cuts_Disjunctive=2;CPXPARAM_MIP_Cuts_FlowCovers=1;CPXPARAM_MIP_Cuts_GUBCovers=2;CPXPARAM_MIP_Cuts_Gomory=2;CPXPARAM_MIP_Cuts_Implied=1;CPXPARAM_MIP_Cuts_MIRCut=-1;CPXPARAM_MIP_Cuts_PathCut=2;CPXPARAM_MIP_Limits_AggForCut=3;CPXPARAM_MIP_Limits_CutPasses=0;CPXPARAM_MIP_Limits_CutsFactor=-1;CPXPARAM_MIP_Limits_GomoryCand=800;CPXPARAM_MIP_Limits_GomoryPass=0;CPXPARAM_MIP_Limits_Nodes=9223372036800000000;CPXPARAM_MIP_Limits_ProbeTime=1e+75;CPXPARAM_MIP_Limits_RepairTries=0;CPXPARAM_MIP_Limits_StrongCand=10;CPXPARAM_MIP_Limits_StrongIt=0;CPXPARAM_MIP_OrderType=0;CPXPARAM_MIP_Strategy_BBInterval=7;CPXPARAM_MIP_Strategy_Branch=0;CPXPARAM_MIP_Strategy_Dive=0;CPXPARAM_MIP_Strategy_File=1;CPXPARAM_MIP_Strategy_HeuristicFreq=0;CPXPARAM_MIP_Strategy_LBHeur=0;CPXPARAM_MIP_Strategy_NodeSelect=1;CPXPARAM_MIP_Strategy_Order=1;CPXPARAM_MIP_Strategy_PresolveNode=0;CPXPARAM_MIP_Strategy_Probe=3;CPXPARAM_MIP_Strategy_RINSHeur=0;CPXPARAM_MIP_Strategy_StartAlgorithm=5;CPXPARAM_MIP_Strategy_SubAlgorithm=0;CPXPARAM_MIP_Strategy_VariableSelect=0;CPXPARAM_Network_NetFind=2;CPXPARAM_Network_Pricing=0;CPXPARAM_Parallel=1;CPXPARAM_Preprocessing_Aggregator=-1;CPXPARAM_Preprocessing_BoundStrength=-1;CPXPARAM_Preprocessing_CoeffReduce=-1;CPXPARAM_Preprocessing_Dependency=-1;CPXPARAM_Preprocessing_Dual=0;CPXPARAM_Preprocessing_Fill=10;CPXPARAM_Preprocessing_NumPass=-1;CPXPARAM_Preprocessing_Presolve=1;CPXPARAM_Preprocessing_QPMakePSD=1;CPXPARAM_Preprocessing_Reduce=3;CPXPARAM_Preprocessing_Relax=-1;CPXPARAM_Preprocessing_RepeatPresolve=-1;CPXPARAM_Preprocessing_Symmetry=-1;CPXPARAM_Read_Scale=0;CPXPARAM_Sifting_Algorithm=0;CPXPARAM_Simplex_Crash=1;CPXPARAM_Simplex_DGradient=0;CPXPARAM_Simplex_Limits_Perturbation=0;CPXPARAM_Simplex_Limits_Singularity=10;CPXPARAM_Simplex_PGradient=0;CPXPARAM_Simplex_Pricing=0;CPXPARAM_Simplex_Refactor=0
16261402058283872028,0,CPXPARAM_Advance=1;CPXPARAM_Barrier_Algorithm=0;CPXPARAM_Barrier_ColNonzeros=0;CPXPARAM_Barrier_Crossover=0;CPXPARAM_Barrier_Limits_Corrections=-1;CPXPARAM_Barrier_Ordering=0;CPXPARAM_Barrier_StartAlg=2;CPXPARAM_Emphasis_MIP=1;CPXPARAM_Emphasis_Memory=0;CPXPARAM_Emphasis_Numerical=0;CPXPARAM_Feasopt_Mode=0;CPXPARAM_LPMethod=0;CPXPARAM_MIP_Cuts_Cliques=0;CPXPARAM_MIP_Cuts_Covers=0;CPXPARAM_MIP_Cuts_Disjunctive=2;CPXPARAM_MIP_Cuts_FlowCovers=1;CPXPARAM_MIP_Cuts_GUBCovers=2;CPXPARAM_MIP_Cuts_Gomory=2;CPXPARAM_MIP_Cuts_Implied=1;CPXPARAM_MIP_Cuts_MIRCut=-1;CPXPARAM_MIP_Cuts_PathCut=2;CPXPARAM_MIP_Limits_AggForCut=3;CPXPARAM_MIP_Limits_CutPasses=0;CPXPARAM_MIP_Limits_CutsFactor=-1;CPXPARAM_MIP_Limits_GomoryCand=800;CPXPARAM_MIP_Limits_GomoryPass=0;CPXPARAM_MIP_Limits_Nodes=9223372036800000000;CPXPARAM_MIP_Limits_ProbeTime=0;CPXPARAM_MIP_Limits_RepairTries=0;CPXPARAM_MIP_Limits_StrongCand=10;CPXPARAM_MIP_Limits_StrongIt=0;CPXPARAM_MIP_OrderType=0;CPXPARAM_MIP_Strategy_BBInterval=7;CPXPARAM_MIP_Strategy_Branch=0;CPXPARAM_MIP_Strategy_Dive=0;CPXPARAM_MIP_Strategy_File=1;CPXPARAM_MIP_Strategy_HeuristicFreq=0;CPXPARAM_MIP_Strategy_LBHeur=0;CPXPARAM_MIP_Strategy_NodeSelect=1;CPXPARAM_MIP_Strategy_Order=1;CPXPARAM_MIP_Strategy_PresolveNode=0;CPXPARAM_MIP_Strategy_Probe=3;CPXPARAM_MIP_Strategy_RINSHeur=0;CPXPARAM_MIP_Strategy_StartAlgorithm=5;CPXPARAM_MIP_Strategy_SubAlgorithm=0;CPXPARAM_MIP_Strategy_VariableSelect=0;CPXPARAM_Network_NetFind=2;CPXPARAM_Network_Pricing=0;CPXPARAM_Parallel=1;CPXPARAM_Preprocessing_Aggregator=-1;CPXPARAM_Preprocessing_BoundStrength=-1;CPXPARAM_Preprocessing_CoeffReduce=-1;CPXPARAM_Preprocessing_Dependency=-1;CPXPARAM_Preprocessing_Dual=0;CPXPARAM_Preprocessing_Fill=10;CPXPARAM_Preprocessing_NumPass=-1;CPXPARAM_Preprocessing_Presolve=1;CPXPARAM_Preprocessing_QPMakePSD=1;CPXPARAM_Preprocessing_Reduce=3;CPXPARAM_Preprocessing_Relax=-1;CPXPARAM_Preprocessing_RepeatPresolve=-1;CPXPARAM_Preprocessing_Symmetry=4;CPXPARAM_Read_Scale=0;CPXPARAM_Sifting_Algorithm=0;CPXPARAM_Simplex_Crash=1;CPXPARAM_Simplex_DGradient=2;CPXPARAM_Simplex_Limits_Perturbation=0;CPXPARAM_Simplex_Limits_Singularity=40;CPXPARAM_Simplex_PGradient=0;CPXPARAM_Simplex_Pricing=0;CPXPARAM_Simplex_Refactor=0
14309935761547850726,0,CPXPARAM_Advance=1;CPXPARAM_Barrier_Algorithm=0;CPXPARAM_Barrier_ColNonzeros=0;CPXPARAM_Barrier_Crossover=0;CPXPARAM_Barrier_Limits_Corrections=-1;CPXPARAM_Barrier_Ordering=0;CPXPARAM_Barrier_StartAlg=2;CPXPARAM_Emphasis_MIP=1;CPXPARAM_Emphasis_Memory=0;CPXPARAM_Emphasis_Numerical=0;CPXPARAM_Feasopt_Mode=0;CPXPARAM_LPMethod=1;CPXPARAM_MIP_Cuts_Cliques=0;CPXPARAM_MIP_Cuts_Covers=0;CPXPARAM_MIP_Cuts_Disjunctive=2;CPXPARAM_MIP_Cuts_FlowCovers=1;CPXPARAM_MIP_Cuts_GUBCovers=2;CPXPARAM_MIP_Cuts_Gomory=2;CPXPARAM_MIP_Cuts_Implied=1;CPXPARAM_MIP_Cuts_MIRCut=-1;CPXPARAM_MIP_Cuts_PathCut=2;CPXPARAM_MIP_Limits_AggForCut=3;CPXPARAM_MIP_Limits_CutPasses=0;CPXPARAM_MIP_Limits_CutsFactor=-1;CPXPARAM_MIP_Limits_GomoryCand=800;CPXPARAM_MIP_Limits_GomoryPass=0;CPXPARAM_MIP_Limits_Nodes=9223372036800000000;CPXPARAM_MIP_Limits_ProbeTime=0;CPXPARAM_MIP_Limits_RepairTries=0;CPXPARAM_MIP_Limits_StrongCand=10;CPXPARAM_MIP_Limits_StrongIt=0;CPXPARAM_MIP_OrderType=0;CPXPARAM_MIP_Strategy_BBInterval=7;CPXPARAM_MIP_Strategy_Branch=0;CPXPARAM_MIP_Strategy_Dive=0;CPXPARAM_MIP_Strategy_File=1;CPXPARAM_MIP_Strategy_HeuristicFreq=0;CPXPARAM_MIP_Strategy_LBHeur=0;CPXPARAM_MIP_Strategy_NodeSelect=1;CPXPARAM_MIP_Strategy_Order=1;CPXPARAM_MIP_Strategy_PresolveNode=0;CPXPARAM_MIP_Strategy_Probe=3;CPXPARAM_MIP_Strategy_RINSHeur=0;CPXPARAM_MIP_Strategy_StartAlgorithm=5;CPXPARAM_MIP_Strategy_SubAlgorithm=0;CPXPARAM_MIP_Strategy_VariableSelect=0;CPXPARAM_Network_NetFind=2;CPXPARAM_Network_Pricing=0;CPXPARAM_Parallel=1;CPXPARAM_Preprocessing_Aggregator=-1;CPXPARAM_Preprocessing_BoundStrength=-1;CPXPARAM_Preprocessing_CoeffReduce=-1;CPXPARAM_Preprocessing_Dependency=-1;CPXPARAM_Preprocessing_Dual=0;CPXPARAM_Preprocessing_Fill=10;CPXPARAM_Preprocessing_NumPass=-1;CPXPARAM_Preprocessing_Presolve=1;CPXPARAM_Preprocessing_QPMakePSD=1;CPXPARAM_Preprocessing_Reduce=3;CPXPARAM_Preprocessing_Relax=-1;CPXPARAM_Preprocessing_RepeatPresolve=-1;CPXPARAM_Preprocessing_Symmetry=4;CPXPARAM_Read_Scale=0;CPXPARAM_Sifting_Algorithm=0;CPXPARAM_Simplex_Crash=1;CPXPARAM_Simplex_DGradient=2;CPXPARAM_Simplex_Limits_Perturbation=0;CPXPARAM_Simplex_Limits_Singularity=10;CPXPARAM_Simplex_PGradient=0;CPXPARAM_Simplex_Pricing=0;CPXPARAM_Simplex_Refactor=0
14066135714002115196,0,CPXPARAM_Advance=1;CPXPARAM_Barrier_Algorithm=0;CPXPARAM_Barrier_ColNonzeros=0;CPXPARAM_Barrier_Crossover=0;CPXPARAM_Barrier_Limits_Corrections=-1;CPXPARAM_Barrier_Ordering=0;CPXPARAM_Barrier_StartAlg=1;CPXPARAM_Emphasis_MIP=1;CPXPARAM_Emphasis_Memory=0;CPXPARAM_Emphasis_Numerical=0;CPXPARAM_Feasopt_Mode=0;CPXPARAM_LPMethod=0;CPXPARAM_MIP_Cuts_Cliques=-1;CPXPARAM_MIP_Cuts_Covers=0;CPXPARAM_MIP_Cuts_Disjunctive=2;CPXPARAM_MIP_Cuts_FlowCovers=0;CPXPARAM_MIP_Cuts_GUBCovers=0;CPXPARAM_MIP_Cuts_Gomory=-1;CPXPARAM_MIP_Cuts_Implied=1;CPXPARAM_MIP_Cuts_MIRCut=2;CPXPARAM_MIP_Cuts_PathCut=-1;CPXPARAM_MIP_Limits_AggForCut=3;CPXPARAM_MIP_Limits_CutPasses=0;CPXPARAM_MIP_Limits_CutsFactor=-1;CPXPARAM_MIP_Limits_GomoryCand=800;CPXPARAM_MIP_Limits_GomoryPass=0;CPXPARAM_MIP_Limits_Nodes=9223372036800000000;CPXPARAM_MIP_Limits_ProbeTime=40;CPXPARAM_MIP_Limits_RepairTries=0;CPXPARAM_MIP_Limits_StrongCand=10;CPXPARAM_MIP_Limits_StrongIt=0;CPXPARAM_MIP_OrderType=0;CPXPARAM_MIP_Strategy_BBInterval=7;CPXPARAM_MIP_Strategy_Branch=-1;CPXPARAM_MIP_Strategy_Dive=0;CPXPARAM_MIP_Strategy_File=1;CPXPARAM_MIP_Strategy_HeuristicFreq=0;CPXPARAM_MIP_Strategy_LBHeur=0;CPXPARAM_MIP_Strategy_NodeSelect=1;CPXPARAM_MIP_Strategy_Order=1;CPXPARAM_MIP_Strategy_PresolveNode=0;CPXPARAM_MIP_Strategy_Probe=3;CPXPARAM_MIP_Strategy_RINSHeur=0;CPXPARAM_MIP_Strategy_StartAlgorithm=0;CPXPARAM_MIP_Strategy_SubAlgorithm=0;CPXPARAM_MIP_Strategy_VariableSelect=3;CPXPARAM_Network_NetFind=2;CPXPARAM_Network_Pricing=0;CPXPARAM_Parallel=1;CPXPARAM_Preprocessing_Aggregator=-1;CPXPARAM_Preprocessing_BoundStrength=-1;CPXPARAM_Preprocessing_CoeffReduce=-1;CPXPARAM_Preprocessing_Dependency=-1;CPXPARAM_Preprocessing_Dual=0;CPXPARAM_Preprocessing_Fill=10;CPXPARAM_Preprocessing_NumPass=-1;CPXPARAM_Preprocessing_Presolve=1;CPXPARAM_Preprocessing_QPMakePSD=1;CPXPARAM_Preprocessing_Reduce=3;CPXPARAM_Preprocessing_Relax=-1;CPXPARAM_Preprocessing_RepeatPresolve=-1;CPXPARAM_Preprocessing_Symmetry=-1;CPXPARAM_Read_Scale=0;CPXPARAM_Sifting_Algorithm=0;CPXPARAM_Simplex_Crash=1;CPXPARAM_Simplex_DGradient=0;CPXPARAM_Simplex_Limits_Perturbation=0;CPXPARAM_Simplex_Limits_Singularity=10;CPXPARAM_Simplex_PGradient=0;CPXPARAM_Simplex_Pricing=0;CPXPARAM_Simplex_Refactor=0
406438657183827800,0,CPXPARAM_Advance=1;CPXPARAM_Barrier_Algorithm=0;CPXPARAM_Barrier_ColNonzeros=0;CPXPARAM_Barrier_Crossover=0;CPXPARAM_Barrier_Limits_Corrections=-1;CPXPARAM_Barrier_Ordering=0;CPXPARAM_Barrier_StartAlg=1;CPXPARAM_Emphasis_MIP=4;CPXPARAM_Emphasis_Memory=0;CPXPARAM_Emphasis_Numerical=0;CPXPARAM_Feasopt_Mode=0;CPXPARAM_LPMethod=0;CPXPARAM_MIP_Cuts_Cliques=1;CPXPARAM_MIP_Cuts_Covers=0;CPXPARAM_MIP_Cuts_Disjunctive=0;CPXPARAM_MIP_Cuts_FlowCovers=0;CPXPARAM_MIP_Cuts_GUBCovers=0;CPXPARAM_MIP_Cuts_Gomory=0;CPXPARAM_MIP_Cuts_Implied=0;CPXPARAM_MIP_Cuts_MIRCut=0;CPXPARAM_MIP_Cuts_PathCut=0;CPXPARAM_MIP_Limits_AggForCut=3;CPXPARAM_MIP_Limits_CutPasses=0;CPXPARAM_MIP_Limits_CutsFactor=-1;CPXPARAM_MIP_Limits_GomoryCand=200;CPXPARAM_MIP_Limits_GomoryPass=0;CPXPARAM_MIP_Limits_Nodes=9223372036800000000;CPXPARAM_MIP_Limits_ProbeTime=1e+75;CPXPARAM_MIP_Limits_RepairTries=0;CPXPARAM_MIP_Limits_StrongCand=10;CPXPARAM_MIP_Limits_StrongIt=0;CPXPARAM_MIP_OrderType=0;CPXPARAM_MIP_Strategy_BBInterval=7;CPXPARAM_MIP_Strategy_Branch=0;CPXPARAM_MIP_Strategy_Dive=0;CPXPARAM_MIP_Strategy_File=1;CPXPARAM_MIP_Strategy_HeuristicFreq=0;CPXPARAM_MIP_Strategy_LBHeur=0;CPXPARAM_MIP_Strategy_NodeSelect=1;CPXPARAM_MIP_Strategy_Order=1;CPXPARAM_MIP_Strategy_PresolveNode=0;CPXPARAM_MIP_Strategy_Probe=0;CPXPARAM_MIP_Strategy_RINSHeur=0;CPXPARAM_MIP_Strategy_StartAlgorithm=0;CPXPARAM_MIP_Strategy_SubAlgorithm=0;CPXPARAM_MIP_Strategy_VariableSelect=0;CPXPARAM_Network_NetFind=2;CPXPARAM_Network_Pricing=0;CPXPARAM_Parallel=1;CPXPARAM_Preprocessing_Aggregator=-1;CPXPARAM_Preprocessing_BoundStrength=-1;CPXPARAM_Preprocessing_CoeffReduce=-1;CPXPARAM_Preprocessing_Dependency=-1;CPXPARAM_Preprocessing_Dual=0;CPXPARAM_Preprocessing_Fill=10;CPXPARAM_Preprocessing_NumPass=-1;CPXPARAM_Preprocessing_Presolve=1;CPXPARAM_Preprocessing_QPMakePSD=1;CPXPARAM_Preprocessing_Reduce=3;CPXPARAM_Preprocessing_Relax=-1;CPXPARAM_Preprocessing_RepeatPresolve=-1;CPXPARAM_Preprocessing_Symmetry=-1;CPXPARAM_Read_Scale=0;CPXPARAM_Sifting_Algorithm=0;CPXPARAM_Simplex_Crash=1;CPXPARAM_Simplex_DGradient=0;CPXPARAM_Simplex_Limits_Perturbation=0;CPXPARAM_Simplex_Limits_Singularity=10;CPXPARAM_Simplex_PGradient=0;CPXPARAM_Simplex_Pricing=0;CPXPARAM_Simplex_Refactor=0
12193519144145947450,0,CPXPARAM_Advance=1;CPXPARAM_Barrier_Algorithm=0;CPXPARAM_Barrier_ColNonzeros=0;CPXPARAM_Barrier_Crossover=0;CPXPARAM_Barrier_Limits_Corrections=-1;CPXPARAM_Barrier_Ordering=0;CPXPARAM_Barrier_StartAlg=1;CPXPARAM_Emphasis_MIP=1;CPXPARAM_Emphasis_Memory=0;CPXPARAM_Emphasis_Numerical=0;CPXPARAM_Feasopt_Mode=0;CPXPARAM_LPMethod=0;CPXPARAM_MIP_Cuts_Cliques=0;CPXPARAM_MIP_Cuts_Covers=0;CPXPARAM_MIP_Cuts_Disjunctive=2;CPXPARAM_MIP_Cuts_FlowCovers=1;CPXPARAM_MIP_Cuts_GUBCovers=2;CPXPARAM_MIP_Cuts_Gomory=2;CPXPARAM_MIP_Cuts_Implied=1;CPXPARAM_MIP_Cuts_MIRCut=-1;CPXPARAM_MIP_Cuts_PathCut=2;CPXPARAM_MIP_Limits_AggForCut=3;CPXPARAM_MIP_Limits_CutPasses=0;CPXPARAM_MIP_Limits_CutsFactor=-1;CPXPARAM_MIP_Limits_GomoryCand=800;CPXPARAM_MIP_Limits_GomoryPass=0;CPXPARAM_MIP_Limits_Nodes=9223372036800000000;CPXPARAM_MIP_Limits_ProbeTime=0;CPXPARAM_MIP_Limits_RepairTries=0;CPXPARAM_MIP_Limits_StrongCand=10;CPXPARAM_MIP_Limits_StrongIt=0;CPXPARAM_MIP_OrderType=0;CPXPARAM_MIP_Strategy_BBInterval=7;CPXPARAM_MIP_Strategy_Branch=0;CPXPARAM_MIP_Strategy_Dive=0;CPXPARAM_MIP_Strategy_File=1;CPXPARAM_MIP_Strategy_HeuristicFreq=0;CPXPARAM_MIP_Strategy_LBHeur=0;CPXPARAM_MIP_Strategy_NodeSelect=1;CPXPARAM_MIP_Strategy_Order=1;CPXPARAM_MIP_Strategy_PresolveNode=0;CPXPARAM_MIP_Strategy_Probe=3;CPXPARAM_MIP_Strategy_RINSHeur=0;CPXPARAM_MIP_Strategy_StartAlgorithm=5;CPXPARAM_MIP_Strategy_SubAlgorithm=0;CPXPARAM_MIP_Strategy_VariableSelect=0;CPXPARAM_Network_NetFind=2;CPXPARAM_Network_Pricing=0;CPXPARAM_Parallel=1;CPXPARAM_Preprocessing_Aggregator=-1;CPXPARAM_Preprocessing_BoundStrength=-1;CPXPARAM_Preprocessing_CoeffReduce=-1;CPXPARAM_Preprocessing_Dependency=-1;CPXPARAM_Preprocessing_Dual=0;CPXPARAM_Preprocessing_Fill=40;CPXPARAM_Preprocessing_NumPass=-1;CPXPARAM_Preprocessing_Presolve=1;CPXPARAM_Preprocessing_QPMakePSD=1;CPXPARAM_Preprocessing_Reduce=3;CPXPARAM_Preprocessing_Relax=-1;CPXPARAM_Preprocessing_RepeatPresolve=-1;CPXPARAM_Preprocessing_Symmetry=4;CPXPARAM_Read_Scale=0;CPXPARAM_Sifting_Algorithm=0;CPXPARAM_Simplex_Crash=1;CPXPARAM_Simplex_DGradient=0;CPXPARAM_Simplex_Limits_Perturbation=0;CPXPARAM_Simplex_Limits_Singularity=10;CPXPARAM_Simplex_PGradient=0;CPXPARAM_Simplex_Pricing=0;CPXPARAM_Simplex_Refactor=0
15424452864787792614,0,CPXPARAM_Advance=1;CPXPARAM_Barrier_Algorithm=0;CPXPARAM_Barrier_ColNonzeros=0;CPXPARAM_Barrier_Crossover=0;CPXPARAM_Barrier_Limits_Corrections=-1;CPXPARAM_Barrier_Ordering=0;CPXPARAM_Barrier_StartAlg=1;CPXPARAM_Emphasis_MIP=1;CPXPARAM_Emphasis_Memory=0;CPXPARAM_Emphasis_Numerical=0;CPXPARAM_Feasopt_Mode=0;CPXPARAM_LPMethod=0;CPXPARAM_MIP_Cuts_Cliques=0;CPXPARAM_MIP_Cuts_Covers=0;CPXPARAM_MIP_Cuts_Disjunctive=2;CPXPARAM_MIP_Cuts_FlowCovers=1;CPXPARAM_MIP_Cuts_GUBCovers=2;CPXPARAM_MIP_Cuts_Gomory=2;CPXPARAM_MIP_Cuts_Implied=1;CPXPARAM_MIP_Cuts_MIRCut=-1;CPXPARAM_MIP_Cuts_PathCut=2;CPXPARAM_MIP_Limits_AggForCut=3;CPXPARAM_MIP_Limits_CutPasses=0;CPXPARAM_MIP_Limits_CutsFactor=-1;CPXPARAM_MIP_Limits_GomoryCand=800;CPXPARAM_MIP_Limits_GomoryPass=0;CPXPARAM_MIP_Limits_Nodes=9223372036800000000;CPXPARAM_MIP_Limits_ProbeTime=1e+75;CPXPARAM_MIP_Limits_RepairTries=0;CPXPARAM_MIP_Limits_StrongCand=10;CPXPARAM_MIP_Limits_StrongIt=0;CPXPARAM_MIP_OrderType=0;CPXPARAM_MIP_Strategy_BBInterval=7;CPXPARAM_MIP_Strategy_Branch=0;CPXPARAM_MIP_Strategy_Dive=0;CPXPARAM_MIP_Strategy_File=1;CPXPARAM_MIP_Strategy_HeuristicFreq=0;CPXPARAM_MIP_Strategy_LBHeur=0;CPXPARAM_MIP_Strategy_NodeSelect=1;CPXPARAM_MIP_Strategy_Order=1;CPXPARAM_MIP_Strategy_PresolveNode=0;CPXPARAM_MIP_Strategy_Probe=-1;CPXPARAM_MIP_Strategy_RINSHeur=0;CPXPARAM_MIP_Strategy_StartAlgorithm=0;CPXPARAM_MIP_Strategy_SubAlgorithm=0;CPXPARAM_MIP_Strategy_VariableSelect=0;CPXPARAM_Network_NetFind=2;CPXPARAM_Network_Pricing=0;CPXPARAM_Parallel=1;CPXPARAM_Preprocessing_Aggregator=-1;CPXPARAM_Preprocessing_BoundStrength=-1;CPXPARAM_Preprocessing_CoeffReduce=-1;CPXPARAM_Preprocessing_Dependency=-1;CPXPARAM_Preprocessing_Dual=0;CPXPARAM_Preprocessing_Fill=10;CPXPARAM_Preprocessing_NumPass=-1;CPXPARAM_Preprocessing_Presolve=1;CPXPARAM_Preprocessing_QPMakePSD=1;CPXPARAM_Preprocessing_Reduce=3;CPXPARAM_Preprocessing_Relax=-1;CPXPARAM_Preprocessing_RepeatPresolve=-1;CPXPARAM_Preprocessing_Symmetry=-1;CPXPARAM_Read_Scale=0;CPXPARAM_Sifting_Algorithm=0;CPXPARAM_Simplex_Crash=1;CPXPARAM_Simplex_DGradient=0;CPXPARAM_Simplex_Limits_Perturbation=0;CPXPARAM_Simplex_Limits_Singularity=10;CPXPARAM_Simplex_PGradient=0;CPXPARAM_Simplex_Pricing=0;CPXPARAM_Simplex_Refactor=0
9982336114033331079,0,CPXPARAM_Advance=1;CPXPARAM_Barrier_Algorithm=0;CPXPARAM_Barrier_ColNonzeros=0;CPXPARAM_Barrier_Crossover=0;CPXPARAM_Barrier_Limits_Corrections=-1;CPXPARAM_Barrier_Ordering=0;CPXPARAM_Barrier_StartAlg=1;CPXPARAM_Emphasis_MIP=1;CPXPARAM_Emphasis_Memory=0;CPXPARAM_Emphasis_Numerical=0;CPXPARAM_Feasopt_Mode=0;CPXPARAM_LPMethod=0;CPXPARAM_MIP_Cuts_Cliques=0;CPXPARAM_MIP_Cuts_Covers=0;CPXPARAM_MIP_Cuts_Disjunctive=2;CPXPARAM_MIP_Cuts_FlowCovers=1;CPXPARAM_MIP_Cuts_GUBCovers=2;CPXPARAM_MIP_Cuts_Gomory=2;CPXPARAM_MIP_Cuts_Implied=-1;CPXPARAM_MIP_Cuts_MIRCut=-1;CPXPARAM_MIP_Cuts_PathCut=2;CPXPARAM_MIP_Limits_AggForCut=3;CPXPARAM_MIP_Limits_CutPasses=0;CPXPARAM_MIP_Limits_CutsFactor=-1;CPXPARAM_MIP_Limits_GomoryCand=800;CPXPARAM_MIP_Limits_GomoryPass=0;CPXPARAM_MIP_Limits_Nodes=9223372036800000000;CPXPARAM_MIP_Limits_ProbeTime=1e+75;CPXPARAM_MIP_Limits_RepairTries=0;CPXPARAM_MIP_Limits_StrongCand=10;CPXPARAM_MIP_Limits_StrongIt=0;CPXPARAM_MIP_OrderType=0;CPXPARAM_MIP_Strategy_BBInterval=7;CPXPARAM_MIP_Strategy_Branch=0;CPXPARAM_MIP_Strategy_Dive=0;CPXPARAM_MIP_Strategy_File=1;CPXPARAM_MIP_Strategy_HeuristicFreq=0;CPXPARAM_MIP_Strategy_LBHeur=0;CPXPARAM_MIP_Strategy_NodeSelect=1;CPXPARAM_MIP_Strategy_Order=1;CPXPARAM_MIP_Strategy_PresolveNode=0;CPXPARAM_MIP_Strategy_Probe=3;CPXPARAM_MIP_Strategy_RINSHeur=0;CPXPARAM_MIP_Strategy_StartAlgorithm=0;CPXPARAM_MIP_Strategy_SubAlgorithm=0;CPXPARAM_MIP_Strategy_VariableSelect=0;CPXPARAM_Network_NetFind=2;CPXPARAM_Network_Pricing=0;CPXPARAM_Parallel=1;CPXPARAM_Preprocessing_Aggregator=-1;CPXPARAM_Preprocessing_BoundStrength=-1;CPXPARAM_Preprocessing_CoeffReduce=-1;CPXPARAM_Preprocessing_Dependency=-1;CPXPARAM_Preprocessing_Dual=0;CPXPARAM_Preprocessing_Fill=10;CPXPARAM_Preprocessing_NumPass=-1;CPXPARAM_Preprocessing_Presolve=1;CPXPARAM_Preprocessing_QPMakePSD=1;CPXPARAM_Preprocessing_Reduce=3;CPXPARAM_Preprocessing_Relax=-1;CPXPARAM_Preprocessing_RepeatPresolve=-1;CPXPARAM_Preprocessing_Symmetry=-1;CPXPARAM_Read_Scale=0;CPXPARAM_Sifting_Algorithm=0;CPXPARAM_Simplex_Crash=1;CPXPARAM_Simplex_DGradient=0;CPXPARAM_Simplex_Limits_Perturbation=0;CPXPARAM_Simplex_Limits_Singularity=10;CPXPARAM_Simplex_PGradient=0;CPXPARAM_Simplex_Pricing=0;CPXPARAM_Simplex_Refactor=0
13656621287892363078,0,CPXPARAM_Advance=1;CPXPARAM_Barrier_Algorithm=0;CPXPARAM_Barrier_ColNonzeros=0;CPXPARAM_Barrier_Crossover=0;CPXPARAM_Barrier_Limits_Corrections=-1;CPXPARAM_Barrier_Ordering=0;CPXPARAM_Barrier_StartAlg=1;CPXPARAM_Emphasis_MIP=1;CPXPARAM_Emphasis_Memory=0;CPXPARAM_Emphasis_Numerical=0;CPXPARAM_Feasopt_Mode=0;CPXPARAM_LPMethod=0;CPXPARAM_MIP_Cuts_Cliques=2;CPXPARAM_MIP_Cuts_Covers=0;CPXPARAM_MIP_Cuts_Disjunctive=2;CPXPARAM_MIP_Cuts_FlowCovers=1;CPXPARAM_MIP_Cuts_GUBCovers=2;CPXPARAM_MIP_Cuts_Gomory=2;CPXPARAM_MIP_Cuts_Implied=1;CPXPARAM_MIP_Cuts_MIRCut=-1;CPXPARAM_MIP_Cuts_PathCut=2;CPXPARAM_MIP_Limits_AggForCut=3;CPXPARAM_MIP_Limits_CutPasses=0;CPXPARAM_MIP_Limits_CutsFactor=-1;CPXPARAM_MIP_Limits_GomoryCand=800;CPXPARAM_MIP_Limits_GomoryPass=0;CPXPARAM_MIP_Limits_Nodes=9223372036800000000;CPXPARAM_MIP_Limits_ProbeTime=0;CPXPARAM_MIP_Limits_RepairTries=0;CPXPARAM_MIP_Limits_StrongCand=10;CPXPARAM_MIP_Limits_StrongIt=0;CPXPARAM_MIP_OrderType=0;CPXPARAM_MIP_Strategy_BBInterval=7;CPXPARAM_MIP_Strategy_Branch=0;CPXPARAM_MIP_Strategy_Dive=0;CPXPARAM_MIP_Strategy_File=1;CPXPARAM_MIP_Strategy_HeuristicFreq=0;CPXPARAM_MIP_Strategy_LBHeur=0;CPXPARAM_MIP_Strategy_NodeSelect=1;CPXPARAM_MIP_Strategy_Order=1;CPXPARAM_MIP_Strategy_PresolveNode=0;CPXPARAM_MIP_Strategy_Probe=3;CPXPARAM_MIP_Strategy_RINSHeur=0;CPXPARAM_MIP_Strategy_StartAlgorithm=5;CPXPARAM_MIP_Strategy_SubAlgorithm=0;CPXPARAM_MIP_Strategy_VariableSelect=0;CPXPARAM_Network_NetFind=2;CPXPARAM_Network_Pricing=0;CPXPARAM_Parallel=1;CPXPARAM_Preprocessing_Aggregator=-1;CPXPARAM_Preprocessing_BoundStrength=-1;CPXPARAM_Preprocessing_CoeffReduce=-1;CPXPARAM_Preprocessing_Dependency=-1;CPXPARAM_Preprocessing_Dual=0;CPXPARAM_Preprocessing_Fill=10;CPXPARAM_Preprocessing_NumPass=-1;CPXPARAM_Preprocessing_Presolve=1;CPXPARAM_Preprocessing_QPMakePSD=1;CPXPARAM_Preprocessing_Reduce=3;CPXPARAM_Preprocessing_Relax=-1;CPXPARAM_Preprocessing_RepeatPresolve=-1;CPXPARAM_Preprocessing_Symmetry=4;CPXPARAM_Read_Scale=0;CPXPARAM_Sifting_Algorithm=0;CPXPARAM_Simplex_Crash=1;CPXPARAM_Simplex_DGradient=0;CPXPARAM_Simplex_Limits_Perturbation=0;CPXPARAM_Simplex_Limits_Singularity=10;CPXPARAM_Simplex_PGradient=0;CPXPARAM_Simplex_Pricing=0;CPXPARAM_Simplex_Refactor=0
14369217032291973170,0,CPXPARAM_Advance=1;CPXPARAM_Barrier_Algorithm=0;CPXPARAM_Barrier_ColNonzeros=0;CPXPARAM_Barrier_Crossover=0;CPXPARAM_Barrier_Limits_Corrections=-1;CPXPARAM_Barrier_Ordering=0;CPXPARAM_Barrier_StartAlg=1;CPXPARAM_Emphasis_MIP=1;CPXPARAM_Emphasis_Memory=0;CPXPARAM_Emphasis_Numerical=0;CPXPARAM_Feasopt_Mode=0;CPXPARAM_LPMethod=0;CPXPARAM_MIP_Cuts_Cliques=0;CPXPARAM_MIP_Cuts_Covers=0;CPXPARAM_MIP_Cuts_Disjunctive=2;CPXPARAM_MIP_Cuts_FlowCovers=1;CPXPARAM_MIP_Cuts_GUBCovers=2;CPXPARAM_MIP_Cuts_Gomory=2;CPXPARAM_MIP_Cuts_Implied=1;CPXPARAM_MIP_Cuts_MIRCut=-1;CPXPARAM_MIP_Cuts_PathCut=2;CPXPARAM_MIP_Limits_AggForCut=3;CPXPARAM_MIP_Limits_CutPasses=0;CPXPARAM_MIP_Limits_CutsFactor=1;CPXPARAM_MIP_Limits_GomoryCand=800;CPXPARAM_MIP_Limits_GomoryPass=0;CPXPARAM_MIP_Limits_Nodes=9223372036800000000;CPXPARAM_MIP_Limits_ProbeTime=1e+75;CPXPARAM_MIP_Limits_RepairTries=0;CPXPARAM_MIP_Limits_StrongCand=10;CPXPARAM_MIP_Limits_StrongIt=0;CPXPARAM_MIP_OrderType=0;CPXPARAM_MIP_Strategy_BBInterval=7;CPXPARAM_MIP_Strategy_Branch=0;CPXPARAM_MIP_Strategy_Dive=0;CPXPARAM_MIP_Strategy_File=1;CPXPARAM_MIP_Strategy_HeuristicFreq=0;CPXPARAM_MIP_Strategy_LBHeur=0;CPXPARAM_MIP_Strategy_NodeSelect=1;CPXPARAM_MIP_Strategy_Order=1;CPXPARAM_MIP_Strategy_PresolveNode=0;CPXPARAM_MIP_Strategy_Probe=3;CPXPARAM_MIP_Strategy_RINSHeur=0;CPXPARAM_MIP_Strategy_StartAlgorithm=0;CPXPARAM_MIP_Strategy_SubAlgorithm=0;CPXPARAM_MIP_Strategy_VariableSelect=0;CPXPARAM_Network_NetFind=2;CPXPARAM_Network_Pricing=0;CPXPARAM_Parallel=1;CPXPARAM_Preprocessing_Aggregator=-1;CPXPARAM_Preprocessing_BoundStrength=-1;CPXPARAM_Preprocessing_CoeffReduce=-1;CPXPARAM_Preprocessing_Dependency=-1;CPXPARAM_Preprocessing_Dual=0;CPXPARAM_Preprocessing_Fill=10;CPXPARAM_Preprocessing_NumPass=-1;CPXPARAM_Preprocessing_Presolve=1;CPXPARAM_Preprocessing_QPMakePSD=1;CPXPARAM_Preprocessing_Reduce=3;CPXPARAM_Preprocessing_Relax=-1;CPXPARAM_Preprocessing_RepeatPresolve=-1;CPXPARAM_Preprocessing_Symmetry=-1;CPXPARAM_Read_Scale=0;CPXPARAM_Sifting_Algorithm=0;CPXPARAM_Simplex_Crash=1;CPXPARAM_Simplex_DGradient=0;CPXPARAM_Simplex_Limits_Perturbation=0;CPXPARAM_Simplex_Limits_Singularity=10;CPXPARAM_Simplex_PGradient=0;CPXPARAM_Simplex_Pricing=0;CPXPARAM_Simplex_Refactor=0
6316202885106961236,0,CPXPARAM_Advance=1;CPXPARAM_Barrier_Algorithm=3;CPXPARAM_Barrier_ColNonzeros=0;CPXPARAM_Barrier_Crossover=2;CPXPARAM_Barrier_Limits_Corrections=-1;CPXPARAM_Barrier_Ordering=0;CPXPARAM_Barrier_StartAlg=2;CPXPARAM_Emphasis_MIP=5;CPXPARAM_Emphasis_Memory=0;CPXPARAM_Emphasis_Numerical=0;CPXPARAM_Feasopt_Mode=5;CPXPARAM_LPMethod=0;CPXPARAM_MIP_Cuts_Cliques=3;CPXPARAM_MIP_Cuts_Covers=0;CPXPARAM_MIP_Cuts_Disjunctive=3;CPXPARAM_MIP_Cuts_FlowCovers=2;CPXPARAM_MIP_Cuts_GUBCovers=1;CPXPARAM_MIP_Cuts_Gomory=2;CPXPARAM_MIP_Cuts_Implied=2;CPXPARAM_MIP_Cuts_MIRCut=2;CPXPARAM_MIP_Cuts_PathCut=0;CPXPARAM_MIP_Limits_AggForCut=3;CPXPARAM_MIP_Limits_CutPasses=0;CPXPARAM_MIP_Limits_CutsFactor=-1;CPXPARAM_MIP_Limits_GomoryCand=25;CPXPARAM_MIP_Limits_GomoryPass=0;CPXPARAM_MIP_Limits_Nodes=9223372036800000000;CPXPARAM_MIP_Limits_ProbeTime=2;CPXPARAM_MIP_Limits_RepairTries=0;CPXPARAM_MIP_Limits_StrongCand=10;CPXPARAM_MIP_Limits_StrongIt=0;CPXPARAM_MIP_OrderType=0;CPXPARAM_MIP_Strategy_BBInterval=7;CPXPARAM_MIP_Strategy_Branch=0;CPXPARAM_MIP_Strategy_Dive=0;CPXPARAM_MIP_Strategy_File=1;CPXPARAM_MIP_Strategy_HeuristicFreq=0;CPXPARAM_MIP_Strategy_LBHeur=0;CPXPARAM_MIP_Strategy_NodeSelect=1;CPXPARAM_MIP_Strategy_Order=1;CPXPARAM_MIP_Strategy_PresolveNode=0;CPXPARAM_MIP_Strategy_Probe=3;CPXPARAM_MIP_Strategy_RINSHeur=0;CPXPARAM_MIP_Strategy_StartAlgorithm=2;CPXPARAM_MIP_Strategy_SubAlgorithm=3;CPXPARAM_MIP_Strategy_VariableSelect=4;CPXPARAM_Network_NetFind=2;CPXPARAM_Network_Pricing=0;CPXPARAM_Parallel=1;CPXPARAM_Preprocessing_Aggregator=-1;CPXPARAM_Preprocessing_BoundStrength=1;CPXPARAM_Preprocessing_CoeffReduce=-1;CPXPARAM_Preprocessing_Dependency=-1;CPXPARAM_Preprocessing_Dual=0;CPXPARAM_Preprocessing_Fill=10;CPXPARAM_Preprocessing_NumPass=-1;CPXPARAM_Preprocessing_Presolve=1;CPXPARAM_Preprocessing_QPMakePSD=1;CPXPARAM_Preprocessing_Reduce=1;CPXPARAM_Preprocessing_Relax=-1;CPXPARAM_Preprocessing_RepeatPresolve=-1;CPXPARAM_Preprocessing_Symmetry=4;CPXPARAM_Read_Scale=0;CPXPARAM_Sifting_Algorithm=0;CPXPARAM_Simplex_Crash=-1;CPXPARAM_Simplex_DGradient=1;CPXPARAM_Simplex_Limits_Perturbation=0;CPXPARAM_Simplex_Limits_Singularity=10;CPXPARAM_Simplex_PGradient=0;CPXPARAM_Simplex_Pricing=0;CPXPARAM_Simplex_Refactor=0
7428207156657339803,0,CPXPARAM_Advance=1;CPXPARAM_Barrier_Algorithm=0;CPXPARAM_Barrier_ColNonzeros=0;CPXPARAM_Barrier_Crossover=0;CPXPARAM_Barrier_Limits_Corrections=-1;CPXPARAM_Barrier_Ordering=0;CPXPARAM_Barrier_StartAlg=1;CPXPARAM_Emphasis_MIP=1;CPXPARAM_Emphasis_Memory=0;CPXPARAM_Emphasis_Numerical=0;CPXPARAM_Feasopt_Mode=0;CPXPARAM_LPMethod=0;CPXPARAM_MIP_Cuts_Cliques=0;CPXPARAM_MIP_Cuts_Covers=0;CPXPARAM_MIP_Cuts_Disjunctive=2;CPXPARAM_MIP_Cuts_FlowCovers=1;CPXPARAM_MIP_Cuts_GUBCovers=0;CPXPARAM_MIP_Cuts_Gomory=2;CPXPARAM_MIP_Cuts_Implied=1;CPXPARAM_MIP_Cuts_MIRCut=-1;CPXPARAM_MIP_Cuts_PathCut=2;CPXPARAM_MIP_Limits_AggForCut=3;CPXPARAM_MIP_Limits_CutPasses=0;CPXPARAM_MIP_Limits_CutsFactor=-1;CPXPARAM_MIP_Limits_GomoryCand=800;CPXPARAM_MIP_Limits_GomoryPass=0;CPXPARAM_MIP_Limits_Nodes=9223372036800000000;CPXPARAM_MIP_Limits_ProbeTime=1e+75;CPXPARAM_MIP_Limits_RepairTries=0;CPXPARAM_MIP_Limits_StrongCand=10;CPXPARAM_MIP_Limits_StrongIt=0;CPXPARAM_MIP_OrderType=0;CPXPARAM_MIP_Strategy_BBInterval=7;CPXPARAM_MIP_Strategy_Branch=0;CPXPARAM_MIP_Strategy_Dive=0;CPXPARAM_MIP_Strategy_File=1;CPXPARAM_MIP_Strategy_HeuristicFreq=0;CPXPARAM_MIP_Strategy_LBHeur=0;CPXPARAM_MIP_Strategy_NodeSelect=1;CPXPARAM_MIP_Strategy_Order=1;CPXPARAM_MIP_Strategy_PresolveNode=0;CPXPARAM_MIP_Strategy_Probe=3;CPXPARAM_MIP_Strategy_RINSHeur=0;CPXPARAM_MIP_Strategy_StartAlgorithm=0;CPXPARAM_MIP_Strategy_SubAlgorithm=0;CPXPARAM_MIP_Strategy_VariableSelect=0;CPXPARAM_Network_NetFind=2;CPXPARAM_Network_Pricing=0;CPXPARAM_Parallel=1;CPXPARAM_Preprocessing_Aggregator=-1;CPXPARAM_Preprocessing_BoundStrength=-1;CPXPARAM_Preprocessing_CoeffReduce=-1;CPXPARAM_Preprocessing_Dependency=-1;CPXPARAM_Preprocessing_Dual=0;CPXPARAM_Preprocessing_Fill=10;CPXPARAM_Preprocessing_NumPass=-1;CPXPARAM_Preprocessing_Presolve=1;CPXPARAM_Preprocessing_QPMakePSD=1;CPXPARAM_Preprocessing_Reduce=3;CPXPARAM_Preprocessing_Relax=-1;CPXPARAM_Preprocessing_RepeatPresolve=-1;CPXPARAM_Preprocessing_Symmetry=-1;CPXPARAM_Read_Scale=0;CPXPARAM_Sifting_Algorithm=0;CPXPARAM_Simplex_Crash=1;CPXPARAM_Simplex_DGradient=0;CPXPARAM_Simplex_Limits_Perturbation=0;CPXPARAM_Simplex_Limits_Singularity=10;CPXPARAM_Simplex_PGradient=0;CPXPARAM_Simplex_Pricing=0;CPXPARAM_Simplex_Refactor=0
1612622399268491973,0,CPXPARAM_Advance=1;CPXPARAM_Barrier_Algorithm=0;CPXPARAM_Barrier_ColNonzeros=0;CPXPARAM_Barrier_Crossover=0;CPXPARAM_Barrier_Limits_Corrections=-1;CPXPARAM_Barrier_Ordering=0;CPXPARAM_Barrier_StartAlg=1;CPXPARAM_Emphasis_MIP=1;CPXPARAM_Emphasis_Memory=0;CPXPARAM_Emphasis_Numerical=0;CPXPARAM_Feasopt_Mode=0;CPXPARAM_LPMethod=0;CPXPARAM_MIP_Cuts_Cliques=0;CPXPARAM_MIP_Cuts_Covers=0;CPXPARAM_MIP_Cuts_Disjunctive=2;CPXPARAM_MIP_Cuts_FlowCovers=1;CPXPARAM_MIP_Cuts_GUBCovers=2;CPXPARAM_MIP_Cuts_Gomory=2;CPXPARAM_MIP_Cuts_Implied=1;CPXPARAM_MIP_Cuts_MIRCut=-1;CPXPARAM_MIP_Cuts_PathCut=2;CPXPARAM_MIP_Limits_AggForCut=3;CPXPARAM_MIP_Limits_CutPasses=0;CPXPARAM_MIP_Limits_CutsFactor=-1;CPXPARAM_MIP_Limits_GomoryCand=800;CPXPARAM_MIP_Limits_GomoryPass=0;CPXPARAM_MIP_Limits_Nodes=9223372036800000000;CPXPARAM_MIP_Limits_ProbeTime=1e+75;CPXPARAM_MIP_Limits_RepairTries=0;CPXPARAM_MIP_Limits_StrongCand=10;CPXPARAM_MIP_Limits_StrongIt=0;CPXPARAM_MIP_OrderType=0;CPXPARAM_MIP_Strategy_BBInterval=7;CPXPARAM_MIP_Strategy_Branch=0;CPXPARAM_MIP_Strategy_Dive=0;CPXPARAM_MIP_Strategy_File=1;CPXPARAM_MIP_Strategy_HeuristicFreq=0;CPXPARAM_MIP_Strategy_LBHeur=0;CPXPARAM_MIP_Strategy_NodeSelect=1;CPXPARAM_MIP_Strategy_Order=1;CPXPARAM_MIP_Strategy_PresolveNode=2;CPXPARAM_MIP_Strategy_Probe=3;CPXPARAM_MIP_Strategy_RINSHeur=0;CPXPARAM_MIP_Strategy_StartAlgorithm=0;CPXPARAM_MIP_Strategy_SubAlgorithm=0;CPXPARAM_MIP_Strategy_VariableSelect=0;CPXPARAM_Network_NetFind=2;CPXPARAM_Network_Pricing=0;CPXPARAM_Parallel=1;CPXPARAM_Preprocessing_Aggregator=-1;CPXPARAM_Preprocessing_BoundStrength=-1;CPXPARAM_Preprocessing_CoeffReduce=-1;CPXPARAM_Preprocessing_Dependency=-1;CPXPARAM_Preprocessing_Dual=0;CPXPARAM_Preprocessing_Fill=10;CPXPARAM_Preprocessing_NumPass=-1;CPXPARAM_Preprocessing_Presolve=1;CPXPARAM_Preprocessing_QPMakePSD=1;CPXPARAM_Preprocessing_Reduce=3;CPXPARAM_Preprocessing_Relax=-1;CPXPARAM_Preprocessing_RepeatPresolve=-1;CPXPARAM_Preprocessing_Symmetry=-1;CPXPARAM_Read_Scale=0;CPXPARAM_Sifting_Algorithm=0;CPXPARAM_Simplex_Crash=1;CPXPARAM_Simplex_DGradient=0;CPXPARAM_Simplex_Limits_Perturbation=0;CPXPARAM_Simplex_Limits_Singularity=10;CPXPARAM_Simplex_PGradient=0;CPXPARAM_Simplex_Pricing=0;CPXPARAM_Simplex_Refactor=0
8257678574607547516,0,CPXPARAM_Advance=1;CPXPARAM_Barrier_Algorithm=0;CPXPARAM_Barrier_ColNonzeros=0;CPXPARAM_Barrier_Crossover=0;CPXPARAM_Barrier_Limits_Corrections=-1;CPXPARAM_Barrier_Ordering=0;CPXPARAM_Barrier_StartAlg=1;CPXPARAM_Emphasis_MIP=1;CPXPARAM_Emphasis_Memory=0;CPXPARAM_Emphasis_Numerical=0;CPXPARAM_Feasopt_Mode=0;CPXPARAM_LPMethod=0;CPXPARAM_MIP_Cuts_Cliques=0;CPXPARAM_MIP_Cuts_Covers=0;CPXPARAM_MIP_Cuts_Disjunctive=2;CPXPARAM_MIP_Cuts_FlowCovers=1;CPXPARAM_MIP_Cuts_GUBCovers=2;CPXPARAM_MIP_Cuts_Gomory=2;CPXPARAM_MIP_Cuts_Implied=1;CPXPARAM_MIP_Cuts_MIRCut=-1;CPXPARAM_MIP_Cuts_PathCut=2;CPXPARAM_MIP_Limits_AggForCut=3;CPXPARAM_MIP_Limits_CutPasses=0;CPXPARAM_MIP_Limits_CutsFactor=-1;CPXPARAM_MIP_Limits_GomoryCand=800;CPXPARAM_MIP_Limits_GomoryPass=0;CPXPARAM_MIP_Limits_Nodes=9223372036800000000;CPXPARAM_MIP_Limits_ProbeTime=1e+75;CPXPARAM_MIP_Limits_RepairTries=0;CPXPARAM_MIP_Limits_StrongCand=10;CPXPARAM_MIP_Limits_StrongIt=0;CPXPARAM_MIP_OrderType=0;CPXPARAM_MIP_Strategy_BBInterval=7;CPXPARAM_MIP_Strategy_Branch=0;CPXPARAM_MIP_Strategy_Dive=0;CPXPARAM_MIP_Strategy_File=1;CPXPARAM_MIP_Strategy_HeuristicFreq=0;CPXPARAM_MIP_Strategy_LBHeur=0;CPXPARAM_MIP_Strategy_NodeSelect=1;CPXPARAM_MIP_Strategy_Order=1;CPXPARAM_MIP_Strategy_PresolveNode=-1;CPXPARAM_MIP_Strategy_Probe=3;CPXPARAM_MIP_Strategy_RINSHeur=0;CPXPARAM_MIP_Strategy_StartAlgorithm=0;CPXPARAM_MIP_Strategy_SubAlgorithm=0;CPXPARAM_MIP_Strategy_VariableSelect=0;CPXPARAM_Network_NetFind=2;CPXPARAM_Network_Pricing=0;CPXPARAM_Parallel=1;CPXPARAM_Preprocessing_Aggregator=-1;CPXPARAM_Preprocessing_BoundStrength=-1;CPXPARAM_Preprocessing_CoeffReduce=-1;CPXPARAM_Preprocessing_Dependency=-1;CPXPARAM_Preprocessing_Dual=0;CPXPARAM_Preprocessing_Fill=10;CPXPARAM_Preprocessing_NumPass=-1;CPXPARAM_Preprocessing_Presolve=1;CPXPARAM_Preprocessing_QPMakePSD=1;CPXPARAM_Preprocessing_Reduce=3;CPXPARAM_Preprocessing_Relax=-1;CPXPARAM_Preprocessing_RepeatPresolve=-1;CPXPARAM_Preprocessing_Symmetry=-1;CPXPARAM_Read_Scale=0;CPXPARAM_Sifting_Algorithm=0;CPXPARAM_Simplex_Crash=1;CPXPARAM_Simplex_DGradient=0;CPXPARAM_Simplex_Limits_Perturbation=0;CPXPARAM_Simplex_Limits_Singularity=10;CPXPARAM_Simplex_PGradient=0;CPXPARAM_Simplex_Pricing=0;CPXPARAM_Simplex_Refactor=0
13998269596649753496,0,CPXPARAM_Advance=1;CPXPARAM_Barrier_Algorithm=2;CPXPARAM_Barrier_ColNonzeros=0;CPXPARAM_Barrier_Crossover=1;CPXPARAM_Barrier_Limits_Corrections=-1;CPXPARAM_Barrier_Ordering=0;CPXPARAM_Barrier_StartAlg=2;CPXPARAM_Emphasis_MIP=2;CPXPARAM_Emphasis_Memory=0;CPXPARAM_Emphasis_Numerical=0;CPXPARAM_Feasopt_Mode=4;CPXPARAM_LPMethod=0;CPXPARAM_MIP_Cuts_Cliques=3;CPXPARAM_MIP_Cuts_Covers=0;CPXPARAM_MIP_Cuts_Disjunctive=3;CPXPARAM_MIP_Cuts_FlowCovers=0;CPXPARAM_MIP_Cuts_GUBCovers=-1;CPXPARAM_MIP_Cuts_Gomory=2;CPXPARAM_MIP_Cuts_Implied=2;CPXPARAM_MIP_Cuts_MIRCut=-1;CPXPARAM_MIP_Cuts_PathCut=0;CPXPARAM_MIP_Limits_AggForCut=3;CPXPARAM_MIP_Limits_CutPasses=0;CPXPARAM_MIP_Limits_CutsFactor=-1;CPXPARAM_MIP_Limits_GomoryCand=25;CPXPARAM_MIP_Limits_GomoryPass=0;CPXPARAM_MIP_Limits_Nodes=9223372036800000000;CPXPARAM_MIP_Limits_ProbeTime=5;CPXPARAM_MIP_Limits_RepairTries=0;CPXPARAM_MIP_Limits_StrongCand=10;CPXPARAM_MIP_Limits_StrongIt=0;CPXPARAM_MIP_OrderType=0;CPXPARAM_MIP_Strategy_BBInterval=7;CPXPARAM_MIP_Strategy_Branch=1;CPXPARAM_MIP_Strategy_Dive=0;CPXPARAM_MIP_Strategy_File=1;CPXPARAM_MIP_Strategy_HeuristicFreq=0;CPXPARAM_MIP_Strategy_LBHeur=0;CPXPARAM_MIP_Strategy_NodeSelect=1;CPXPARAM_MIP_Strategy_Order=1;CPXPARAM_MIP_Strategy_PresolveNode=0;CPXPARAM_MIP_Strategy_Probe=2;CPXPARAM_MIP_Strategy_RINSHeur=0;CPXPARAM_MIP_Strategy_StartAlgorithm=6;CPXPARAM_MIP_Strategy_SubAlgorithm=5;CPXPARAM_MIP_Strategy_VariableSelect=0;CPXPARAM_Network_NetFind=2;CPXPARAM_Network_Pricing=0;CPXPARAM_Parallel=1;CPXPARAM_Preprocessing_Aggregator=-1;CPXPARAM_Preprocessing_BoundStrength=1;CPXPARAM_Preprocessing_CoeffReduce=-1;CPXPARAM_Preprocessing_Dependency=-1;CPXPARAM_Preprocessing_Dual=0;CPXPARAM_Preprocessing_Fill=10;CPXPARAM_Preprocessing_NumPass=-1;CPXPARAM_Preprocessing_Presolve=1;CPXPARAM_Preprocessing_QPMakePSD=1;CPXPARAM_Preprocessing_Reduce=1;CPXPARAM_Preprocessing_Relax=-1;CPXPARAM_Preprocessing_RepeatPresolve=-1;CPXPARAM_Preprocessing_Symmetry=2;CPXPARAM_Read_Scale=0;CPXPARAM_Sifting_Algorithm=0;CPXPARAM_Simplex_Crash=0;CPXPARAM_Simplex_DGradient=5;CPXPARAM_Simplex_Limits_Perturbation=0;CPXPARAM_Simplex_Limits_Singularity=10;CPXPARAM_Simplex_PGradient=0;CPXPARAM_Simplex_Pricing=0;CPXPARAM_Simplex_Refactor=0
9330414184739875242,0,CPXPARAM_Advance=1;CPXPARAM_Barrier_Algorithm=0;CPXPARAM_Barrier_ColNonzeros=0;CPXPARAM_Barrier_Crossover=0;CPXPARAM_Barrier_Limits_Corrections=-1;CPXPARAM_Barrier_Ordering=0;CPXPARAM_Barrier_StartAlg=2;CPXPARAM_Emphasis_MIP=1;CPXPARAM_Emphasis_Memory=0;CPXPARAM_Emphasis_Numerical=0;CPXPARAM_Feasopt_Mode=0;CPXPARAM_LPMethod=0;CPXPARAM_MIP_Cuts_Cliques=0;CPXPARAM_MIP_Cuts_Covers=0;CPXPARAM_MIP_Cuts_Disjunctive=2;CPXPARAM_MIP_Cuts_FlowCovers=1;CPXPARAM_MIP_Cuts_GUBCovers=2;CPXPARAM_MIP_Cuts_Gomory=2;CPXPARAM_MIP_Cuts_Implied=1;CPXPARAM_MIP_Cuts_MIRCut=-1;CPXPARAM_MIP_Cuts_PathCut=2;CPXPARAM_MIP_Limits_AggForCut=3;CPXPARAM_MIP_Limits_CutPasses=0;CPXPARAM_MIP_Limits_CutsFactor=-1;CPXPARAM_MIP_Limits_GomoryCand=800;CPXPARAM_MIP_Limits_GomoryPass=0;CPXPARAM_MIP_Limits_Nodes=9223372036800000000;CPXPARAM_MIP_Limits_ProbeTime=0;CPXPARAM_MIP_Limits_RepairTries=0;CPXPARAM_MIP_Limits_StrongCand=10;CPXPARAM_MIP_Limits_StrongIt=0;CPXPARAM_MIP_OrderType=0;CPXPARAM_MIP_Strategy_BBInterval=7;CPXPARAM_MIP_Strategy_Branch=0;CPXPARAM_MIP_Strategy_Dive=0;CPXPARAM_MIP_Strategy_File=1;CPXPARAM_MIP_Strategy_HeuristicFreq=0;CPXPARAM_MIP_Strategy_LBHeur=0;CPXPARAM_MIP_Strategy_NodeSelect=1;CPXPARAM_MIP_Strategy_Order=1;CPXPARAM_MIP_Strategy_PresolveNode=0;CPXPARAM_MIP_Strategy_Probe=3;CPXPARAM_MIP_Strategy_RINSHeur=0;CPXPARAM_MIP_Strategy_StartAlgorithm=5;CPXPARAM_MIP_Strategy_SubAlgorithm=0;CPXPARAM_MIP_Strategy_VariableSelect=0;CPXPARAM_Network_NetFind=2;CPXPARAM_Network_Pricing=0;CPXPARAM_Parallel=1;CPXPARAM_Preprocessing_Aggregator=-1;CPXPARAM_Preprocessing_BoundStrength=-1;CPXPARAM_Preprocessing_CoeffReduce=-1;CPXPARAM_Preprocessing_Dependency=-1;CPXPARAM_Preprocessing_Dual=0;CPXPARAM_Preprocessing_Fill=10;CPXPARAM_Preprocessing_NumPass=-1;CPXPARAM_Preprocessing_Presolve=1;CPXPARAM_Preprocessing_QPMakePSD=1;CPXPARAM_Preprocessing_Reduce=3;CPXPARAM_Preprocessing_Relax=-1;CPXPARAM_Preprocessing_RepeatPresolve=-1;CPXPARAM_Preprocessing_Symmetry=4;CPXPARAM_Read_Scale=0;CPXPARAM_Sifting_Algorithm=0;CPXPARAM_Simplex_Crash=1;CPXPARAM_Simplex_DGradient=4;CPXPARAM_Simplex_Limits_Perturbation=0;CPXPARAM_Simplex_Limits_Singularity=10;CPXPARAM_Simplex_PGradient=0;CPXPARAM_Simplex_Pricing=0;CPXPARAM_Simplex_Refactor=0
2763345529878689435,0,CPXPARAM_Advance=1;CPXPARAM_Barrier_Algorithm=0;CPXPARAM_Barrier_ColNonzeros=0;CPXPARAM_Barrier_Crossover=0;CPXPARAM_Barrier_Limits_Corrections=-1;CPXPARAM_Barrier_Ordering=0;CPXPARAM_Barrier_StartAlg=2;CPXPARAM_Emphasis_MIP=1;CPXPARAM_Emphasis_Memory=0;CPXPARAM_Emphasis_Numerical=0;CPXPARAM_Feasopt_Mode=0;CPXPARAM_LPMethod=0;CPXPARAM_MIP_Cuts_Cliques=0;CPXPARAM_MIP_Cuts_Covers=0;CPXPARAM_MIP_Cuts_Disjunctive=2;CPXPARAM_MIP_Cuts_FlowCovers=1;CPXPARAM_MIP_Cuts_GUBCovers=2;CPXPARAM_MIP_Cuts_Gomory=2;CPXPARAM_MIP_Cuts_Implied=1;CPXPARAM_MIP_Cuts_MIRCut=-1;CPXPARAM_MIP_Cuts_PathCut=2;CPXPARAM_MIP_Limits_AggForCut=3;CPXPARAM_MIP_Limits_CutPasses=0;CPXPARAM_MIP_Limits_CutsFactor=-1;CPXPARAM_MIP_Limits_GomoryCand=800;CPXPARAM_MIP_Limits_GomoryPass=0;CPXPARAM_MIP_Limits_Nodes=9223372036800000000;CPXPARAM_MIP_Limits_ProbeTime=0;CPXPARAM_MIP_Limits_RepairTries=0;CPXPARAM_MIP_Limits_StrongCand=10;CPXPARAM_MIP_Limits_StrongIt=0;CPXPARAM_MIP_OrderType=0;CPXPARAM_MIP_Strategy_BBInterval=7;CPXPARAM_MIP_Strategy_Branch=0;CPXPARAM_MIP_Strategy_Dive=0;CPXPARAM_MIP_Strategy_File=1;CPXPARAM_MIP_Strategy_HeuristicFreq=0;CPXPARAM_MIP_Strategy_LBHeur=0;CPXPARAM_MIP_Strategy_NodeSelect=1;CPXPARAM_MIP_Strategy_Order=1;CPXPARAM_MIP_Strategy_PresolveNode=0;CPXPARAM_MIP_Strategy_Probe=3;CPXPARAM_MIP_Strategy_RINSHeur=0;CPXPARAM_MIP_Strategy_StartAlgorithm=5;CPXPARAM_MIP_Strategy_SubAlgorithm=0;CPXPARAM_MIP_Strategy_VariableSelect=0;CPXPARAM_Network_NetFind=2;CPXPARAM_Network_Pricing=0;CPXPARAM_Parallel=1;CPXPARAM_Preprocessing_Aggregator=-1;CPXPARAM_Preprocessing_BoundStrength=-1;CPXPARAM_Preprocessing_CoeffReduce=-1;CPXPARAM_Preprocessing_Dependency=-1;CPXPARAM_Preprocessing_Dual=0;CPXPARAM_Preprocessing_Fill=10;CPXPARAM_Preprocessing_NumPass=-1;CPXPARAM_Preprocessing_Presolve=1;CPXPARAM_Preprocessing_QPMakePSD=1;CPXPARAM_Preprocessing_Reduce=3;CPXPARAM_Preprocessing_Relax=-1;CPXPARAM_Preprocessing_RepeatPresolve=-1;CPXPARAM_Preprocessing_Symmetry=4;CPXPARAM_Read_Scale=0;CPXPARAM_Sifting_Algorithm=1;CPXPARAM_Simplex_Crash=1;CPXPARAM_Simplex_DGradient=2;CPXPARAM_Simplex_Limits_Perturbation=0;CPXPARAM_Simplex_Limits_Singularity=10;CPXPARAM_Simplex_PGradient=0;CPXPARAM_Simplex_Pricing=0;CPXPARAM_Simplex_Refactor=0
8105270670386198536,0,CPXPARAM_Advance=1;CPXPARAM_Barrier_Algorithm=0;CPXPARAM_Barrier_ColNonzeros=0;CPXPARAM_Barrier_Crossover=2;CPXPARAM_Barrier_Limits_Corrections=-1;CPXPARAM_Barrier_Ordering=0;CPXPARAM_Barrier_StartAlg=2;CPXPARAM_Emphasis_MIP=4;CPXPARAM_Emphasis_Memory=0;CPXPARAM_Emphasis_Numerical=0;CPXPARAM_Feasopt_Mode=4;CPXPARAM_LPMethod=0;CPXPARAM_MIP_Cuts_Cliques=0;CPXPARAM_MIP_Cuts_Covers=0;CPXPARAM_MIP_Cuts_Disjunctive=2;CPXPARAM_MIP_Cuts_FlowCovers=1;CPXPARAM_MIP_Cuts_GUBCovers=2;CPXPARAM_MIP_Cuts_Gomory=-1;CPXPARAM_MIP_Cuts_Implied=-1;CPXPARAM_MIP_Cuts_MIRCut=2;CPXPARAM_MIP_Cuts_PathCut=1;CPXPARAM_MIP_Limits_AggForCut=3;CPXPARAM_MIP_Limits_CutPasses=0;CPXPARAM_MIP_Limits_CutsFactor=-1;CPXPARAM_MIP_Limits_GomoryCand=100;CPXPARAM_MIP_Limits_GomoryPass=0;CPXPARAM_MIP_Limits_Nodes=9223372036800000000;CPXPARAM_MIP_Limits_ProbeTime=120;CPXPARAM_MIP_Limits_RepairTries=0;CPXPARAM_MIP_Limits_StrongCand=10;CPXPARAM_MIP_Limits_StrongIt=0;CPXPARAM_MIP_OrderType=0;CPXPARAM_MIP_Strategy_BBInterval=7;CPXPARAM_MIP_Strategy_Branch=-1;CPXPARAM_MIP_Strategy_Dive=0;CPXPARAM_MIP_Strategy_File=1;CPXPARAM_MIP_Strategy_HeuristicFreq=0;CPXPARAM_MIP_Strategy_LBHeur=0;CPXPARAM_MIP_Strategy_NodeSelect=1;CPXPARAM_MIP_Strategy_Order=1;CPXPARAM_MIP_Strategy_PresolveNode=0;CPXPARAM_MIP_Strategy_Probe=0;CPXPARAM_MIP_Strategy_RINSHeur=0;CPXPARAM_MIP_Strategy_StartAlgorithm=6;CPXPARAM_MIP_Strategy_SubAlgorithm=1;CPXPARAM_MIP_Strategy_VariableSelect=-1;CPXPARAM_Network_NetFind=2;CPXPARAM_Network_Pricing=0;CPXPARAM_Parallel=1;CPXPARAM_Preprocessing_Aggregator=-1;CPXPARAM_Preprocessing_BoundStrength=-1;CPXPARAM_Preprocessing_CoeffReduce=-1;CPXPARAM_Preprocessing_Dependency=-1;CPXPARAM_Preprocessing_Dual=0;CPXPARAM_Preprocessing_Fill=10;CPXPARAM_Preprocessing_NumPass=-1;CPXPARAM_Preprocessing_Presolve=1;CPXPARAM_Preprocessing_QPMakePSD=1;CPXPARAM_Preprocessing_Reduce=3;CPXPARAM_Preprocessing_Relax=-1;CPXPARAM_Preprocessing_RepeatPresolve=-1;CPXPARAM_Preprocessing_Symmetry=4;CPXPARAM_Read_Scale=0;CPXPARAM_Sifting_Algorithm=0;CPXPARAM_Simplex_Crash=1;CPXPARAM_Simplex_DGradient=2;CPXPARAM_Simplex_Limits_Perturbation=0;CPXPARAM_Simplex_Limits_Singularity=10;CPXPARAM_Simplex_PGradient=0;CPXPARAM_Simplex_Pricing=0;CPXPARAM_Simplex_Refactor=0
11366557148292212791,0,CPXPARAM_Advance=1;CPXPARAM_Barrier_Algorithm=0;CPXPARAM_Barrier_ColNonzeros=0;CPXPARAM_Barrier_Crossover=0;CPXPARAM_Barrier_Limits_Corrections=-1;CPXPARAM_Barrier_Ordering=0;CPXPARAM_Barrier_StartAlg=1;CPXPARAM_Emphasis_MIP=1;CPXPARAM_Emphasis_Memory=0;CPXPARAM_Emphasis_Numerical=0;CPXPARAM_Feasopt_Mode=0;CPXPARAM_LPMethod=0;CPXPARAM_MIP_Cuts_Cliques=0;CPXPARAM_MIP_Cuts_Covers=0;CPXPARAM_MIP_Cuts_Disjunctive=2;CPXPARAM_MIP_Cuts_FlowCovers=1;CPXPARAM_MIP_Cuts_GUBCovers=2;CPXPARAM_MIP_Cuts_Gomory=2;CPXPARAM_MIP_Cuts_Implied=1;CPXPARAM_MIP_Cuts_MIRCut=-1;CPXPARAM_MIP_Cuts_PathCut=2;CPXPARAM_MIP_Limits_AggForCut=3;CPXPARAM_MIP_Limits_CutPasses=0;CPXPARAM_MIP_Limits_CutsFactor=-1;CPXPARAM_MIP_Limits_GomoryCand=800;CPXPARAM_MIP_Limits_GomoryPass=0;CPXPARAM_MIP_Limits_Nodes=9223372036800000000;CPXPARAM_MIP_Limits_ProbeTime=1e+75;CPXPARAM_MIP_Limits_RepairTries=0;CPXPARAM_MIP_Limits_StrongCand=10;CPXPARAM_MIP_Limits_StrongIt=0;CPXPARAM_MIP_OrderType=0;CPXPARAM_MIP_Strategy_BBInterval=7;CPXPARAM_MIP_Strategy_Branch=0;CPXPARAM_MIP_Strategy_Dive=0;CPXPARAM_MIP_Strategy_File=1;CPXPARAM_MIP_Strategy_HeuristicFreq=0;CPXPARAM_MIP_Strategy_LBHeur=0;CPXPARAM_MIP_Strategy_NodeSelect=1;CPXPARAM_MIP_Strategy_Order=1;CPXPARAM_MIP_Strategy_PresolveNode=0;CPXPARAM_MIP_Strategy_Probe=3;CPXPARAM_MIP_Strategy_RINSHeur=0;CPXPARAM_MIP_Strategy_StartAlgorithm=0;CPXPARAM_MIP_Strategy_SubAlgorithm=0;CPXPARAM_MIP_Strategy_VariableSelect=0;CPXPARAM_Network_NetFind=2;CPXPARAM_Network_Pricing=0;CPXPARAM_Parallel=1;CPXPARAM_Preprocessing_Aggregator=-1;CPXPARAM_Preprocessing_BoundStrength=-1;CPXPARAM_Preprocessing_CoeffReduce=-1;CPXPARAM_Preprocessing_Dependency=-1;CPXPARAM_Preprocessing_Dual=0;CPXPARAM_Preprocessing_Fill=10;CPXPARAM_Preprocessing_NumPass=-1;CPXPARAM_Preprocessing_Presolve=1;CPXPARAM_Preprocessing_QPMakePSD=1;CPXPARAM_Preprocessing_Reduce=3;CPXPARAM_Preprocessing_Relax=-1;CPXPARAM_Preprocessing_RepeatPresolve=-1;CPXPARAM_Preprocessing_Symmetry=2;CPXPARAM_Read_Scale=0;CPXPARAM_Sifting_Algorithm=0;CPXPARAM_Simplex_Crash=1;CPXPARAM_Simplex_DGradient=0;CPXPARAM_Simplex_Limits_Perturbation=0;CPXPARAM_Simplex_Limits_Singularity=10;CPXPARAM_Simplex_PGradient=0;CPXPARAM_Simplex_Pricing=0;CPXPARAM_Simplex_Refactor=0
5936847213316915824,0,CPXPARAM_Advance=1;CPXPARAM_Barrier_Algorithm=0;CPXPARAM_Barrier_ColNonzeros=0;CPXPARAM_Barrier_Crossover=0;CPXPARAM_Barrier_Limits_Corrections=-1;CPXPARAM_Barrier_Ordering=0;CPXPARAM_Barrier_StartAlg=1;CPXPARAM_Emphasis_MIP=1;CPXPARAM_Emphasis_Memory=0;CPXPARAM_Emphasis_Numerical=0;CPXPARAM_Feasopt_Mode=1;CPXPARAM_LPMethod=0;CPXPARAM_MIP_Cuts_Cliques=0;CPXPARAM_MIP_Cuts_Covers=0;CPXPARAM_MIP_Cuts_Disjunctive=2;CPXPARAM_MIP_Cuts_FlowCovers=1;CPXPARAM_MIP_Cuts_GUBCovers=2;CPXPARAM_MIP_Cuts_Gomory=2;CPXPARAM_MIP_Cuts_Implied=1;CPXPARAM_MIP_Cuts_MIRCut=-1;CPXPARAM_MIP_Cuts_PathCut=2;CPXPARAM_MIP_Limits_AggForCut=3;CPXPARAM_MIP_Limits_CutPasses=0;CPXPARAM_MIP_Limits_CutsFactor=-1;CPXPARAM_MIP_Limits_GomoryCand=800;CPXPARAM_MIP_Limits_GomoryPass=0;CPXPARAM_MIP_Limits_Nodes=9223372036800000000;CPXPARAM_MIP_Limits_ProbeTime=0;CPXPARAM_MIP_Limits_RepairTries=0;CPXPARAM_MIP_Limits_StrongCand=10;CPXPARAM_MIP_Limits_StrongIt=0;CPXPARAM_MIP_OrderType=0;CPXPARAM_MIP_Strategy_BBInterval=7;CPXPARAM_MIP_Strategy_Branch=0;CPXPARAM_MIP_Strategy_Dive=0;CPXPARAM_MIP_Strategy_File=1;CPXPARAM_MIP_Strategy_HeuristicFreq=0;CPXPARAM_MIP_Strategy_LBHeur=0;CPXPARAM_MIP_Strategy_NodeSelect=1;CPXPARAM_MIP_Strategy_Order=1;CPXPARAM_MIP_Strategy_PresolveNode=0;CPXPARAM_MIP_Strategy_Probe=3;CPXPARAM_MIP_Strategy_RINSHeur=0;CPXPARAM_MIP_Strategy_StartAlgorithm=5;CPXPARAM_MIP_Strategy_SubAlgorithm=0;CPXPARAM_MIP_Strategy_VariableSelect=0;CPXPARAM_Network_NetFind=2;CPXPARAM_Network_Pricing=0;CPXPARAM_Parallel=1;CPXPARAM_Preprocessing_Aggregator=-1;CPXPARAM_Preprocessing_BoundStrength=-1;CPXPARAM_Preprocessing_CoeffReduce=-1;CPXPARAM_Preprocessing_Dependency=-1;CPXPARAM_Preprocessing_Dual=0;CPXPARAM_Preprocessing_Fill=10;CPXPARAM_Preprocessing_NumPass=-1;CPXPARAM_Preprocessing_Presolve=1;CPXPARAM_Preprocessing_QPMakePSD=1;CPXPARAM_Preprocessing_Reduce=3;CPXPARAM_Preprocessing_Relax=-1;CPXPARAM_Preprocessing_RepeatPresolve=-1;CPXPARAM_Preprocessing_Symmetry=4;CPXPARAM_Read_Scale=0;CPXPARAM_Sifting_Algorithm=0;CPXPARAM_Simplex_Crash=1;CPXPARAM_Simplex_DGradient=0;CPXPARAM_Simplex_Limits_Perturbation=0;CPXPARAM_Simplex_Limits_Singularity=10;CPXPARAM_Simplex_PGradient=0;CPXPARAM_Simplex_Pricing=0;CPXPARAM_Simplex_Refactor=0
8470792870659088217,0,CPXPARAM_Advance=1;CPXPARAM_Barrier_Algorithm=0;CPXPARAM_Barrier_ColNonzeros=0;CPXPARAM_Barrier_Crossover=0;CPXPARAM_Barrier_Limits_Corrections=-1;CPXPARAM_Barrier_Ordering=0;CPXPARAM_Barrier_StartAlg=1;CPXPARAM_Emphasis_MIP=1;CPXPARAM_Emphasis_Memory=0;CPXPARAM_Emphasis_Numerical=0;CPXPARAM_Feasopt_Mode=0;CPXPARAM_LPMethod=0;CPXPARAM_MIP_Cuts_Cliques=3;CPXPARAM_MIP_Cuts_Covers=0;CPXPARAM_MIP_Cuts_Disjunctive=2;CPXPARAM_MIP_Cuts_FlowCovers=0;CPXPARAM_MIP_Cuts_GUBCovers=0;CPXPARAM_MIP_Cuts_Gomory=-1;CPXPARAM_MIP_Cuts_Implied=1;CPXPARAM_MIP_Cuts_MIRCut=2;CPXPARAM_MIP_Cuts_PathCut=-1;CPXPARAM_MIP_Limits_AggForCut=3;CPXPARAM_MIP_Limits_CutPasses=0;CPXPARAM_MIP_Limits_CutsFactor=-1;CPXPARAM_MIP_Limits_GomoryCand=800;CPXPARAM_MIP_Limits_GomoryPass=0;CPXPARAM_MIP_Limits_Nodes=9223372036800000000;CPXPARAM_MIP_Limits_ProbeTime=40;CPXPARAM_MIP_Limits_RepairTries=0;CPXPARAM_MIP_Limits_StrongCand=10;CPXPARAM_MIP_Limits_StrongIt=0;CPXPARAM_MIP_OrderType=0;CPXPARAM_MIP_Strategy_BBInterval=7;CPXPARAM_MIP_Strategy_Branch=-1;CPXPARAM_MIP_Strategy_Dive=0;CPXPARAM_MIP_Strategy_File=1;CPXPARAM_MIP_Strategy_HeuristicFreq=0;CPXPARAM_MIP_Strategy_LBHeur=0;CPXPARAM_MIP_Strategy_NodeSelect=1;CPXPARAM_MIP_Strategy_Order=1;CPXPARAM_MIP_Strategy_PresolveNode=0;CPXPARAM_MIP_Strategy_Probe=0;CPXPARAM_MIP_Strategy_RINSHeur=0;CPXPARAM_MIP_Strategy_StartAlgorithm=0;CPXPARAM_MIP_Strategy_SubAlgorithm=0;CPXPARAM_MIP_Strategy_VariableSelect=3;CPXPARAM_Network_NetFind=2;CPXPARAM_Network_Pricing=0;CPXPARAM_Parallel=1;CPXPARAM_Preprocessing_Aggregator=-1;CPXPARAM_Preprocessing_BoundStrength=-1;CPXPARAM_Preprocessing_CoeffReduce=-1;CPXPARAM_Preprocessing_Dependency=-1;CPXPARAM_Preprocessing_Dual=0;CPXPARAM_Preprocessing_Fill=10;CPXPARAM_Preprocessing_NumPass=-1;CPXPARAM_Preprocessing_Presolve=1;CPXPARAM_Preprocessing_QPMakePSD=1;CPXPARAM_Preprocessing_Reduce=3;CPXPARAM_Preprocessing_Relax=-1;CPXPARAM_Preprocessing_RepeatPresolve=-1;CPXPARAM_Preprocessing_Symmetry=-1;CPXPARAM_Read_Scale=0;CPXPARAM_Sifting_Algorithm=0;CPXPARAM_Simplex_Crash=1;CPXPARAM_Simplex_DGradient=0;CPXPARAM_Simplex_Limits_Perturbation=0;CPXPARAM_Simplex_Limits_Singularity=10;CPXPARAM_Simplex_PGradient=0;CPXPARAM_Simplex_Pricing=0;CPXPARAM_Simplex_Refactor=0
16957666276679199244,0,CPXPARAM_Advance=1;CPXPARAM_Barrier_Algorithm=0;CPXPARAM_Barrier_ColNonzeros=0;CPXPARAM_Barrier_Crossover=0;CPXPARAM_Barrier_Limits_Corrections=-1;CPXPARAM_Barrier_Ordering=0;CPXPARAM_Barrier_StartAlg=1;CPXPARAM_Emphasis_MIP=5;CPXPARAM_Emphasis_Memory=0;CPXPARAM_Emphasis_Numerical=0;CPXPARAM_Feasopt_Mode=0;CPXPARAM_LPMethod=0;CPXPARAM_MIP_Cuts_Cliques=0;CPXPARAM_MIP_Cuts_Covers=0;CPXPARAM_MIP_Cuts_Disjunctive=0;CPXPARAM_MIP_Cuts_FlowCovers=0;CPXPARAM_MIP_Cuts_GUBCovers=0;CPXPARAM_MIP_Cuts_Gomory=0;CPXPARAM_MIP_Cuts_Implied=0;CPXPARAM_MIP_Cuts_MIRCut=0;CPXPARAM_MIP_Cuts_PathCut=0;CPXPARAM_MIP_Limits_AggForCut=3;CPXPARAM_MIP_Limits_CutPasses=0;CPXPARAM_MIP_Limits_CutsFactor=-1;CPXPARAM_MIP_Limits_GomoryCand=200;CPXPARAM_MIP_Limits_GomoryPass=0;CPXPARAM_MIP_Limits_Nodes=9223372036800000000;CPXPARAM_MIP_Limits_ProbeTime=1e+75;CPXPARAM_MIP_Limits_RepairTries=0;CPXPARAM_MIP_Limits_StrongCand=10;CPXPARAM_MIP_Limits_StrongIt=0;CPXPARAM_MIP_OrderType=0;CPXPARAM_MIP_Strategy_BBInterval=7;CPXPARAM_MIP_Strategy_Branch=0;CPXPARAM_MIP_Strategy_Dive=0;CPXPARAM_MIP_Strategy_File=1;CPXPARAM_MIP_Strategy_HeuristicFreq=0;CPXPARAM_MIP_Strategy_LBHeur=0;CPXPARAM_MIP_Strategy_NodeSelect=1;CPXPARAM_MIP_Strategy_Order=1;CPXPARAM_MIP_Strategy_PresolveNode=0;CPXPARAM_MIP_Strategy_Probe=0;CPXPARAM_MIP_Strategy_RINSHeur=0;CPXPARAM_MIP_Strategy_StartAlgorithm=0;CPXPARAM_MIP_Strategy_SubAlgorithm=0;CPXPARAM_MIP_Strategy_VariableSelect=0;CPXPARAM_Network_NetFind=2;CPXPARAM_Network_Pricing=0;CPXPARAM_Parallel=1;CPXPARAM_Preprocessing_Aggregator=-1;CPXPARAM_Preprocessing_BoundStrength=-1;CPXPARAM_Preprocessing_CoeffReduce=-1;CPXPARAM_Preprocessing_Dependency=-1;CPXPARAM_Preprocessing_Dual=0;CPXPARAM_Preprocessing_Fill=10;CPXPARAM_Preprocessing_NumPass=-1;CPXPARAM_Preprocessing_Presolve=1;CPXPARAM_Preprocessing_QPMakePSD=1;CPXPARAM_Preprocessing_Reduce=3;CPXPARAM_Preprocessing_Relax=-1;CPXPARAM_Preprocessing_RepeatPresolve=-1;CPXPARAM_Preprocessing_Symmetry=-1;CPXPARAM_Read_Scale=0;CPXPARAM_Sifting_Algorithm=0;CPXPARAM_Simplex_Crash=1;CPXPARAM_Simplex_DGradient=0;CPXPARAM_Simplex_Limits_Perturbation=0;CPXPARAM_Simplex_Limits_Singularity=10;CPXPARAM_Simplex_PGradient=0;CPXPARAM_Simplex_Pricing=0;CPXPARAM_Simplex_Refactor=0
5222852350069444467,0,CPXPARAM_Advance=1;CPXPARAM_Barrier_Algorithm=0;CPXPARAM_Barrier_ColNonzeros=0;CPXPARAM_Barrier_Crossover=0;CPXPARAM_Barrier_Limits_Corrections=-1;CPXPARAM_Barrier_Ordering=0;CPXPARAM_Barrier_StartAlg=1;CPXPARAM_Emphasis_MIP=1;CPXPARAM_Emphasis_Memory=0;CPXPARAM_Emphasis_Numerical=0;CPXPARAM_Feasopt_Mode=0;CPXPARAM_LPMethod=0;CPXPARAM_MIP_Cuts_Cliques=0;CPXPARAM_MIP_Cuts_Covers=0;CPXPARAM_MIP_Cuts_Disjunctive=2;CPXPARAM_MIP_Cuts_FlowCovers=1;CPXPARAM_MIP_Cuts_GUBCovers=2;CPXPARAM_MIP_Cuts_Gomory=2;CPXPARAM_MIP_Cuts_Implied=1;CPXPARAM_MIP_Cuts_MIRCut=-1;CPXPARAM_MIP_Cuts_PathCut=2;CPXPARAM_MIP_Limits_AggForCut=3;CPXPARAM_MIP_Limits_CutPasses=0;CPXPARAM_MIP_Limits_CutsFactor=-1;CPXPARAM_MIP_Limits_GomoryCand=800;CPXPARAM_MIP_Limits_GomoryPass=0;CPXPARAM_MIP_Limits_Nodes=9223372036800000000;CPXPARAM_MIP_Limits_ProbeTime=1e+75;CPXPARAM_MIP_Limits_RepairTries=0;CPXPARAM_MIP_Limits_StrongCand=10;CPXPARAM_MIP_Limits_StrongIt=0;CPXPARAM_MIP_OrderType=0;CPXPARAM_MIP_Strategy_BBInterval=3;CPXPARAM_MIP_Strategy_Branch=0;CPXPARAM_MIP_Strategy_Dive=0;CPXPARAM_MIP_Strategy_File=1;CPXPARAM_MIP_Strategy_HeuristicFreq=0;CPXPARAM_MIP_Strategy_LBHeur=0;CPXPARAM_MIP_Strategy_NodeSelect=1;CPXPARAM_MIP_Strategy_Order=1;CPXPARAM_MIP_Strategy_PresolveNode=0;CPXPARAM_MIP_Strategy_Probe=3;CPXPARAM_MIP_Strategy_RINSHeur=0;CPXPARAM_MIP_Strategy_StartAlgorithm=0;CPXPARAM_MIP_Strategy_SubAlgorithm=0;CPXPARAM_MIP_Strategy_VariableSelect=0;CPXPARAM_Network_NetFind=2;CPXPARAM_Network_Pricing=0;CPXPARAM_Parallel=1;CPXPARAM_Preprocessing_Aggregator=-1;CPXPARAM_Preprocessing_BoundStrength=-1;CPXPARAM_Preprocessing_CoeffReduce=-1;CPXPARAM_Preprocessing_Dependency=-1;CPXPARAM_Preprocessing_Dual=0;CPXPARAM_Preprocessing_Fill=10;CPXPARAM_Preprocessing_NumPass=-1;CPXPARAM_Preprocessing_Presolve=1;CPXPARAM_Preprocessing_QPMakePSD=1;CPXPARAM_Preprocessing_Reduce=3;CPXPARAM_Preprocessing_Relax=-1;CPXPARAM_Preprocessing_RepeatPresolve=-1;CPXPARAM_Preprocessing_Symmetry=-1;CPXPARAM_Read_Scale=0;CPXPARAM_Sifting_Algorithm=0;CPXPARAM_Simplex_Crash=1;CPXPARAM_Simplex_DGradient=0;CPXPARAM_Simplex_Limits_Perturbation=0;CPXPARAM_Simplex_Limits_Singularity=10;CPXPARAM_Simplex_PGradient=0;CPXPARAM_Simplex_Pricing=0;CPXPARAM_Simplex_Refactor=0
2494805758918592364,0,CPXPARAM_Advance=1;CPXPARAM_Barrier_Algorithm=0;CPXPARAM_Barrier_ColNonzeros=0;CPXPARAM_Barrier_Crossover=0;CPXPARAM_Barrier_Limits_Corrections=-1;CPXPARAM_Barrier_Ordering=0;CPXPARAM_Barrier_StartAlg=2;CPXPARAM_Emphasis_MIP=1;CPXPARAM_Emphasis_Memory=0;CPXPARAM_Emphasis_Numerical=0;CPXPARAM_Feasopt_Mode=0;CPXPARAM_LPMethod=0;CPXPARAM_MIP_Cuts_Cliques=0;CPXPARAM_MIP_Cuts_Covers=0;CPXPARAM_MIP_Cuts_Disjunctive=2;CPXPARAM_MIP_Cuts_FlowCovers=1;CPXPARAM_MIP_Cuts_GUBCovers=2;CPXPARAM_MIP_Cuts_Gomory=2;CPXPARAM_MIP_Cuts_Implied=1;CPXPARAM_MIP_Cuts_MIRCut=-1;CPXPARAM_MIP_Cuts_PathCut=2;CPXPARAM_MIP_Limits_AggForCut=3;CPXPARAM_MIP_Limits_CutPasses=0;CPXPARAM_MIP_Limits_CutsFactor=-1;CPXPARAM_MIP_Limits_GomoryCand=800;CPXPARAM_MIP_Limits_GomoryPass=0;CPXPARAM_MIP_Limits_Nodes=9223372036800000000;CPXPARAM_MIP_Limits_ProbeTime=0;CPXPARAM_MIP_Limits_RepairTries=0;CPXPARAM_MIP_Limits_StrongCand=10;CPXPARAM_MIP_Limits_StrongIt=0;CPXPARAM_MIP_OrderType=0;CPXPARAM_MIP_Strategy_BBInterval=7;CPXPARAM_MIP_Strategy_Branch=0;CPXPARAM_MIP_Strategy_Dive=0;CPXPARAM_MIP_Strategy_File=1;CPXPARAM_MIP_Strategy_HeuristicFreq=0;CPXPARAM_MIP_Strategy_LBHeur=0;CPXPARAM_MIP_Strategy_NodeSelect=1;CPXPARAM_MIP_Strategy_Order=1;CPXPARAM_MIP_Strategy_PresolveNode=0;CPXPARAM_MIP_Strategy_Probe=3;CPXPARAM_MIP_Strategy_RINSHeur=0;CPXPARAM_MIP_Strategy_StartAlgorithm=5;CPXPARAM_MIP_Strategy_SubAlgorithm=0;CPXPARAM_MIP_Strategy_VariableSelect=0;CPXPARAM_Network_NetFind=2;CPXPARAM_Network_Pricing=0;CPXPARAM_Parallel=1;CPXPARAM_Preprocessing_Aggregator=-1;CPXPARAM_Preprocessing_BoundStrength=-1;CPXPARAM_Preprocessing_CoeffReduce=-1;CPXPARAM_Preprocessing_Dependency=-1;CPXPARAM_Preprocessing_Dual=0;CPXPARAM_Preprocessing_Fill=10;CPXPARAM_Preprocessing_NumPass=-1;CPXPARAM_Preprocessing_Presolve=1;CPXPARAM_Preprocessing_QPMakePSD=1;CPXPARAM_Preprocessing_Reduce=3;CPXPARAM_Preprocessing_Relax=-1;CPXPARAM_Preprocessing_RepeatPresolve=-1;CPXPARAM_Preprocessing_Symmetry=4;CPXPARAM_Read_Scale=0;CPXPARAM_Sifting_Algorithm=0;CPXPARAM_Simplex_Crash=1;CPXPARAM_Simplex_DGradient=2;CPXPARAM_Simplex_Limits_Perturbation=0;CPXPARAM_Simplex_Limits_Singularity=0;CPXPARAM_Simplex_PGradient=0;CPXPARAM_Simplex_Pricing=0;CPXPARAM_Simplex_Refactor=0
9796539934164605533,0,CPXPARAM_Advance=1;CPXPARAM_Barrier_Algorithm=0;CPXPARAM_Barrier_ColNonzeros=0;CPXPARAM_Barrier_Crossover=0;CPXPARAM_Barrier_Limits_Corrections=-1;CPXPARAM_Barrier_Ordering=0;CPXPARAM_Barrier_StartAlg=1;CPXPARAM_Emphasis_MIP=1;CPXPARAM_Emphasis_Memory=0;CPXPARAM_Emphasis_Numerical=0;CPXPARAM_Feasopt_Mode=0;CPXPARAM_LPMethod=0;CPXPARAM_MIP_Cuts_Cliques=0;CPXPARAM_MIP_Cuts_Covers=0;CPXPARAM_MIP_Cuts_Disjunctive=2;CPXPARAM_MIP_Cuts_FlowCovers=1;CPXPARAM_MIP_Cuts_GUBCovers=2;CPXPARAM_MIP_Cuts_Gomory=2;CPXPARAM_MIP_Cuts_Implied=1;CPXPARAM_MIP_Cuts_MIRCut=-1;CPXPARAM_MIP_Cuts_PathCut=2;CPXPARAM_MIP_Limits_AggForCut=3;CPXPARAM_MIP_Limits_CutPasses=0;CPXPARAM_MIP_Limits_CutsFactor=-1;CPXPARAM_MIP_Limits_GomoryCand=800;CPXPARAM_MIP_Limits_GomoryPass=0;CPXPARAM_MIP_Limits_Nodes=9223372036800000000;CPXPARAM_MIP_Limits_ProbeTime=0;CPXPARAM_MIP_Limits_RepairTries=0;CPXPARAM_MIP_Limits_StrongCand=10;CPXPARAM_MIP_Limits_StrongIt=0;CPXPARAM_MIP_OrderType=0;CPXPARAM_MIP_Strategy_BBInterval=7;CPXPARAM_MIP_Strategy_Branch=0;CPXPARAM_MIP_Strategy_Dive=0;CPXPARAM_MIP_Strategy_File=1;CPXPARAM_MIP_Strategy_HeuristicFreq=0;CPXPARAM_MIP_Strategy_LBHeur=0;CPXPARAM_MIP_Strategy_NodeSelect=1;CPXPARAM_MIP_Strategy_Order=1;CPXPARAM_MIP_Strategy_PresolveNode=0;CPXPARAM_MIP_Strategy_Probe=3;CPXPARAM_MIP_Strategy_RINSHeur=0;CPXPARAM_MIP_Strategy_StartAlgorithm=5;CPXPARAM_MIP_Strategy_SubAlgorithm=2;CPXPARAM_MIP_Strategy_VariableSelect=0;CPXPARAM_Network_NetFind=2;CPXPARAM_Network_Pricing=0;CPXPARAM_Parallel=1;CPXPARAM_Preprocessing_Aggregator=-1;CPXPARAM_Preprocessing_BoundStrength=-1;CPXPARAM_Preprocessing_CoeffReduce=-1;CPXPARAM_Preprocessing_Dependency=-1;CPXPARAM_Preprocessing_Dual=0;CPXPARAM_Preprocessing_Fill=10;CPXPARAM_Preprocessing_NumPass=-1;CPXPARAM_Preprocessing_Presolve=1;CPXPARAM_Preprocessing_QPMakePSD=1;CPXPARAM_Preprocessing_Reduce=3;CPXPARAM_Preprocessing_Relax=-1;CPXPARAM_Preprocessing_RepeatPresolve=-1;CPXPARAM_Preprocessing_Symmetry=4;CPXPARAM_Read_Scale=0;CPXPARAM_Sifting_Algorithm=0;CPXPARAM_Simplex_Crash=1;CPXPARAM_Simplex_DGradient=0;CPXPARAM_Simplex_Limits_Perturbation=0;CPXPARAM_Simplex_Limits_Singularity=10;CPXPARAM_Simplex_PGradient=0;CPXPARAM_Simplex_Pricing=0;CPXPARAM_Simplex_Refactor=0
480776471993824581,0,CPXPARAM_Advance=1;CPXPARAM_Barrier_Algorithm=1;CPXPARAM_Barrier_ColNonzeros=0;CPXPARAM_Barrier_Crossover=0;CPXPARAM_Barrier_Limits_Corrections=-1;CPXPARAM_Barrier_Ordering=0;CPXPARAM_Barrier_StartAlg=2;CPXPARAM_Emphasis_MIP=1;CPXPARAM_Emphasis_Memory=0;CPXPARAM_Emphasis_Numerical=0;CPXPARAM_Feasopt_Mode=0;CPXPARAM_LPMethod=0;CPXPARAM_MIP_Cuts_Cliques=0;CPXPARAM_MIP_Cuts_Covers=0;CPXPARAM_MIP_Cuts_Disjunctive=2;CPXPARAM_MIP_Cuts_FlowCovers=1;CPXPARAM_MIP_Cuts_GUBCovers=2;CPXPARAM_MIP_Cuts_Gomory=2;CPXPARAM_MIP_Cuts_Implied=1;CPXPARAM_MIP_Cuts_MIRCut=-1;CPXPARAM_MIP_Cuts_PathCut=2;CPXPARAM_MIP_Limits_AggForCut=3;CPXPARAM_MIP_Limits_CutPasses=0;CPXPARAM_MIP_Limits_CutsFactor=-1;CPXPARAM_MIP_Limits_GomoryCand=800;CPXPARAM_MIP_Limits_GomoryPass=0;CPXPARAM_MIP_Limits_Nodes=9223372036800000000;CPXPARAM_MIP_Limits_ProbeTime=0;CPXPARAM_MIP_Limits_RepairTries=0;CPXPARAM_MIP_Limits_StrongCand=10;CPXPARAM_MIP_Limits_StrongIt=0;CPXPARAM_MIP_OrderType=0;CPXPARAM_MIP_Strategy_BBInterval=7;CPXPARAM_MIP_Strategy_Branch=0;CPXPARAM_MIP_Strategy_Dive=0;CPXPARAM_MIP_Strategy_File=1;CPXPARAM_MIP_Strategy_HeuristicFreq=0;CPXPARAM_MIP_Strategy_LBHeur=0;CPXPARAM_MIP_Strategy_NodeSelect=1;CPXPARAM_MIP_Strategy_Order=1;CPXPARAM_MIP_Strategy_PresolveNode=0;CPXPARAM_MIP_Strategy_Probe=3;CPXPARAM_MIP_Strategy_RINSHeur=0;CPXPARAM_MIP_Strategy_StartAlgorithm=5;CPXPARAM_MIP_Strategy_SubAlgorithm=0;CPXPARAM_MIP_Strategy_VariableSelect=0;CPXPARAM_Network_NetFind=2;CPXPARAM_Network_Pricing=0;CPXPARAM_Parallel=1;CPXPARAM_Preprocessing_Aggregator=-1;CPXPARAM_Preprocessing_BoundStrength=-1;CPXPARAM_Preprocessing_CoeffReduce=-1;CPXPARAM_Preprocessing_Dependency=-1;CPXPARAM_Preprocessing_Dual=0;CPXPARAM_Preprocessing_Fill=10;CPXPARAM_Preprocessing_NumPass=-1;CPXPARAM_Preprocessing_Presolve=1;CPXPARAM_Preprocessing_QPMakePSD=1;CPXPARAM_Preprocessing_Reduce=3;CPXPARAM_Preprocessing_Relax=-1;CPXPARAM_Preprocessing_RepeatPresolve=-1;CPXPARAM_Preprocessing_Symmetry=4;CPXPARAM_Read_Scale=0;CPXPARAM_Sifting_Algorithm=0;CPXPARAM_Simplex_Crash=1;CPXPARAM_Simplex_DGradient=2;CPXPARAM_Simplex_Limits_Perturbation=0;CPXPARAM_Simplex_Limits_Singularity=10;CPXPARAM_Simplex_PGradient=0;CPXPARAM_Simplex_Pricing=0;CPXPARAM_Simplex_Refactor=0
13022205267905757682,0,CPXPARAM_Advance=1;CPXPARAM_Barrier_Algorithm=0;CPXPARAM_Barrier_ColNonzeros=0;CPXPARAM_Barrier_Crossover=0;CPXPARAM_Barrier_Limits_Corrections=-1;CPXPARAM_Barrier_Ordering=0;CPXPARAM_Barrier_StartAlg=1;CPXPARAM_Emphasis_MIP=1;CPXPARAM_Emphasis_Memory=0;CPXPARAM_Emphasis_Numerical=0;CPXPARAM_Feasopt_Mode=0;CPXPARAM_LPMethod=0;CPXPARAM_MIP_Cuts_Cliques=2;CPXPARAM_MIP_Cuts_Covers=0;CPXPARAM_MIP_Cuts_Disjunctive=0;CPXPARAM_MIP_Cuts_FlowCovers=-1;CPXPARAM_MIP_Cuts_GUBCovers=2;CPXPARAM_MIP_Cuts_Gomory=2;CPXPARAM_MIP_Cuts_Implied=-1;CPXPARAM_MIP_Cuts_MIRCut=2;CPXPARAM_MIP_Cuts_PathCut=2;CPXPARAM_MIP_Limits_AggForCut=3;CPXPARAM_MIP_Limits_CutPasses=0;CPXPARAM_MIP_Limits_CutsFactor=-1;CPXPARAM_MIP_Limits_GomoryCand=150;CPXPARAM_MIP_Limits_GomoryPass=0;CPXPARAM_MIP_Limits_Nodes=9223372036800000000;CPXPARAM_MIP_Limits_ProbeTime=30;CPXPARAM_MIP_Limits_RepairTries=0;CPXPARAM_MIP_Limits_StrongCand=10;CPXPARAM_MIP_Limits_StrongIt=0;CPXPARAM_MIP_OrderType=0;CPXPARAM_MIP_Strategy_BBInterval=7;CPXPARAM_MIP_Strategy_Branch=0;CPXPARAM_MIP_Strategy_Dive=0;CPXPARAM_MIP_Strategy_File=1;CPXPARAM_MIP_Strategy_HeuristicFreq=0;CPXPARAM_MIP_Strategy_LBHeur=0;CPXPARAM_MIP_Strategy_NodeSelect=1;CPXPARAM_MIP_Strategy_Order=1;CPXPARAM_MIP_Strategy_PresolveNode=0;CPXPARAM_MIP_Strategy_Probe=0;CPXPARAM_MIP_Strategy_RINSHeur=0;CPXPARAM_MIP_Strategy_StartAlgorithm=1;CPXPARAM_MIP_Strategy_SubAlgorithm=0;CPXPARAM_MIP_Strategy_VariableSelect=0;CPXPARAM_Network_NetFind=2;CPXPARAM_Network_Pricing=0;CPXPARAM_Parallel=1;CPXPARAM_Preprocessing_Aggregator=-1;CPXPARAM_Preprocessing_BoundStrength=-1;CPXPARAM_Preprocessing_CoeffReduce=-1;CPXPARAM_Preprocessing_Dependency=-1;CPXPARAM_Preprocessing_Dual=0;CPXPARAM_Preprocessing_Fill=10;CPXPARAM_Preprocessing_NumPass=-1;CPXPARAM_Preprocessing_Presolve=1;CPXPARAM_Preprocessing_QPMakePSD=1;CPXPARAM_Preprocessing_Reduce=3;CPXPARAM_Preprocessing_Relax=-1;CPXPARAM_Preprocessing_RepeatPresolve=-1;CPXPARAM_Preprocessing_Symmetry=3;CPXPARAM_Read_Scale=0;CPXPARAM_Sifting_Algorithm=0;CPXPARAM_Simplex_Crash=1;CPXPARAM_Simplex_DGradient=0;CPXPARAM_Simplex_Limits_Perturbation=0;CPXPARAM_Simplex_Limits_Singularity=10;CPXPARAM_Simplex_PGradient=0;CPXPARAM_Simplex_Pricing=0;CPXPARAM_Simplex_Refactor=0
15609119515565551619,0,CPXPARAM_Advance=1;CPXPARAM_Barrier_Algorithm=0;CPXPARAM_Barrier_ColNonzeros=0;CPXPARAM_Barrier_Crossover=0;CPXPARAM_Barrier_Limits_Corrections=-1;CPXPARAM_Barrier_Ordering=0;CPXPARAM_Barrier_StartAlg=1;CPXPARAM_Emphasis_MIP=1;CPXPARAM_Emphasis_Memory=0;CPXPARAM_Emphasis_Numerical=0;CPXPARAM_Feasopt_Mode=0;CPXPARAM_LPMethod=0;CPXPARAM_MIP_Cuts_Cliques=0;CPXPARAM_MIP_Cuts_Covers=0;CPXPARAM_MIP_Cuts_Disjunctive=2;CPXPARAM_MIP_Cuts_FlowCovers=1;CPXPARAM_MIP_Cuts_GUBCovers=2;CPXPARAM_MIP_Cuts_Gomory=2;CPXPARAM_MIP_Cuts_Implied=1;CPXPARAM_MIP_Cuts_MIRCut=-1;CPXPARAM_MIP_Cuts_PathCut=2;CPXPARAM_MIP_Limits_AggForCut=3;CPXPARAM_MIP_Limits_CutPasses=0;CPXPARAM_MIP_Limits_CutsFactor=-1;CPXPARAM_MIP_Limits_GomoryCand=800;CPXPARAM_MIP_Limits_GomoryPass=0;CPXPARAM_MIP_Limits_Nodes=9223372036800000000;CPXPARAM_MIP_Limits_ProbeTime=1e+75;CPXPARAM_MIP_Limits_RepairTries=0;CPXPARAM_MIP_Limits_StrongCand=10;CPXPARAM_MIP_Limits_StrongIt=0;CPXPARAM_MIP_OrderType=0;CPXPARAM_MIP_Strategy_BBInterval=5;CPXPARAM_MIP_Strategy_Branch=0;CPXPARAM_MIP_Strategy_Dive=0;CPXPARAM_MIP_Strategy_File=1;CPXPARAM_MIP_Strategy_HeuristicFreq=0;CPXPARAM_MIP_Strategy_LBHeur=0;CPXPARAM_MIP_Strategy_NodeSelect=1;CPXPARAM_MIP_Strategy_Order=1;CPXPARAM_MIP_Strategy_PresolveNode=0;CPXPARAM_MIP_Strategy_Probe=3;CPXPARAM_MIP_Strategy_RINSHeur=0;CPXPARAM_MIP_Strategy_StartAlgorithm=0;CPXPARAM_MIP_Strategy_SubAlgorithm=0;CPXPARAM_MIP_Strategy_VariableSelect=0;CPXPARAM_Network_NetFind=2;CPXPARAM_Network_Pricing=0;CPXPARAM_Parallel=1;CPXPARAM_Preprocessing_Aggregator=-1;CPXPARAM_Preprocessing_BoundStrength=-1;CPXPARAM_Preprocessing_CoeffReduce=-1;CPXPARAM_Preprocessing_Dependency=-1;CPXPARAM_Preprocessing_Dual=0;CPXPARAM_Preprocessing_Fill=10;CPXPARAM_Preprocessing_NumPass=-1;CPXPARAM_Preprocessing_Presolve=1;CPXPARAM_Preprocessing_QPMakePSD=1;CPXPARAM_Preprocessing_Reduce=3;CPXPARAM_Preprocessing_Relax=-1;CPXPARAM_Preprocessing_RepeatPresolve=-1;CPXPARAM_Preprocessing_Symmetry=-1;CPXPARAM_Read_Scale=0;CPXPARAM_Sifting_Algorithm=0;CPXPARAM_Simplex_Crash=1;CPXPARAM_Simplex_DGradient=0;CPXPARAM_Simplex_Limits_Perturbation=0;CPXPARAM_Simplex_Limits_Singularity=10;CPXPARAM_Simplex_PGradient=0;CPXPARAM_Simplex_Pricing=0;CPXPARAM_Simplex_Refactor=0
3356290181052982011,0,CPXPARAM_Advance=1;CPXPARAM_Barrier_Algorithm=0;CPXPARAM_Barrier_ColNonzeros=0;CPXPARAM_Barrier_Crossover=0;CPXPARAM_Barrier_Limits_Corrections=-1;CPXPARAM_Barrier_Ordering=0;CPXPARAM_Barrier_StartAlg=1;CPXPARAM_Emphasis_MIP=1;CPXPARAM_Emphasis_Memory=0;CPXPARAM_Emphasis_Numerical=0;CPXPARAM_Feasopt_Mode=0;CPXPARAM_LPMethod=0;CPXPARAM_MIP_Cuts_Cliques=0;CPXPARAM_MIP_Cuts_Covers=0;CPXPARAM_MIP_Cuts_Disjunctive=2;CPXPARAM_MIP_Cuts_FlowCovers=1;CPXPARAM_MIP_Cuts_GUBCovers=2;CPXPARAM_MIP_Cuts_Gomory=2;CPXPARAM_MIP_Cuts_Implied=1;CPXPARAM_MIP_Cuts_MIRCut=-1;CPXPARAM_MIP_Cuts_PathCut=2;CPXPARAM_MIP_Limits_AggForCut=3;CPXPARAM_MIP_Limits_CutPasses=0;CPXPARAM_MIP_Limits_CutsFactor=-1;CPXPARAM_MIP_Limits_GomoryCand=800;CPXPARAM_MIP_Limits_GomoryPass=0;CPXPARAM_MIP_Limits_Nodes=9223372036800000000;CPXPARAM_MIP_Limits_ProbeTime=1e+75;CPXPARAM_MIP_Limits_RepairTries=0;CPXPARAM_MIP_Limits_StrongCand=10;CPXPARAM_MIP_Limits_StrongIt=0;CPXPARAM_MIP_OrderType=0;CPXPARAM_MIP_Strategy_BBInterval=7;CPXPARAM_MIP_Strategy_Branch=0;CPXPARAM_MIP_Strategy_Dive=0;CPXPARAM_MIP_Strategy_File=1;CPXPARAM_MIP_Strategy_HeuristicFreq=0;CPXPARAM_MIP_Strategy_LBHeur=0;CPXPARAM_MIP_Strategy_NodeSelect=1;CPXPARAM_MIP_Strategy_Order=1;CPXPARAM_MIP_Strategy_PresolveNode=0;CPXPARAM_MIP_Strategy_Probe=3;CPXPARAM_MIP_Strategy_RINSHeur=0;CPXPARAM_MIP_Strategy_StartAlgorithm=0;CPXPARAM_MIP_Strategy_SubAlgorithm=0;CPXPARAM_MIP_Strategy_VariableSelect=0;CPXPARAM_Network_NetFind=2;CPXPARAM_Network_Pricing=0;CPXPARAM_Parallel=1;CPXPARAM_Preprocessing_Aggregator=-1;CPXPARAM_Preprocessing_BoundStrength=-1;CPXPARAM_Preprocessing_CoeffReduce=-1;CPXPARAM_Preprocessing_Dependency=-1;CPXPARAM_Preprocessing_Dual=0;CPXPARAM_Preprocessing_Fill=10;CPXPARAM_Preprocessing_NumPass=-1;CPXPARAM_Preprocessing_Presolve=1;CPXPARAM_Preprocessing_QPMakePSD=1;CPXPARAM_Preprocessing_Reduce=3;CPXPARAM_Preprocessing_Relax=-1;CPXPARAM_Preprocessing_RepeatPresolve=-1;CPXPARAM_Preprocessing_Symmetry=0;CPXPARAM_Read_Scale=0;CPXPARAM_Sifting_Algorithm=0;CPXPARAM_Simplex_Crash=1;CPXPARAM_Simplex_DGradient=0;CPXPARAM_Simplex_Limits_Perturbation=0;CPXPARAM_Simplex_Limits_Singularity=10;CPXPARAM_Simplex_PGradient=0;CPXPARAM_Simplex_Pricing=0;CPXPARAM_Simplex_Refactor=0
8920774579163667879,0,CPXPARAM_Advance=2;CPXPARAM_Barrier_Algorithm=0;CPXPARAM_Barrier_ColNonzeros=0;CPXPARAM_Barrier_Crossover=0;CPXPARAM_Barrier_Limits_Corrections=-1;CPXPARAM_Barrier_Ordering=0;CPXPARAM_Barrier_StartAlg=1;CPXPARAM_Emphasis_MIP=1;CPXPARAM_Emphasis_Memory=0;CPXPARAM_Emphasis_Numerical=0;CPXPARAM_Feasopt_Mode=0;CPXPARAM_LPMethod=0;CPXPARAM_MIP_Cuts_Cliques=0;CPXPARAM_MIP_Cuts_Covers=0;CPXPARAM_MIP_Cuts_Disjunctive=2;CPXPARAM_MIP_Cuts_FlowCovers=1;CPXPARAM_MIP_Cuts_GUBCovers=2;CPXPARAM_MIP_Cuts_Gomory=2;CPXPARAM_MIP_Cuts_Implied=1;CPXPARAM_MIP_Cuts_MIRCut=-1;CPXPARAM_MIP_Cuts_PathCut=2;CPXPARAM_MIP_Limits_AggForCut=3;CPXPARAM_MIP_Limits_CutPasses=0;CPXPARAM_MIP_Limits_CutsFactor=-1;CPXPARAM_MIP_Limits_GomoryCand=800;CPXPARAM_MIP_Limits_GomoryPass=0;CPXPARAM_MIP_Limits_Nodes=9223372036800000000;CPXPARAM_MIP_Limits_ProbeTime=0;CPXPARAM_MIP_Limits_RepairTries=0;CPXPARAM_MIP_Limits_StrongCand=10;CPXPARAM_MIP_Limits_StrongIt=0;CPXPARAM_MIP_OrderType=0;CPXPARAM_MIP_Strategy_BBInterval=7;CPXPARAM_MIP_Strategy_Branch=0;CPXPARAM_MIP_Strategy_Dive=0;CPXPARAM_MIP_Strategy_File=1;CPXPARAM_MIP_Strategy_HeuristicFreq=0;CPXPARAM_MIP_Strategy_LBHeur=0;CPXPARAM_MIP_Strategy_NodeSelect=1;CPXPARAM_MIP_Strategy_Order=1;CPXPARAM_MIP_Strategy_PresolveNode=0;CPXPARAM_MIP_Strategy_Probe=3;CPXPARAM_MIP_Strategy_RINSHeur=0;CPXPARAM_MIP_Strategy_StartAlgorithm=5;CPXPARAM_MIP_Strategy_SubAlgorithm=0;CPXPARAM_MIP_Strategy_VariableSelect=0;CPXPARAM_Network_NetFind=2;CPXPARAM_Network_Pricing=0;CPXPARAM_Parallel=1;CPXPARAM_Preprocessing_Aggregator=-1;CPXPARAM_Preprocessing_BoundStrength=-1;CPXPARAM_Preprocessing_CoeffReduce=-1;CPXPARAM_Preprocessing_Dependency=-1;CPXPARAM_Preprocessing_Dual=0;CPXPARAM_Preprocessing_Fill=10;CPXPARAM_Preprocessing_NumPass=-1;CPXPARAM_Preprocessing_Presolve=1;CPXPARAM_Preprocessing_QPMakePSD=1;CPXPARAM_Preprocessing_Reduce=3;CPXPARAM_Preprocessing_Relax=-1;CPXPARAM_Preprocessing_RepeatPresolve=-1;CPXPARAM_Preprocessing_Symmetry=4;CPXPARAM_Read_Scale=0;CPXPARAM_Sifting_Algorithm=0;CPXPARAM_Simplex_Crash=1;CPXPARAM_Simplex_DGradient=0;CPXPARAM_Simplex_Limits_Perturbation=0;CPXPARAM_Simplex_Limits_Singularity=10;CPXPARAM_Simplex_PGradient=0;CPXPARAM_Simplex_Pricing=0;CPXPARAM_Simplex_Refactor=0
1785623673351831039,0,CPXPARAM_Advance=1;CPXPARAM_Barrier_Algorithm=0;CPXPARAM_Barrier_ColNonzeros=0;CPXPARAM_Barrier_Crossover=0;CPXPARAM_Barrier_Limits_Corrections=-1;CPXPARAM_Barrier_Ordering=0;CPXPARAM_Barrier_StartAlg=1;CPXPARAM_Emphasis_MIP=1;CPXPARAM_Emphasis_Memory=0;CPXPARAM_Emphasis_Numerical=0;CPXPARAM_Feasopt_Mode=0;CPXPARAM_LPMethod=0;CPXPARAM_MIP_Cuts_Cliques=0;CPXPARAM_MIP_Cuts_Covers=0;CPXPARAM_MIP_Cuts_Disjunctive=2;CPXPARAM_MIP_Cuts_FlowCovers=1;CPXPARAM_MIP_Cuts_GUBCovers=2;CPXPARAM_MIP_Cuts_Gomory=2;CPXPARAM_MIP_Cuts_Implied=1;CPXPARAM_MIP_Cuts_MIRCut=-1;CPXPARAM_MIP_Cuts_PathCut=2;CPXPARAM_MIP_Limits_AggForCut=3;CPXPARAM_MIP_Limits_CutPasses=0;CPXPARAM_MIP_Limits_CutsFactor=-1;CPXPARAM_MIP_Limits_GomoryCand=800;CPXPARAM_MIP_Limits_GomoryPass=0;CPXPARAM_MIP_Limits_Nodes=9223372036800000000;CPXPARAM_MIP_Limits_ProbeTime=1e+75;CPXPARAM_MIP_Limits_RepairTries=0;CPXPARAM_MIP_Limits_StrongCand=10;CPXPARAM_MIP_Limits_StrongIt=0;CPXPARAM_MIP_OrderType=0;CPXPARAM_MIP_Strategy_BBInterval=2;CPXPARAM_MIP_Strategy_Branch=0;CPXPARAM_MIP_Strategy_Dive=0;CPXPARAM_MIP_Strategy_File=1;CPXPARAM_MIP_Strategy_HeuristicFreq=0;CPXPARAM_MIP_Strategy_LBHeur=0;CPXPARAM_MIP_Strategy_NodeSelect=1;CPXPARAM_MIP_Strategy_Order=1;CPXPARAM_MIP_Strategy_PresolveNode=0;CPXPARAM_MIP_Strategy_Probe=3;CPXPARAM_MIP_Strategy_RINSHeur=0;CPXPARAM_MIP_Strategy_StartAlgorithm=0;CPXPARAM_MIP_Strategy_SubAlgorithm=0;CPXPARAM_MIP_Strategy_VariableSelect=0;CPXPARAM_Network_NetFind=2;CPXPARAM_Network_Pricing=0;CPXPARAM_Parallel=1;CPXPARAM_Preprocessing_Aggregator=-1;CPXPARAM_Preprocessing_BoundStrength=-1;CPXPARAM_Preprocessing_CoeffReduce=-1;CPXPARAM_Preprocessing_Dependency=-1;CPXPARAM_Preprocessing_Dual=0;CPXPARAM_Preprocessing_Fill=10;CPXPARAM_Preprocessing_NumPass=-1;CPXPARAM_Preprocessing_Presolve=1;CPXPARAM_Preprocessing_QPMakePSD=1;CPXPARAM_Preprocessing_Reduce=3;CPXPARAM_Preprocessing_Relax=-1;CPXPARAM_Preprocessing_RepeatPresolve=-1;CPXPARAM_Preprocessing_Symmetry=-1;CPXPARAM_Read_Scale=0;CPXPARAM_Sifting_Algorithm=0;CPXPARAM_Simplex_Crash=1;CPXPARAM_Simplex_DGradient=0;CPXPARAM_Simplex_Limits_Perturbation=0;CPXPARAM_Simplex_Limits_Singularity=10;CPXPARAM_Simplex_PGradient=0;CPXPARAM_Simplex_Pricing=0;CPXPARAM_Simplex_Refactor=0
12170421410415508284,0,CPXPARAM_Advance=1;CPXPARAM_Barrier_Algorithm=0;CPXPARAM_Barrier_ColNonzeros=0;CPXPARAM_Barrier_Crossover=0;CPXPARAM_Barrier_Limits_Corrections=-1;CPXPARAM_Barrier_Ordering=0;CPXPARAM_Barrier_StartAlg=1;CPXPARAM_Emphasis_MIP=1;CPXPARAM_Emphasis_Memory=0;CPXPARAM_Emphasis_Numerical=0;CPXPARAM_Feasopt_Mode=0;CPXPARAM_LPMethod=0;CPXPARAM_MIP_Cuts_Cliques=-1;CPXPARAM_MIP_Cuts_Covers=0;CPXPARAM_MIP_Cuts_Disjunctive=2;CPXPARAM_MIP_Cuts_FlowCovers=1;CPXPARAM_MIP_Cuts_GUBCovers=2;CPXPARAM_MIP_Cuts_Gomory=2;CPXPARAM_MIP_Cuts_Implied=1;CPXPARAM_MIP_Cuts_MIRCut=-1;CPXPARAM_MIP_Cuts_PathCut=2;CPXPARAM_MIP_Limits_AggForCut=3;CPXPARAM_MIP_Limits_CutPasses=0;CPXPARAM_MIP_Limits_CutsFactor=-1;CPXPARAM_MIP_Limits_GomoryCand=400;CPXPARAM_MIP_Limits_GomoryPass=0;CPXPARAM_MIP_Limits_Nodes=9223372036800000000;CPXPARAM_MIP_Limits_ProbeTime=1e+75;CPXPARAM_MIP_Limits_RepairTries=0;CPXPARAM_MIP_Limits_StrongCand=10;CPXPARAM_MIP_Limits_StrongIt=0;CPXPARAM_MIP_OrderType=0;CPXPARAM_MIP_Strategy_BBInterval=7;CPXPARAM_MIP_Strategy_Branch=0;CPXPARAM_MIP_Strategy_Dive=0;CPXPARAM_MIP_Strategy_File=1;CPXPARAM_MIP_Strategy_HeuristicFreq=0;CPXPARAM_MIP_Strategy_LBHeur=0;CPXPARAM_MIP_Strategy_NodeSelect=1;CPXPARAM_MIP_Strategy_Order=1;CPXPARAM_MIP_Strategy_PresolveNode=0;CPXPARAM_MIP_Strategy_Probe=0;CPXPARAM_MIP_Strategy_RINSHeur=0;CPXPARAM_MIP_Strategy_StartAlgorithm=0;CPXPARAM_MIP_Strategy_SubAlgorithm=0;CPXPARAM_MIP_Strategy_VariableSelect=0;CPXPARAM_Network_NetFind=2;CPXPARAM_Network_Pricing=0;CPXPARAM_Parallel=1;CPXPARAM_Preprocessing_Aggregator=-1;CPXPARAM_Preprocessing_BoundStrength=-1;CPXPARAM_Preprocessing_CoeffReduce=-1;CPXPARAM_Preprocessing_Dependency=-1;CPXPARAM_Preprocessing_Dual=0;CPXPARAM_Preprocessing_Fill=10;CPXPARAM_Preprocessing_NumPass=-1;CPXPARAM_Preprocessing_Presolve=1;CPXPARAM_Preprocessing_QPMakePSD=1;CPXPARAM_Preprocessing_Reduce=3;CPXPARAM_Preprocessing_Relax=-1;CPXPARAM_Preprocessing_RepeatPresolve=-1;CPXPARAM_Preprocessing_Symmetry=-1;CPXPARAM_Read_Scale=0;CPXPARAM_Sifting_Algorithm=0;CPXPARAM_Simplex_Crash=1;CPXPARAM_Simplex_DGradient=0;CPXPARAM_Simplex_Limits_Perturbation=0;CPXPARAM_Simplex_Limits_Singularity=10;CPXPARAM_Simplex_PGradient=0;CPXPARAM_Simplex_Pricing=0;CPXPARAM_Simplex_Refactor=0
14291229692895511161,0,CPXPARAM_Advance=1;CPXPARAM_Barrier_Algorithm=0;CPXPARAM_Barrier_ColNonzeros=0;CPXPARAM_Barrier_Crossover=0;CPXPARAM_Barrier_Limits_Corrections=-1;CPXPARAM_Barrier_Ordering=0;CPXPARAM_Barrier_StartAlg=1;CPXPARAM_Emphasis_MIP=1;CPXPARAM_Emphasis_Memory=0;CPXPARAM_Emphasis_Numerical=0;CPXPARAM_Feasopt_Mode=0;CPXPARAM_LPMethod=0;CPXPARAM_MIP_Cuts_Cliques=0;CPXPARAM_MIP_Cuts_Covers=0;CPXPARAM_MIP_Cuts_Disjunctive=2;CPXPARAM_MIP_Cuts_FlowCovers=1;CPXPARAM_MIP_Cuts_GUBCovers=2;CPXPARAM_MIP_Cuts_Gomory=2;CPXPARAM_MIP_Cuts_Implied=1;CPXPARAM_MIP_Cuts_MIRCut=-1;CPXPARAM_MIP_Cuts_PathCut=2;CPXPARAM_MIP_Limits_AggForCut=3;CPXPARAM_MIP_Limits_CutPasses=0;CPXPARAM_MIP_Limits_CutsFactor=-1;CPXPARAM_MIP_Limits_GomoryCand=800;CPXPARAM_MIP_Limits_GomoryPass=0;CPXPARAM_MIP_Limits_Nodes=9223372036800000000;CPXPARAM_MIP_Limits_ProbeTime=0;CPXPARAM_MIP_Limits_RepairTries=0;CPXPARAM_MIP_Limits_StrongCand=10;CPXPARAM_MIP_Limits_StrongIt=0;CPXPARAM_MIP_OrderType=0;CPXPARAM_MIP_Strategy_BBInterval=7;CPXPARAM_MIP_Strategy_Branch=0;CPXPARAM_MIP_Strategy_Dive=0;CPXPARAM_MIP_Strategy_File=1;CPXPARAM_MIP_Strategy_HeuristicFreq=0;CPXPARAM_MIP_Strategy_LBHeur=0;CPXPARAM_MIP_Strategy_NodeSelect=1;CPXPARAM_MIP_Strategy_Order=1;CPXPARAM_MIP_Strategy_PresolveNode=0;CPXPARAM_MIP_Strategy_Probe=3;CPXPARAM_MIP_Strategy_RINSHeur=0;CPXPARAM_MIP_Strategy_StartAlgorithm=5;CPXPARAM_MIP_Strategy_SubAlgorithm=0;CPXPARAM_MIP_Strategy_VariableSelect=0;CPXPARAM_Network_NetFind=2;CPXPARAM_Network_Pricing=0;CPXPARAM_Parallel=1;CPXPARAM_Preprocessing_Aggregator=-1;CPXPARAM_Preprocessing_BoundStrength=-1;CPXPARAM_Preprocessing_CoeffReduce=-1;CPXPARAM_Preprocessing_Dependency=-1;CPXPARAM_Preprocessing_Dual=-1;CPXPARAM_Preprocessing_Fill=10;CPXPARAM_Preprocessing_NumPass=-1;CPXPARAM_Preprocessing_Presolve=1;CPXPARAM_Preprocessing_QPMakePSD=1;CPXPARAM_Preprocessing_Reduce=3;CPXPARAM_Preprocessing_Relax=-1;CPXPARAM_Preprocessing_RepeatPresolve=-1;CPXPARAM_Preprocessing_Symmetry=4;CPXPARAM_Read_Scale=0;CPXPARAM_Sifting_Algorithm=0;CPXPARAM_Simplex_Crash=1;CPXPARAM_Simplex_DGradient=0;CPXPARAM_Simplex_Limits_Perturbation=0;CPXPARAM_Simplex_Limits_Singularity=10;CPXPARAM_Simplex_PGradient=0;CPXPARAM_Simplex_Pricing=0;CPXPARAM_Simplex_Refactor=0
7269819615632380611,0,CPXPARAM_Advance=1;CPXPARAM_Barrier_Algorithm=0;CPXPARAM_Barrier_ColNonzeros=0;CPXPARAM_Barrier_Crossover=0;CPXPARAM_Barrier_Limits_Corrections=-1;CPXPARAM_Barrier_Ordering=0;CPXPARAM_Barrier_StartAlg=1;CPXPARAM_Emphasis_MIP=4;CPXPARAM_Emphasis_Memory=0;CPXPARAM_Emphasis_Numerical=0;CPXPARAM_Feasopt_Mode=0;CPXPARAM_LPMethod=0;CPXPARAM_MIP_Cuts_Cliques=0;CPXPARAM_MIP_Cuts_Covers=0;CPXPARAM_MIP_Cuts_Disjunctive=2;CPXPARAM_MIP_Cuts_FlowCovers=1;CPXPARAM_MIP_Cuts_GUBCovers=2;CPXPARAM_MIP_Cuts_Gomory=2;CPXPARAM_MIP_Cuts_Implied=1;CPXPARAM_MIP_Cuts_MIRCut=-1;CPXPARAM_MIP_Cuts_PathCut=2;CPXPARAM_MIP_Limits_AggForCut=3;CPXPARAM_MIP_Limits_CutPasses=0;CPXPARAM_MIP_Limits_CutsFactor=-1;CPXPARAM_MIP_Limits_GomoryCand=400;CPXPARAM_MIP_Limits_GomoryPass=0;CPXPARAM_MIP_Limits_Nodes=9223372036800000000;CPXPARAM_MIP_Limits_ProbeTime=1e+75;CPXPARAM_MIP_Limits_RepairTries=0;CPXPARAM_MIP_Limits_StrongCand=10;CPXPARAM_MIP_Limits_StrongIt=0;CPXPARAM_MIP_OrderType=0;CPXPARAM_MIP_Strategy_BBInterval=7;CPXPARAM_MIP_Strategy_Branch=0;CPXPARAM_MIP_Strategy_Dive=0;CPXPARAM_MIP_Strategy_File=1;CPXPARAM_MIP_Strategy_HeuristicFreq=0;CPXPARAM_MIP_Strategy_LBHeur=0;CPXPARAM_MIP_Strategy_NodeSelect=1;CPXPARAM_MIP_Strategy_Order=1;CPXPARAM_MIP_Strategy_PresolveNode=0;CPXPARAM_MIP_Strategy_Probe=0;CPXPARAM_MIP_Strategy_RINSHeur=0;CPXPARAM_MIP_Strategy_StartAlgorithm=0;CPXPARAM_MIP_Strategy_SubAlgorithm=0;CPXPARAM_MIP_Strategy_VariableSelect=0;CPXPARAM_Network_NetFind=2;CPXPARAM_Network_Pricing=0;CPXPARAM_Parallel=1;CPXPARAM_Preprocessing_Aggregator=-1;CPXPARAM_Preprocessing_BoundStrength=-1;CPXPARAM_Preprocessing_CoeffReduce=-1;CPXPARAM_Preprocessing_Dependency=-1;CPXPARAM_Preprocessing_Dual=0;CPXPARAM_Preprocessing_Fill=10;CPXPARAM_Preprocessing_NumPass=-1;CPXPARAM_Preprocessing_Presolve=1;CPXPARAM_Preprocessing_QPMakePSD=1;CPXPARAM_Preprocessing_Reduce=3;CPXPARAM_Preprocessing_Relax=-1;CPXPARAM_Preprocessing_RepeatPresolve=-1;CPXPARAM_Preprocessing_Symmetry=-1;CPXPARAM_Read_Scale=0;CPXPARAM_Sifting_Algorithm=0;CPXPARAM_Simplex_Crash=1;CPXPARAM_Simplex_DGradient=0;CPXPARAM_Simplex_Limits_Perturbation=0;CPXPARAM_Simplex_Limits_Singularity=10;CPXPARAM_Simplex_PGradient=0;CPXPARAM_Simplex_Pricing=0;CPXPARAM_Simplex_Refactor=0
353710531565937555,0,CPXPARAM_Advance=1;CPXPARAM_Barrier_Algorithm=0;CPXPARAM_Barrier_ColNonzeros=0;CPXPARAM_Barrier_Crossover=0;CPXPARAM_Barrier_Limits_Corrections=-1;CPXPARAM_Barrier_Ordering=0;CPXPARAM_Barrier_StartAlg=1;CPXPARAM_Emphasis_MIP=1;CPXPARAM_Emphasis_Memory=0;CPXPARAM_Emphasis_Numerical=0;CPXPARAM_Feasopt_Mode=0;CPXPARAM_LPMethod=0;CPXPARAM_MIP_Cuts_Cliques=0;CPXPARAM_MIP_Cuts_Covers=0;CPXPARAM_MIP_Cuts_Disjunctive=2;CPXPARAM_MIP_Cuts_FlowCovers=1;CPXPARAM_MIP_Cuts_GUBCovers=2;CPXPARAM_MIP_Cuts_Gomory=2;CPXPARAM_MIP_Cuts_Implied=1;CPXPARAM_MIP_Cuts_MIRCut=-1;CPXPARAM_MIP_Cuts_PathCut=2;CPXPARAM_MIP_Limits_AggForCut=3;CPXPARAM_MIP_Limits_CutPasses=0;CPXPARAM_MIP_Limits_CutsFactor=-1;CPXPARAM_MIP_Limits_GomoryCand=800;CPXPARAM_MIP_Limits_GomoryPass=0;CPXPARAM_MIP_Limits_Nodes=9223372036800000000;CPXPARAM_MIP_Limits_ProbeTime=1e+75;CPXPARAM_MIP_Limits_RepairTries=0;CPXPARAM_MIP_Limits_StrongCand=10;CPXPARAM_MIP_Limits_StrongIt=0;CPXPARAM_MIP_OrderType=0;CPXPARAM_MIP_Strategy_BBInterval=7;CPXPARAM_MIP_Strategy_Branch=0;CPXPARAM_MIP_Strategy_Dive=0;CPXPARAM_MIP_Strategy_File=1;CPXPARAM_MIP_Strategy_HeuristicFreq=0;CPXPARAM_MIP_Strategy_LBHeur=0;CPXPARAM_MIP_Strategy_NodeSelect=1;CPXPARAM_MIP_Strategy_Order=1;CPXPARAM_MIP_Strategy_PresolveNode=0;CPXPARAM_MIP_Strategy_Probe=3;CPXPARAM_MIP_Strategy_RINSHeur=500;CPXPARAM_MIP_Strategy_StartAlgorithm=0;CPXPARAM_MIP_Strategy_SubAlgorithm=0;CPXPARAM_MIP_Strategy_VariableSelect=0;CPXPARAM_Network_NetFind=2;CPXPARAM_Network_Pricing=0;CPXPARAM_Parallel=1;CPXPARAM_Preprocessing_Aggregator=-1;CPXPARAM_Preprocessing_BoundStrength=-1;CPXPARAM_Preprocessing_CoeffReduce=-1;CPXPARAM_Preprocessing_Dependency=-1;CPXPARAM_Preprocessing_Dual=0;CPXPARAM_Preprocessing_Fill=10;CPXPARAM_Preprocessing_NumPass=-1;CPXPARAM_Preprocessing_Presolve=1;CPXPARAM_Preprocessing_QPMakePSD=1;CPXPARAM_Preprocessing_Reduce=3;CPXPARAM_Preprocessing_Relax=-1;CPXPARAM_Preprocessing_RepeatPresolve=-1;CPXPARAM_Preprocessing_Symmetry=-1;CPXPARAM_Read_Scale=0;CPXPARAM_Sifting_Algorithm=0;CPXPARAM_Simplex_Crash=1;CPXPARAM_Simplex_DGradient=0;CPXPARAM_Simplex_Limits_Perturbation=0;CPXPARAM_Simplex_Limits_Singularity=10;CPXPARAM_Simplex_PGradient=0;CPXPARAM_Simplex_Pricing=0;CPXPARAM_Simplex_Refactor=0
1926533999933925257,0,CPXPARAM_Advance=1;CPXPARAM_Barrier_Algorithm=0;CPXPARAM_Barrier_ColNonzeros=0;CPXPARAM_Barrier_Crossover=0;CPXPARAM_Barrier_Limits_Corrections=-1;CPXPARAM_Barrier_Ordering=0;CPXPARAM_Barrier_StartAlg=2;CPXPARAM_Emphasis_MIP=1;CPXPARAM_Emphasis_Memory=0;CPXPARAM_Emphasis_Numerical=0;CPXPARAM_Feasopt_Mode=0;CPXPARAM_LPMethod=0;CPXPARAM_MIP_Cuts_Cliques=0;CPXPARAM_MIP_Cuts_Covers=0;CPXPARAM_MIP_Cuts_Disjunctive=2;CPXPARAM_MIP_Cuts_FlowCovers=1;CPXPARAM_MIP_Cuts_GUBCovers=2;CPXPARAM_MIP_Cuts_Gomory=2;CPXPARAM_MIP_Cuts_Implied=1;CPXPARAM_MIP_Cuts_MIRCut=-1;CPXPARAM_MIP_Cuts_PathCut=2;CPXPARAM_MIP_Limits_AggForCut=3;CPXPARAM_MIP_Limits_CutPasses=0;CPXPARAM_MIP_Limits_CutsFactor=-1;CPXPARAM_MIP_Limits_GomoryCand=800;CPXPARAM_MIP_Limits_GomoryPass=0;CPXPARAM_MIP_Limits_Nodes=9223372036800000000;CPXPARAM_MIP_Limits_ProbeTime=0;CPXPARAM_MIP_Limits_RepairTries=0;CPXPARAM_MIP_Limits_StrongCand=10;CPXPARAM_MIP_Limits_StrongIt=0;CPXPARAM_MIP_OrderType=0;CPXPARAM_MIP_Strategy_BBInterval=7;CPXPARAM_MIP_Strategy_Branch=0;CPXPARAM_MIP_Strategy_Dive=0;CPXPARAM_MIP_Strategy_File=1;CPXPARAM_MIP_Strategy_HeuristicFreq=0;CPXPARAM_MIP_Strategy_LBHeur=0;CPXPARAM_MIP_Strategy_NodeSelect=1;CPXPARAM_MIP_Strategy_Order=1;CPXPARAM_MIP_Strategy_PresolveNode=0;CPXPARAM_MIP_Strategy_Probe=3;CPXPARAM_MIP_Strategy_RINSHeur=0;CPXPARAM_MIP_Strategy_StartAlgorithm=5;CPXPARAM_MIP_Strategy_SubAlgorithm=0;CPXPARAM_MIP_Strategy_VariableSelect=0;CPXPARAM_Network_NetFind=2;CPXPARAM_Network_Pricing=3;CPXPARAM_Parallel=1;CPXPARAM_Preprocessing_Aggregator=-1;CPXPARAM_Preprocessing_BoundStrength=-1;CPXPARAM_Preprocessing_CoeffReduce=-1;CPXPARAM_Preprocessing_Dependency=-1;CPXPARAM_Preprocessing_Dual=0;CPXPARAM_Preprocessing_Fill=10;CPXPARAM_Preprocessing_NumPass=-1;CPXPARAM_Preprocessing_Presolve=1;CPXPARAM_Preprocessing_QPMakePSD=1;CPXPARAM_Preprocessing_Reduce=3;CPXPARAM_Preprocessing_Relax=-1;CPXPARAM_Preprocessing_RepeatPresolve=-1;CPXPARAM_Preprocessing_Symmetry=4;CPXPARAM_Read_Scale=0;CPXPARAM_Sifting_Algorithm=0;CPXPARAM_Simplex_Crash=1;CPXPARAM_Simplex_DGradient=2;CPXPARAM_Simplex_Limits_Perturbation=0;CPXPARAM_Simplex_Limits_Singularity=10;CPXPARAM_Simplex_PGradient=0;CPXPARAM_Simplex_Pricing=0;CPXPARAM_Simplex_Refactor=0
14410509783594847579,0,CPXPARAM_Advance=1;CPXPARAM_Barrier_Algorithm=0;CPXPARAM_Barrier_ColNonzeros=0;CPXPARAM_Barrier_Crossover=0;CPXPARAM_Barrier_Limits_Corrections=-1;CPXPARAM_Barrier_Ordering=0;CPXPARAM_Barrier_StartAlg=1;CPXPARAM_Emphasis_MIP=1;CPXPARAM_Emphasis_Memory=0;CPXPARAM_Emphasis_Numerical=0;CPXPARAM_Feasopt_Mode=0;CPXPARAM_LPMethod=0;CPXPARAM_MIP_Cuts_Cliques=2;CPXPARAM_MIP_Cuts_Covers=0;CPXPARAM_MIP_Cuts_Disjunctive=2;CPXPARAM_MIP_Cuts_FlowCovers=0;CPXPARAM_MIP_Cuts_GUBCovers=0;CPXPARAM_MIP_Cuts_Gomory=-1;CPXPARAM_MIP_Cuts_Implied=1;CPXPARAM_MIP_Cuts_MIRCut=2;CPXPARAM_MIP_Cuts_PathCut=-1;CPXPARAM_MIP_Limits_AggForCut=3;CPXPARAM_MIP_Limits_CutPasses=0;CPXPARAM_MIP_Limits_CutsFactor=-1;CPXPARAM_MIP_Limits_GomoryCand=800;CPXPARAM_MIP_Limits_GomoryPass=0;CPXPARAM_MIP_Limits_Nodes=9223372036800000000;CPXPARAM_MIP_Limits_ProbeTime=40;CPXPARAM_MIP_Limits_RepairTries=0;CPXPARAM_MIP_Limits_StrongCand=10;CPXPARAM_MIP_Limits_StrongIt=0;CPXPARAM_MIP_OrderType=0;CPXPARAM_MIP_Strategy_BBInterval=7;CPXPARAM_MIP_Strategy_Branch=-1;CPXPARAM_MIP_Strategy_Dive=0;CPXPARAM_MIP_Strategy_File=1;CPXPARAM_MIP_Strategy_HeuristicFreq=0;CPXPARAM_MIP_Strategy_LBHeur=0;CPXPARAM_MIP_Strategy_NodeSelect=1;CPXPARAM_MIP_Strategy_Order=1;CPXPARAM_MIP_Strategy_PresolveNode=0;CPXPARAM_MIP_Strategy_Probe=3;CPXPARAM_MIP_Strategy_RINSHeur=0;CPXPARAM_MIP_Strategy_StartAlgorithm=0;CPXPARAM_MIP_Strategy_SubAlgorithm=0;CPXPARAM_MIP_Strategy_VariableSelect=3;CPXPARAM_Network_NetFind=2;CPXPARAM_Network_Pricing=0;CPXPARAM_Parallel=1;CPXPARAM_Preprocessing_Aggregator=-1;CPXPARAM_Preprocessing_BoundStrength=-1;CPXPARAM_Preprocessing_CoeffReduce=-1;CPXPARAM_Preprocessing_Dependency=-1;CPXPARAM_Preprocessing_Dual=0;CPXPARAM_Preprocessing_Fill=10;CPXPARAM_Preprocessing_NumPass=-1;CPXPARAM_Preprocessing_Presolve=1;CPXPARAM_Preprocessing_QPMakePSD=1;CPXPARAM_Preprocessing_Reduce=3;CPXPARAM_Preprocessing_Relax=-1;CPXPARAM_Preprocessing_RepeatPresolve=-1;CPXPARAM_Preprocessing_Symmetry=-1;CPXPARAM_Read_Scale=0;CPXPARAM_Sifting_Algorithm=0;CPXPARAM_Simplex_Crash=1;CPXPARAM_Simplex_DGradient=0;CPXPARAM_Simplex_Limits_Perturbation=0;CPXPARAM_Simplex_Limits_Singularity=10;CPXPARAM_Simplex_PGradient=0;CPXPARAM_Simplex_Pricing=0;CPXPARAM_Simplex_Refactor=0
15669817383274887072,0,CPXPARAM_Advance=1;CPXPARAM_Barrier_Algorithm=0;CPXPARAM_Barrier_ColNonzeros=0;CPXPARAM_Barrier_Crossover=0;CPXPARAM_Barrier_Limits_Corrections=-1;CPXPARAM_Barrier_Ordering=0;CPXPARAM_Barrier_StartAlg=1;CPXPARAM_Emphasis_MIP=1;CPXPARAM_Emphasis_Memory=0;CPXPARAM_Emphasis_Numerical=0;CPXPARAM_Feasopt_Mode=0;CPXPARAM_LPMethod=0;CPXPARAM_MIP_Cuts_Cliques=0;CPXPARAM_MIP_Cuts_Covers=0;CPXPARAM_MIP_Cuts_Disjunctive=2;CPXPARAM_MIP_Cuts_FlowCovers=1;CPXPARAM_MIP_Cuts_GUBCovers=2;CPXPARAM_MIP_Cuts_Gomory=2;CPXPARAM_MIP_Cuts_Implied=1;CPXPARAM_MIP_Cuts_MIRCut=-1;CPXPARAM_MIP_Cuts_PathCut=2;CPXPARAM_MIP_Limits_AggForCut=3;CPXPARAM_MIP_Limits_CutPasses=0;CPXPARAM_MIP_Limits_CutsFactor=-1;CPXPARAM_MIP_Limits_GomoryCand=800;CPXPARAM_MIP_Limits_GomoryPass=0;CPXPARAM_MIP_Limits_Nodes=9223372036800000000;CPXPARAM_MIP_Limits_ProbeTime=1e+75;CPXPARAM_MIP_Limits_RepairTries=0;CPXPARAM_MIP_Limits_StrongCand=10;CPXPARAM_MIP_Limits_StrongIt=0;CPXPARAM_MIP_OrderType=0;CPXPARAM_MIP_Strategy_BBInterval=7;CPXPARAM_MIP_Strategy_Branch=0;CPXPARAM_MIP_Strategy_Dive=0;CPXPARAM_MIP_Strategy_File=1;CPXPARAM_MIP_Strategy_HeuristicFreq=0;CPXPARAM_MIP_Strategy_LBHeur=0;CPXPARAM_MIP_Strategy_NodeSelect=1;CPXPARAM_MIP_Strategy_Order=1;CPXPARAM_MIP_Strategy_PresolveNode=1;CPXPARAM_MIP_Strategy_Probe=3;CPXPARAM_MIP_Strategy_RINSHeur=0;CPXPARAM_MIP_Strategy_StartAlgorithm=0;CPXPARAM_MIP_Strategy_SubAlgorithm=0;CPXPARAM_MIP_Strategy_VariableSelect=0;CPXPARAM_Network_NetFind=2;CPXPARAM_Network_Pricing=0;CPXPARAM_Parallel=1;CPXPARAM_Preprocessing_Aggregator=-1;CPXPARAM_Preprocessing_BoundStrength=-1;CPXPARAM_Preprocessing_CoeffReduce=-1;CPXPARAM_Preprocessing_Dependency=-1;CPXPARAM_Preprocessing_Dual=0;CPXPARAM_Preprocessing_Fill=10;CPXPARAM_Preprocessing_NumPass=-1;CPXPARAM_Preprocessing_Presolve=1;CPXPARAM_Preprocessing_QPMakePSD=1;CPXPARAM_Preprocessing_Reduce=3;CPXPARAM_Preprocessing_Relax=-1;CPXPARAM_Preprocessing_RepeatPresolve=-1;CPXPARAM_Preprocessing_Symmetry=-1;CPXPARAM_Read_Scale=0;CPXPARAM_Sifting_Algorithm=0;CPXPARAM_Simplex_Crash=1;CPXPARAM_Simplex_DGradient=0;CPXPARAM_Simplex_Limits_Perturbation=0;CPXPARAM_Simplex_Limits_Singularity=10;CPXPARAM_Simplex_PGradient=0;CPXPARAM_Simplex_Pricing=0;CPXPARAM_Simplex_Refactor=0
4108860156328293950,0,CPXPARAM_Advance=1;CPXPARAM_Barrier_Algorithm=0;CPXPARAM_Barrier_ColNonzeros=0;CPXPARAM_Barrier_Crossover=0;CPXPARAM_Barrier_Limits_Corrections=-1;CPXPARAM_Barrier_Ordering=0;CPXPARAM_Barrier_StartAlg=1;CPXPARAM_Emphasis_MIP=1;CPXPARAM_Emphasis_Memory=0;CPXPARAM_Emphasis_Numerical=0;CPXPARAM_Feasopt_Mode=0;CPXPARAM_LPMethod=0;CPXPARAM_MIP_Cuts_Cliques=2;CPXPARAM_MIP_Cuts_Covers=0;CPXPARAM_MIP_Cuts_Disjunctive=0;CPXPARAM_MIP_Cuts_FlowCovers=-1;CPXPARAM_MIP_Cuts_GUBCovers=2;CPXPARAM_MIP_Cuts_Gomory=2;CPXPARAM_MIP_Cuts_Implied=-1;CPXPARAM_MIP_Cuts_MIRCut=2;CPXPARAM_MIP_Cuts_PathCut=2;CPXPARAM_MIP_Limits_AggForCut=3;CPXPARAM_MIP_Limits_CutPasses=0;CPXPARAM_MIP_Limits_CutsFactor=-1;CPXPARAM_MIP_Limits_GomoryCand=150;CPXPARAM_MIP_Limits_GomoryPass=0;CPXPARAM_MIP_Limits_Nodes=9223372036800000000;CPXPARAM_MIP_Limits_ProbeTime=30;CPXPARAM_MIP_Limits_RepairTries=0;CPXPARAM_MIP_Limits_StrongCand=10;CPXPARAM_MIP_Limits_StrongIt=0;CPXPARAM_MIP_OrderType=0;CPXPARAM_MIP_Strategy_BBInterval=7;CPXPARAM_MIP_Strategy_Branch=0;CPXPARAM_MIP_Strategy_Dive=0;CPXPARAM_MIP_Strategy_File=1;CPXPARAM_MIP_Strategy_HeuristicFreq=0;CPXPARAM_MIP_Strategy_LBHeur=0;CPXPARAM_MIP_Strategy_NodeSelect=1;CPXPARAM_MIP_Strategy_Order=1;CPXPARAM_MIP_Strategy_PresolveNode=0;CPXPARAM_MIP_Strategy_Probe=0;CPXPARAM_MIP_Strategy_RINSHeur=0;CPXPARAM_MIP_Strategy_StartAlgorithm=1;CPXPARAM_MIP_Strategy_SubAlgorithm=2;CPXPARAM_MIP_Strategy_VariableSelect=0;CPXPARAM_Network_NetFind=2;CPXPARAM_Network_Pricing=0;CPXPARAM_Parallel=1;CPXPARAM_Preprocessing_Aggregator=-1;CPXPARAM_Preprocessing_BoundStrength=-1;CPXPARAM_Preprocessing_CoeffReduce=-1;CPXPARAM_Preprocessing_Dependency=-1;CPXPARAM_Preprocessing_Dual=0;CPXPARAM_Preprocessing_Fill=10;CPXPARAM_Preprocessing_NumPass=-1;CPXPARAM_Preprocessing_Presolve=1;CPXPARAM_Preprocessing_QPMakePSD=1;CPXPARAM_Preprocessing_Reduce=3;CPXPARAM_Preprocessing_Relax=-1;CPXPARAM_Preprocessing_RepeatPresolve=-1;CPXPARAM_Preprocessing_Symmetry=3;CPXPARAM_Read_Scale=0;CPXPARAM_Sifting_Algorithm=0;CPXPARAM_Simplex_Crash=1;CPXPARAM_Simplex_DGradient=0;CPXPARAM_Simplex_Limits_Perturbation=0;CPXPARAM_Simplex_Limits_Singularity=10;CPXPARAM_Simplex_PGradient=0;CPXPARAM_Simplex_Pricing=0;CPXPARAM_Simplex_Refactor=0
16506336966644899380,0,CPXPARAM_Advance=1;CPXPARAM_Barrier_Algorithm=0;CPXPARAM_Barrier_ColNonzeros=0;CPXPARAM_Barrier_Crossover=0;CPXPARAM_Barrier_Limits_Corrections=-1;CPXPARAM_Barrier_Ordering=0;CPXPARAM_Barrier_StartAlg=2;CPXPARAM_Emphasis_MIP=1;CPXPARAM_Emphasis_Memory=0;CPXPARAM_Emphasis_Numerical=0;CPXPARAM_Feasopt_Mode=0;CPXPARAM_LPMethod=0;CPXPARAM_MIP_Cuts_Cliques=0;CPXPARAM_MIP_Cuts_Covers=0;CPXPARAM_MIP_Cuts_Disjunctive=2;CPXPARAM_MIP_Cuts_FlowCovers=1;CPXPARAM_MIP_Cuts_GUBCovers=2;CPXPARAM_MIP_Cuts_Gomory=2;CPXPARAM_MIP_Cuts_Implied=1;CPXPARAM_MIP_Cuts_MIRCut=-1;CPXPARAM_MIP_Cuts_PathCut=2;CPXPARAM_MIP_Limits_AggForCut=3;CPXPARAM_MIP_Limits_CutPasses=0;CPXPARAM_MIP_Limits_CutsFactor=-1;CPXPARAM_MIP_Limits_GomoryCand=800;CPXPARAM_MIP_Limits_GomoryPass=0;CPXPARAM_MIP_Limits_Nodes=9223372036800000000;CPXPARAM_MIP_Limits_ProbeTime=0;CPXPARAM_MIP_Limits_RepairTries=0;CPXPARAM_MIP_Limits_StrongCand=10;CPXPARAM_MIP_Limits_StrongIt=0;CPXPARAM_MIP_OrderType=0;CPXPARAM_MIP_Strategy_BBInterval=7;CPXPARAM_MIP_Strategy_Branch=0;CPXPARAM_MIP_Strategy_Dive=0;CPXPARAM_MIP_Strategy_File=1;CPXPARAM_MIP_Strategy_HeuristicFreq=0;CPXPARAM_MIP_Strategy_LBHeur=0;CPXPARAM_MIP_Strategy_NodeSelect=1;CPXPARAM_MIP_Strategy_Order=1;CPXPARAM_MIP_Strategy_PresolveNode=0;CPXPARAM_MIP_Strategy_Probe=3;CPXPARAM_MIP_Strategy_RINSHeur=0;CPXPARAM_MIP_Strategy_StartAlgorithm=5;CPXPARAM_MIP_Strategy_SubAlgorithm=0;CPXPARAM_MIP_Strategy_VariableSelect=0;CPXPARAM_Network_NetFind=2;CPXPARAM_Network_Pricing=0;CPXPARAM_Parallel=1;CPXPARAM_Preprocessing_Aggregator=-1;CPXPARAM_Preprocessing_BoundStrength=-1;CPXPARAM_Preprocessing_CoeffReduce=-1;CPXPARAM_Preprocessing_Dependency=-1;CPXPARAM_Preprocessing_Dual=0;CPXPARAM_Preprocessing_Fill=10;CPXPARAM_Preprocessing_NumPass=-1;CPXPARAM_Preprocessing_Presolve=1;CPXPARAM_Preprocessing_QPMakePSD=1;CPXPARAM_Preprocessing_Reduce=3;CPXPARAM_Preprocessing_Relax=-1;CPXPARAM_Preprocessing_RepeatPresolve=3;CPXPARAM_Preprocessing_Symmetry=4;CPXPARAM_Read_Scale=0;CPXPARAM_Sifting_Algorithm=0;CPXPARAM_Simplex_Crash=1;CPXPARAM_Simplex_DGradient=2;CPXPARAM_Simplex_Limits_Perturbation=0;CPXPARAM_Simplex_Limits_Singularity=10;CPXPARAM_Simplex_PGradient=0;CPXPARAM_Simplex_Pricing=0;CPXPARAM_Simplex_Refactor=0
9916278764050947315,0,CPXPARAM_Advance=1;CPXPARAM_Barrier_Algorithm=0;CPXPARAM_Barrier_ColNonzeros=0;CPXPARAM_Barrier_Crossover=0;CPXPARAM_Barrier_Limits_Corrections=-1;CPXPARAM_Barrier_Ordering=0;CPXPARAM_Barrier_StartAlg=1;CPXPARAM_Emphasis_MIP=1;CPXPARAM_Emphasis_Memory=0;CPXPARAM_Emphasis_Numerical=0;CPXPARAM_Feasopt_Mode=0;CPXPARAM_LPMethod=0;CPXPARAM_MIP_Cuts_Cliques=0;CPXPARAM_MIP_Cuts_Covers=0;CPXPARAM_MIP_Cuts_Disjunctive=2;CPXPARAM_MIP_Cuts_FlowCovers=1;CPXPARAM_MIP_Cuts_GUBCovers=2;CPXPARAM_MIP_Cuts_Gomory=2;CPXPARAM_MIP_Cuts_Implied=1;CPXPARAM_MIP_Cuts_MIRCut=-1;CPXPARAM_MIP_Cuts_PathCut=2;CPXPARAM_MIP_Limits_AggForCut=3;CPXPARAM_MIP_Limits_CutPasses=0;CPXPARAM_MIP_Limits_CutsFactor=-1;CPXPARAM_MIP_Limits_GomoryCand=800;CPXPARAM_MIP_Limits_GomoryPass=0;CPXPARAM_MIP_Limits_Nodes=9223372036800000000;CPXPARAM_MIP_Limits_ProbeTime=1e+75;CPXPARAM_MIP_Limits_RepairTries=0;CPXPARAM_MIP_Limits_StrongCand=10;CPXPARAM_MIP_Limits_StrongIt=0;CPXPARAM_MIP_OrderType=0;CPXPARAM_MIP_Strategy_BBInterval=7;CPXPARAM_MIP_Strategy_Branch=0;CPXPARAM_MIP_Strategy_Dive=0;CPXPARAM_MIP_Strategy_File=1;CPXPARAM_MIP_Strategy_HeuristicFreq=0;CPXPARAM_MIP_Strategy_LBHeur=0;CPXPARAM_MIP_Strategy_NodeSelect=1;CPXPARAM_MIP_Strategy_Order=1;CPXPARAM_MIP_Strategy_PresolveNode=0;CPXPARAM_MIP_Strategy_Probe=3;CPXPARAM_MIP_Strategy_RINSHeur=60;CPXPARAM_MIP_Strategy_StartAlgorithm=0;CPXPARAM_MIP_Strategy_SubAlgorithm=0;CPXPARAM_MIP_Strategy_VariableSelect=0;CPXPARAM_Network_NetFind=2;CPXPARAM_Network_Pricing=0;CPXPARAM_Parallel=1;CPXPARAM_Preprocessing_Aggregator=-1;CPXPARAM_Preprocessing_BoundStrength=-1;CPXPARAM_Preprocessing_CoeffReduce=-1;CPXPARAM_Preprocessing_Dependency=-1;CPXPARAM_Preprocessing_Dual=0;CPXPARAM_Preprocessing_Fill=10;CPXPARAM_Preprocessing_NumPass=-1;CPXPARAM_Preprocessing_Presolve=1;CPXPARAM_Preprocessing_QPMakePSD=1;CPXPARAM_Preprocessing_Reduce=3;CPXPARAM_Preprocessing_Relax=-1;CPXPARAM_Preprocessing_RepeatPresolve=-1;CPXPARAM_Preprocessing_Symmetry=-1;CPXPARAM_Read_Scale=0;CPXPARAM_Sifting_Algorithm=0;CPXPARAM_Simplex_Crash=1;CPXPARAM_Simplex_DGradient=0;CPXPARAM_Simplex_Limits_Perturbation=0;CPXPARAM_Simplex_Limits_Singularity=10;CPXPARAM_Simplex_PGradient=0;CPXPARAM_Simplex_Pricing=0;CPXPARAM_Simplex_Refactor=0
1968902673363824799,0,CPXPARAM_Advance=1;CPXPARAM_Barrier_Algorithm=0;CPXPARAM_Barrier_ColNonzeros=0;CPXPARAM_Barrier_Crossover=0;CPXPARAM_Barrier_Limits_Corrections=-1;CPXPARAM_Barrier_Ordering=0;CPXPARAM_Barrier_StartAlg=1;CPXPARAM_Emphasis_MIP=5;CPXPARAM_Emphasis_Memory=0;CPXPARAM_Emphasis_Numerical=0;CPXPARAM_Feasopt_Mode=0;CPXPARAM_LPMethod=0;CPXPARAM_MIP_Cuts_Cliques=-1;CPXPARAM_MIP_Cuts_Covers=0;CPXPARAM_MIP_Cuts_Disjunctive=1;CPXPARAM_MIP_Cuts_FlowCovers=-1;CPXPARAM_MIP_Cuts_GUBCovers=0;CPXPARAM_MIP_Cuts_Gomory=-1;CPXPARAM_MIP_Cuts_Implied=0;CPXPARAM_MIP_Cuts_MIRCut=2;CPXPARAM_MIP_Cuts_PathCut=-1;CPXPARAM_MIP_Limits_AggForCut=3;CPXPARAM_MIP_Limits_CutPasses=0;CPXPARAM_MIP_Limits_CutsFactor=-1;CPXPARAM_MIP_Limits_GomoryCand=200;CPXPARAM_MIP_Limits_GomoryPass=0;CPXPARAM_MIP_Limits_Nodes=9223372036800000000;CPXPARAM_MIP_Limits_ProbeTime=30;CPXPARAM_MIP_Limits_RepairTries=0;CPXPARAM_MIP_Limits_StrongCand=10;CPXPARAM_MIP_Limits_StrongIt=0;CPXPARAM_MIP_OrderType=0;CPXPARAM_MIP_Strategy_BBInterval=7;CPXPARAM_MIP_Strategy_Branch=0;CPXPARAM_MIP_Strategy_Dive=0;CPXPARAM_MIP_Strategy_File=1;CPXPARAM_MIP_Strategy_HeuristicFreq=0;CPXPARAM_MIP_Strategy_LBHeur=0;CPXPARAM_MIP_Strategy_NodeSelect=1;CPXPARAM_MIP_Strategy_Order=1;CPXPARAM_MIP_Strategy_PresolveNode=0;CPXPARAM_MIP_Strategy_Probe=3;CPXPARAM_MIP_Strategy_RINSHeur=0;CPXPARAM_MIP_Strategy_StartAlgorithm=0;CPXPARAM_MIP_Strategy_SubAlgorithm=0;CPXPARAM_MIP_Strategy_VariableSelect=0;CPXPARAM_Network_NetFind=2;CPXPARAM_Network_Pricing=0;CPXPARAM_Parallel=1;CPXPARAM_Preprocessing_Aggregator=-1;CPXPARAM_Preprocessing_BoundStrength=-1;CPXPARAM_Preprocessing_CoeffReduce=-1;CPXPARAM_Preprocessing_Dependency=-1;CPXPARAM_Preprocessing_Dual=0;CPXPARAM_Preprocessing_Fill=10;CPXPARAM_Preprocessing_NumPass=-1;CPXPARAM_Preprocessing_Presolve=1;CPXPARAM_Preprocessing_QPMakePSD=1;CPXPARAM_Preprocessing_Reduce=3;CPXPARAM_Preprocessing_Relax=-1;CPXPARAM_Preprocessing_RepeatPresolve=-1;CPXPARAM_Preprocessing_Symmetry=-1;CPXPARAM_Read_Scale=0;CPXPARAM_Sifting_Algorithm=0;CPXPARAM_Simplex_Crash=1;CPXPARAM_Simplex_DGradient=0;CPXPARAM_Simplex_Limits_Perturbation=0;CPXPARAM_Simplex_Limits_Singularity=10;CPXPARAM_Simplex_PGradient=0;CPXPARAM_Simplex_Pricing=0;CPXPARAM_Simplex_Refactor=0
13458876477013048213,0,CPXPARAM_Advance=1;CPXPARAM_Barrier_Algorithm=0;CPXPARAM_Barrier_ColNonzeros=0;CPXPARAM_Barrier_Crossover=2;CPXPARAM_Barrier_Limits_Corrections=-1;CPXPARAM_Barrier_Ordering=0;CPXPARAM_Barrier_StartAlg=2;CPXPARAM_Emphasis_MIP=4;CPXPARAM_Emphasis_Memory=0;CPXPARAM_Emphasis_Numerical=0;CPXPARAM_Feasopt_Mode=4;CPXPARAM_LPMethod=0;CPXPARAM_MIP_Cuts_Cliques=0;CPXPARAM_MIP_Cuts_Covers=0;CPXPARAM_MIP_Cuts_Disjunctive=2;CPXPARAM_MIP_Cuts_FlowCovers=1;CPXPARAM_MIP_Cuts_GUBCovers=0;CPXPARAM_MIP_Cuts_Gomory=-1;CPXPARAM_MIP_Cuts_Implied=-1;CPXPARAM_MIP_Cuts_MIRCut=2;CPXPARAM_MIP_Cuts_PathCut=1;CPXPARAM_MIP_Limits_AggForCut=3;CPXPARAM_MIP_Limits_CutPasses=0;CPXPARAM_MIP_Limits_CutsFactor=-1;CPXPARAM_MIP_Limits_GomoryCand=100;CPXPARAM_MIP_Limits_GomoryPass=0;CPXPARAM_MIP_Limits_Nodes=9223372036800000000;CPXPARAM_MIP_Limits_ProbeTime=20;CPXPARAM_MIP_Limits_RepairTries=0;CPXPARAM_MIP_Limits_StrongCand=10;CPXPARAM_MIP_Limits_StrongIt=0;CPXPARAM_MIP_OrderType=0;CPXPARAM_MIP_Strategy_BBInterval=7;CPXPARAM_MIP_Strategy_Branch=-1;CPXPARAM_MIP_Strategy_Dive=0;CPXPARAM_MIP_Strategy_File=1;CPXPARAM_MIP_Strategy_HeuristicFreq=0;CPXPARAM_MIP_Strategy_LBHeur=0;CPXPARAM_MIP_Strategy_NodeSelect=1;CPXPARAM_MIP_Strategy_Order=1;CPXPARAM_MIP_Strategy_PresolveNode=0;CPXPARAM_MIP_Strategy_Probe=0;CPXPARAM_MIP_Strategy_RINSHeur=0;CPXPARAM_MIP_Strategy_StartAlgorithm=6;CPXPARAM_MIP_Strategy_SubAlgorithm=1;CPXPARAM_MIP_Strategy_VariableSelect=3;CPXPARAM_Network_NetFind=2;CPXPARAM_Network_Pricing=0;CPXPARAM_Parallel=1;CPXPARAM_Preprocessing_Aggregator=-1;CPXPARAM_Preprocessing_BoundStrength=-1;CPXPARAM_Preprocessing_CoeffReduce=-1;CPXPARAM_Preprocessing_Dependency=-1;CPXPARAM_Preprocessing_Dual=0;CPXPARAM_Preprocessing_Fill=10;CPXPARAM_Preprocessing_NumPass=-1;CPXPARAM_Preprocessing_Presolve=1;CPXPARAM_Preprocessing_QPMakePSD=1;CPXPARAM_Preprocessing_Reduce=3;CPXPARAM_Preprocessing_Relax=-1;CPXPARAM_Preprocessing_RepeatPresolve=-1;CPXPARAM_Preprocessing_Symmetry=4;CPXPARAM_Read_Scale=0;CPXPARAM_Sifting_Algorithm=0;CPXPARAM_Simplex_Crash=1;CPXPARAM_Simplex_DGradient=5;CPXPARAM_Simplex_Limits_Perturbation=0;CPXPARAM_Simplex_Limits_Singularity=10;CPXPARAM_Simplex_PGradient=0;CPXPARAM_Simplex_Pricing=0;CPXPARAM_Simplex_Refactor=0
9103746115438838657,0,CPXPARAM_Advance=1;CPXPARAM_Barrier_Algorithm=0;CPXPARAM_Barrier_ColNonzeros=0;CPXPARAM_Barrier_Crossover=0;CPXPARAM_Barrier_Limits_Corrections=-1;CPXPARAM_Barrier_Ordering=0;CPXPARAM_Barrier_StartAlg=1;CPXPARAM_Emphasis_MIP=1;CPXPARAM_Emphasis_Memory=0;CPXPARAM_Emphasis_Numerical=0;CPXPARAM_Feasopt_Mode=0;CPXPARAM_LPMethod=0;CPXPARAM_MIP_Cuts_Cliques=0;CPXPARAM_MIP_Cuts_Covers=0;CPXPARAM_MIP_Cuts_Disjunctive=2;CPXPARAM_MIP_Cuts_FlowCovers=1;CPXPARAM_MIP_Cuts_GUBCovers=2;CPXPARAM_MIP_Cuts_Gomory=2;CPXPARAM_MIP_Cuts_Implied=1;CPXPARAM_MIP_Cuts_MIRCut=-1;CPXPARAM_MIP_Cuts_PathCut=2;CPXPARAM_MIP_Limits_AggForCut=3;CPXPARAM_MIP_Limits_CutPasses=0;CPXPARAM_MIP_Limits_CutsFactor=-1;CPXPARAM_MIP_Limits_GomoryCand=800;CPXPARAM_MIP_Limits_GomoryPass=0;CPXPARAM_MIP_Limits_Nodes=9223372036800000000;CPXPARAM_MIP_Limits_ProbeTime=1e+75;CPXPARAM_MIP_Limits_RepairTries=0;CPXPARAM_MIP_Limits_StrongCand=10;CPXPARAM_MIP_Limits_StrongIt=0;CPXPARAM_MIP_OrderType=0;CPXPARAM_MIP_Strategy_BBInterval=7;CPXPARAM_MIP_Strategy_Branch=0;CPXPARAM_MIP_Strategy_Dive=0;CPXPARAM_MIP_Strategy_File=1;CPXPARAM_MIP_Strategy_HeuristicFreq=0;CPXPARAM_MIP_Strategy_LBHeur=0;CPXPARAM_MIP_Strategy_NodeSelect=1;CPXPARAM_MIP_Strategy_Order=1;CPXPARAM_MIP_Strategy_PresolveNode=0;CPXPARAM_MIP_Strategy_Probe=3;CPXPARAM_MIP_Strategy_RINSHeur=40;CPXPARAM_MIP_Strategy_StartAlgorithm=0;CPXPARAM_MIP_Strategy_SubAlgorithm=0;CPXPARAM_MIP_Strategy_VariableSelect=0;CPXPARAM_Network_NetFind=2;CPXPARAM_Network_Pricing=0;CPXPARAM_Parallel=1;CPXPARAM_Preprocessing_Aggregator=-1;CPXPARAM_Preprocessing_BoundStrength=-1;CPXPARAM_Preprocessing_CoeffReduce=-1;CPXPARAM_Preprocessing_Dependency=-1;CPXPARAM_Preprocessing_Dual=0;CPXPARAM_Preprocessing_Fill=10;CPXPARAM_Preprocessing_NumPass=-1;CPXPARAM_Preprocessing_Presolve=1;CPXPARAM_Preprocessing_QPMakePSD=1;CPXPARAM_Preprocessing_Reduce=3;CPXPARAM_Preprocessing_Relax=-1;CPXPARAM_Preprocessing_RepeatPresolve=-1;CPXPARAM_Preprocessing_Symmetry=-1;CPXPARAM_Read_Scale=0;CPXPARAM_Sifting_Algorithm=0;CPXPARAM_Simplex_Crash=1;CPXPARAM_Simplex_DGradient=0;CPXPARAM_Simplex_Limits_Perturbation=0;CPXPARAM_Simplex_Limits_Singularity=10;CPXPARAM_Simplex_PGradient=0;CPXPARAM_Simplex_Pricing=0;CPXPARAM_Simplex_Refactor=0
10810878687245850582,0,CPXPARAM_Advance=1;CPXPARAM_Barrier_Algorithm=0;CPXPARAM_Barrier_ColNonzeros=0;CPXPARAM_Barrier_Crossover=0;CPXPARAM_Barrier_Limits_Corrections=-1;CPXPARAM_Barrier_Ordering=0;CPXPARAM_Barrier_StartAlg=1;CPXPARAM_Emphasis_MIP=1;CPXPARAM_Emphasis_Memory=0;CPXPARAM_Emphasis_Numerical=0;CPXPARAM_Feasopt_Mode=0;CPXPARAM_LPMethod=0;CPXPARAM_MIP_Cuts_Cliques=0;CPXPARAM_MIP_Cuts_Covers=0;CPXPARAM_MIP_Cuts_Disjunctive=2;CPXPARAM_MIP_Cuts_FlowCovers=1;CPXPARAM_MIP_Cuts_GUBCovers=2;CPXPARAM_MIP_Cuts_Gomory=2;CPXPARAM_MIP_Cuts_Implied=1;CPXPARAM_MIP_Cuts_MIRCut=-1;CPXPARAM_MIP_Cuts_PathCut=2;CPXPARAM_MIP_Limits_AggForCut=3;CPXPARAM_MIP_Limits_CutPasses=0;CPXPARAM_MIP_Limits_CutsFactor=-1;CPXPARAM_MIP_Limits_GomoryCand=800;CPXPARAM_MIP_Limits_GomoryPass=0;CPXPARAM_MIP_Limits_Nodes=9223372036800000000;CPXPARAM_MIP_Limits_ProbeTime=1e+75;CPXPARAM_MIP_Limits_RepairTries=0;CPXPARAM_MIP_Limits_StrongCand=10;CPXPARAM_MIP_Limits_StrongIt=0;CPXPARAM_MIP_OrderType=0;CPXPARAM_MIP_Strategy_BBInterval=7;CPXPARAM_MIP_Strategy_Branch=0;CPXPARAM_MIP_Strategy_Dive=2;CPXPARAM_MIP_Strategy_File=1;CPXPARAM_MIP_Strategy_HeuristicFreq=0;CPXPARAM_MIP_Strategy_LBHeur=0;CPXPARAM_MIP_Strategy_NodeSelect=1;CPXPARAM_MIP_Strategy_Order=1;CPXPARAM_MIP_Strategy_PresolveNode=0;CPXPARAM_MIP_Strategy_Probe=3;CPXPARAM_MIP_Strategy_RINSHeur=0;CPXPARAM_MIP_Strategy_StartAlgorithm=0;CPXPARAM_MIP_Strategy_SubAlgorithm=0;CPXPARAM_MIP_Strategy_VariableSelect=0;CPXPARAM_Network_NetFind=2;CPXPARAM_Network_Pricing=0;CPXPARAM_Parallel=1;CPXPARAM_Preprocessing_Aggregator=-1;CPXPARAM_Preprocessing_BoundStrength=-1;CPXPARAM_Preprocessing_CoeffReduce=-1;CPXPARAM_Preprocessing_Dependency=-1;CPXPARAM_Preprocessing_Dual=0;CPXPARAM_Preprocessing_Fill=10;CPXPARAM_Preprocessing_NumPass=-1;CPXPARAM_Preprocessing_Presolve=1;CPXPARAM_Preprocessing_QPMakePSD=1;CPXPARAM_Preprocessing_Reduce=3;CPXPARAM_Preprocessing_Relax=-1;CPXPARAM_Preprocessing_RepeatPresolve=-1;CPXPARAM_Preprocessing_Symmetry=-1;CPXPARAM_Read_Scale=0;CPXPARAM_Sifting_Algorithm=0;CPXPARAM_Simplex_Crash=1;CPXPARAM_Simplex_DGradient=0;CPXPARAM_Simplex_Limits_Perturbation=0;CPXPARAM_Simplex_Limits_Singularity=10;CPXPARAM_Simplex_PGradient=0;CPXPARAM_Simplex_Pricing=0;CPXPARAM_Simplex_Refactor=0
1754105815301179634,0,CPXPARAM_Advance=1;CPXPARAM_Barrier_Algorithm=0;CPXPARAM_Barrier_ColNonzeros=0;CPXPARAM_Barrier_Crossover=0;CPXPARAM_Barrier_Limits_Corrections=-1;CPXPARAM_Barrier_Ordering=0;CPXPARAM_Barrier_StartAlg=1;CPXPARAM_Emphasis_MIP=1;CPXPARAM_Emphasis_Memory=0;CPXPARAM_Emphasis_Numerical=0;CPXPARAM_Feasopt_Mode=0;CPXPARAM_LPMethod=0;CPXPARAM_MIP_Cuts_Cliques=-1;CPXPARAM_MIP_Cuts_Covers=0;CPXPARAM_MIP_Cuts_Disjunctive=2;CPXPARAM_MIP_Cuts_FlowCovers=0;CPXPARAM_MIP_Cuts_GUBCovers=0;CPXPARAM_MIP_Cuts_Gomory=-1;CPXPARAM_MIP_Cuts_Implied=1;CPXPARAM_MIP_Cuts_MIRCut=2;CPXPARAM_MIP_Cuts_PathCut=-1;CPXPARAM_MIP_Limits_AggForCut=3;CPXPARAM_MIP_Limits_CutPasses=0;CPXPARAM_MIP_Limits_CutsFactor=-1;CPXPARAM_MIP_Limits_GomoryCand=800;CPXPARAM_MIP_Limits_GomoryPass=0;CPXPARAM_MIP_Limits_Nodes=9223372036800000000;CPXPARAM_MIP_Limits_ProbeTime=40;CPXPARAM_MIP_Limits_RepairTries=0;CPXPARAM_MIP_Limits_StrongCand=10;CPXPARAM_MIP_Limits_StrongIt=0;CPXPARAM_MIP_OrderType=0;CPXPARAM_MIP_Strategy_BBInterval=7;CPXPARAM_MIP_Strategy_Branch=-1;CPXPARAM_MIP_Strategy_Dive=0;CPXPARAM_MIP_Strategy_File=1;CPXPARAM_MIP_Strategy_HeuristicFreq=0;CPXPARAM_MIP_Strategy_LBHeur=0;CPXPARAM_MIP_Strategy_NodeSelect=1;CPXPARAM_MIP_Strategy_Order=1;CPXPARAM_MIP_Strategy_PresolveNode=0;CPXPARAM_MIP_Strategy_Probe=1;CPXPARAM_MIP_Strategy_RINSHeur=0;CPXPARAM_MIP_Strategy_StartAlgorithm=0;CPXPARAM_MIP_Strategy_SubAlgorithm=0;CPXPARAM_MIP_Strategy_VariableSelect=3;CPXPARAM_Network_NetFind=2;CPXPARAM_Network_Pricing=0;CPXPARAM_Parallel=1;CPXPARAM_Preprocessing_Aggregator=-1;CPXPARAM_Preprocessing_BoundStrength=-1;CPXPARAM_Preprocessing_CoeffReduce=-1;CPXPARAM_Preprocessing_Dependency=-1;CPXPARAM_Preprocessing_Dual=0;CPXPARAM_Preprocessing_Fill=10;CPXPARAM_Preprocessing_NumPass=-1;CPXPARAM_Preprocessing_Presolve=1;CPXPARAM_Preprocessing_QPMakePSD=1;CPXPARAM_Preprocessing_Reduce=3;CPXPARAM_Preprocessing_Relax=-1;CPXPARAM_Preprocessing_RepeatPresolve=-1;CPXPARAM_Preprocessing_Symmetry=-1;CPXPARAM_Read_Scale=0;CPXPARAM_Sifting_Algorithm=0;CPXPARAM_Simplex_Crash=1;CPXPARAM_Simplex_DGradient=0;CPXPARAM_Simplex_Limits_Perturbation=0;CPXPARAM_Simplex_Limits_Singularity=10;CPXPARAM_Simplex_PGradient=0;CPXPARAM_Simplex_Pricing=0;CPXPARAM_Simplex_Refactor=0
2823934824078185206,0,CPXPARAM_Advance=1;CPXPARAM_Barrier_Algorithm=0;CPXPARAM_Barrier_ColNonzeros=0;CPXPARAM_Barrier_Crossover=0;CPXPARAM_Barrier_Limits_Corrections=-1;CPXPARAM_Barrier_Ordering=0;CPXPARAM_Barrier_StartAlg=1;CPXPARAM_Emphasis_MIP=0;CPXPARAM_Emphasis_Memory=0;CPXPARAM_Emphasis_Numerical=0;CPXPARAM_Feasopt_Mode=0;CPXPARAM_LPMethod=0;CPXPARAM_MIP_Cuts_Cliques=0;CPXPARAM_MIP_Cuts_Covers=0;CPXPARAM_MIP_Cuts_Disjunctive=0;CPXPARAM_MIP_Cuts_FlowCovers=0;CPXPARAM_MIP_Cuts_GUBCovers=0;CPXPARAM_MIP_Cuts_Gomory=1;CPXPARAM_MIP_Cuts_Implied=0;CPXPARAM_MIP_Cuts_MIRCut=0;CPXPARAM_MIP_Cuts_PathCut=0;CPXPARAM_MIP_Limits_AggForCut=3;CPXPARAM_MIP_Limits_CutPasses=0;CPXPARAM_MIP_Limits_CutsFactor=-1;CPXPARAM_MIP_Limits_GomoryCand=200;CPXPARAM_MIP_Limits_GomoryPass=0;CPXPARAM_MIP_Limits_Nodes=9223372036800000000;CPXPARAM_MIP_Limits_ProbeTime=1e+75;CPXPARAM_MIP_Limits_RepairTries=0;CPXPARAM_MIP_Limits_StrongCand=10;CPXPARAM_MIP_Limits_StrongIt=0;CPXPARAM_MIP_OrderType=0;CPXPARAM_MIP_Strategy_BBInterval=7;CPXPARAM_MIP_Strategy_Branch=0;CPXPARAM_MIP_Strategy_Dive=0;CPXPARAM_MIP_Strategy_File=1;CPXPARAM_MIP_Strategy_HeuristicFreq=0;CPXPARAM_MIP_Strategy_LBHeur=0;CPXPARAM_MIP_Strategy_NodeSelect=1;CPXPARAM_MIP_Strategy_Order=1;CPXPARAM_MIP_Strategy_PresolveNode=0;CPXPARAM_MIP_Strategy_Probe=0;CPXPARAM_MIP_Strategy_RINSHeur=0;CPXPARAM_MIP_Strategy_StartAlgorithm=0;CPXPARAM_MIP_Strategy_SubAlgorithm=0;CPXPARAM_MIP_Strategy_VariableSelect=0;CPXPARAM_Network_NetFind=2;CPXPARAM_Network_Pricing=0;CPXPARAM_Parallel=1;CPXPARAM_Preprocessing_Aggregator=-1;CPXPARAM_Preprocessing_BoundStrength=-1;CPXPARAM_Preprocessing_CoeffReduce=-1;CPXPARAM_Preprocessing_Dependency=-1;CPXPARAM_Preprocessing_Dual=0;CPXPARAM_Preprocessing_Fill=10;CPXPARAM_Preprocessing_NumPass=-1;CPXPARAM_Preprocessing_Presolve=1;CPXPARAM_Preprocessing_QPMakePSD=1;CPXPARAM_Preprocessing_Reduce=3;CPXPARAM_Preprocessing_Relax=-1;CPXPARAM_Preprocessing_RepeatPresolve=-1;CPXPARAM_Preprocessing_Symmetry=-1;CPXPARAM_Read_Scale=0;CPXPARAM_Sifting_Algorithm=0;CPXPARAM_Simplex_Crash=1;CPXPARAM_Simplex_DGradient=0;CPXPARAM_Simplex_Limits_Perturbation=0;CPXPARAM_Simplex_Limits_Singularity=10;CPXPARAM_Simplex_PGradient=0;CPXPARAM_Simplex_Pricing=0;CPXPARAM_Simplex_Refactor=0
6992180244991143517,0,CPXPARAM_Advance=1;CPXPARAM_Barrier_Algorithm=0;CPXPARAM_Barrier_ColNonzeros=0;CPXPARAM_Barrier_Crossover=0;CPXPARAM_Barrier_Limits_Corrections=-1;CPXPARAM_Barrier_Ordering=0;CPXPARAM_Barrier_StartAlg=1;CPXPARAM_Emphasis_MIP=1;CPXPARAM_Emphasis_Memory=0;CPXPARAM_Emphasis_Numerical=0;CPXPARAM_Feasopt_Mode=0;CPXPARAM_LPMethod=0;CPXPARAM_MIP_Cuts_Cliques=0;CPXPARAM_MIP_Cuts_Covers=0;CPXPARAM_MIP_Cuts_Disjunctive=2;CPXPARAM_MIP_Cuts_FlowCovers=1;CPXPARAM_MIP_Cuts_GUBCovers=2;CPXPARAM_MIP_Cuts_Gomory=2;CPXPARAM_MIP_Cuts_Implied=1;CPXPARAM_MIP_Cuts_MIRCut=-1;CPXPARAM_MIP_Cuts_PathCut=2;CPXPARAM_MIP_Limits_AggForCut=3;CPXPARAM_MIP_Limits_CutPasses=0;CPXPARAM_MIP_Limits_CutsFactor=-1;CPXPARAM_MIP_Limits_GomoryCand=200;CPXPARAM_MIP_Limits_GomoryPass=0;CPXPARAM_MIP_Limits_Nodes=9223372036800000000;CPXPARAM_MIP_Limits_ProbeTime=1e+75;CPXPARAM_MIP_Limits_RepairTries=0;CPXPARAM_MIP_Limits_StrongCand=10;CPXPARAM_MIP_Limits_StrongIt=0;CPXPARAM_MIP_OrderType=0;CPXPARAM_MIP_Strategy_BBInterval=7;CPXPARAM_MIP_Strategy_Branch=0;CPXPARAM_MIP_Strategy_Dive=0;CPXPARAM_MIP_Strategy_File=1;CPXPARAM_MIP_Strategy_HeuristicFreq=0;CPXPARAM_MIP_Strategy_LBHeur=0;CPXPARAM_MIP_Strategy_NodeSelect=1;CPXPARAM_MIP_Strategy_Order=1;CPXPARAM_MIP_Strategy_PresolveNode=0;CPXPARAM_MIP_Strategy_Probe=0;CPXPARAM_MIP_Strategy_RINSHeur=0;CPXPARAM_MIP_Strategy_StartAlgorithm=0;CPXPARAM_MIP_Strategy_SubAlgorithm=0;CPXPARAM_MIP_Strategy_VariableSelect=0;CPXPARAM_Network_NetFind=2;CPXPARAM_Network_Pricing=0;CPXPARAM_Parallel=1;CPXPARAM_Preprocessing_Aggregator=-1;CPXPARAM_Preprocessing_BoundStrength=-1;CPXPARAM_Preprocessing_CoeffReduce=-1;CPXPARAM_Preprocessing_Dependency=-1;CPXPARAM_Preprocessing_Dual=0;CPXPARAM_Preprocessing_Fill=10;CPXPARAM_Preprocessing_NumPass=-1;CPXPARAM_Preprocessing_Presolve=1;CPXPARAM_Preprocessing_QPMakePSD=1;CPXPARAM_Preprocessing_Reduce=3;CPXPARAM_Preprocessing_Relax=-1;CPXPARAM_Preprocessing_RepeatPresolve=-1;CPXPARAM_Preprocessing_Symmetry=-1;CPXPARAM_Read_Scale=0;CPXPARAM_Sifting_Algorithm=0;CPXPARAM_Simplex_Crash=1;CPXPARAM_Simplex_DGradient=0;CPXPARAM_Simplex_Limits_Perturbation=0;CPXPARAM_Simplex_Limits_Singularity=10;CPXPARAM_Simplex_PGradient=0;CPXPARAM_Simplex_Pricing=0;CPXPARAM_Simplex_Refactor=0
14857693914316017248,0,CPXPARAM_Advance=1;CPXPARAM_Barrier_Algorithm=0;CPXPARAM_Barrier_ColNonzeros=0;CPXPARAM_Barrier_Crossover=0;CPXPARAM_Barrier_Limits_Corrections=-1;CPXPARAM_Barrier_Ordering=0;CPXPARAM_Barrier_StartAlg=1;CPXPARAM_Emphasis_MIP=1;CPXPARAM_Emphasis_Memory=0;CPXPARAM_Emphasis_Numerical=0;CPXPARAM_Feasopt_Mode=0;CPXPARAM_LPMethod=0;CPXPARAM_MIP_Cuts_Cliques=0;CPXPARAM_MIP_Cuts_Covers=0;CPXPARAM_MIP_Cuts_Disjunctive=2;CPXPARAM_MIP_Cuts_FlowCovers=1;CPXPARAM_MIP_Cuts_GUBCovers=2;CPXPARAM_MIP_Cuts_Gomory=2;CPXPARAM_MIP_Cuts_Implied=1;CPXPARAM_MIP_Cuts_MIRCut=-1;CPXPARAM_MIP_Cuts_PathCut=2;CPXPARAM_MIP_Limits_AggForCut=3;CPXPARAM_MIP_Limits_CutPasses=0;CPXPARAM_MIP_Limits_CutsFactor=-1;CPXPARAM_MIP_Limits_GomoryCand=800;CPXPARAM_MIP_Limits_GomoryPass=0;CPXPARAM_MIP_Limits_Nodes=9223372036800000000;CPXPARAM_MIP_Limits_ProbeTime=5;CPXPARAM_MIP_Limits_RepairTries=0;CPXPARAM_MIP_Limits_StrongCand=10;CPXPARAM_MIP_Limits_StrongIt=0;CPXPARAM_MIP_OrderType=0;CPXPARAM_MIP_Strategy_BBInterval=7;CPXPARAM_MIP_Strategy_Branch=0;CPXPARAM_MIP_Strategy_Dive=0;CPXPARAM_MIP_Strategy_File=1;CPXPARAM_MIP_Strategy_HeuristicFreq=0;CPXPARAM_MIP_Strategy_LBHeur=0;CPXPARAM_MIP_Strategy_NodeSelect=1;CPXPARAM_MIP_Strategy_Order=1;CPXPARAM_MIP_Strategy_PresolveNode=0;CPXPARAM_MIP_Strategy_Probe=3;CPXPARAM_MIP_Strategy_RINSHeur=0;CPXPARAM_MIP_Strategy_StartAlgorithm=5;CPXPARAM_MIP_Strategy_SubAlgorithm=0;CPXPARAM_MIP_Strategy_VariableSelect=0;CPXPARAM_Network_NetFind=2;CPXPARAM_Network_Pricing=0;CPXPARAM_Parallel=1;CPXPARAM_Preprocessing_Aggregator=-1;CPXPARAM_Preprocessing_BoundStrength=-1;CPXPARAM_Preprocessing_CoeffReduce=-1;CPXPARAM_Preprocessing_Dependency=-1;CPXPARAM_Preprocessing_Dual=0;CPXPARAM_Preprocessing_Fill=10;CPXPARAM_Preprocessing_NumPass=-1;CPXPARAM_Preprocessing_Presolve=1;CPXPARAM_Preprocessing_QPMakePSD=1;CPXPARAM_Preprocessing_Reduce=3;CPXPARAM_Preprocessing_Relax=-1;CPXPARAM_Preprocessing_RepeatPresolve=-1;CPXPARAM_Preprocessing_Symmetry=4;CPXPARAM_Read_Scale=0;CPXPARAM_Sifting_Algorithm=0;CPXPARAM_Simplex_Crash=1;CPXPARAM_Simplex_DGradient=0;CPXPARAM_Simplex_Limits_Perturbation=0;CPXPARAM_Simplex_Limits_Singularity=10;CPXPARAM_Simplex_PGradient=0;CPXPARAM_Simplex_Pricing=0;CPXPARAM_Simplex_Refactor=0
4153034624109786065,0,CPXPARAM_Advance=1;CPXPARAM_Barrier_Algorithm=0;CPXPARAM_Barrier_ColNonzeros=0;CPXPARAM_Barrier_Crossover=0;CPXPARAM_Barrier_Limits_Corrections=-1;CPXPARAM_Barrier_Ordering=0;CPXPARAM_Barrier_StartAlg=1;CPXPARAM_Emphasis_MIP=1;CPXPARAM_Emphasis_Memory=0;CPXPARAM_Emphasis_Numerical=0;CPXPARAM_Feasopt_Mode=0;CPXPARAM_LPMethod=0;CPXPARAM_MIP_Cuts_Cliques=0;CPXPARAM_MIP_Cuts_Covers=0;CPXPARAM_MIP_Cuts_Disjunctive=2;CPXPARAM_MIP_Cuts_FlowCovers=1;CPXPARAM_MIP_Cuts_GUBCovers=2;CPXPARAM_MIP_Cuts_Gomory=2;CPXPARAM_MIP_Cuts_Implied=1;CPXPARAM_MIP_Cuts_MIRCut=-1;CPXPARAM_MIP_Cuts_PathCut=2;CPXPARAM_MIP_Limits_AggForCut=3;CPXPARAM_MIP_Limits_CutPasses=0;CPXPARAM_MIP_Limits_CutsFactor=-1;CPXPARAM_MIP_Limits_GomoryCand=800;CPXPARAM_MIP_Limits_GomoryPass=0;CPXPARAM_MIP_Limits_Nodes=9223372036800000000;CPXPARAM_MIP_Limits_ProbeTime=1e+75;CPXPARAM_MIP_Limits_RepairTries=0;CPXPARAM_MIP_Limits_StrongCand=10;CPXPARAM_MIP_Limits_StrongIt=0;CPXPARAM_MIP_OrderType=0;CPXPARAM_MIP_Strategy_BBInterval=7;CPXPARAM_MIP_Strategy_Branch=0;CPXPARAM_MIP_Strategy_Dive=0;CPXPARAM_MIP_Strategy_File=1;CPXPARAM_MIP_Strategy_HeuristicFreq=0;CPXPARAM_MIP_Strategy_LBHeur=0;CPXPARAM_MIP_Strategy_NodeSelect=1;CPXPARAM_MIP_Strategy_Order=1;CPXPARAM_MIP_Strategy_PresolveNode=0;CPXPARAM_MIP_Strategy_Probe=1;CPXPARAM_MIP_Strategy_RINSHeur=0;CPXPARAM_MIP_Strategy_StartAlgorithm=0;CPXPARAM_MIP_Strategy_SubAlgorithm=0;CPXPARAM_MIP_Strategy_VariableSelect=0;CPXPARAM_Network_NetFind=2;CPXPARAM_Network_Pricing=0;CPXPARAM_Parallel=1;CPXPARAM_Preprocessing_Aggregator=-1;CPXPARAM_Preprocessing_BoundStrength=-1;CPXPARAM_Preprocessing_CoeffReduce=-1;CPXPARAM_Preprocessing_Dependency=-1;CPXPARAM_Preprocessing_Dual=0;CPXPARAM_Preprocessing_Fill=10;CPXPARAM_Preprocessing_NumPass=-1;CPXPARAM_Preprocessing_Presolve=1;CPXPARAM_Preprocessing_QPMakePSD=1;CPXPARAM_Preprocessing_Reduce=3;CPXPARAM_Preprocessing_Relax=-1;CPXPARAM_Preprocessing_RepeatPresolve=-1;CPXPARAM_Preprocessing_Symmetry=-1;CPXPARAM_Read_Scale=0;CPXPARAM_Sifting_Algorithm=0;CPXPARAM_Simplex_Crash=1;CPXPARAM_Simplex_DGradient=0;CPXPARAM_Simplex_Limits_Perturbation=0;CPXPARAM_Simplex_Limits_Singularity=10;CPXPARAM_Simplex_PGradient=0;CPXPARAM_Simplex_Pricing=0;CPXPARAM_Simplex_Refactor=0
17395890830167971433,0,CPXPARAM_Advance=1;CPXPARAM_Barrier_Algorithm=0;CPXPARAM_Barrier_ColNonzeros=0;CPXPARAM_Barrier_Crossover=0;CPXPARAM_Barrier_Limits_Corrections=-1;CPXPARAM_Barrier_Ordering=0;CPXPARAM_Barrier_StartAlg=1;CPXPARAM_Emphasis_MIP=1;CPXPARAM_Emphasis_Memory=0;CPXPARAM_Emphasis_Numerical=0;CPXPARAM_Feasopt_Mode=0;CPXPARAM_LPMethod=0;CPXPARAM_MIP_Cuts_Cliques=0;CPXPARAM_MIP_Cuts_Covers=0;CPXPARAM_MIP_Cuts_Disjunctive=2;CPXPARAM_MIP_Cuts_FlowCovers=1;CPXPARAM_MIP_Cuts_GUBCovers=2;CPXPARAM_MIP_Cuts_Gomory=2;CPXPARAM_MIP_Cuts_Implied=1;CPXPARAM_MIP_Cuts_MIRCut=-1;CPXPARAM_MIP_Cuts_PathCut=2;CPXPARAM_MIP_Limits_AggForCut=3;CPXPARAM_MIP_Limits_CutPasses=0;CPXPARAM_MIP_Limits_CutsFactor=-1;CPXPARAM_MIP_Limits_GomoryCand=800;CPXPARAM_MIP_Limits_GomoryPass=0;CPXPARAM_MIP_Limits_Nodes=9223372036800000000;CPXPARAM_MIP_Limits_ProbeTime=1e+75;CPXPARAM_MIP_Limits_RepairTries=0;CPXPARAM_MIP_Limits_StrongCand=10;CPXPARAM_MIP_Limits_StrongIt=0;CPXPARAM_MIP_OrderType=0;CPXPARAM_MIP_Strategy_BBInterval=7;CPXPARAM_MIP_Strategy_Branch=0;CPXPARAM_MIP_Strategy_Dive=0;CPXPARAM_MIP_Strategy_File=1;CPXPARAM_MIP_Strategy_HeuristicFreq=0;CPXPARAM_MIP_Strategy_LBHeur=0;CPXPARAM_MIP_Strategy_NodeSelect=2;CPXPARAM_MIP_Strategy_Order=1;CPXPARAM_MIP_Strategy_PresolveNode=0;CPXPARAM_MIP_Strategy_Probe=3;CPXPARAM_MIP_Strategy_RINSHeur=0;CPXPARAM_MIP_Strategy_StartAlgorithm=0;CPXPARAM_MIP_Strategy_SubAlgorithm=0;CPXPARAM_MIP_Strategy_VariableSelect=0;CPXPARAM_Network_NetFind=2;CPXPARAM_Network_Pricing=0;CPXPARAM_Parallel=1;CPXPARAM_Preprocessing_Aggregator=-1;CPXPARAM_Preprocessing_BoundStrength=-1;CPXPARAM_Preprocessing_CoeffReduce=-1;CPXPARAM_Preprocessing_Dependency=-1;CPXPARAM_Preprocessing_Dual=0;CPXPARAM_Preprocessing_Fill=10;CPXPARAM_Preprocessing_NumPass=-1;CPXPARAM_Preprocessing_Presolve=1;CPXPARAM_Preprocessing_QPMakePSD=1;CPXPARAM_Preprocessing_Reduce=3;CPXPARAM_Preprocessing_Relax=-1;CPXPARAM_Preprocessing_RepeatPresolve=-1;CPXPARAM_Preprocessing_Symmetry=-1;CPXPARAM_Read_Scale=0;CPXPARAM_Sifting_Algorithm=0;CPXPARAM_Simplex_Crash=1;CPXPARAM_Simplex_DGradient=0;CPXPARAM_Simplex_Limits_Perturbation=0;CPXPARAM_Simplex_Limits_Singularity=10;CPXPARAM_Simplex_PGradient=0;CPXPARAM_Simplex_Pricing=0;CPXPARAM_Simplex_Refactor=0
11502480688768578771,0,CPXPARAM_Advance=1;CPXPARAM_Barrier_Algorithm=0;CPXPARAM_Barrier_ColNonzeros=0;CPXPARAM_Barrier_Crossover=0;CPXPARAM_Barrier_Limits_Corrections=-1;CPXPARAM_Barrier_Ordering=0;CPXPARAM_Barrier_StartAlg=1;CPXPARAM_Emphasis_MIP=1;CPXPARAM_Emphasis_Memory=0;CPXPARAM_Emphasis_Numerical=0;CPXPARAM_Feasopt_Mode=0;CPXPARAM_LPMethod=0;CPXPARAM_MIP_Cuts_Cliques=2;CPXPARAM_MIP_Cuts_Covers=0;CPXPARAM_MIP_Cuts_Disjunctive=0;CPXPARAM_MIP_Cuts_FlowCovers=-1;CPXPARAM_MIP_Cuts_GUBCovers=2;CPXPARAM_MIP_Cuts_Gomory=2;CPXPARAM_MIP_Cuts_Implied=-1;CPXPARAM_MIP_Cuts_MIRCut=2;CPXPARAM_MIP_Cuts_PathCut=2;CPXPARAM_MIP_Limits_AggForCut=3;CPXPARAM_MIP_Limits_CutPasses=0;CPXPARAM_MIP_Limits_CutsFactor=-1;CPXPARAM_MIP_Limits_GomoryCand=150;CPXPARAM_MIP_Limits_GomoryPass=0;CPXPARAM_MIP_Limits_Nodes=9223372036800000000;CPXPARAM_MIP_Limits_ProbeTime=30;CPXPARAM_MIP_Limits_RepairTries=0;CPXPARAM_MIP_Limits_StrongCand=10;CPXPARAM_MIP_Limits_StrongIt=0;CPXPARAM_MIP_OrderType=0;CPXPARAM_MIP_Strategy_BBInterval=7;CPXPARAM_MIP_Strategy_Branch=0;CPXPARAM_MIP_Strategy_Dive=0;CPXPARAM_MIP_Strategy_File=1;CPXPARAM_MIP_Strategy_HeuristicFreq=0;CPXPARAM_MIP_Strategy_LBHeur=0;CPXPARAM_MIP_Strategy_NodeSelect=1;CPXPARAM_MIP_Strategy_Order=1;CPXPARAM_MIP_Strategy_PresolveNode=0;CPXPARAM_MIP_Strategy_Probe=0;CPXPARAM_MIP_Strategy_RINSHeur=0;CPXPARAM_MIP_Strategy_StartAlgorithm=6;CPXPARAM_MIP_Strategy_SubAlgorithm=5;CPXPARAM_MIP_Strategy_VariableSelect=0;CPXPARAM_Network_NetFind=2;CPXPARAM_Network_Pricing=0;CPXPARAM_Parallel=1;CPXPARAM_Preprocessing_Aggregator=-1;CPXPARAM_Preprocessing_BoundStrength=-1;CPXPARAM_Preprocessing_CoeffReduce=-1;CPXPARAM_Preprocessing_Dependency=-1;CPXPARAM_Preprocessing_Dual=0;CPXPARAM_Preprocessing_Fill=10;CPXPARAM_Preprocessing_NumPass=-1;CPXPARAM_Preprocessing_Presolve=1;CPXPARAM_Preprocessing_QPMakePSD=1;CPXPARAM_Preprocessing_Reduce=3;CPXPARAM_Preprocessing_Relax=-1;CPXPARAM_Preprocessing_RepeatPresolve=-1;CPXPARAM_Preprocessing_Symmetry=3;CPXPARAM_Read_Scale=0;CPXPARAM_Sifting_Algorithm=0;CPXPARAM_Simplex_Crash=1;CPXPARAM_Simplex_DGradient=0;CPXPARAM_Simplex_Limits_Perturbation=0;CPXPARAM_Simplex_Limits_Singularity=10;CPXPARAM_Simplex_PGradient=0;CPXPARAM_Simplex_Pricing=0;CPXPARAM_Simplex_Refactor=0
1028039821694240447,0,CPXPARAM_Advance=1;CPXPARAM_Barrier_Algorithm=0;CPXPARAM_Barrier_ColNonzeros=0;CPXPARAM_Barrier_Crossover=0;CPXPARAM_Barrier_Limits_Corrections=-1;CPXPARAM_Barrier_Ordering=0;CPXPARAM_Barrier_StartAlg=1;CPXPARAM_Emphasis_MIP=1;CPXPARAM_Emphasis_Memory=0;CPXPARAM_Emphasis_Numerical=0;CPXPARAM_Feasopt_Mode=0;CPXPARAM_LPMethod=0;CPXPARAM_MIP_Cuts_Cliques=0;CPXPARAM_MIP_Cuts_Covers=0;CPXPARAM_MIP_Cuts_Disjunctive=2;CPXPARAM_MIP_Cuts_FlowCovers=1;CPXPARAM_MIP_Cuts_GUBCovers=2;CPXPARAM_MIP_Cuts_Gomory=2;CPXPARAM_MIP_Cuts_Implied=1;CPXPARAM_MIP_Cuts_MIRCut=-1;CPXPARAM_MIP_Cuts_PathCut=2;CPXPARAM_MIP_Limits_AggForCut=3;CPXPARAM_MIP_Limits_CutPasses=0;CPXPARAM_MIP_Limits_CutsFactor=-1;CPXPARAM_MIP_Limits_GomoryCand=800;CPXPARAM_MIP_Limits_GomoryPass=0;CPXPARAM_MIP_Limits_Nodes=9223372036800000000;CPXPARAM_MIP_Limits_ProbeTime=1e+75;CPXPARAM_MIP_Limits_RepairTries=0;CPXPARAM_MIP_Limits_StrongCand=10;CPXPARAM_MIP_Limits_StrongIt=0;CPXPARAM_MIP_OrderType=0;CPXPARAM_MIP_Strategy_BBInterval=7;CPXPARAM_MIP_Strategy_Branch=0;CPXPARAM_MIP_Strategy_Dive=0;CPXPARAM_MIP_Strategy_File=1;CPXPARAM_MIP_Strategy_HeuristicFreq=0;CPXPARAM_MIP_Strategy_LBHeur=0;CPXPARAM_MIP_Strategy_NodeSelect=1;CPXPARAM_MIP_Strategy_Order=1;CPXPARAM_MIP_Strategy_PresolveNode=0;CPXPARAM_MIP_Strategy_Probe=3;CPXPARAM_MIP_Strategy_RINSHeur=200;CPXPARAM_MIP_Strategy_StartAlgorithm=0;CPXPARAM_MIP_Strategy_SubAlgorithm=0;CPXPARAM_MIP_Strategy_VariableSelect=0;CPXPARAM_Network_NetFind=2;CPXPARAM_Network_Pricing=0;CPXPARAM_Parallel=1;CPXPARAM_Preprocessing_Aggregator=-1;CPXPARAM_Preprocessing_BoundStrength=-1;CPXPARAM_Preprocessing_CoeffReduce=-1;CPXPARAM_Preprocessing_Dependency=-1;CPXPARAM_Preprocessing_Dual=0;CPXPARAM_Preprocessing_Fill=10;CPXPARAM_Preprocessing_NumPass=-1;CPXPARAM_Preprocessing_Presolve=1;CPXPARAM_Preprocessing_QPMakePSD=1;CPXPARAM_Preprocessing_Reduce=3;CPXPARAM_Preprocessing_Relax=-1;CPXPARAM_Preprocessing_RepeatPresolve=-1;CPXPARAM_Preprocessing_Symmetry=-1;CPXPARAM_Read_Scale=0;CPXPARAM_Sifting_Algorithm=0;CPXPARAM_Simplex_Crash=1;CPXPARAM_Simplex_DGradient=0;CPXPARAM_Simplex_Limits_Perturbation=0;CPXPARAM_Simplex_Limits_Singularity=10;CPXPARAM_Simplex_PGradient=0;CPXPARAM_Simplex_Pricing=0;CPXPARAM_Simplex_Refactor=0
17346124072263688186,0,CPXPARAM_Advance=1;CPXPARAM_Barrier_Algorithm=0;CPXPARAM_Barrier_ColNonzeros=0;CPXPARAM_Barrier_Crossover=0;CPXPARAM_Barrier_Limits_Corrections=-1;CPXPARAM_Barrier_Ordering=0;CPXPARAM_Barrier_StartAlg=1;CPXPARAM_Emphasis_MIP=1;CPXPARAM_Emphasis_Memory=0;CPXPARAM_Emphasis_Numerical=0;CPXPARAM_Feasopt_Mode=0;CPXPARAM_LPMethod=0;CPXPARAM_MIP_Cuts_Cliques=0;CPXPARAM_MIP_Cuts_Covers=0;CPXPARAM_MIP_Cuts_Disjunctive=2;CPXPARAM_MIP_Cuts_FlowCovers=1;CPXPARAM_MIP_Cuts_GUBCovers=2;CPXPARAM_MIP_Cuts_Gomory=2;CPXPARAM_MIP_Cuts_Implied=1;CPXPARAM_MIP_Cuts_MIRCut=-1;CPXPARAM_MIP_Cuts_PathCut=2;CPXPARAM_MIP_Limits_AggForCut=3;CPXPARAM_MIP_Limits_CutPasses=0;CPXPARAM_MIP_Limits_CutsFactor=-1;CPXPARAM_MIP_Limits_GomoryCand=800;CPXPARAM_MIP_Limits_GomoryPass=0;CPXPARAM_MIP_Limits_Nodes=9223372036800000000;CPXPARAM_MIP_Limits_ProbeTime=1e+75;CPXPARAM_MIP_Limits_RepairTries=0;CPXPARAM_MIP_Limits_StrongCand=10;CPXPARAM_MIP_Limits_StrongIt=0;CPXPARAM_MIP_OrderType=0;CPXPARAM_MIP_Strategy_BBInterval=7;CPXPARAM_MIP_Strategy_Branch=0;CPXPARAM_MIP_Strategy_Dive=0;CPXPARAM_MIP_Strategy_File=1;CPXPARAM_MIP_Strategy_HeuristicFreq=0;CPXPARAM_MIP_Strategy_LBHeur=0;CPXPARAM_MIP_Strategy_NodeSelect=1;CPXPARAM_MIP_Strategy_Order=1;CPXPARAM_MIP_Strategy_PresolveNode=0;CPXPARAM_MIP_Strategy_Probe=3;CPXPARAM_MIP_Strategy_RINSHeur=0;CPXPARAM_MIP_Strategy_StartAlgorithm=0;CPXPARAM_MIP_Strategy_SubAlgorithm=0;CPXPARAM_MIP_Strategy_VariableSelect=2;CPXPARAM_Network_NetFind=2;CPXPARAM_Network_Pricing=0;CPXPARAM_Parallel=1;CPXPARAM_Preprocessing_Aggregator=-1;CPXPARAM_Preprocessing_BoundStrength=-1;CPXPARAM_Preprocessing_CoeffReduce=-1;CPXPARAM_Preprocessing_Dependency=-1;CPXPARAM_Preprocessing_Dual=0;CPXPARAM_Preprocessing_Fill=10;CPXPARAM_Preprocessing_NumPass=-1;CPXPARAM_Preprocessing_Presolve=1;CPXPARAM_Preprocessing_QPMakePSD=1;CPXPARAM_Preprocessing_Reduce=3;CPXPARAM_Preprocessing_Relax=-1;CPXPARAM_Preprocessing_RepeatPresolve=-1;CPXPARAM_Preprocessing_Symmetry=-1;CPXPARAM_Read_Scale=0;CPXPARAM_Sifting_Algorithm=0;CPXPARAM_Simplex_Crash=1;CPXPARAM_Simplex_DGradient=0;CPXPARAM_Simplex_Limits_Perturbation=0;CPXPARAM_Simplex_Limits_Singularity=10;CPXPARAM_Simplex_PGradient=0;CPXPARAM_Simplex_Pricing=0;CPXPARAM_Simplex_Refactor=0
15845716913131617777,0,CPXPARAM_Advance=1;CPXPARAM_Barrier_Algorithm=0;CPXPARAM_Barrier_ColNonzeros=0;CPXPARAM_Barrier_Crossover=0;CPXPARAM_Barrier_Limits_Corrections=-1;CPXPARAM_Barrier_Ordering=0;CPXPARAM_Barrier_StartAlg=1;CPXPARAM_Emphasis_MIP=1;CPXPARAM_Emphasis_Memory=0;CPXPARAM_Emphasis_Numerical=0;CPXPARAM_Feasopt_Mode=0;CPXPARAM_LPMethod=0;CPXPARAM_MIP_Cuts_Cliques=0;CPXPARAM_MIP_Cuts_Covers=0;CPXPARAM_MIP_Cuts_Disjunctive=2;CPXPARAM_MIP_Cuts_FlowCovers=1;CPXPARAM_MIP_Cuts_GUBCovers=2;CPXPARAM_MIP_Cuts_Gomory=2;CPXPARAM_MIP_Cuts_Implied=1;CPXPARAM_MIP_Cuts_MIRCut=-1;CPXPARAM_MIP_Cuts_PathCut=2;CPXPARAM_MIP_Limits_AggForCut=3;CPXPARAM_MIP_Limits_CutPasses=0;CPXPARAM_MIP_Limits_CutsFactor=16;CPXPARAM_MIP_Limits_GomoryCand=800;CPXPARAM_MIP_Limits_GomoryPass=0;CPXPARAM_MIP_Limits_Nodes=9223372036800000000;CPXPARAM_MIP_Limits_ProbeTime=1e+75;CPXPARAM_MIP_Limits_RepairTries=0;CPXPARAM_MIP_Limits_StrongCand=10;CPXPARAM_MIP_Limits_StrongIt=0;CPXPARAM_MIP_OrderType=0;CPXPARAM_MIP_Strategy_BBInterval=7;CPXPARAM_MIP_Strategy_Branch=0;CPXPARAM_MIP_Strategy_Dive=0;CPXPARAM_MIP_Strategy_File=1;CPXPARAM_MIP_Strategy_HeuristicFreq=0;CPXPARAM_MIP_Strategy_LBHeur=0;CPXPARAM_MIP_Strategy_NodeSelect=1;CPXPARAM_MIP_Strategy_Order=1;CPXPARAM_MIP_Strategy_PresolveNode=0;CPXPARAM_MIP_Strategy_Probe=3;CPXPARAM_MIP_Strategy_RINSHeur=0;CPXPARAM_MIP_Strategy_StartAlgorithm=0;CPXPARAM_MIP_Strategy_SubAlgorithm=0;CPXPARAM_MIP_Strategy_VariableSelect=0;CPXPARAM_Network_NetFind=2;CPXPARAM_Network_Pricing=0;CPXPARAM_Parallel=1;CPXPARAM_Preprocessing_Aggregator=-1;CPXPARAM_Preprocessing_BoundStrength=-1;CPXPARAM_Preprocessing_CoeffReduce=-1;CPXPARAM_Preprocessing_Dependency=-1;CPXPARAM_Preprocessing_Dual=0;CPXPARAM_Preprocessing_Fill=10;CPXPARAM_Preprocessing_NumPass=-1;CPXPARAM_Preprocessing_Presolve=1;CPXPARAM_Preprocessing_QPMakePSD=1;CPXPARAM_Preprocessing_Reduce=3;CPXPARAM_Preprocessing_Relax=-1;CPXPARAM_Preprocessing_RepeatPresolve=-1;CPXPARAM_Preprocessing_Symmetry=-1;CPXPARAM_Read_Scale=0;CPXPARAM_Sifting_Algorithm=0;CPXPARAM_Simplex_Crash=1;CPXPARAM_Simplex_DGradient=0;CPXPARAM_Simplex_Limits_Perturbation=0;CPXPARAM_Simplex_Limits_Singularity=10;CPXPARAM_Simplex_PGradient=0;CPXPARAM_Simplex_Pricing=0;CPXPARAM_Simplex_Refactor=0
4944707833418746371,0,CPXPARAM_Advance=1;CPXPARAM_Barrier_Algorithm=0;CPXPARAM_Barrier_ColNonzeros=0;CPXPARAM_Barrier_Crossover=0;CPXPARAM_Barrier_Limits_Corrections=-1;CPXPARAM_Barrier_Ordering=0;CPXPARAM_Barrier_StartAlg=2;CPXPARAM_Emphasis_MIP=1;CPXPARAM_Emphasis_Memory=0;CPXPARAM_Emphasis_Numerical=0;CPXPARAM_Feasopt_Mode=0;CPXPARAM_LPMethod=0;CPXPARAM_MIP_Cuts_Cliques=0;CPXPARAM_MIP_Cuts_Covers=0;CPXPARAM_MIP_Cuts_Disjunctive=2;CPXPARAM_MIP_Cuts_FlowCovers=1;CPXPARAM_MIP_Cuts_GUBCovers=2;CPXPARAM_MIP_Cuts_Gomory=2;CPXPARAM_MIP_Cuts_Implied=1;CPXPARAM_MIP_Cuts_MIRCut=-1;CPXPARAM_MIP_Cuts_PathCut=2;CPXPARAM_MIP_Limits_AggForCut=3;CPXPARAM_MIP_Limits_CutPasses=0;CPXPARAM_MIP_Limits_CutsFactor=-1;CPXPARAM_MIP_Limits_GomoryCand=800;CPXPARAM_MIP_Limits_GomoryPass=0;CPXPARAM_MIP_Limits_Nodes=9223372036800000000;CPXPARAM_MIP_Limits_ProbeTime=0;CPXPARAM_MIP_Limits_RepairTries=0;CPXPARAM_MIP_Limits_StrongCand=10;CPXPARAM_MIP_Limits_StrongIt=0;CPXPARAM_MIP_OrderType=0;CPXPARAM_MIP_Strategy_BBInterval=7;CPXPARAM_MIP_Strategy_Branch=0;CPXPARAM_MIP_Strategy_Dive=0;CPXPARAM_MIP_Strategy_File=1;CPXPARAM_MIP_Strategy_HeuristicFreq=0;CPXPARAM_MIP_Strategy_LBHeur=0;CPXPARAM_MIP_Strategy_NodeSelect=1;CPXPARAM_MIP_Strategy_Order=1;CPXPARAM_MIP_Strategy_PresolveNode=0;CPXPARAM_MIP_Strategy_Probe=3;CPXPARAM_MIP_Strategy_RINSHeur=0;CPXPARAM_MIP_Strategy_StartAlgorithm=5;CPXPARAM_MIP_Strategy_SubAlgorithm=0;CPXPARAM_MIP_Strategy_VariableSelect=0;CPXPARAM_Network_NetFind=2;CPXPARAM_Network_Pricing=0;CPXPARAM_Parallel=1;CPXPARAM_Preprocessing_Aggregator=-1;CPXPARAM_Preprocessing_BoundStrength=-1;CPXPARAM_Preprocessing_CoeffReduce=-1;CPXPARAM_Preprocessing_Dependency=-1;CPXPARAM_Preprocessing_Dual=0;CPXPARAM_Preprocessing_Fill=10;CPXPARAM_Preprocessing_NumPass=-1;CPXPARAM_Preprocessing_Presolve=1;CPXPARAM_Preprocessing_QPMakePSD=1;CPXPARAM_Preprocessing_Reduce=3;CPXPARAM_Preprocessing_Relax=-1;CPXPARAM_Preprocessing_RepeatPresolve=-1;CPXPARAM_Preprocessing_Symmetry=-1;CPXPARAM_Read_Scale=0;CPXPARAM_Sifting_Algorithm=0;CPXPARAM_Simplex_Crash=1;CPXPARAM_Simplex_DGradient=0;CPXPARAM_Simplex_Limits_Perturbation=0;CPXPARAM_Simplex_Limits_Singularity=10;CPXPARAM_Simplex_PGradient=0;CPXPARAM_Simplex_Pricing=0;CPXPARAM_Simplex_Refactor=0
1144304287401704870,0,CPXPARAM_Advance=1;CPXPARAM_Barrier_Algorithm=0;CPXPARAM_Barrier_ColNonzeros=0;CPXPARAM_Barrier_Crossover=0;CPXPARAM_Barrier_Limits_Corrections=-1;CPXPARAM_Barrier_Ordering=0;CPXPARAM_Barrier_StartAlg=1;CPXPARAM_Emphasis_MIP=1;CPXPARAM_Emphasis_Memory=0;CPXPARAM_Emphasis_Numerical=0;CPXPARAM_Feasopt_Mode=0;CPXPARAM_LPMethod=0;CPXPARAM_MIP_Cuts_Cliques=0;CPXPARAM_MIP_Cuts_Covers=0;CPXPARAM_MIP_Cuts_Disjunctive=2;CPXPARAM_MIP_Cuts_FlowCovers=1;CPXPARAM_MIP_Cuts_GUBCovers=2;CPXPARAM_MIP_Cuts_Gomory=2;CPXPARAM_MIP_Cuts_Implied=1;CPXPARAM_MIP_Cuts_MIRCut=-1;CPXPARAM_MIP_Cuts_PathCut=2;CPXPARAM_MIP_Limits_AggForCut=3;CPXPARAM_MIP_Limits_CutPasses=0;CPXPARAM_MIP_Limits_CutsFactor=-1;CPXPARAM_MIP_Limits_GomoryCand=800;CPXPARAM_MIP_Limits_GomoryPass=0;CPXPARAM_MIP_Limits_Nodes=9223372036800000000;CPXPARAM_MIP_Limits_ProbeTime=1e+75;CPXPARAM_MIP_Limits_RepairTries=0;CPXPARAM_MIP_Limits_StrongCand=10;CPXPARAM_MIP_Limits_StrongIt=0;CPXPARAM_MIP_OrderType=0;CPXPARAM_MIP_Strategy_BBInterval=7;CPXPARAM_MIP_Strategy_Branch=0;CPXPARAM_MIP_Strategy_Dive=0;CPXPARAM_MIP_Strategy_File=1;CPXPARAM_MIP_Strategy_HeuristicFreq=0;CPXPARAM_MIP_Strategy_LBHeur=0;CPXPARAM_MIP_Strategy_NodeSelect=1;CPXPARAM_MIP_Strategy_Order=1;CPXPARAM_MIP_Strategy_PresolveNode=0;CPXPARAM_MIP_Strategy_Probe=3;CPXPARAM_MIP_Strategy_RINSHeur=0;CPXPARAM_MIP_Strategy_StartAlgorithm=0;CPXPARAM_MIP_Strategy_SubAlgorithm=0;CPXPARAM_MIP_Strategy_VariableSelect=1;CPXPARAM_Network_NetFind=2;CPXPARAM_Network_Pricing=0;CPXPARAM_Parallel=1;CPXPARAM_Preprocessing_Aggregator=-1;CPXPARAM_Preprocessing_BoundStrength=-1;CPXPARAM_Preprocessing_CoeffReduce=-1;CPXPARAM_Preprocessing_Dependency=-1;CPXPARAM_Preprocessing_Dual=0;CPXPARAM_Preprocessing_Fill=10;CPXPARAM_Preprocessing_NumPass=-1;CPXPARAM_Preprocessing_Presolve=1;CPXPARAM_Preprocessing_QPMakePSD=1;CPXPARAM_Preprocessing_Reduce=3;CPXPARAM_Preprocessing_Relax=-1;CPXPARAM_Preprocessing_RepeatPresolve=-1;CPXPARAM_Preprocessing_Symmetry=-1;CPXPARAM_Read_Scale=0;CPXPARAM_Sifting_Algorithm=0;CPXPARAM_Simplex_Crash=1;CPXPARAM_Simplex_DGradient=0;CPXPARAM_Simplex_Limits_Perturbation=0;CPXPARAM_Simplex_Limits_Singularity=10;CPXPARAM_Simplex_PGradient=0;CPXPARAM_Simplex_Pricing=0;CPXPARAM_Simplex_Refactor=0
1455375942521598443,0,CPXPARAM_Advance=1;CPXPARAM_Barrier_Algorithm=0;CPXPARAM_Barrier_ColNonzeros=0;CPXPARAM_Barrier_Crossover=0;CPXPARAM_Barrier_Limits_Corrections=-1;CPXPARAM_Barrier_Ordering=0;CPXPARAM_Barrier_StartAlg=1;CPXPARAM_Emphasis_MIP=1;CPXPARAM_Emphasis_Memory=0;CPXPARAM_Emphasis_Numerical=0;CPXPARAM_Feasopt_Mode=0;CPXPARAM_LPMethod=0;CPXPARAM_MIP_Cuts_Cliques=0;CPXPARAM_MIP_Cuts_Covers=0;CPXPARAM_MIP_Cuts_Disjunctive=2;CPXPARAM_MIP_Cuts_FlowCovers=1;CPXPARAM_MIP_Cuts_GUBCovers=2;CPXPARAM_MIP_Cuts_Gomory=2;CPXPARAM_MIP_Cuts_Implied=1;CPXPARAM_MIP_Cuts_MIRCut=-1;CPXPARAM_MIP_Cuts_PathCut=2;CPXPARAM_MIP_Limits_AggForCut=3;CPXPARAM_MIP_Limits_CutPasses=0;CPXPARAM_MIP_Limits_CutsFactor=2;CPXPARAM_MIP_Limits_GomoryCand=800;CPXPARAM_MIP_Limits_GomoryPass=0;CPXPARAM_MIP_Limits_Nodes=9223372036800000000;CPXPARAM_MIP_Limits_ProbeTime=1e+75;CPXPARAM_MIP_Limits_RepairTries=0;CPXPARAM_MIP_Limits_StrongCand=10;CPXPARAM_MIP_Limits_StrongIt=0;CPXPARAM_MIP_OrderType=0;CPXPARAM_MIP_Strategy_BBInterval=7;CPXPARAM_MIP_Strategy_Branch=0;CPXPARAM_MIP_Strategy_Dive=0;CPXPARAM_MIP_Strategy_File=1;CPXPARAM_MIP_Strategy_HeuristicFreq=0;CPXPARAM_MIP_Strategy_LBHeur=0;CPXPARAM_MIP_Strategy_NodeSelect=1;CPXPARAM_MIP_Strategy_Order=1;CPXPARAM_MIP_Strategy_PresolveNode=0;CPXPARAM_MIP_Strategy_Probe=3;CPXPARAM_MIP_Strategy_RINSHeur=0;CPXPARAM_MIP_Strategy_StartAlgorithm=0;CPXPARAM_MIP_Strategy_SubAlgorithm=0;CPXPARAM_MIP_Strategy_VariableSelect=0;CPXPARAM_Network_NetFind=2;CPXPARAM_Network_Pricing=0;CPXPARAM_Parallel=1;CPXPARAM_Preprocessing_Aggregator=-1;CPXPARAM_Preprocessing_BoundStrength=-1;CPXPARAM_Preprocessing_CoeffReduce=-1;CPXPARAM_Preprocessing_Dependency=-1;CPXPARAM_Preprocessing_Dual=0;CPXPARAM_Preprocessing_Fill=10;CPXPARAM_Preprocessing_NumPass=-1;CPXPARAM_Preprocessing_Presolve=1;CPXPARAM_Preprocessing_QPMakePSD=1;CPXPARAM_Preprocessing_Reduce=3;CPXPARAM_Preprocessing_Relax=-1;CPXPARAM_Preprocessing_RepeatPresolve=-1;CPXPARAM_Preprocessing_Symmetry=-1;CPXPARAM_Read_Scale=0;CPXPARAM_Sifting_Algorithm=0;CPXPARAM_Simplex_Crash=1;CPXPARAM_Simplex_DGradient=0;CPXPARAM_Simplex_Limits_Perturbation=0;CPXPARAM_Simplex_Limits_Singularity=10;CPXPARAM_Simplex_PGradient=0;CPXPARAM_Simplex_Pricing=0;CPXPARAM_Simplex_Refactor=0
13675109795787766664,0,CPXPARAM_Advance=1;CPXPARAM_Barrier_Algorithm=0;CPXPARAM_Barrier_ColNonzeros=0;CPXPARAM_Barrier_Crossover=0;CPXPARAM_Barrier_Limits_Corrections=-1;CPXPARAM_Barrier_Ordering=0;CPXPARAM_Barrier_StartAlg=1;CPXPARAM_Emphasis_MIP=1;CPXPARAM_Emphasis_Memory=0;CPXPARAM_Emphasis_Numerical=0;CPXPARAM_Feasopt_Mode=0;CPXPARAM_LPMethod=0;CPXPARAM_MIP_Cuts_Cliques=3;CPXPARAM_MIP_Cuts_Covers=0;CPXPARAM_MIP_Cuts_Disjunctive=2;CPXPARAM_MIP_Cuts_FlowCovers=0;CPXPARAM_MIP_Cuts_GUBCovers=0;CPXPARAM_MIP_Cuts_Gomory=-1;CPXPARAM_MIP_Cuts_Implied=1;CPXPARAM_MIP_Cuts_MIRCut=2;CPXPARAM_MIP_Cuts_PathCut=-1;CPXPARAM_MIP_Limits_AggForCut=3;CPXPARAM_MIP_Limits_CutPasses=0;CPXPARAM_MIP_Limits_CutsFactor=-1;CPXPARAM_MIP_Limits_GomoryCand=800;CPXPARAM_MIP_Limits_GomoryPass=0;CPXPARAM_MIP_Limits_Nodes=9223372036800000000;CPXPARAM_MIP_Limits_ProbeTime=40;CPXPARAM_MIP_Limits_RepairTries=0;CPXPARAM_MIP_Limits_StrongCand=10;CPXPARAM_MIP_Limits_StrongIt=0;CPXPARAM_MIP_OrderType=0;CPXPARAM_MIP_Strategy_BBInterval=7;CPXPARAM_MIP_Strategy_Branch=-1;CPXPARAM_MIP_Strategy_Dive=0;CPXPARAM_MIP_Strategy_File=1;CPXPARAM_MIP_Strategy_HeuristicFreq=0;CPXPARAM_MIP_Strategy_LBHeur=0;CPXPARAM_MIP_Strategy_NodeSelect=1;CPXPARAM_MIP_Strategy_Order=1;CPXPARAM_MIP_Strategy_PresolveNode=0;CPXPARAM_MIP_Strategy_Probe=3;CPXPARAM_MIP_Strategy_RINSHeur=0;CPXPARAM_MIP_Strategy_StartAlgorithm=0;CPXPARAM_MIP_Strategy_SubAlgorithm=0;CPXPARAM_MIP_Strategy_VariableSelect=3;CPXPARAM_Network_NetFind=2;CPXPARAM_Network_Pricing=0;CPXPARAM_Parallel=1;CPXPARAM_Preprocessing_Aggregator=-1;CPXPARAM_Preprocessing_BoundStrength=-1;CPXPARAM_Preprocessing_CoeffReduce=-1;CPXPARAM_Preprocessing_Dependency=-1;CPXPARAM_Preprocessing_Dual=0;CPXPARAM_Preprocessing_Fill=10;CPXPARAM_Preprocessing_NumPass=-1;CPXPARAM_Preprocessing_Presolve=1;CPXPARAM_Preprocessing_QPMakePSD=1;CPXPARAM_Preprocessing_Reduce=3;CPXPARAM_Preprocessing_Relax=-1;CPXPARAM_Preprocessing_RepeatPresolve=-1;CPXPARAM_Preprocessing_Symmetry=-1;CPXPARAM_Read_Scale=0;CPXPARAM_Sifting_Algorithm=0;CPXPARAM_Simplex_Crash=1;CPXPARAM_Simplex_DGradient=0;CPXPARAM_Simplex_Limits_Perturbation=0;CPXPARAM_Simplex_Limits_Singularity=10;CPXPARAM_Simplex_PGradient=0;CPXPARAM_Simplex_Pricing=0;CPXPARAM_Simplex_Refactor=0
2923086496524645033,0,CPXPARAM_Advance=1;CPXPARAM_Barrier_Algorithm=0;CPXPARAM_Barrier_ColNonzeros=0;CPXPARAM_Barrier_Crossover=0;CPXPARAM_Barrier_Limits_Corrections=-1;CPXPARAM_Barrier_Ordering=0;CPXPARAM_Barrier_StartAlg=1;CPXPARAM_Emphasis_MIP=1;CPXPARAM_Emphasis_Memory=0;CPXPARAM_Emphasis_Numerical=0;CPXPARAM_Feasopt_Mode=0;CPXPARAM_LPMethod=0;CPXPARAM_MIP_Cuts_Cliques=0;CPXPARAM_MIP_Cuts_Covers=0;CPXPARAM_MIP_Cuts_Disjunctive=2;CPXPARAM_MIP_Cuts_FlowCovers=2;CPXPARAM_MIP_Cuts_GUBCovers=2;CPXPARAM_MIP_Cuts_Gomory=2;CPXPARAM_MIP_Cuts_Implied=1;CPXPARAM_MIP_Cuts_MIRCut=-1;CPXPARAM_MIP_Cuts_PathCut=2;CPXPARAM_MIP_Limits_AggForCut=3;CPXPARAM_MIP_Limits_CutPasses=0;CPXPARAM_MIP_Limits_CutsFactor=-1;CPXPARAM_MIP_Limits_GomoryCand=400;CPXPARAM_MIP_Limits_GomoryPass=0;CPXPARAM_MIP_Limits_Nodes=9223372036800000000;CPXPARAM_MIP_Limits_ProbeTime=1e+75;CPXPARAM_MIP_Limits_RepairTries=0;CPXPARAM_MIP_Limits_StrongCand=10;CPXPARAM_MIP_Limits_StrongIt=0;CPXPARAM_MIP_OrderType=0;CPXPARAM_MIP_Strategy_BBInterval=7;CPXPARAM_MIP_Strategy_Branch=0;CPXPARAM_MIP_Strategy_Dive=0;CPXPARAM_MIP_Strategy_File=1;CPXPARAM_MIP_Strategy_HeuristicFreq=0;CPXPARAM_MIP_Strategy_LBHeur=0;CPXPARAM_MIP_Strategy_NodeSelect=1;CPXPARAM_MIP_Strategy_Order=1;CPXPARAM_MIP_Strategy_PresolveNode=0;CPXPARAM_MIP_Strategy_Probe=0;CPXPARAM_MIP_Strategy_RINSHeur=0;CPXPARAM_MIP_Strategy_StartAlgorithm=0;CPXPARAM_MIP_Strategy_SubAlgorithm=0;CPXPARAM_MIP_Strategy_VariableSelect=0;CPXPARAM_Network_NetFind=2;CPXPARAM_Network_Pricing=0;CPXPARAM_Parallel=1;CPXPARAM_Preprocessing_Aggregator=-1;CPXPARAM_Preprocessing_BoundStrength=-1;CPXPARAM_Preprocessing_CoeffReduce=-1;CPXPARAM_Preprocessing_Dependency=-1;CPXPARAM_Preprocessing_Dual=0;CPXPARAM_Preprocessing_Fill=10;CPXPARAM_Preprocessing_NumPass=-1;CPXPARAM_Preprocessing_Presolve=1;CPXPARAM_Preprocessing_QPMakePSD=1;CPXPARAM_Preprocessing_Reduce=3;CPXPARAM_Preprocessing_Relax=-1;CPXPARAM_Preprocessing_RepeatPresolve=-1;CPXPARAM_Preprocessing_Symmetry=-1;CPXPARAM_Read_Scale=0;CPXPARAM_Sifting_Algorithm=0;CPXPARAM_Simplex_Crash=1;CPXPARAM_Simplex_DGradient=0;CPXPARAM_Simplex_Limits_Perturbation=0;CPXPARAM_Simplex_Limits_Singularity=10;CPXPARAM_Simplex_PGradient=0;CPXPARAM_Simplex_Pricing=0;CPXPARAM_Simplex_Refactor=0
10779336725348111766,0,CPXPARAM_Advance=1;CPXPARAM_Barrier_Algorithm=0;CPXPARAM_Barrier_ColNonzeros=0;CPXPARAM_Barrier_Crossover=0;CPXPARAM_Barrier_Limits_Corrections=-1;CPXPARAM_Barrier_Ordering=0;CPXPARAM_Barrier_StartAlg=2;CPXPARAM_Emphasis_MIP=1;CPXPARAM_Emphasis_Memory=0;CPXPARAM_Emphasis_Numerical=0;CPXPARAM_Feasopt_Mode=0;CPXPARAM_LPMethod=0;CPXPARAM_MIP_Cuts_Cliques=0;CPXPARAM_MIP_Cuts_Covers=0;CPXPARAM_MIP_Cuts_Disjunctive=2;CPXPARAM_MIP_Cuts_FlowCovers=1;CPXPARAM_MIP_Cuts_GUBCovers=2;CPXPARAM_MIP_Cuts_Gomory=2;CPXPARAM_MIP_Cuts_Implied=1;CPXPARAM_MIP_Cuts_MIRCut=-1;CPXPARAM_MIP_Cuts_PathCut=2;CPXPARAM_MIP_Limits_AggForCut=3;CPXPARAM_MIP_Limits_CutPasses=0;CPXPARAM_MIP_Limits_CutsFactor=-1;CPXPARAM_MIP_Limits_GomoryCand=150;CPXPARAM_MIP_Limits_GomoryPass=0;CPXPARAM_MIP_Limits_Nodes=9223372036800000000;CPXPARAM_MIP_Limits_ProbeTime=0;CPXPARAM_MIP_Limits_RepairTries=0;CPXPARAM_MIP_Limits_StrongCand=10;CPXPARAM_MIP_Limits_StrongIt=0;CPXPARAM_MIP_OrderType=0;CPXPARAM_MIP_Strategy_BBInterval=7;CPXPARAM_MIP_Strategy_Branch=0;CPXPARAM_MIP_Strategy_Dive=0;CPXPARAM_MIP_Strategy_File=1;CPXPARAM_MIP_Strategy_HeuristicFreq=0;CPXPARAM_MIP_Strategy_LBHeur=0;CPXPARAM_MIP_Strategy_NodeSelect=1;CPXPARAM_MIP_Strategy_Order=1;CPXPARAM_MIP_Strategy_PresolveNode=0;CPXPARAM_MIP_Strategy_Probe=3;CPXPARAM_MIP_Strategy_RINSHeur=0;CPXPARAM_MIP_Strategy_StartAlgorithm=5;CPXPARAM_MIP_Strategy_SubAlgorithm=0;CPXPARAM_MIP_Strategy_VariableSelect=0;CPXPARAM_Network_NetFind=2;CPXPARAM_Network_Pricing=0;CPXPARAM_Parallel=1;CPXPARAM_Preprocessing_Aggregator=-1;CPXPARAM_Preprocessing_BoundStrength=-1;CPXPARAM_Preprocessing_CoeffReduce=-1;CPXPARAM_Preprocessing_Dependency=-1;CPXPARAM_Preprocessing_Dual=0;CPXPARAM_Preprocessing_Fill=10;CPXPARAM_Preprocessing_NumPass=-1;CPXPARAM_Preprocessing_Presolve=1;CPXPARAM_Preprocessing_QPMakePSD=1;CPXPARAM_Preprocessing_Reduce=3;CPXPARAM_Preprocessing_Relax=-1;CPXPARAM_Preprocessing_RepeatPresolve=-1;CPXPARAM_Preprocessing_Symmetry=4;CPXPARAM_Read_Scale=0;CPXPARAM_Sifting_Algorithm=0;CPXPARAM_Simplex_Crash=1;CPXPARAM_Simplex_DGradient=2;CPXPARAM_Simplex_Limits_Perturbation=0;CPXPARAM_Simplex_Limits_Singularity=10;CPXPARAM_Simplex_PGradient=0;CPXPARAM_Simplex_Pricing=0;CPXPARAM_Simplex_Refactor=0
7762119928488260044,0,CPXPARAM_Advance=1;CPXPARAM_Barrier_Algorithm=0;CPXPARAM_Barrier_ColNonzeros=0;CPXPARAM_Barrier_Crossover=0;CPXPARAM_Barrier_Limits_Corrections=-1;CPXPARAM_Barrier_Ordering=0;CPXPARAM_Barrier_StartAlg=1;CPXPARAM_Emphasis_MIP=1;CPXPARAM_Emphasis_Memory=0;CPXPARAM_Emphasis_Numerical=0;CPXPARAM_Feasopt_Mode=0;CPXPARAM_LPMethod=0;CPXPARAM_MIP_Cuts_Cliques=3;CPXPARAM_MIP_Cuts_Covers=0;CPXPARAM_MIP_Cuts_Disjunctive=2;CPXPARAM_MIP_Cuts_FlowCovers=0;CPXPARAM_MIP_Cuts_GUBCovers=0;CPXPARAM_MIP_Cuts_Gomory=-1;CPXPARAM_MIP_Cuts_Implied=1;CPXPARAM_MIP_Cuts_MIRCut=2;CPXPARAM_MIP_Cuts_PathCut=-1;CPXPARAM_MIP_Limits_AggForCut=3;CPXPARAM_MIP_Limits_CutPasses=0;CPXPARAM_MIP_Limits_CutsFactor=-1;CPXPARAM_MIP_Limits_GomoryCand=800;CPXPARAM_MIP_Limits_GomoryPass=0;CPXPARAM_MIP_Limits_Nodes=9223372036800000000;CPXPARAM_MIP_Limits_ProbeTime=10;CPXPARAM_MIP_Limits_RepairTries=0;CPXPARAM_MIP_Limits_StrongCand=10;CPXPARAM_MIP_Limits_StrongIt=0;CPXPARAM_MIP_OrderType=0;CPXPARAM_MIP_Strategy_BBInterval=7;CPXPARAM_MIP_Strategy_Branch=-1;CPXPARAM_MIP_Strategy_Dive=0;CPXPARAM_MIP_Strategy_File=1;CPXPARAM_MIP_Strategy_HeuristicFreq=0;CPXPARAM_MIP_Strategy_LBHeur=0;CPXPARAM_MIP_Strategy_NodeSelect=1;CPXPARAM_MIP_Strategy_Order=1;CPXPARAM_MIP_Strategy_PresolveNode=0;CPXPARAM_MIP_Strategy_Probe=3;CPXPARAM_MIP_Strategy_RINSHeur=0;CPXPARAM_MIP_Strategy_StartAlgorithm=0;CPXPARAM_MIP_Strategy_SubAlgorithm=0;CPXPARAM_MIP_Strategy_VariableSelect=3;CPXPARAM_Network_NetFind=2;CPXPARAM_Network_Pricing=0;CPXPARAM_Parallel=1;CPXPARAM_Preprocessing_Aggregator=-1;CPXPARAM_Preprocessing_BoundStrength=-1;CPXPARAM_Preprocessing_CoeffReduce=-1;CPXPARAM_Preprocessing_Dependency=-1;CPXPARAM_Preprocessing_Dual=0;CPXPARAM_Preprocessing_Fill=10;CPXPARAM_Preprocessing_NumPass=-1;CPXPARAM_Preprocessing_Presolve=1;CPXPARAM_Preprocessing_QPMakePSD=1;CPXPARAM_Preprocessing_Reduce=3;CPXPARAM_Preprocessing_Relax=-1;CPXPARAM_Preprocessing_RepeatPresolve=-1;CPXPARAM_Preprocessing_Symmetry=-1;CPXPARAM_Read_Scale=0;CPXPARAM_Sifting_Algorithm=0;CPXPARAM_Simplex_Crash=1;CPXPARAM_Simplex_DGradient=0;CPXPARAM_Simplex_Limits_Perturbation=0;CPXPARAM_Simplex_Limits_Singularity=10;CPXPARAM_Simplex_PGradient=0;CPXPARAM_Simplex_Pricing=0;CPXPARAM_Simplex_Refactor=0
17197578546459435593,0,CPXPARAM_Advance=1;CPXPARAM_Barrier_Algorithm=0;CPXPARAM_Barrier_ColNonzeros=0;CPXPARAM_Barrier_Crossover=0;CPXPARAM_Barrier_Limits_Corrections=-1;CPXPARAM_Barrier_Ordering=0;CPXPARAM_Barrier_StartAlg=1;CPXPARAM_Emphasis_MIP=1;CPXPARAM_Emphasis_Memory=0;CPXPARAM_Emphasis_Numerical=0;CPXPARAM_Feasopt_Mode=0;CPXPARAM_LPMethod=0;CPXPARAM_MIP_Cuts_Cliques=0;CPXPARAM_MIP_Cuts_Covers=0;CPXPARAM_MIP_Cuts_Disjunctive=2;CPXPARAM_MIP_Cuts_FlowCovers=1;CPXPARAM_MIP_Cuts_GUBCovers=2;CPXPARAM_MIP_Cuts_Gomory=2;CPXPARAM_MIP_Cuts_Implied=1;CPXPARAM_MIP_Cuts_MIRCut=-1;CPXPARAM_MIP_Cuts_PathCut=2;CPXPARAM_MIP_Limits_AggForCut=3;CPXPARAM_MIP_Limits_CutPasses=0;CPXPARAM_MIP_Limits_CutsFactor=-1;CPXPARAM_MIP_Limits_GomoryCand=800;CPXPARAM_MIP_Limits_GomoryPass=0;CPXPARAM_MIP_Limits_Nodes=9223372036800000000;CPXPARAM_MIP_Limits_ProbeTime=0;CPXPARAM_MIP_Limits_RepairTries=0;CPXPARAM_MIP_Limits_StrongCand=10;CPXPARAM_MIP_Limits_StrongIt=0;CPXPARAM_MIP_OrderType=0;CPXPARAM_MIP_Strategy_BBInterval=7;CPXPARAM_MIP_Strategy_Branch=0;CPXPARAM_MIP_Strategy_Dive=0;CPXPARAM_MIP_Strategy_File=1;CPXPARAM_MIP_Strategy_HeuristicFreq=1000;CPXPARAM_MIP_Strategy_LBHeur=0;CPXPARAM_MIP_Strategy_NodeSelect=1;CPXPARAM_MIP_Strategy_Order=1;CPXPARAM_MIP_Strategy_PresolveNode=0;CPXPARAM_MIP_Strategy_Probe=3;CPXPARAM_MIP_Strategy_RINSHeur=0;CPXPARAM_MIP_Strategy_StartAlgorithm=5;CPXPARAM_MIP_Strategy_SubAlgorithm=0;CPXPARAM_MIP_Strategy_VariableSelect=0;CPXPARAM_Network_NetFind=2;CPXPARAM_Network_Pricing=0;CPXPARAM_Parallel=1;CPXPARAM_Preprocessing_Aggregator=-1;CPXPARAM_Preprocessing_BoundStrength=-1;CPXPARAM_Preprocessing_CoeffReduce=-1;CPXPARAM_Preprocessing_Dependency=-1;CPXPARAM_Preprocessing_Dual=0;CPXPARAM_Preprocessing_Fill=10;CPXPARAM_Preprocessing_NumPass=-1;CPXPARAM_Preprocessing_Presolve=1;CPXPARAM_Preprocessing_QPMakePSD=1;CPXPARAM_Preprocessing_Reduce=3;CPXPARAM_Preprocessing_Relax=-1;CPXPARAM_Preprocessing_RepeatPresolve=-1;CPXPARAM_Preprocessing_Symmetry=4;CPXPARAM_Read_Scale=0;CPXPARAM_Sifting_Algorithm=0;CPXPARAM_Simplex_Crash=1;CPXPARAM_Simplex_DGradient=0;CPXPARAM_Simplex_Limits_Perturbation=0;CPXPARAM_Simplex_Limits_Singularity=10;CPXPARAM_Simplex_PGradient=0;CPXPARAM_Simplex_Pricing=0;CPXPARAM_Simplex_Refactor=0
5877231427866710352,0,CPXPARAM_Advance=1;CPXPARAM_Barrier_Algorithm=0;CPXPARAM_Barrier_ColNonzeros=0;CPXPARAM_Barrier_Crossover=0;CPXPARAM_Barrier_Limits_Corrections=-1;CPXPARAM_Barrier_Ordering=0;CPXPARAM_Barrier_StartAlg=1;CPXPARAM_Emphasis_MIP=1;CPXPARAM_Emphasis_Memory=0;CPXPARAM_Emphasis_Numerical=0;CPXPARAM_Feasopt_Mode=0;CPXPARAM_LPMethod=0;CPXPARAM_MIP_Cuts_Cliques=0;CPXPARAM_MIP_Cuts_Covers=0;CPXPARAM_MIP_Cuts_Disjunctive=2;CPXPARAM_MIP_Cuts_FlowCovers=1;CPXPARAM_MIP_Cuts_GUBCovers=2;CPXPARAM_MIP_Cuts_Gomory=2;CPXPARAM_MIP_Cuts_Implied=1;CPXPARAM_MIP_Cuts_MIRCut=-1;CPXPARAM_MIP_Cuts_PathCut=2;CPXPARAM_MIP_Limits_AggForCut=3;CPXPARAM_MIP_Limits_CutPasses=0;CPXPARAM_MIP_Limits_CutsFactor=-1;CPXPARAM_MIP_Limits_GomoryCand=800;CPXPARAM_MIP_Limits_GomoryPass=0;CPXPARAM_MIP_Limits_Nodes=9223372036800000000;CPXPARAM_MIP_Limits_ProbeTime=0;CPXPARAM_MIP_Limits_RepairTries=0;CPXPARAM_MIP_Limits_StrongCand=10;CPXPARAM_MIP_Limits_StrongIt=0;CPXPARAM_MIP_OrderType=0;CPXPARAM_MIP_Strategy_BBInterval=7;CPXPARAM_MIP_Strategy_Branch=0;CPXPARAM_MIP_Strategy_Dive=0;CPXPARAM_MIP_Strategy_File=1;CPXPARAM_MIP_Strategy_HeuristicFreq=0;CPXPARAM_MIP_Strategy_LBHeur=0;CPXPARAM_MIP_Strategy_NodeSelect=1;CPXPARAM_MIP_Strategy_Order=1;CPXPARAM_MIP_Strategy_PresolveNode=0;CPXPARAM_MIP_Strategy_Probe=3;CPXPARAM_MIP_Strategy_RINSHeur=0;CPXPARAM_MIP_Strategy_StartAlgorithm=5;CPXPARAM_MIP_Strategy_SubAlgorithm=3;CPXPARAM_MIP_Strategy_VariableSelect=0;CPXPARAM_Network_NetFind=2;CPXPARAM_Network_Pricing=0;CPXPARAM_Parallel=1;CPXPARAM_Preprocessing_Aggregator=-1;CPXPARAM_Preprocessing_BoundStrength=-1;CPXPARAM_Preprocessing_CoeffReduce=-1;CPXPARAM_Preprocessing_Dependency=-1;CPXPARAM_Preprocessing_Dual=0;CPXPARAM_Preprocessing_Fill=10;CPXPARAM_Preprocessing_NumPass=-1;CPXPARAM_Preprocessing_Presolve=1;CPXPARAM_Preprocessing_QPMakePSD=1;CPXPARAM_Preprocessing_Reduce=3;CPXPARAM_Preprocessing_Relax=-1;CPXPARAM_Preprocessing_RepeatPresolve=-1;CPXPARAM_Preprocessing_Symmetry=4;CPXPARAM_Read_Scale=0;CPXPARAM_Sifting_Algorithm=0;CPXPARAM_Simplex_Crash=1;CPXPARAM_Simplex_DGradient=0;CPXPARAM_Simplex_Limits_Perturbation=0;CPXPARAM_Simplex_Limits_Singularity=10;CPXPARAM_Simplex_PGradient=0;CPXPARAM_Simplex_Pricing=0;CPXPARAM_Simplex_Refactor=0
5398713608842390699,0,CPXPARAM_Advance=1;CPXPARAM_Barrier_Algorithm=0;CPXPARAM_Barrier_ColNonzeros=0;CPXPARAM_Barrier_Crossover=0;CPXPARAM_Barrier_Limits_Corrections=-1;CPXPARAM_Barrier_Ordering=0;CPXPARAM_Barrier_StartAlg=1;CPXPARAM_Emphasis_MIP=4;CPXPARAM_Emphasis_Memory=0;CPXPARAM_Emphasis_Numerical=0;CPXPARAM_Feasopt_Mode=0;CPXPARAM_LPMethod=0;CPXPARAM_MIP_Cuts_Cliques=0;CPXPARAM_MIP_Cuts_Covers=0;CPXPARAM_MIP_Cuts_Disjunctive=0;CPXPARAM_MIP_Cuts_FlowCovers=0;CPXPARAM_MIP_Cuts_GUBCovers=0;CPXPARAM_MIP_Cuts_Gomory=0;CPXPARAM_MIP_Cuts_Implied=0;CPXPARAM_MIP_Cuts_MIRCut=0;CPXPARAM_MIP_Cuts_PathCut=0;CPXPARAM_MIP_Limits_AggForCut=3;CPXPARAM_MIP_Limits_CutPasses=0;CPXPARAM_MIP_Limits_CutsFactor=-1;CPXPARAM_MIP_Limits_GomoryCand=200;CPXPARAM_MIP_Limits_GomoryPass=0;CPXPARAM_MIP_Limits_Nodes=9223372036800000000;CPXPARAM_MIP_Limits_ProbeTime=1e+75;CPXPARAM_MIP_Limits_RepairTries=0;CPXPARAM_MIP_Limits_StrongCand=10;CPXPARAM_MIP_Limits_StrongIt=0;CPXPARAM_MIP_OrderType=0;CPXPARAM_MIP_Strategy_BBInterval=7;CPXPARAM_MIP_Strategy_Branch=0;CPXPARAM_MIP_Strategy_Dive=0;CPXPARAM_MIP_Strategy_File=1;CPXPARAM_MIP_Strategy_HeuristicFreq=0;CPXPARAM_MIP_Strategy_LBHeur=0;CPXPARAM_MIP_Strategy_NodeSelect=1;CPXPARAM_MIP_Strategy_Order=1;CPXPARAM_MIP_Strategy_PresolveNode=0;CPXPARAM_MIP_Strategy_Probe=0;CPXPARAM_MIP_Strategy_RINSHeur=0;CPXPARAM_MIP_Strategy_StartAlgorithm=0;CPXPARAM_MIP_Strategy_SubAlgorithm=0;CPXPARAM_MIP_Strategy_VariableSelect=0;CPXPARAM_Network_NetFind=2;CPXPARAM_Network_Pricing=0;CPXPARAM_Parallel=1;CPXPARAM_Preprocessing_Aggregator=-1;CPXPARAM_Preprocessing_BoundStrength=-1;CPXPARAM_Preprocessing_CoeffReduce=-1;CPXPARAM_Preprocessing_Dependency=-1;CPXPARAM_Preprocessing_Dual=0;CPXPARAM_Preprocessing_Fill=10;CPXPARAM_Preprocessing_NumPass=-1;CPXPARAM_Preprocessing_Presolve=1;CPXPARAM_Preprocessing_QPMakePSD=1;CPXPARAM_Preprocessing_Reduce=3;CPXPARAM_Preprocessing_Relax=-1;CPXPARAM_Preprocessing_RepeatPresolve=-1;CPXPARAM_Preprocessing_Symmetry=-1;CPXPARAM_Read_Scale=0;CPXPARAM_Sifting_Algorithm=0;CPXPARAM_Simplex_Crash=1;CPXPARAM_Simplex_DGradient=0;CPXPARAM_Simplex_Limits_Perturbation=0;CPXPARAM_Simplex_Limits_Singularity=10;CPXPARAM_Simplex_PGradient=0;CPXPARAM_Simplex_Pricing=0;CPXPARAM_Simplex_Refactor=0
9191527924926069199,0,CPXPARAM_Advance=1;CPXPARAM_Barrier_Algorithm=0;CPXPARAM_Barrier_ColNonzeros=0;CPXPARAM_Barrier_Crossover=0;CPXPARAM_Barrier_Limits_Corrections=-1;CPXPARAM_Barrier_Ordering=0;CPXPARAM_Barrier_StartAlg=1;CPXPARAM_Emphasis_MIP=1;CPXPARAM_Emphasis_Memory=0;CPXPARAM_Emphasis_Numerical=0;CPXPARAM_Feasopt_Mode=0;CPXPARAM_LPMethod=0;CPXPARAM_MIP_Cuts_Cliques=0;CPXPARAM_MIP_Cuts_Covers=0;CPXPARAM_MIP_Cuts_Disjunctive=2;CPXPARAM_MIP_Cuts_FlowCovers=1;CPXPARAM_MIP_Cuts_GUBCovers=2;CPXPARAM_MIP_Cuts_Gomory=2;CPXPARAM_MIP_Cuts_Implied=1;CPXPARAM_MIP_Cuts_MIRCut=-1;CPXPARAM_MIP_Cuts_PathCut=2;CPXPARAM_MIP_Limits_AggForCut=3;CPXPARAM_MIP_Limits_CutPasses=0;CPXPARAM_MIP_Limits_CutsFactor=8;CPXPARAM_MIP_Limits_GomoryCand=800;CPXPARAM_MIP_Limits_GomoryPass=0;CPXPARAM_MIP_Limits_Nodes=9223372036800000000;CPXPARAM_MIP_Limits_ProbeTime=1e+75;CPXPARAM_MIP_Limits_RepairTries=0;CPXPARAM_MIP_Limits_StrongCand=10;CPXPARAM_MIP_Limits_StrongIt=0;CPXPARAM_MIP_OrderType=0;CPXPARAM_MIP_Strategy_BBInterval=7;CPXPARAM_MIP_Strategy_Branch=0;CPXPARAM_MIP_Strategy_Dive=0;CPXPARAM_MIP_Strategy_File=1;CPXPARAM_MIP_Strategy_HeuristicFreq=0;CPXPARAM_MIP_Strategy_LBHeur=0;CPXPARAM_MIP_Strategy_NodeSelect=1;CPXPARAM_MIP_Strategy_Order=1;CPXPARAM_MIP_Strategy_PresolveNode=0;CPXPARAM_MIP_Strategy_Probe=3;CPXPARAM_MIP_Strategy_RINSHeur=0;CPXPARAM_MIP_Strategy_StartAlgorithm=0;CPXPARAM_MIP_Strategy_SubAlgorithm=0;CPXPARAM_MIP_Strategy_VariableSelect=0;CPXPARAM_Network_NetFind=2;CPXPARAM_Network_Pricing=0;CPXPARAM_Parallel=1;CPXPARAM_Preprocessing_Aggregator=-1;CPXPARAM_Preprocessing_BoundStrength=-1;CPXPARAM_Preprocessing_CoeffReduce=-1;CPXPARAM_Preprocessing_Dependency=-1;CPXPARAM_Preprocessing_Dual=0;CPXPARAM_Preprocessing_Fill=10;CPXPARAM_Preprocessing_NumPass=-1;CPXPARAM_Preprocessing_Presolve=1;CPXPARAM_Preprocessing_QPMakePSD=1;CPXPARAM_Preprocessing_Reduce=3;CPXPARAM_Preprocessing_Relax=-1;CPXPARAM_Preprocessing_RepeatPresolve=-1;CPXPARAM_Preprocessing_Symmetry=-1;CPXPARAM_Read_Scale=0;CPXPARAM_Sifting_Algorithm=0;CPXPARAM_Simplex_Crash=1;CPXPARAM_Simplex_DGradient=0;CPXPARAM_Simplex_Limits_Perturbation=0;CPXPARAM_Simplex_Limits_Singularity=10;CPXPARAM_Simplex_PGradient=0;CPXPARAM_Simplex_Pricing=0;CPXPARAM_Simplex_Refactor=0
10851507050986379887,0,CPXPARAM_Advance=1;CPXPARAM_Barrier_Algorithm=0;CPXPARAM_Barrier_ColNonzeros=0;CPXPARAM_Barrier_Crossover=0;CPXPARAM_Barrier_Limits_Corrections=-1;CPXPARAM_Barrier_Ordering=0;CPXPARAM_Barrier_StartAlg=1;CPXPARAM_Emphasis_MIP=1;CPXPARAM_Emphasis_Memory=0;CPXPARAM_Emphasis_Numerical=0;CPXPARAM_Feasopt_Mode=0;CPXPARAM_LPMethod=0;CPXPARAM_MIP_Cuts_Cliques=0;CPXPARAM_MIP_Cuts_Covers=0;CPXPARAM_MIP_Cuts_Disjunctive=2;CPXPARAM_MIP_Cuts_FlowCovers=1;CPXPARAM_MIP_Cuts_GUBCovers=2;CPXPARAM_MIP_Cuts_Gomory=2;CPXPARAM_MIP_Cuts_Implied=1;CPXPARAM_MIP_Cuts_MIRCut=-1;CPXPARAM_MIP_Cuts_PathCut=2;CPXPARAM_MIP_Limits_AggForCut=0;CPXPARAM_MIP_Limits_CutPasses=0;CPXPARAM_MIP_Limits_CutsFactor=-1;CPXPARAM_MIP_Limits_GomoryCand=800;CPXPARAM_MIP_Limits_GomoryPass=0;CPXPARAM_MIP_Limits_Nodes=9223372036800000000;CPXPARAM_MIP_Limits_ProbeTime=0;CPXPARAM_MIP_Limits_RepairTries=0;CPXPARAM_MIP_Limits_StrongCand=10;CPXPARAM_MIP_Limits_StrongIt=0;CPXPARAM_MIP_OrderType=0;CPXPARAM_MIP_Strategy_BBInterval=7;CPXPARAM_MIP_Strategy_Branch=0;CPXPARAM_MIP_Strategy_Dive=0;CPXPARAM_MIP_Strategy_File=1;CPXPARAM_MIP_Strategy_HeuristicFreq=0;CPXPARAM_MIP_Strategy_LBHeur=0;CPXPARAM_MIP_Strategy_NodeSelect=1;CPXPARAM_MIP_Strategy_Order=1;CPXPARAM_MIP_Strategy_PresolveNode=0;CPXPARAM_MIP_Strategy_Probe=3;CPXPARAM_MIP_Strategy_RINSHeur=0;CPXPARAM_MIP_Strategy_StartAlgorithm=5;CPXPARAM_MIP_Strategy_SubAlgorithm=0;CPXPARAM_MIP_Strategy_VariableSelect=0;CPXPARAM_Network_NetFind=2;CPXPARAM_Network_Pricing=0;CPXPARAM_Parallel=1;CPXPARAM_Preprocessing_Aggregator=-1;CPXPARAM_Preprocessing_BoundStrength=-1;CPXPARAM_Preprocessing_CoeffReduce=-1;CPXPARAM_Preprocessing_Dependency=-1;CPXPARAM_Preprocessing_Dual=0;CPXPARAM_Preprocessing_Fill=10;CPXPARAM_Preprocessing_NumPass=-1;CPXPARAM_Preprocessing_Presolve=1;CPXPARAM_Preprocessing_QPMakePSD=1;CPXPARAM_Preprocessing_Reduce=3;CPXPARAM_Preprocessing_Relax=-1;CPXPARAM_Preprocessing_RepeatPresolve=-1;CPXPARAM_Preprocessing_Symmetry=4;CPXPARAM_Read_Scale=0;CPXPARAM_Sifting_Algorithm=0;CPXPARAM_Simplex_Crash=1;CPXPARAM_Simplex_DGradient=0;CPXPARAM_Simplex_Limits_Perturbation=0;CPXPARAM_Simplex_Limits_Singularity=10;CPXPARAM_Simplex_PGradient=0;CPXPARAM_Simplex_Pricing=0;CPXPARAM_Simplex_Refactor=0
7983051982580620873,0,CPXPARAM_Advance=1;CPXPARAM_Barrier_Algorithm=2;CPXPARAM_Barrier_ColNonzeros=0;CPXPARAM_Barrier_Crossover=1;CPXPARAM_Barrier_Limits_Corrections=-1;CPXPARAM_Barrier_Ordering=0;CPXPARAM_Barrier_StartAlg=2;CPXPARAM_Emphasis_MIP=2;CPXPARAM_Emphasis_Memory=0;CPXPARAM_Emphasis_Numerical=0;CPXPARAM_Feasopt_Mode=4;CPXPARAM_LPMethod=0;CPXPARAM_MIP_Cuts_Cliques=3;CPXPARAM_MIP_Cuts_Covers=0;CPXPARAM_MIP_Cuts_Disjunctive=3;CPXPARAM_MIP_Cuts_FlowCovers=0;CPXPARAM_MIP_Cuts_GUBCovers=-1;CPXPARAM_MIP_Cuts_Gomory=2;CPXPARAM_MIP_Cuts_Implied=2;CPXPARAM_MIP_Cuts_MIRCut=-1;CPXPARAM_MIP_Cuts_PathCut=0;CPXPARAM_MIP_Limits_AggForCut=3;CPXPARAM_MIP_Limits_CutPasses=0;CPXPARAM_MIP_Limits_CutsFactor=-1;CPXPARAM_MIP_Limits_GomoryCand=25;CPXPARAM_MIP_Limits_GomoryPass=0;CPXPARAM_MIP_Limits_Nodes=9223372036800000000;CPXPARAM_MIP_Limits_ProbeTime=0;CPXPARAM_MIP_Limits_RepairTries=0;CPXPARAM_MIP_Limits_StrongCand=10;CPXPARAM_MIP_Limits_StrongIt=0;CPXPARAM_MIP_OrderType=0;CPXPARAM_MIP_Strategy_BBInterval=7;CPXPARAM_MIP_Strategy_Branch=1;CPXPARAM_MIP_Strategy_Dive=0;CPXPARAM_MIP_Strategy_File=1;CPXPARAM_MIP_Strategy_HeuristicFreq=0;CPXPARAM_MIP_Strategy_LBHeur=0;CPXPARAM_MIP_Strategy_NodeSelect=1;CPXPARAM_MIP_Strategy_Order=1;CPXPARAM_MIP_Strategy_PresolveNode=0;CPXPARAM_MIP_Strategy_Probe=2;CPXPARAM_MIP_Strategy_RINSHeur=0;CPXPARAM_MIP_Strategy_StartAlgorithm=6;CPXPARAM_MIP_Strategy_SubAlgorithm=0;CPXPARAM_MIP_Strategy_VariableSelect=-1;CPXPARAM_Network_NetFind=2;CPXPARAM_Network_Pricing=0;CPXPARAM_Parallel=1;CPXPARAM_Preprocessing_Aggregator=-1;CPXPARAM_Preprocessing_BoundStrength=1;CPXPARAM_Preprocessing_CoeffReduce=-1;CPXPARAM_Preprocessing_Dependency=-1;CPXPARAM_Preprocessing_Dual=0;CPXPARAM_Preprocessing_Fill=10;CPXPARAM_Preprocessing_NumPass=-1;CPXPARAM_Preprocessing_Presolve=1;CPXPARAM_Preprocessing_QPMakePSD=1;CPXPARAM_Preprocessing_Reduce=1;CPXPARAM_Preprocessing_Relax=-1;CPXPARAM_Preprocessing_RepeatPresolve=-1;CPXPARAM_Preprocessing_Symmetry=2;CPXPARAM_Read_Scale=0;CPXPARAM_Sifting_Algorithm=0;CPXPARAM_Simplex_Crash=0;CPXPARAM_Simplex_DGradient=5;CPXPARAM_Simplex_Limits_Perturbation=0;CPXPARAM_Simplex_Limits_Singularity=10;CPXPARAM_Simplex_PGradient=0;CPXPARAM_Simplex_Pricing=0;CPXPARAM_Simplex_Refactor=0
14545228186072374633,0,CPXPARAM_Advance=1;CPXPARAM_Barrier_Algorithm=0;CPXPARAM_Barrier_ColNonzeros=0;CPXPARAM_Barrier_Crossover=0;CPXPARAM_Barrier_Limits_Corrections=-1;CPXPARAM_Barrier_Ordering=0;CPXPARAM_Barrier_StartAlg=1;CPXPARAM_Emphasis_MIP=1;CPXPARAM_Emphasis_Memory=0;CPXPARAM_Emphasis_Numerical=0;CPXPARAM_Feasopt_Mode=0;CPXPARAM_LPMethod=0;CPXPARAM_MIP_Cuts_Cliques=0;CPXPARAM_MIP_Cuts_Covers=-1;CPXPARAM_MIP_Cuts_Disjunctive=2;CPXPARAM_MIP_Cuts_FlowCovers=1;CPXPARAM_MIP_Cuts_GUBCovers=2;CPXPARAM_MIP_Cuts_Gomory=2;CPXPARAM_MIP_Cuts_Implied=1;CPXPARAM_MIP_Cuts_MIRCut=-1;CPXPARAM_MIP_Cuts_PathCut=2;CPXPARAM_MIP_Limits_AggForCut=3;CPXPARAM_MIP_Limits_CutPasses=0;CPXPARAM_MIP_Limits_CutsFactor=-1;CPXPARAM_MIP_Limits_GomoryCand=800;CPXPARAM_MIP_Limits_GomoryPass=0;CPXPARAM_MIP_Limits_Nodes=9223372036800000000;CPXPARAM_MIP_Limits_ProbeTime=1e+75;CPXPARAM_MIP_Limits_RepairTries=0;CPXPARAM_MIP_Limits_StrongCand=10;CPXPARAM_MIP_Limits_StrongIt=0;CPXPARAM_MIP_OrderType=0;CPXPARAM_MIP_Strategy_BBInterval=7;CPXPARAM_MIP_Strategy_Branch=0;CPXPARAM_MIP_Strategy_Dive=0;CPXPARAM_MIP_Strategy_File=1;CPXPARAM_MIP_Strategy_HeuristicFreq=0;CPXPARAM_MIP_Strategy_LBHeur=0;CPXPARAM_MIP_Strategy_NodeSelect=1;CPXPARAM_MIP_Strategy_Order=1;CPXPARAM_MIP_Strategy_PresolveNode=0;CPXPARAM_MIP_Strategy_Probe=3;CPXPARAM_MIP_Strategy_RINSHeur=0;CPXPARAM_MIP_Strategy_StartAlgorithm=0;CPXPARAM_MIP_Strategy_SubAlgorithm=0;CPXPARAM_MIP_Strategy_VariableSelect=0;CPXPARAM_Network_NetFind=2;CPXPARAM_Network_Pricing=0;CPXPARAM_Parallel=1;CPXPARAM_Preprocessing_Aggregator=-1;CPXPARAM_Preprocessing_BoundStrength=-1;CPXPARAM_Preprocessing_CoeffReduce=-1;CPXPARAM_Preprocessing_Dependency=-1;CPXPARAM_Preprocessing_Dual=0;CPXPARAM_Preprocessing_Fill=10;CPXPARAM_Preprocessing_NumPass=-1;CPXPARAM_Preprocessing_Presolve=1;CPXPARAM_Preprocessing_QPMakePSD=1;CPXPARAM_Preprocessing_Reduce=3;CPXPARAM_Preprocessing_Relax=-1;CPXPARAM_Preprocessing_RepeatPresolve=-1;CPXPARAM_Preprocessing_Symmetry=-1;CPXPARAM_Read_Scale=0;CPXPARAM_Sifting_Algorithm=0;CPXPARAM_Simplex_Crash=1;CPXPARAM_Simplex_DGradient=0;CPXPARAM_Simplex_Limits_Perturbation=0;CPXPARAM_Simplex_Limits_Singularity=10;CPXPARAM_Simplex_PGradient=0;CPXPARAM_Simplex_Pricing=0;CPXPARAM_Simplex_Refactor=0
15319509355732312935,0,CPXPARAM_Advance=1;CPXPARAM_Barrier_Algorithm=0;CPXPARAM_Barrier_ColNonzeros=0;CPXPARAM_Barrier_Crossover=0;CPXPARAM_Barrier_Limits_Corrections=-1;CPXPARAM_Barrier_Ordering=0;CPXPARAM_Barrier_StartAlg=2;CPXPARAM_Emphasis_MIP=1;CPXPARAM_Emphasis_Memory=0;CPXPARAM_Emphasis_Numerical=0;CPXPARAM_Feasopt_Mode=0;CPXPARAM_LPMethod=0;CPXPARAM_MIP_Cuts_Cliques=0;CPXPARAM_MIP_Cuts_Covers=0;CPXPARAM_MIP_Cuts_Disjunctive=2;CPXPARAM_MIP_Cuts_FlowCovers=1;CPXPARAM_MIP_Cuts_GUBCovers=2;CPXPARAM_MIP_Cuts_Gomory=2;CPXPARAM_MIP_Cuts_Implied=1;CPXPARAM_MIP_Cuts_MIRCut=-1;CPXPARAM_MIP_Cuts_PathCut=2;CPXPARAM_MIP_Limits_AggForCut=3;CPXPARAM_MIP_Limits_CutPasses=0;CPXPARAM_MIP_Limits_CutsFactor=-1;CPXPARAM_MIP_Limits_GomoryCand=800;CPXPARAM_MIP_Limits_GomoryPass=0;CPXPARAM_MIP_Limits_Nodes=9223372036800000000;CPXPARAM_MIP_Limits_ProbeTime=0;CPXPARAM_MIP_Limits_RepairTries=0;CPXPARAM_MIP_Limits_StrongCand=5;CPXPARAM_MIP_Limits_StrongIt=0;CPXPARAM_MIP_OrderType=0;CPXPARAM_MIP_Strategy_BBInterval=7;CPXPARAM_MIP_Strategy_Branch=0;CPXPARAM_MIP_Strategy_Dive=0;CPXPARAM_MIP_Strategy_File=1;CPXPARAM_MIP_Strategy_HeuristicFreq=0;CPXPARAM_MIP_Strategy_LBHeur=0;CPXPARAM_MIP_Strategy_NodeSelect=1;CPXPARAM_MIP_Strategy_Order=1;CPXPARAM_MIP_Strategy_PresolveNode=0;CPXPARAM_MIP_Strategy_Probe=3;CPXPARAM_MIP_Strategy_RINSHeur=0;CPXPARAM_MIP_Strategy_StartAlgorithm=5;CPXPARAM_MIP_Strategy_SubAlgorithm=0;CPXPARAM_MIP_Strategy_VariableSelect=0;CPXPARAM_Network_NetFind=2;CPXPARAM_Network_Pricing=0;CPXPARAM_Parallel=1;CPXPARAM_Preprocessing_Aggregator=-1;CPXPARAM_Preprocessing_BoundStrength=-1;CPXPARAM_Preprocessing_CoeffReduce=-1;CPXPARAM_Preprocessing_Dependency=-1;CPXPARAM_Preprocessing_Dual=0;CPXPARAM_Preprocessing_Fill=10;CPXPARAM_Preprocessing_NumPass=-1;CPXPARAM_Preprocessing_Presolve=1;CPXPARAM_Preprocessing_QPMakePSD=1;CPXPARAM_Preprocessing_Reduce=3;CPXPARAM_Preprocessing_Relax=-1;CPXPARAM_Preprocessing_RepeatPresolve=-1;CPXPARAM_Preprocessing_Symmetry=4;CPXPARAM_Read_Scale=0;CPXPARAM_Sifting_Algorithm=0;CPXPARAM_Simplex_Crash=1;CPXPARAM_Simplex_DGradient=2;CPXPARAM_Simplex_Limits_Perturbation=0;CPXPARAM_Simplex_Limits_Singularity=10;CPXPARAM_Simplex_PGradient=0;CPXPARAM_Simplex_Pricing=0;CPXPARAM_Simplex_Refactor=0
14504278789777448547,0,CPXPARAM_Advance=1;CPXPARAM_Barrier_Algorithm=0;CPXPARAM_Barrier_ColNonzeros=0;CPXPARAM_Barrier_Crossover=2;CPXPARAM_Barrier_Limits_Corrections=-1;CPXPARAM_Barrier_Ordering=0;CPXPARAM_Barrier_StartAlg=1;CPXPARAM_Emphasis_MIP=1;CPXPARAM_Emphasis_Memory=0;CPXPARAM_Emphasis_Numerical=0;CPXPARAM_Feasopt_Mode=0;CPXPARAM_LPMethod=0;CPXPARAM_MIP_Cuts_Cliques=2;CPXPARAM_MIP_Cuts_Covers=0;CPXPARAM_MIP_Cuts_Disjunctive=-1;CPXPARAM_MIP_Cuts_FlowCovers=-1;CPXPARAM_MIP_Cuts_GUBCovers=1;CPXPARAM_MIP_Cuts_Gomory=1;CPXPARAM_MIP_Cuts_Implied=1;CPXPARAM_MIP_Cuts_MIRCut=2;CPXPARAM_MIP_Cuts_PathCut=-1;CPXPARAM_MIP_Limits_AggForCut=3;CPXPARAM_MIP_Limits_CutPasses=0;CPXPARAM_MIP_Limits_CutsFactor=-1;CPXPARAM_MIP_Limits_GomoryCand=10;CPXPARAM_MIP_Limits_GomoryPass=0;CPXPARAM_MIP_Limits_Nodes=9223372036800000000;CPXPARAM_MIP_Limits_ProbeTime=10;CPXPARAM_MIP_Limits_RepairTries=0;CPXPARAM_MIP_Limits_StrongCand=10;CPXPARAM_MIP_Limits_StrongIt=0;CPXPARAM_MIP_OrderType=0;CPXPARAM_MIP_Strategy_BBInterval=7;CPXPARAM_MIP_Strategy_Branch=0;CPXPARAM_MIP_Strategy_Dive=0;CPXPARAM_MIP_Strategy_File=1;CPXPARAM_MIP_Strategy_HeuristicFreq=0;CPXPARAM_MIP_Strategy_LBHeur=0;CPXPARAM_MIP_Strategy_NodeSelect=1;CPXPARAM_MIP_Strategy_Order=1;CPXPARAM_MIP_Strategy_PresolveNode=0;CPXPARAM_MIP_Strategy_Probe=0;CPXPARAM_MIP_Strategy_RINSHeur=0;CPXPARAM_MIP_Strategy_StartAlgorithm=2;CPXPARAM_MIP_Strategy_SubAlgorithm=3;CPXPARAM_MIP_Strategy_VariableSelect=-1;CPXPARAM_Network_NetFind=2;CPXPARAM_Network_Pricing=0;CPXPARAM_Parallel=1;CPXPARAM_Preprocessing_Aggregator=-1;CPXPARAM_Preprocessing_BoundStrength=-1;CPXPARAM_Preprocessing_CoeffReduce=-1;CPXPARAM_Preprocessing_Dependency=-1;CPXPARAM_Preprocessing_Dual=0;CPXPARAM_Preprocessing_Fill=10;CPXPARAM_Preprocessing_NumPass=-1;CPXPARAM_Preprocessing_Presolve=1;CPXPARAM_Preprocessing_QPMakePSD=1;CPXPARAM_Preprocessing_Reduce=3;CPXPARAM_Preprocessing_Relax=-1;CPXPARAM_Preprocessing_RepeatPresolve=-1;CPXPARAM_Preprocessing_Symmetry=0;CPXPARAM_Read_Scale=0;CPXPARAM_Sifting_Algorithm=0;CPXPARAM_Simplex_Crash=1;CPXPARAM_Simplex_DGradient=2;CPXPARAM_Simplex_Limits_Perturbation=0;CPXPARAM_Simplex_Limits_Singularity=10;CPXPARAM_Simplex_PGradient=0;CPXPARAM_Simplex_Pricing=0;CPXPARAM_Simplex_Refactor=0
8713516030554622355,0,CPXPARAM_Advance=1;CPXPARAM_Barrier_Algorithm=0;CPXPARAM_Barrier_ColNonzeros=0;CPXPARAM_Barrier_Crossover=0;CPXPARAM_Barrier_Limits_Corrections=-1;CPXPARAM_Barrier_Ordering=0;CPXPARAM_Barrier_StartAlg=2;CPXPARAM_Emphasis_MIP=1;CPXPARAM_Emphasis_Memory=0;CPXPARAM_Emphasis_Numerical=0;CPXPARAM_Feasopt_Mode=0;CPXPARAM_LPMethod=0;CPXPARAM_MIP_Cuts_Cliques=0;CPXPARAM_MIP_Cuts_Covers=0;CPXPARAM_MIP_Cuts_Disjunctive=2;CPXPARAM_MIP_Cuts_FlowCovers=1;CPXPARAM_MIP_Cuts_GUBCovers=2;CPXPARAM_MIP_Cuts_Gomory=2;CPXPARAM_MIP_Cuts_Implied=1;CPXPARAM_MIP_Cuts_MIRCut=-1;CPXPARAM_MIP_Cuts_PathCut=2;CPXPARAM_MIP_Limits_AggForCut=3;CPXPARAM_MIP_Limits_CutPasses=0;CPXPARAM_MIP_Limits_CutsFactor=-1;CPXPARAM_MIP_Limits_GomoryCand=800;CPXPARAM_MIP_Limits_GomoryPass=0;CPXPARAM_MIP_Limits_Nodes=9223372036800000000;CPXPARAM_MIP_Limits_ProbeTime=0;CPXPARAM_MIP_Limits_RepairTries=0;CPXPARAM_MIP_Limits_StrongCand=10;CPXPARAM_MIP_Limits_StrongIt=0;CPXPARAM_MIP_OrderType=0;CPXPARAM_MIP_Strategy_BBInterval=7;CPXPARAM_MIP_Strategy_Branch=0;CPXPARAM_MIP_Strategy_Dive=0;CPXPARAM_MIP_Strategy_File=1;CPXPARAM_MIP_Strategy_HeuristicFreq=0;CPXPARAM_MIP_Strategy_LBHeur=0;CPXPARAM_MIP_Strategy_NodeSelect=1;CPXPARAM_MIP_Strategy_Order=1;CPXPARAM_MIP_Strategy_PresolveNode=0;CPXPARAM_MIP_Strategy_Probe=3;CPXPARAM_MIP_Strategy_RINSHeur=0;CPXPARAM_MIP_Strategy_StartAlgorithm=5;CPXPARAM_MIP_Strategy_SubAlgorithm=0;CPXPARAM_MIP_Strategy_VariableSelect=0;CPXPARAM_Network_NetFind=2;CPXPARAM_Network_Pricing=0;CPXPARAM_Parallel=1;CPXPARAM_Preprocessing_Aggregator=-1;CPXPARAM_Preprocessing_BoundStrength=-1;CPXPARAM_Preprocessing_CoeffReduce=-1;CPXPARAM_Preprocessing_Dependency=-1;CPXPARAM_Preprocessing_Dual=0;CPXPARAM_Preprocessing_Fill=10;CPXPARAM_Preprocessing_NumPass=-1;CPXPARAM_Preprocessing_Presolve=1;CPXPARAM_Preprocessing_QPMakePSD=1;CPXPARAM_Preprocessing_Reduce=3;CPXPARAM_Preprocessing_Relax=-1;CPXPARAM_Preprocessing_RepeatPresolve=-1;CPXPARAM_Preprocessing_Symmetry=4;CPXPARAM_Read_Scale=0;CPXPARAM_Sifting_Algorithm=0;CPXPARAM_Simplex_Crash=-1;CPXPARAM_Simplex_DGradient=2;CPXPARAM_Simplex_Limits_Perturbation=0;CPXPARAM_Simplex_Limits_Singularity=10;CPXPARAM_Simplex_PGradient=0;CPXPARAM_Simplex_Pricing=0;CPXPARAM_Simplex_Refactor=0
3263850285856372512,0,CPXPARAM_Advance=1;CPXPARAM_Barrier_Algorithm=0;CPXPARAM_Barrier_ColNonzeros=0;CPXPARAM_Barrier_Crossover=0;CPXPARAM_Barrier_Limits_Corrections=-1;CPXPARAM_Barrier_Ordering=0;CPXPARAM_Barrier_StartAlg=1;CPXPARAM_Emphasis_MIP=1;CPXPARAM_Emphasis_Memory=0;CPXPARAM_Emphasis_Numerical=0;CPXPARAM_Feasopt_Mode=0;CPXPARAM_LPMethod=0;CPXPARAM_MIP_Cuts_Cliques=-1;CPXPARAM_MIP_Cuts_Covers=0;CPXPARAM_MIP_Cuts_Disjunctive=2;CPXPARAM_MIP_Cuts_FlowCovers=0;CPXPARAM_MIP_Cuts_GUBCovers=0;CPXPARAM_MIP_Cuts_Gomory=-1;CPXPARAM_MIP_Cuts_Implied=1;CPXPARAM_MIP_Cuts_MIRCut=-1;CPXPARAM_MIP_Cuts_PathCut=-1;CPXPARAM_MIP_Limits_AggForCut=3;CPXPARAM_MIP_Limits_CutPasses=0;CPXPARAM_MIP_Limits_CutsFactor=-1;CPXPARAM_MIP_Limits_GomoryCand=800;CPXPARAM_MIP_Limits_GomoryPass=0;CPXPARAM_MIP_Limits_Nodes=9223372036800000000;CPXPARAM_MIP_Limits_ProbeTime=40;CPXPARAM_MIP_Limits_RepairTries=0;CPXPARAM_MIP_Limits_StrongCand=10;CPXPARAM_MIP_Limits_StrongIt=0;CPXPARAM_MIP_OrderType=0;CPXPARAM_MIP_Strategy_BBInterval=7;CPXPARAM_MIP_Strategy_Branch=-1;CPXPARAM_MIP_Strategy_Dive=0;CPXPARAM_MIP_Strategy_File=1;CPXPARAM_MIP_Strategy_HeuristicFreq=0;CPXPARAM_MIP_Strategy_LBHeur=0;CPXPARAM_MIP_Strategy_NodeSelect=1;CPXPARAM_MIP_Strategy_Order=1;CPXPARAM_MIP_Strategy_PresolveNode=0;CPXPARAM_MIP_Strategy_Probe=3;CPXPARAM_MIP_Strategy_RINSHeur=0;CPXPARAM_MIP_Strategy_StartAlgorithm=0;CPXPARAM_MIP_Strategy_SubAlgorithm=0;CPXPARAM_MIP_Strategy_VariableSelect=3;CPXPARAM_Network_NetFind=2;CPXPARAM_Network_Pricing=0;CPXPARAM_Parallel=1;CPXPARAM_Preprocessing_Aggregator=-1;CPXPARAM_Preprocessing_BoundStrength=-1;CPXPARAM_Preprocessing_CoeffReduce=-1;CPXPARAM_Preprocessing_Dependency=-1;CPXPARAM_Preprocessing_Dual=0;CPXPARAM_Preprocessing_Fill=10;CPXPARAM_Preprocessing_NumPass=-1;CPXPARAM_Preprocessing_Presolve=1;CPXPARAM_Preprocessing_QPMakePSD=1;CPXPARAM_Preprocessing_Reduce=3;CPXPARAM_Preprocessing_Relax=-1;CPXPARAM_Preprocessing_RepeatPresolve=-1;CPXPARAM_Preprocessing_Symmetry=-1;CPXPARAM_Read_Scale=0;CPXPARAM_Sifting_Algorithm=0;CPXPARAM_Simplex_Crash=1;CPXPARAM_Simplex_DGradient=0;CPXPARAM_Simplex_Limits_Perturbation=0;CPXPARAM_Simplex_Limits_Singularity=10;CPXPARAM_Simplex_PGradient=0;CPXPARAM_Simplex_Pricing=0;CPXPARAM_Simplex_Refactor=0
8595803729148201937,0,CPXPARAM_Advance=1;CPXPARAM_Barrier_Algorithm=0;CPXPARAM_Barrier_ColNonzeros=0;CPXPARAM_Barrier_Crossover=0;CPXPARAM_Barrier_Limits_Corrections=-1;CPXPARAM_Barrier_Ordering=0;CPXPARAM_Barrier_StartAlg=2;CPXPARAM_Emphasis_MIP=1;CPXPARAM_Emphasis_Memory=0;CPXPARAM_Emphasis_Numerical=0;CPXPARAM_Feasopt_Mode=0;CPXPARAM_LPMethod=0;CPXPARAM_MIP_Cuts_Cliques=0;CPXPARAM_MIP_Cuts_Covers=0;CPXPARAM_MIP_Cuts_Disjunctive=2;CPXPARAM_MIP_Cuts_FlowCovers=1;CPXPARAM_MIP_Cuts_GUBCovers=2;CPXPARAM_MIP_Cuts_Gomory=2;CPXPARAM_MIP_Cuts_Implied=1;CPXPARAM_MIP_Cuts_MIRCut=-1;CPXPARAM_MIP_Cuts_PathCut=2;CPXPARAM_MIP_Limits_AggForCut=3;CPXPARAM_MIP_Limits_CutPasses=0;CPXPARAM_MIP_Limits_CutsFactor=-1;CPXPARAM_MIP_Limits_GomoryCand=800;CPXPARAM_MIP_Limits_GomoryPass=0;CPXPARAM_MIP_Limits_Nodes=9223372036800000000;CPXPARAM_MIP_Limits_ProbeTime=0;CPXPARAM_MIP_Limits_RepairTries=0;CPXPARAM_MIP_Limits_StrongCand=10;CPXPARAM_MIP_Limits_StrongIt=0;CPXPARAM_MIP_OrderType=0;CPXPARAM_MIP_Strategy_BBInterval=7;CPXPARAM_MIP_Strategy_Branch=0;CPXPARAM_MIP_Strategy_Dive=0;CPXPARAM_MIP_Strategy_File=1;CPXPARAM_MIP_Strategy_HeuristicFreq=0;CPXPARAM_MIP_Strategy_LBHeur=0;CPXPARAM_MIP_Strategy_NodeSelect=1;CPXPARAM_MIP_Strategy_Order=1;CPXPARAM_MIP_Strategy_PresolveNode=0;CPXPARAM_MIP_Strategy_Probe=3;CPXPARAM_MIP_Strategy_RINSHeur=0;CPXPARAM_MIP_Strategy_StartAlgorithm=5;CPXPARAM_MIP_Strategy_SubAlgorithm=0;CPXPARAM_MIP_Strategy_VariableSelect=0;CPXPARAM_Network_NetFind=2;CPXPARAM_Network_Pricing=0;CPXPARAM_Parallel=1;CPXPARAM_Preprocessing_Aggregator=-1;CPXPARAM_Preprocessing_BoundStrength=-1;CPXPARAM_Preprocessing_CoeffReduce=-1;CPXPARAM_Preprocessing_Dependency=-1;CPXPARAM_Preprocessing_Dual=0;CPXPARAM_Preprocessing_Fill=10;CPXPARAM_Preprocessing_NumPass=-1;CPXPARAM_Preprocessing_Presolve=1;CPXPARAM_Preprocessing_QPMakePSD=1;CPXPARAM_Preprocessing_Reduce=3;CPXPARAM_Preprocessing_Relax=-1;CPXPARAM_Preprocessing_RepeatPresolve=-1;CPXPARAM_Preprocessing_Symmetry=4;CPXPARAM_Read_Scale=0;CPXPARAM_Sifting_Algorithm=0;CPXPARAM_Simplex_Crash=1;CPXPARAM_Simplex_DGradient=0;CPXPARAM_Simplex_Limits_Perturbation=0;CPXPARAM_Simplex_Limits_Singularity=10;CPXPARAM_Simplex_PGradient=0;CPXPARAM_Simplex_Pricing=0;CPXPARAM_Simplex_Refactor=0
6265941434809346301,0,CPXPARAM_Advance=1;CPXPARAM_Barrier_Algorithm=0;CPXPARAM_Barrier_ColNonzeros=0;CPXPARAM_Barrier_Crossover=0;CPXPARAM_Barrier_Limits_Corrections=-1;CPXPARAM_Barrier_Ordering=0;CPXPARAM_Barrier_StartAlg=2;CPXPARAM_Emphasis_MIP=1;CPXPARAM_Emphasis_Memory=0;CPXPARAM_Emphasis_Numerical=1;CPXPARAM_Feasopt_Mode=0;CPXPARAM_LPMethod=0;CPXPARAM_MIP_Cuts_Cliques=0;CPXPARAM_MIP_Cuts_Covers=0;CPXPARAM_MIP_Cuts_Disjunctive=2;CPXPARAM_MIP_Cuts_FlowCovers=1;CPXPARAM_MIP_Cuts_GUBCovers=2;CPXPARAM_MIP_Cuts_Gomory=2;CPXPARAM_MIP_Cuts_Implied=1;CPXPARAM_MIP_Cuts_MIRCut=-1;CPXPARAM_MIP_Cuts_PathCut=2;CPXPARAM_MIP_Limits_AggForCut=3;CPXPARAM_MIP_Limits_CutPasses=0;CPXPARAM_MIP_Limits_CutsFactor=-1;CPXPARAM_MIP_Limits_GomoryCand=800;CPXPARAM_MIP_Limits_GomoryPass=0;CPXPARAM_MIP_Limits_Nodes=9223372036800000000;CPXPARAM_MIP_Limits_ProbeTime=0;CPXPARAM_MIP_Limits_RepairTries=0;CPXPARAM_MIP_Limits_StrongCand=10;CPXPARAM_MIP_Limits_StrongIt=0;CPXPARAM_MIP_OrderType=0;CPXPARAM_MIP_Strategy_BBInterval=7;CPXPARAM_MIP_Strategy_Branch=0;CPXPARAM_MIP_Strategy_Dive=0;CPXPARAM_MIP_Strategy_File=1;CPXPARAM_MIP_Strategy_HeuristicFreq=0;CPXPARAM_MIP_Strategy_LBHeur=0;CPXPARAM_MIP_Strategy_NodeSelect=1;CPXPARAM_MIP_Strategy_Order=1;CPXPARAM_MIP_Strategy_PresolveNode=0;CPXPARAM_MIP_Strategy_Probe=3;CPXPARAM_MIP_Strategy_RINSHeur=0;CPXPARAM_MIP_Strategy_StartAlgorithm=5;CPXPARAM_MIP_Strategy_SubAlgorithm=0;CPXPARAM_MIP_Strategy_VariableSelect=0;CPXPARAM_Network_NetFind=2;CPXPARAM_Network_Pricing=0;CPXPARAM_Parallel=1;CPXPARAM_Preprocessing_Aggregator=-1;CPXPARAM_Preprocessing_BoundStrength=-1;CPXPARAM_Preprocessing_CoeffReduce=-1;CPXPARAM_Preprocessing_Dependency=-1;CPXPARAM_Preprocessing_Dual=0;CPXPARAM_Preprocessing_Fill=10;CPXPARAM_Preprocessing_NumPass=-1;CPXPARAM_Preprocessing_Presolve=1;CPXPARAM_Preprocessing_QPMakePSD=1;CPXPARAM_Preprocessing_Reduce=3;CPXPARAM_Preprocessing_Relax=-1;CPXPARAM_Preprocessing_RepeatPresolve=-1;CPXPARAM_Preprocessing_Symmetry=4;CPXPARAM_Read_Scale=0;CPXPARAM_Sifting_Algorithm=0;CPXPARAM_Simplex_Crash=1;CPXPARAM_Simplex_DGradient=2;CPXPARAM_Simplex_Limits_Perturbation=0;CPXPARAM_Simplex_Limits_Singularity=10;CPXPARAM_Simplex_PGradient=0;CPXPARAM_Simplex_Pricing=0;CPXPARAM_Simplex_Refactor=0
2389706952343843674,0,CPXPARAM_Advance=1;CPXPARAM_Barrier_Algorithm=0;CPXPARAM_Barrier_ColNonzeros=0;CPXPARAM_Barrier_Crossover=0;CPXPARAM_Barrier_Limits_Corrections=-1;CPXPARAM_Barrier_Ordering=0;CPXPARAM_Barrier_StartAlg=1;CPXPARAM_Emphasis_MIP=4;CPXPARAM_Emphasis_Memory=0;CPXPARAM_Emphasis_Numerical=0;CPXPARAM_Feasopt_Mode=0;CPXPARAM_LPMethod=0;CPXPARAM_MIP_Cuts_Cliques=0;CPXPARAM_MIP_Cuts_Covers=0;CPXPARAM_MIP_Cuts_Disjunctive=0;CPXPARAM_MIP_Cuts_FlowCovers=0;CPXPARAM_MIP_Cuts_GUBCovers=0;CPXPARAM_MIP_Cuts_Gomory=0;CPXPARAM_MIP_Cuts_Implied=0;CPXPARAM_MIP_Cuts_MIRCut=0;CPXPARAM_MIP_Cuts_PathCut=0;CPXPARAM_MIP_Limits_AggForCut=3;CPXPARAM_MIP_Limits_CutPasses=0;CPXPARAM_MIP_Limits_CutsFactor=-1;CPXPARAM_MIP_Limits_GomoryCand=50;CPXPARAM_MIP_Limits_GomoryPass=0;CPXPARAM_MIP_Limits_Nodes=9223372036800000000;CPXPARAM_MIP_Limits_ProbeTime=1e+75;CPXPARAM_MIP_Limits_RepairTries=0;CPXPARAM_MIP_Limits_StrongCand=10;CPXPARAM_MIP_Limits_StrongIt=0;CPXPARAM_MIP_OrderType=0;CPXPARAM_MIP_Strategy_BBInterval=7;CPXPARAM_MIP_Strategy_Branch=0;CPXPARAM_MIP_Strategy_Dive=0;CPXPARAM_MIP_Strategy_File=1;CPXPARAM_MIP_Strategy_HeuristicFreq=0;CPXPARAM_MIP_Strategy_LBHeur=0;CPXPARAM_MIP_Strategy_NodeSelect=1;CPXPARAM_MIP_Strategy_Order=1;CPXPARAM_MIP_Strategy_PresolveNode=0;CPXPARAM_MIP_Strategy_Probe=0;CPXPARAM_MIP_Strategy_RINSHeur=0;CPXPARAM_MIP_Strategy_StartAlgorithm=0;CPXPARAM_MIP_Strategy_SubAlgorithm=0;CPXPARAM_MIP_Strategy_VariableSelect=0;CPXPARAM_Network_NetFind=2;CPXPARAM_Network_Pricing=0;CPXPARAM_Parallel=1;CPXPARAM_Preprocessing_Aggregator=-1;CPXPARAM_Preprocessing_BoundStrength=-1;CPXPARAM_Preprocessing_CoeffReduce=-1;CPXPARAM_Preprocessing_Dependency=-1;CPXPARAM_Preprocessing_Dual=0;CPXPARAM_Preprocessing_Fill=10;CPXPARAM_Preprocessing_NumPass=-1;CPXPARAM_Preprocessing_Presolve=1;CPXPARAM_Preprocessing_QPMakePSD=1;CPXPARAM_Preprocessing_Reduce=3;CPXPARAM_Preprocessing_Relax=-1;CPXPARAM_Preprocessing_RepeatPresolve=-1;CPXPARAM_Preprocessing_Symmetry=-1;CPXPARAM_Read_Scale=0;CPXPARAM_Sifting_Algorithm=0;CPXPARAM_Simplex_Crash=1;CPXPARAM_Simplex_DGradient=0;CPXPARAM_Simplex_Limits_Perturbation=0;CPXPARAM_Simplex_Limits_Singularity=10;CPXPARAM_Simplex_PGradient=0;CPXPARAM_Simplex_Pricing=0;CPXPARAM_Simplex_Refactor=0
5755013622667924183,0,CPXPARAM_Advance=1;CPXPARAM_Barrier_Algorithm=0;CPXPARAM_Barrier_ColNonzeros=0;CPXPARAM_Barrier_Crossover=0;CPXPARAM_Barrier_Limits_Corrections=-1;CPXPARAM_Barrier_Ordering=0;CPXPARAM_Barrier_StartAlg=1;CPXPARAM_Emphasis_MIP=1;CPXPARAM_Emphasis_Memory=0;CPXPARAM_Emphasis_Numerical=0;CPXPARAM_Feasopt_Mode=0;CPXPARAM_LPMethod=0;CPXPARAM_MIP_Cuts_Cliques=0;CPXPARAM_MIP_Cuts_Covers=0;CPXPARAM_MIP_Cuts_Disjunctive=2;CPXPARAM_MIP_Cuts_FlowCovers=1;CPXPARAM_MIP_Cuts_GUBCovers=1;CPXPARAM_MIP_Cuts_Gomory=2;CPXPARAM_MIP_Cuts_Implied=1;CPXPARAM_MIP_Cuts_MIRCut=-1;CPXPARAM_MIP_Cuts_PathCut=2;CPXPARAM_MIP_Limits_AggForCut=3;CPXPARAM_MIP_Limits_CutPasses=0;CPXPARAM_MIP_Limits_CutsFactor=-1;CPXPARAM_MIP_Limits_GomoryCand=400;CPXPARAM_MIP_Limits_GomoryPass=0;CPXPARAM_MIP_Limits_Nodes=9223372036800000000;CPXPARAM_MIP_Limits_ProbeTime=1e+75;CPXPARAM_MIP_Limits_RepairTries=0;CPXPARAM_MIP_Limits_StrongCand=10;CPXPARAM_MIP_Limits_StrongIt=0;CPXPARAM_MIP_OrderType=0;CPXPARAM_MIP_Strategy_BBInterval=7;CPXPARAM_MIP_Strategy_Branch=0;CPXPARAM_MIP_Strategy_Dive=0;CPXPARAM_MIP_Strategy_File=1;CPXPARAM_MIP_Strategy_HeuristicFreq=0;CPXPARAM_MIP_Strategy_LBHeur=0;CPXPARAM_MIP_Strategy_NodeSelect=1;CPXPARAM_MIP_Strategy_Order=1;CPXPARAM_MIP_Strategy_PresolveNode=0;CPXPARAM_MIP_Strategy_Probe=0;CPXPARAM_MIP_Strategy_RINSHeur=0;CPXPARAM_MIP_Strategy_StartAlgorithm=0;CPXPARAM_MIP_Strategy_SubAlgorithm=0;CPXPARAM_MIP_Strategy_VariableSelect=0;CPXPARAM_Network_NetFind=2;CPXPARAM_Network_Pricing=0;CPXPARAM_Parallel=1;CPXPARAM_Preprocessing_Aggregator=-1;CPXPARAM_Preprocessing_BoundStrength=-1;CPXPARAM_Preprocessing_CoeffReduce=-1;CPXPARAM_Preprocessing_Dependency=-1;CPXPARAM_Preprocessing_Dual=0;CPXPARAM_Preprocessing_Fill=10;CPXPARAM_Preprocessing_NumPass=-1;CPXPARAM_Preprocessing_Presolve=1;CPXPARAM_Preprocessing_QPMakePSD=1;CPXPARAM_Preprocessing_Reduce=3;CPXPARAM_Preprocessing_Relax=-1;CPXPARAM_Preprocessing_RepeatPresolve=-1;CPXPARAM_Preprocessing_Symmetry=-1;CPXPARAM_Read_Scale=0;CPXPARAM_Sifting_Algorithm=0;CPXPARAM_Simplex_Crash=1;CPXPARAM_Simplex_DGradient=0;CPXPARAM_Simplex_Limits_Perturbation=0;CPXPARAM_Simplex_Limits_Singularity=10;CPXPARAM_Simplex_PGradient=0;CPXPARAM_Simplex_Pricing=0;CPXPARAM_Simplex_Refactor=0
543645513435163993,0,CPXPARAM_Advance=1;CPXPARAM_Barrier_Algorithm=0;CPXPARAM_Barrier_ColNonzeros=0;CPXPARAM_Barrier_Crossover=0;CPXPARAM_Barrier_Limits_Corrections=-1;CPXPARAM_Barrier_Ordering=0;CPXPARAM_Barrier_StartAlg=1;CPXPARAM_Emphasis_MIP=1;CPXPARAM_Emphasis_Memory=0;CPXPARAM_Emphasis_Numerical=0;CPXPARAM_Feasopt_Mode=0;CPXPARAM_LPMethod=0;CPXPARAM_MIP_Cuts_Cliques=0;CPXPARAM_MIP_Cuts_Covers=0;CPXPARAM_MIP_Cuts_Disjunctive=2;CPXPARAM_MIP_Cuts_FlowCovers=1;CPXPARAM_MIP_Cuts_GUBCovers=2;CPXPARAM_MIP_Cuts_Gomory=2;CPXPARAM_MIP_Cuts_Implied=1;CPXPARAM_MIP_Cuts_MIRCut=-1;CPXPARAM_MIP_Cuts_PathCut=2;CPXPARAM_MIP_Limits_AggForCut=3;CPXPARAM_MIP_Limits_CutPasses=0;CPXPARAM_MIP_Limits_CutsFactor=-1;CPXPARAM_MIP_Limits_GomoryCand=800;CPXPARAM_MIP_Limits_GomoryPass=0;CPXPARAM_MIP_Limits_Nodes=9223372036800000000;CPXPARAM_MIP_Limits_ProbeTime=240;CPXPARAM_MIP_Limits_RepairTries=0;CPXPARAM_MIP_Limits_StrongCand=10;CPXPARAM_MIP_Limits_StrongIt=0;CPXPARAM_MIP_OrderType=0;CPXPARAM_MIP_Strategy_BBInterval=7;CPXPARAM_MIP_Strategy_Branch=0;CPXPARAM_MIP_Strategy_Dive=0;CPXPARAM_MIP_Strategy_File=1;CPXPARAM_MIP_Strategy_HeuristicFreq=0;CPXPARAM_MIP_Strategy_LBHeur=0;CPXPARAM_MIP_Strategy_NodeSelect=1;CPXPARAM_MIP_Strategy_Order=1;CPXPARAM_MIP_Strategy_PresolveNode=0;CPXPARAM_MIP_Strategy_Probe=3;CPXPARAM_MIP_Strategy_RINSHeur=0;CPXPARAM_MIP_Strategy_StartAlgorithm=5;CPXPARAM_MIP_Strategy_SubAlgorithm=0;CPXPARAM_MIP_Strategy_VariableSelect=0;CPXPARAM_Network_NetFind=2;CPXPARAM_Network_Pricing=0;CPXPARAM_Parallel=1;CPXPARAM_Preprocessing_Aggregator=-1;CPXPARAM_Preprocessing_BoundStrength=-1;CPXPARAM_Preprocessing_CoeffReduce=-1;CPXPARAM_Preprocessing_Dependency=-1;CPXPARAM_Preprocessing_Dual=0;CPXPARAM_Preprocessing_Fill=10;CPXPARAM_Preprocessing_NumPass=-1;CPXPARAM_Preprocessing_Presolve=1;CPXPARAM_Preprocessing_QPMakePSD=1;CPXPARAM_Preprocessing_Reduce=3;CPXPARAM_Preprocessing_Relax=-1;CPXPARAM_Preprocessing_RepeatPresolve=-1;CPXPARAM_Preprocessing_Symmetry=4;CPXPARAM_Read_Scale=0;CPXPARAM_Sifting_Algorithm=0;CPXPARAM_Simplex_Crash=1;CPXPARAM_Simplex_DGradient=0;CPXPARAM_Simplex_Limits_Perturbation=0;CPXPARAM_Simplex_Limits_Singularity=10;CPXPARAM_Simplex_PGradient=0;CPXPARAM_Simplex_Pricing=0;CPXPARAM_Simplex_Refactor=0
1919750748207864055,0,CPXPARAM_Advance=1;CPXPARAM_Barrier_Algorithm=0;CPXPARAM_Barrier_ColNonzeros=0;CPXPARAM_Barrier_Crossover=0;CPXPARAM_Barrier_Limits_Corrections=-1;CPXPARAM_Barrier_Ordering=0;CPXPARAM_Barrier_StartAlg=1;CPXPARAM_Emphasis_MIP=1;CPXPARAM_Emphasis_Memory=0;CPXPARAM_Emphasis_Numerical=0;CPXPARAM_Feasopt_Mode=0;CPXPARAM_LPMethod=0;CPXPARAM_MIP_Cuts_Cliques=0;CPXPARAM_MIP_Cuts_Covers=0;CPXPARAM_MIP_Cuts_Disjunctive=2;CPXPARAM_MIP_Cuts_FlowCovers=1;CPXPARAM_MIP_Cuts_GUBCovers=2;CPXPARAM_MIP_Cuts_Gomory=2;CPXPARAM_MIP_Cuts_Implied=1;CPXPARAM_MIP_Cuts_MIRCut=-1;CPXPARAM_MIP_Cuts_PathCut=2;CPXPARAM_MIP_Limits_AggForCut=3;CPXPARAM_MIP_Limits_CutPasses=0;CPXPARAM_MIP_Limits_CutsFactor=-1;CPXPARAM_MIP_Limits_GomoryCand=400;CPXPARAM_MIP_Limits_GomoryPass=0;CPXPARAM_MIP_Limits_Nodes=9223372036800000000;CPXPARAM_MIP_Limits_ProbeTime=1e+75;CPXPARAM_MIP_Limits_RepairTries=0;CPXPARAM_MIP_Limits_StrongCand=10;CPXPARAM_MIP_Limits_StrongIt=0;CPXPARAM_MIP_OrderType=0;CPXPARAM_MIP_Strategy_BBInterval=7;CPXPARAM_MIP_Strategy_Branch=0;CPXPARAM_MIP_Strategy_Dive=0;CPXPARAM_MIP_Strategy_File=1;CPXPARAM_MIP_Strategy_HeuristicFreq=0;CPXPARAM_MIP_Strategy_LBHeur=0;CPXPARAM_MIP_Strategy_NodeSelect=1;CPXPARAM_MIP_Strategy_Order=1;CPXPARAM_MIP_Strategy_PresolveNode=0;CPXPARAM_MIP_Strategy_Probe=0;CPXPARAM_MIP_Strategy_RINSHeur=0;CPXPARAM_MIP_Strategy_StartAlgorithm=0;CPXPARAM_MIP_Strategy_SubAlgorithm=0;CPXPARAM_MIP_Strategy_VariableSelect=0;CPXPARAM_Network_NetFind=2;CPXPARAM_Network_Pricing=0;CPXPARAM_Parallel=1;CPXPARAM_Preprocessing_Aggregator=-1;CPXPARAM_Preprocessing_BoundStrength=-1;CPXPARAM_Preprocessing_CoeffReduce=-1;CPXPARAM_Preprocessing_Dependency=-1;CPXPARAM_Preprocessing_Dual=0;CPXPARAM_Preprocessing_Fill=10;CPXPARAM_Preprocessing_NumPass=-1;CPXPARAM_Preprocessing_Presolve=1;CPXPARAM_Preprocessing_QPMakePSD=1;CPXPARAM_Preprocessing_Reduce=3;CPXPARAM_Preprocessing_Relax=-1;CPXPARAM_Preprocessing_RepeatPresolve=-1;CPXPARAM_Preprocessing_Symmetry=-1;CPXPARAM_Read_Scale=0;CPXPARAM_Sifting_Algorithm=0;CPXPARAM_Simplex_Crash=1;CPXPARAM_Simplex_DGradient=0;CPXPARAM_Simplex_Limits_Perturbation=0;CPXPARAM_Simplex_Limits_Singularity=10;CPXPARAM_Simplex_PGradient=0;CPXPARAM_Simplex_Pricing=0;CPXPARAM_Simplex_Refactor=0
12351453347240979420,0,CPXPARAM_Advance=1;CPXPARAM_Barrier_Algorithm=0;CPXPARAM_Barrier_ColNonzeros=0;CPXPARAM_Barrier_Crossover=0;CPXPARAM_Barrier_Limits_Corrections=-1;CPXPARAM_Barrier_Ordering=0;CPXPARAM_Barrier_StartAlg=1;CPXPARAM_Emphasis_MIP=3;CPXPARAM_Emphasis_Memory=0;CPXPARAM_Emphasis_Numerical=0;CPXPARAM_Feasopt_Mode=0;CPXPARAM_LPMethod=0;CPXPARAM_MIP_Cuts_Cliques=0;CPXPARAM_MIP_Cuts_Covers=0;CPXPARAM_MIP_Cuts_Disjunctive=0;CPXPARAM_MIP_Cuts_FlowCovers=0;CPXPARAM_MIP_Cuts_GUBCovers=0;CPXPARAM_MIP_Cuts_Gomory=0;CPXPARAM_MIP_Cuts_Implied=0;CPXPARAM_MIP_Cuts_MIRCut=0;CPXPARAM_MIP_Cuts_PathCut=0;CPXPARAM_MIP_Limits_AggForCut=3;CPXPARAM_MIP_Limits_CutPasses=0;CPXPARAM_MIP_Limits_CutsFactor=-1;CPXPARAM_MIP_Limits_GomoryCand=200;CPXPARAM_MIP_Limits_GomoryPass=0;CPXPARAM_MIP_Limits_Nodes=9223372036800000000;CPXPARAM_MIP_Limits_ProbeTime=1e+75;CPXPARAM_MIP_Limits_RepairTries=0;CPXPARAM_MIP_Limits_StrongCand=10;CPXPARAM_MIP_Limits_StrongIt=0;CPXPARAM_MIP_OrderType=0;CPXPARAM_MIP_Strategy_BBInterval=7;CPXPARAM_MIP_Strategy_Branch=0;CPXPARAM_MIP_Strategy_Dive=0;CPXPARAM_MIP_Strategy_File=1;CPXPARAM_MIP_Strategy_HeuristicFreq=0;CPXPARAM_MIP_Strategy_LBHeur=0;CPXPARAM_MIP_Strategy_NodeSelect=1;CPXPARAM_MIP_Strategy_Order=1;CPXPARAM_MIP_Strategy_PresolveNode=0;CPXPARAM_MIP_Strategy_Probe=0;CPXPARAM_MIP_Strategy_RINSHeur=0;CPXPARAM_MIP_Strategy_StartAlgorithm=0;CPXPARAM_MIP_Strategy_SubAlgorithm=0;CPXPARAM_MIP_Strategy_VariableSelect=0;CPXPARAM_Network_NetFind=2;CPXPARAM_Network_Pricing=0;CPXPARAM_Parallel=1;CPXPARAM_Preprocessing_Aggregator=-1;CPXPARAM_Preprocessing_BoundStrength=-1;CPXPARAM_Preprocessing_CoeffReduce=-1;CPXPARAM_Preprocessing_Dependency=-1;CPXPARAM_Preprocessing_Dual=0;CPXPARAM_Preprocessing_Fill=10;CPXPARAM_Preprocessing_NumPass=-1;CPXPARAM_Preprocessing_Presolve=1;CPXPARAM_Preprocessing_QPMakePSD=1;CPXPARAM_Preprocessing_Reduce=3;CPXPARAM_Preprocessing_Relax=-1;CPXPARAM_Preprocessing_RepeatPresolve=-1;CPXPARAM_Preprocessing_Symmetry=-1;CPXPARAM_Read_Scale=0;CPXPARAM_Sifting_Algorithm=0;CPXPARAM_Simplex_Crash=1;CPXPARAM_Simplex_DGradient=0;CPXPARAM_Simplex_Limits_Perturbation=0;CPXPARAM_Simplex_Limits_Singularity=10;CPXPARAM_Simplex_PGradient=0;CPXPARAM_Simplex_Pricing=0;CPXPARAM_Simplex_Refactor=0
17441821622167284761,0,CPXPARAM_Advance=1;CPXPARAM_Barrier_Algorithm=0;CPXPARAM_Barrier_ColNonzeros=0;CPXPARAM_Barrier_Crossover=0;CPXPARAM_Barrier_Limits_Corrections=-1;CPXPARAM_Barrier_Ordering=0;CPXPARAM_Barrier_StartAlg=2;CPXPARAM_Emphasis_MIP=1;CPXPARAM_Emphasis_Memory=0;CPXPARAM_Emphasis_Numerical=0;CPXPARAM_Feasopt_Mode=0;CPXPARAM_LPMethod=0;CPXPARAM_MIP_Cuts_Cliques=0;CPXPARAM_MIP_Cuts_Covers=0;CPXPARAM_MIP_Cuts_Disjunctive=2;CPXPARAM_MIP_Cuts_FlowCovers=1;CPXPARAM_MIP_Cuts_GUBCovers=2;CPXPARAM_MIP_Cuts_Gomory=2;CPXPARAM_MIP_Cuts_Implied=1;CPXPARAM_MIP_Cuts_MIRCut=-1;CPXPARAM_MIP_Cuts_PathCut=2;CPXPARAM_MIP_Limits_AggForCut=3;CPXPARAM_MIP_Limits_CutPasses=0;CPXPARAM_MIP_Limits_CutsFactor=-1;CPXPARAM_MIP_Limits_GomoryCand=800;CPXPARAM_MIP_Limits_GomoryPass=0;CPXPARAM_MIP_Limits_Nodes=9223372036800000000;CPXPARAM_MIP_Limits_ProbeTime=0;CPXPARAM_MIP_Limits_RepairTries=0;CPXPARAM_MIP_Limits_StrongCand=10;CPXPARAM_MIP_Limits_StrongIt=0;CPXPARAM_MIP_OrderType=2;CPXPARAM_MIP_Strategy_BBInterval=7;CPXPARAM_MIP_Strategy_Branch=0;CPXPARAM_MIP_Strategy_Dive=0;CPXPARAM_MIP_Strategy_File=1;CPXPARAM_MIP_Strategy_HeuristicFreq=0;CPXPARAM_MIP_Strategy_LBHeur=0;CPXPARAM_MIP_Strategy_NodeSelect=1;CPXPARAM_MIP_Strategy_Order=1;CPXPARAM_MIP_Strategy_PresolveNode=0;CPXPARAM_MIP_Strategy_Probe=3;CPXPARAM_MIP_Strategy_RINSHeur=0;CPXPARAM_MIP_Strategy_StartAlgorithm=5;CPXPARAM_MIP_Strategy_SubAlgorithm=0;CPXPARAM_MIP_Strategy_VariableSelect=0;CPXPARAM_Network_NetFind=2;CPXPARAM_Network_Pricing=0;CPXPARAM_Parallel=1;CPXPARAM_Preprocessing_Aggregator=-1;CPXPARAM_Preprocessing_BoundStrength=-1;CPXPARAM_Preprocessing_CoeffReduce=-1;CPXPARAM_Preprocessing_Dependency=-1;CPXPARAM_Preprocessing_Dual=0;CPXPARAM_Preprocessing_Fill=10;CPXPARAM_Preprocessing_NumPass=-1;CPXPARAM_Preprocessing_Presolve=1;CPXPARAM_Preprocessing_QPMakePSD=1;CPXPARAM_Preprocessing_Reduce=3;CPXPARAM_Preprocessing_Relax=-1;CPXPARAM_Preprocessing_RepeatPresolve=-1;CPXPARAM_Preprocessing_Symmetry=4;CPXPARAM_Read_Scale=0;CPXPARAM_Sifting_Algorithm=0;CPXPARAM_Simplex_Crash=1;CPXPARAM_Simplex_DGradient=2;CPXPARAM_Simplex_Limits_Perturbation=0;CPXPARAM_Simplex_Limits_Singularity=10;CPXPARAM_Simplex_PGradient=0;CPXPARAM_Simplex_Pricing=0;CPXPARAM_Simplex_Refactor=0
7221788704368281663,0,CPXPARAM_Advance=1;CPXPARAM_Barrier_Algorithm=0;CPXPARAM_Barrier_ColNonzeros=0;CPXPARAM_Barrier_Crossover=0;CPXPARAM_Barrier_Limits_Corrections=-1;CPXPARAM_Barrier_Ordering=0;CPXPARAM_Barrier_StartAlg=1;CPXPARAM_Emphasis_MIP=1;CPXPARAM_Emphasis_Memory=0;CPXPARAM_Emphasis_Numerical=0;CPXPARAM_Feasopt_Mode=0;CPXPARAM_LPMethod=0;CPXPARAM_MIP_Cuts_Cliques=0;CPXPARAM_MIP_Cuts_Covers=0;CPXPARAM_MIP_Cuts_Disjunctive=2;CPXPARAM_MIP_Cuts_FlowCovers=1;CPXPARAM_MIP_Cuts_GUBCovers=2;CPXPARAM_MIP_Cuts_Gomory=2;CPXPARAM_MIP_Cuts_Implied=1;CPXPARAM_MIP_Cuts_MIRCut=-1;CPXPARAM_MIP_Cuts_PathCut=2;CPXPARAM_MIP_Limits_AggForCut=5;CPXPARAM_MIP_Limits_CutPasses=0;CPXPARAM_MIP_Limits_CutsFactor=-1;CPXPARAM_MIP_Limits_GomoryCand=800;CPXPARAM_MIP_Limits_GomoryPass=0;CPXPARAM_MIP_Limits_Nodes=9223372036800000000;CPXPARAM_MIP_Limits_ProbeTime=0;CPXPARAM_MIP_Limits_RepairTries=0;CPXPARAM_MIP_Limits_StrongCand=10;CPXPARAM_MIP_Limits_StrongIt=0;CPXPARAM_MIP_OrderType=0;CPXPARAM_MIP_Strategy_BBInterval=7;CPXPARAM_MIP_Strategy_Branch=0;CPXPARAM_MIP_Strategy_Dive=0;CPXPARAM_MIP_Strategy_File=1;CPXPARAM_MIP_Strategy_HeuristicFreq=0;CPXPARAM_MIP_Strategy_LBHeur=0;CPXPARAM_MIP_Strategy_NodeSelect=1;CPXPARAM_MIP_Strategy_Order=1;CPXPARAM_MIP_Strategy_PresolveNode=0;CPXPARAM_MIP_Strategy_Probe=3;CPXPARAM_MIP_Strategy_RINSHeur=0;CPXPARAM_MIP_Strategy_StartAlgorithm=5;CPXPARAM_MIP_Strategy_SubAlgorithm=0;CPXPARAM_MIP_Strategy_VariableSelect=0;CPXPARAM_Network_NetFind=2;CPXPARAM_Network_Pricing=0;CPXPARAM_Parallel=1;CPXPARAM_Preprocessing_Aggregator=-1;CPXPARAM_Preprocessing_BoundStrength=-1;CPXPARAM_Preprocessing_CoeffReduce=-1;CPXPARAM_Preprocessing_Dependency=-1;CPXPARAM_Preprocessing_Dual=0;CPXPARAM_Preprocessing_Fill=10;CPXPARAM_Preprocessing_NumPass=-1;CPXPARAM_Preprocessing_Presolve=1;CPXPARAM_Preprocessing_QPMakePSD=1;CPXPARAM_Preprocessing_Reduce=3;CPXPARAM_Preprocessing_Relax=-1;CPXPARAM_Preprocessing_RepeatPresolve=-1;CPXPARAM_Preprocessing_Symmetry=4;CPXPARAM_Read_Scale=0;CPXPARAM_Sifting_Algorithm=0;CPXPARAM_Simplex_Crash=1;CPXPARAM_Simplex_DGradient=0;CPXPARAM_Simplex_Limits_Perturbation=0;CPXPARAM_Simplex_Limits_Singularity=10;CPXPARAM_Simplex_PGradient=0;CPXPARAM_Simplex_Pricing=0;CPXPARAM_Simplex_Refactor=0
3606084050573553125,0,CPXPARAM_Advance=1;CPXPARAM_Barrier_Algorithm=0;CPXPARAM_Barrier_ColNonzeros=0;CPXPARAM_Barrier_Crossover=0;CPXPARAM_Barrier_Limits_Corrections=-1;CPXPARAM_Barrier_Ordering=3;CPXPARAM_Barrier_StartAlg=1;CPXPARAM_Emphasis_MIP=1;CPXPARAM_Emphasis_Memory=0;CPXPARAM_Emphasis_Numerical=0;CPXPARAM_Feasopt_Mode=0;CPXPARAM_LPMethod=0;CPXPARAM_MIP_Cuts_Cliques=0;CPXPARAM_MIP_Cuts_Covers=0;CPXPARAM_MIP_Cuts_Disjunctive=2;CPXPARAM_MIP_Cuts_FlowCovers=1;CPXPARAM_MIP_Cuts_GUBCovers=2;CPXPARAM_MIP_Cuts_Gomory=2;CPXPARAM_MIP_Cuts_Implied=1;CPXPARAM_MIP_Cuts_MIRCut=-1;CPXPARAM_MIP_Cuts_PathCut=2;CPXPARAM_MIP_Limits_AggForCut=3;CPXPARAM_MIP_Limits_CutPasses=0;CPXPARAM_MIP_Limits_CutsFactor=-1;CPXPARAM_MIP_Limits_GomoryCand=800;CPXPARAM_MIP_Limits_GomoryPass=0;CPXPARAM_MIP_Limits_Nodes=9223372036800000000;CPXPARAM_MIP_Limits_ProbeTime=0;CPXPARAM_MIP_Limits_RepairTries=0;CPXPARAM_MIP_Limits_StrongCand=10;CPXPARAM_MIP_Limits_StrongIt=0;CPXPARAM_MIP_OrderType=0;CPXPARAM_MIP_Strategy_BBInterval=7;CPXPARAM_MIP_Strategy_Branch=0;CPXPARAM_MIP_Strategy_Dive=0;CPXPARAM_MIP_Strategy_File=1;CPXPARAM_MIP_Strategy_HeuristicFreq=0;CPXPARAM_MIP_Strategy_LBHeur=0;CPXPARAM_MIP_Strategy_NodeSelect=1;CPXPARAM_MIP_Strategy_Order=1;CPXPARAM_MIP_Strategy_PresolveNode=0;CPXPARAM_MIP_Strategy_Probe=3;CPXPARAM_MIP_Strategy_RINSHeur=0;CPXPARAM_MIP_Strategy_StartAlgorithm=5;CPXPARAM_MIP_Strategy_SubAlgorithm=0;CPXPARAM_MIP_Strategy_VariableSelect=0;CPXPARAM_Network_NetFind=2;CPXPARAM_Network_Pricing=0;CPXPARAM_Parallel=1;CPXPARAM_Preprocessing_Aggregator=-1;CPXPARAM_Preprocessing_BoundStrength=-1;CPXPARAM_Preprocessing_CoeffReduce=-1;CPXPARAM_Preprocessing_Dependency=-1;CPXPARAM_Preprocessing_Dual=0;CPXPARAM_Preprocessing_Fill=10;CPXPARAM_Preprocessing_NumPass=-1;CPXPARAM_Preprocessing_Presolve=1;CPXPARAM_Preprocessing_QPMakePSD=1;CPXPARAM_Preprocessing_Reduce=3;CPXPARAM_Preprocessing_Relax=-1;CPXPARAM_Preprocessing_RepeatPresolve=-1;CPXPARAM_Preprocessing_Symmetry=4;CPXPARAM_Read_Scale=0;CPXPARAM_Sifting_Algorithm=0;CPXPARAM_Simplex_Crash=1;CPXPARAM_Simplex_DGradient=0;CPXPARAM_Simplex_Limits_Perturbation=0;CPXPARAM_Simplex_Limits_Singularity=10;CPXPARAM_Simplex_PGradient=0;CPXPARAM_Simplex_Pricing=0;CPXPARAM_Simplex_Refactor=0
12099478510672075429,0,CPXPARAM_Advance=1;CPXPARAM_Barrier_Algorithm=0;CPXPARAM_Barrier_ColNonzeros=0;CPXPARAM_Barrier_Crossover=0;CPXPARAM_Barrier_Limits_Corrections=-1;CPXPARAM_Barrier_Ordering=0;CPXPARAM_Barrier_StartAlg=1;CPXPARAM_Emphasis_MIP=1;CPXPARAM_Emphasis_Memory=0;CPXPARAM_Emphasis_Numerical=0;CPXPARAM_Feasopt_Mode=0;CPXPARAM_LPMethod=0;CPXPARAM_MIP_Cuts_Cliques=-1;CPXPARAM_MIP_Cuts_Covers=0;CPXPARAM_MIP_Cuts_Disjunctive=2;CPXPARAM_MIP_Cuts_FlowCovers=0;CPXPARAM_MIP_Cuts_GUBCovers=0;CPXPARAM_MIP_Cuts_Gomory=-1;CPXPARAM_MIP_Cuts_Implied=1;CPXPARAM_MIP_Cuts_MIRCut=2;CPXPARAM_MIP_Cuts_PathCut=-1;CPXPARAM_MIP_Limits_AggForCut=3;CPXPARAM_MIP_Limits_CutPasses=0;CPXPARAM_MIP_Limits_CutsFactor=-1;CPXPARAM_MIP_Limits_GomoryCand=800;CPXPARAM_MIP_Limits_GomoryPass=0;CPXPARAM_MIP_Limits_Nodes=9223372036800000000;CPXPARAM_MIP_Limits_ProbeTime=120;CPXPARAM_MIP_Limits_RepairTries=0;CPXPARAM_MIP_Limits_StrongCand=10;CPXPARAM_MIP_Limits_StrongIt=0;CPXPARAM_MIP_OrderType=0;CPXPARAM_MIP_Strategy_BBInterval=7;CPXPARAM_MIP_Strategy_Branch=-1;CPXPARAM_MIP_Strategy_Dive=0;CPXPARAM_MIP_Strategy_File=1;CPXPARAM_MIP_Strategy_HeuristicFreq=0;CPXPARAM_MIP_Strategy_LBHeur=0;CPXPARAM_MIP_Strategy_NodeSelect=1;CPXPARAM_MIP_Strategy_Order=1;CPXPARAM_MIP_Strategy_PresolveNode=0;CPXPARAM_MIP_Strategy_Probe=3;CPXPARAM_MIP_Strategy_RINSHeur=0;CPXPARAM_MIP_Strategy_StartAlgorithm=0;CPXPARAM_MIP_Strategy_SubAlgorithm=0;CPXPARAM_MIP_Strategy_VariableSelect=3;CPXPARAM_Network_NetFind=2;CPXPARAM_Network_Pricing=0;CPXPARAM_Parallel=1;CPXPARAM_Preprocessing_Aggregator=-1;CPXPARAM_Preprocessing_BoundStrength=-1;CPXPARAM_Preprocessing_CoeffReduce=-1;CPXPARAM_Preprocessing_Dependency=-1;CPXPARAM_Preprocessing_Dual=0;CPXPARAM_Preprocessing_Fill=10;CPXPARAM_Preprocessing_NumPass=-1;CPXPARAM_Preprocessing_Presolve=1;CPXPARAM_Preprocessing_QPMakePSD=1;CPXPARAM_Preprocessing_Reduce=3;CPXPARAM_Preprocessing_Relax=-1;CPXPARAM_Preprocessing_RepeatPresolve=-1;CPXPARAM_Preprocessing_Symmetry=-1;CPXPARAM_Read_Scale=0;CPXPARAM_Sifting_Algorithm=0;CPXPARAM_Simplex_Crash=1;CPXPARAM_Simplex_DGradient=0;CPXPARAM_Simplex_Limits_Perturbation=0;CPXPARAM_Simplex_Limits_Singularity=10;CPXPARAM_Simplex_PGradient=0;CPXPARAM_Simplex_Pricing=0;CPXPARAM_Simplex_Refactor=0
11545997590978741698,0,CPXPARAM_Advance=1;CPXPARAM_Barrier_Algorithm=0;CPXPARAM_Barrier_ColNonzeros=0;CPXPARAM_Barrier_Crossover=0;CPXPARAM_Barrier_Limits_Corrections=-1;CPXPARAM_Barrier_Ordering=0;CPXPARAM_Barrier_StartAlg=1;CPXPARAM_Emphasis_MIP=1;CPXPARAM_Emphasis_Memory=0;CPXPARAM_Emphasis_Numerical=0;CPXPARAM_Feasopt_Mode=0;CPXPARAM_LPMethod=0;CPXPARAM_MIP_Cuts_Cliques=0;CPXPARAM_MIP_Cuts_Covers=0;CPXPARAM_MIP_Cuts_Disjunctive=2;CPXPARAM_MIP_Cuts_FlowCovers=1;CPXPARAM_MIP_Cuts_GUBCovers=2;CPXPARAM_MIP_Cuts_Gomory=2;CPXPARAM_MIP_Cuts_Implied=1;CPXPARAM_MIP_Cuts_MIRCut=-1;CPXPARAM_MIP_Cuts_PathCut=2;CPXPARAM_MIP_Limits_AggForCut=3;CPXPARAM_MIP_Limits_CutPasses=0;CPXPARAM_MIP_Limits_CutsFactor=-1;CPXPARAM_MIP_Limits_GomoryCand=800;CPXPARAM_MIP_Limits_GomoryPass=0;CPXPARAM_MIP_Limits_Nodes=9223372036800000000;CPXPARAM_MIP_Limits_ProbeTime=1e+75;CPXPARAM_MIP_Limits_RepairTries=0;CPXPARAM_MIP_Limits_StrongCand=10;CPXPARAM_MIP_Limits_StrongIt=0;CPXPARAM_MIP_OrderType=0;CPXPARAM_MIP_Strategy_BBInterval=7;CPXPARAM_MIP_Strategy_Branch=1;CPXPARAM_MIP_Strategy_Dive=0;CPXPARAM_MIP_Strategy_File=1;CPXPARAM_MIP_Strategy_HeuristicFreq=0;CPXPARAM_MIP_Strategy_LBHeur=0;CPXPARAM_MIP_Strategy_NodeSelect=1;CPXPARAM_MIP_Strategy_Order=1;CPXPARAM_MIP_Strategy_PresolveNode=0;CPXPARAM_MIP_Strategy_Probe=3;CPXPARAM_MIP_Strategy_RINSHeur=0;CPXPARAM_MIP_Strategy_StartAlgorithm=0;CPXPARAM_MIP_Strategy_SubAlgorithm=0;CPXPARAM_MIP_Strategy_VariableSelect=0;CPXPARAM_Network_NetFind=2;CPXPARAM_Network_Pricing=0;CPXPARAM_Parallel=1;CPXPARAM_Preprocessing_Aggregator=-1;CPXPARAM_Preprocessing_BoundStrength=-1;CPXPARAM_Preprocessing_CoeffReduce=-1;CPXPARAM_Preprocessing_Dependency=-1;CPXPARAM_Preprocessing_Dual=0;CPXPARAM_Preprocessing_Fill=10;CPXPARAM_Preprocessing_NumPass=-1;CPXPARAM_Preprocessing_Presolve=1;CPXPARAM_Preprocessing_QPMakePSD=1;CPXPARAM_Preprocessing_Reduce=3;CPXPARAM_Preprocessing_Relax=-1;CPXPARAM_Preprocessing_RepeatPresolve=-1;CPXPARAM_Preprocessing_Symmetry=-1;CPXPARAM_Read_Scale=0;CPXPARAM_Sifting_Algorithm=0;CPXPARAM_Simplex_Crash=1;CPXPARAM_Simplex_DGradient=0;CPXPARAM_Simplex_Limits_Perturbation=0;CPXPARAM_Simplex_Limits_Singularity=10;CPXPARAM_Simplex_PGradient=0;CPXPARAM_Simplex_Pricing=0;CPXPARAM_Simplex_Refactor=0
3879280957055988638,0,CPXPARAM_Advance=1;CPXPARAM_Barrier_Algorithm=0;CPXPARAM_Barrier_ColNonzeros=0;CPXPARAM_Barrier_Crossover=0;CPXPARAM_Barrier_Limits_Corrections=-1;CPXPARAM_Barrier_Ordering=0;CPXPARAM_Barrier_StartAlg=1;CPXPARAM_Emphasis_MIP=3;CPXPARAM_Emphasis_Memory=0;CPXPARAM_Emphasis_Numerical=0;CPXPARAM_Feasopt_Mode=0;CPXPARAM_LPMethod=0;CPXPARAM_MIP_Cuts_Cliques=0;CPXPARAM_MIP_Cuts_Covers=0;CPXPARAM_MIP_Cuts_Disjunctive=0;CPXPARAM_MIP_Cuts_FlowCovers=0;CPXPARAM_MIP_Cuts_GUBCovers=0;CPXPARAM_MIP_Cuts_Gomory=0;CPXPARAM_MIP_Cuts_Implied=0;CPXPARAM_MIP_Cuts_MIRCut=0;CPXPARAM_MIP_Cuts_PathCut=0;CPXPARAM_MIP_Limits_AggForCut=3;CPXPARAM_MIP_Limits_CutPasses=0;CPXPARAM_MIP_Limits_CutsFactor=-1;CPXPARAM_MIP_Limits_GomoryCand=25;CPXPARAM_MIP_Limits_GomoryPass=0;CPXPARAM_MIP_Limits_Nodes=9223372036800000000;CPXPARAM_MIP_Limits_ProbeTime=1e+75;CPXPARAM_MIP_Limits_RepairTries=0;CPXPARAM_MIP_Limits_StrongCand=10;CPXPARAM_MIP_Limits_StrongIt=0;CPXPARAM_MIP_OrderType=0;CPXPARAM_MIP_Strategy_BBInterval=7;CPXPARAM_MIP_Strategy_Branch=0;CPXPARAM_MIP_Strategy_Dive=0;CPXPARAM_MIP_Strategy_File=1;CPXPARAM_MIP_Strategy_HeuristicFreq=0;CPXPARAM_MIP_Strategy_LBHeur=0;CPXPARAM_MIP_Strategy_NodeSelect=1;CPXPARAM_MIP_Strategy_Order=1;CPXPARAM_MIP_Strategy_PresolveNode=0;CPXPARAM_MIP_Strategy_Probe=0;CPXPARAM_MIP_Strategy_RINSHeur=0;CPXPARAM_MIP_Strategy_StartAlgorithm=0;CPXPARAM_MIP_Strategy_SubAlgorithm=0;CPXPARAM_MIP_Strategy_VariableSelect=0;CPXPARAM_Network_NetFind=2;CPXPARAM_Network_Pricing=0;CPXPARAM_Parallel=1;CPXPARAM_Preprocessing_Aggregator=-1;CPXPARAM_Preprocessing_BoundStrength=-1;CPXPARAM_Preprocessing_CoeffReduce=-1;CPXPARAM_Preprocessing_Dependency=-1;CPXPARAM_Preprocessing_Dual=0;CPXPARAM_Preprocessing_Fill=10;CPXPARAM_Preprocessing_NumPass=-1;CPXPARAM_Preprocessing_Presolve=1;CPXPARAM_Preprocessing_QPMakePSD=1;CPXPARAM_Preprocessing_Reduce=3;CPXPARAM_Preprocessing_Relax=-1;CPXPARAM_Preprocessing_RepeatPresolve=-1;CPXPARAM_Preprocessing_Symmetry=-1;CPXPARAM_Read_Scale=0;CPXPARAM_Sifting_Algorithm=0;CPXPARAM_Simplex_Crash=1;CPXPARAM_Simplex_DGradient=0;CPXPARAM_Simplex_Limits_Perturbation=0;CPXPARAM_Simplex_Limits_Singularity=10;CPXPARAM_Simplex_PGradient=0;CPXPARAM_Simplex_Pricing=0;CPXPARAM_Simplex_Refactor=0
7740992196742916719,0,CPXPARAM_Advance=1;CPXPARAM_Barrier_Algorithm=0;CPXPARAM_Barrier_ColNonzeros=0;CPXPARAM_Barrier_Crossover=0;CPXPARAM_Barrier_Limits_Corrections=-1;CPXPARAM_Barrier_Ordering=0;CPXPARAM_Barrier_StartAlg=1;CPXPARAM_Emphasis_MIP=1;CPXPARAM_Emphasis_Memory=0;CPXPARAM_Emphasis_Numerical=0;CPXPARAM_Feasopt_Mode=0;CPXPARAM_LPMethod=0;CPXPARAM_MIP_Cuts_Cliques=0;CPXPARAM_MIP_Cuts_Covers=0;CPXPARAM_MIP_Cuts_Disjunctive=2;CPXPARAM_MIP_Cuts_FlowCovers=1;CPXPARAM_MIP_Cuts_GUBCovers=2;CPXPARAM_MIP_Cuts_Gomory=2;CPXPARAM_MIP_Cuts_Implied=1;CPXPARAM_MIP_Cuts_MIRCut=-1;CPXPARAM_MIP_Cuts_PathCut=2;CPXPARAM_MIP_Limits_AggForCut=3;CPXPARAM_MIP_Limits_CutPasses=0;CPXPARAM_MIP_Limits_CutsFactor=-1;CPXPARAM_MIP_Limits_GomoryCand=10;CPXPARAM_MIP_Limits_GomoryPass=0;CPXPARAM_MIP_Limits_Nodes=9223372036800000000;CPXPARAM_MIP_Limits_ProbeTime=1;CPXPARAM_MIP_Limits_RepairTries=0;CPXPARAM_MIP_Limits_StrongCand=10;CPXPARAM_MIP_Limits_StrongIt=0;CPXPARAM_MIP_OrderType=0;CPXPARAM_MIP_Strategy_BBInterval=7;CPXPARAM_MIP_Strategy_Branch=0;CPXPARAM_MIP_Strategy_Dive=0;CPXPARAM_MIP_Strategy_File=1;CPXPARAM_MIP_Strategy_HeuristicFreq=0;CPXPARAM_MIP_Strategy_LBHeur=0;CPXPARAM_MIP_Strategy_NodeSelect=1;CPXPARAM_MIP_Strategy_Order=1;CPXPARAM_MIP_Strategy_PresolveNode=0;CPXPARAM_MIP_Strategy_Probe=3;CPXPARAM_MIP_Strategy_RINSHeur=0;CPXPARAM_MIP_Strategy_StartAlgorithm=0;CPXPARAM_MIP_Strategy_SubAlgorithm=0;CPXPARAM_MIP_Strategy_VariableSelect=0;CPXPARAM_Network_NetFind=2;CPXPARAM_Network_Pricing=0;CPXPARAM_Parallel=1;CPXPARAM_Preprocessing_Aggregator=-1;CPXPARAM_Preprocessing_BoundStrength=-1;CPXPARAM_Preprocessing_CoeffReduce=-1;CPXPARAM_Preprocessing_Dependency=-1;CPXPARAM_Preprocessing_Dual=0;CPXPARAM_Preprocessing_Fill=10;CPXPARAM_Preprocessing_NumPass=-1;CPXPARAM_Preprocessing_Presolve=1;CPXPARAM_Preprocessing_QPMakePSD=1;CPXPARAM_Preprocessing_Reduce=3;CPXPARAM_Preprocessing_Relax=-1;CPXPARAM_Preprocessing_RepeatPresolve=-1;CPXPARAM_Preprocessing_Symmetry=-1;CPXPARAM_Read_Scale=0;CPXPARAM_Sifting_Algorithm=0;CPXPARAM_Simplex_Crash=1;CPXPARAM_Simplex_DGradient=0;CPXPARAM_Simplex_Limits_Perturbation=0;CPXPARAM_Simplex_Limits_Singularity=10;CPXPARAM_Simplex_PGradient=0;CPXPARAM_Simplex_Pricing=0;CPXPARAM_Simplex_Refactor=0
6762601418243262759,0,CPXPARAM_Advance=1;CPXPARAM_Barrier_Algorithm=0;CPXPARAM_Barrier_ColNonzeros=0;CPXPARAM_Barrier_Crossover=0;CPXPARAM_Barrier_Limits_Corrections=-1;CPXPARAM_Barrier_Ordering=0;CPXPARAM_Barrier_StartAlg=1;CPXPARAM_Emphasis_MIP=1;CPXPARAM_Emphasis_Memory=0;CPXPARAM_Emphasis_Numerical=0;CPXPARAM_Feasopt_Mode=0;CPXPARAM_LPMethod=0;CPXPARAM_MIP_Cuts_Cliques=0;CPXPARAM_MIP_Cuts_Covers=0;CPXPARAM_MIP_Cuts_Disjunctive=2;CPXPARAM_MIP_Cuts_FlowCovers=1;CPXPARAM_MIP_Cuts_GUBCovers=2;CPXPARAM_MIP_Cuts_Gomory=2;CPXPARAM_MIP_Cuts_Implied=1;CPXPARAM_MIP_Cuts_MIRCut=-1;CPXPARAM_MIP_Cuts_PathCut=2;CPXPARAM_MIP_Limits_AggForCut=3;CPXPARAM_MIP_Limits_CutPasses=0;CPXPARAM_MIP_Limits_CutsFactor=-1;CPXPARAM_MIP_Limits_GomoryCand=800;CPXPARAM_MIP_Limits_GomoryPass=0;CPXPARAM_MIP_Limits_Nodes=9223372036800000000;CPXPARAM_MIP_Limits_ProbeTime=0;CPXPARAM_MIP_Limits_RepairTries=0;CPXPARAM_MIP_Limits_StrongCand=10;CPXPARAM_MIP_Limits_StrongIt=0;CPXPARAM_MIP_OrderType=0;CPXPARAM_MIP_Strategy_BBInterval=7;CPXPARAM_MIP_Strategy_Branch=0;CPXPARAM_MIP_Strategy_Dive=0;CPXPARAM_MIP_Strategy_File=1;CPXPARAM_MIP_Strategy_HeuristicFreq=0;CPXPARAM_MIP_Strategy_LBHeur=0;CPXPARAM_MIP_Strategy_NodeSelect=1;CPXPARAM_MIP_Strategy_Order=1;CPXPARAM_MIP_Strategy_PresolveNode=0;CPXPARAM_MIP_Strategy_Probe=3;CPXPARAM_MIP_Strategy_RINSHeur=0;CPXPARAM_MIP_Strategy_StartAlgorithm=0;CPXPARAM_MIP_Strategy_SubAlgorithm=0;CPXPARAM_MIP_Strategy_VariableSelect=0;CPXPARAM_Network_NetFind=2;CPXPARAM_Network_Pricing=0;CPXPARAM_Parallel=1;CPXPARAM_Preprocessing_Aggregator=-1;CPXPARAM_Preprocessing_BoundStrength=-1;CPXPARAM_Preprocessing_CoeffReduce=-1;CPXPARAM_Preprocessing_Dependency=-1;CPXPARAM_Preprocessing_Dual=0;CPXPARAM_Preprocessing_Fill=10;CPXPARAM_Preprocessing_NumPass=-1;CPXPARAM_Preprocessing_Presolve=1;CPXPARAM_Preprocessing_QPMakePSD=1;CPXPARAM_Preprocessing_Reduce=3;CPXPARAM_Preprocessing_Relax=-1;CPXPARAM_Preprocessing_RepeatPresolve=-1;CPXPARAM_Preprocessing_Symmetry=4;CPXPARAM_Read_Scale=0;CPXPARAM_Sifting_Algorithm=0;CPXPARAM_Simplex_Crash=1;CPXPARAM_Simplex_DGradient=0;CPXPARAM_Simplex_Limits_Perturbation=0;CPXPARAM_Simplex_Limits_Singularity=10;CPXPARAM_Simplex_PGradient=0;CPXPARAM_Simplex_Pricing=0;CPXPARAM_Simplex_Refactor=0
17810538047086085389,0,CPXPARAM_Advance=1;CPXPARAM_Barrier_Algorithm=0;CPXPARAM_Barrier_ColNonzeros=0;CPXPARAM_Barrier_Crossover=0;CPXPARAM_Barrier_Limits_Corrections=-1;CPXPARAM_Barrier_Ordering=0;CPXPARAM_Barrier_StartAlg=1;CPXPARAM_Emphasis_MIP=1;CPXPARAM_Emphasis_Memory=0;CPXPARAM_Emphasis_Numerical=0;CPXPARAM_Feasopt_Mode=0;CPXPARAM_LPMethod=0;CPXPARAM_MIP_Cuts_Cliques=0;CPXPARAM_MIP_Cuts_Covers=0;CPXPARAM_MIP_Cuts_Disjunctive=2;CPXPARAM_MIP_Cuts_FlowCovers=1;CPXPARAM_MIP_Cuts_GUBCovers=2;CPXPARAM_MIP_Cuts_Gomory=2;CPXPARAM_MIP_Cuts_Implied=1;CPXPARAM_MIP_Cuts_MIRCut=-1;CPXPARAM_MIP_Cuts_PathCut=2;CPXPARAM_MIP_Limits_AggForCut=3;CPXPARAM_MIP_Limits_CutPasses=0;CPXPARAM_MIP_Limits_CutsFactor=-1;CPXPARAM_MIP_Limits_GomoryCand=800;CPXPARAM_MIP_Limits_GomoryPass=0;CPXPARAM_MIP_Limits_Nodes=9223372036800000000;CPXPARAM_MIP_Limits_ProbeTime=1e+75;CPXPARAM_MIP_Limits_RepairTries=0;CPXPARAM_MIP_Limits_StrongCand=10;CPXPARAM_MIP_Limits_StrongIt=0;CPXPARAM_MIP_OrderType=0;CPXPARAM_MIP_Strategy_BBInterval=7;CPXPARAM_MIP_Strategy_Branch=0;CPXPARAM_MIP_Strategy_Dive=0;CPXPARAM_MIP_Strategy_File=1;CPXPARAM_MIP_Strategy_HeuristicFreq=0;CPXPARAM_MIP_Strategy_LBHeur=0;CPXPARAM_MIP_Strategy_NodeSelect=1;CPXPARAM_MIP_Strategy_Order=1;CPXPARAM_MIP_Strategy_PresolveNode=0;CPXPARAM_MIP_Strategy_Probe=3;CPXPARAM_MIP_Strategy_RINSHeur=0;CPXPARAM_MIP_Strategy_StartAlgorithm=0;CPXPARAM_MIP_Strategy_SubAlgorithm=0;CPXPARAM_MIP_Strategy_VariableSelect=3;CPXPARAM_Network_NetFind=2;CPXPARAM_Network_Pricing=0;CPXPARAM_Parallel=1;CPXPARAM_Preprocessing_Aggregator=-1;CPXPARAM_Preprocessing_BoundStrength=-1;CPXPARAM_Preprocessing_CoeffReduce=-1;CPXPARAM_Preprocessing_Dependency=-1;CPXPARAM_Preprocessing_Dual=0;CPXPARAM_Preprocessing_Fill=10;CPXPARAM_Preprocessing_NumPass=-1;CPXPARAM_Preprocessing_Presolve=1;CPXPARAM_Preprocessing_QPMakePSD=1;CPXPARAM_Preprocessing_Reduce=3;CPXPARAM_Preprocessing_Relax=-1;CPXPARAM_Preprocessing_RepeatPresolve=-1;CPXPARAM_Preprocessing_Symmetry=-1;CPXPARAM_Read_Scale=0;CPXPARAM_Sifting_Algorithm=0;CPXPARAM_Simplex_Crash=1;CPXPARAM_Simplex_DGradient=0;CPXPARAM_Simplex_Limits_Perturbation=0;CPXPARAM_Simplex_Limits_Singularity=10;CPXPARAM_Simplex_PGradient=0;CPXPARAM_Simplex_Pricing=0;CPXPARAM_Simplex_Refactor=0
15076445278611931293,0,CPXPARAM_Advance=1;CPXPARAM_Barrier_Algorithm=0;CPXPARAM_Barrier_ColNonzeros=0;CPXPARAM_Barrier_Crossover=0;CPXPARAM_Barrier_Limits_Corrections=-1;CPXPARAM_Barrier_Ordering=0;CPXPARAM_Barrier_StartAlg=1;CPXPARAM_Emphasis_MIP=1;CPXPARAM_Emphasis_Memory=0;CPXPARAM_Emphasis_Numerical=0;CPXPARAM_Feasopt_Mode=0;CPXPARAM_LPMethod=0;CPXPARAM_MIP_Cuts_Cliques=0;CPXPARAM_MIP_Cuts_Covers=0;CPXPARAM_MIP_Cuts_Disjunctive=2;CPXPARAM_MIP_Cuts_FlowCovers=1;CPXPARAM_MIP_Cuts_GUBCovers=2;CPXPARAM_MIP_Cuts_Gomory=2;CPXPARAM_MIP_Cuts_Implied=1;CPXPARAM_MIP_Cuts_MIRCut=-1;CPXPARAM_MIP_Cuts_PathCut=2;CPXPARAM_MIP_Limits_AggForCut=3;CPXPARAM_MIP_Limits_CutPasses=0;CPXPARAM_MIP_Limits_CutsFactor=-1;CPXPARAM_MIP_Limits_GomoryCand=800;CPXPARAM_MIP_Limits_GomoryPass=0;CPXPARAM_MIP_Limits_Nodes=9223372036800000000;CPXPARAM_MIP_Limits_ProbeTime=1e+75;CPXPARAM_MIP_Limits_RepairTries=0;CPXPARAM_MIP_Limits_StrongCand=10;CPXPARAM_MIP_Limits_StrongIt=0;CPXPARAM_MIP_OrderType=0;CPXPARAM_MIP_Strategy_BBInterval=7;CPXPARAM_MIP_Strategy_Branch=0;CPXPARAM_MIP_Strategy_Dive=0;CPXPARAM_MIP_Strategy_File=1;CPXPARAM_MIP_Strategy_HeuristicFreq=0;CPXPARAM_MIP_Strategy_LBHeur=0;CPXPARAM_MIP_Strategy_NodeSelect=1;CPXPARAM_MIP_Strategy_Order=1;CPXPARAM_MIP_Strategy_PresolveNode=0;CPXPARAM_MIP_Strategy_Probe=3;CPXPARAM_MIP_Strategy_RINSHeur=0;CPXPARAM_MIP_Strategy_StartAlgorithm=0;CPXPARAM_MIP_Strategy_SubAlgorithm=0;CPXPARAM_MIP_Strategy_VariableSelect=4;CPXPARAM_Network_NetFind=2;CPXPARAM_Network_Pricing=0;CPXPARAM_Parallel=1;CPXPARAM_Preprocessing_Aggregator=-1;CPXPARAM_Preprocessing_BoundStrength=-1;CPXPARAM_Preprocessing_CoeffReduce=-1;CPXPARAM_Preprocessing_Dependency=-1;CPXPARAM_Preprocessing_Dual=0;CPXPARAM_Preprocessing_Fill=10;CPXPARAM_Preprocessing_NumPass=-1;CPXPARAM_Preprocessing_Presolve=1;CPXPARAM_Preprocessing_QPMakePSD=1;CPXPARAM_Preprocessing_Reduce=3;CPXPARAM_Preprocessing_Relax=-1;CPXPARAM_Preprocessing_RepeatPresolve=-1;CPXPARAM_Preprocessing_Symmetry=-1;CPXPARAM_Read_Scale=0;CPXPARAM_Sifting_Algorithm=0;CPXPARAM_Simplex_Crash=1;CPXPARAM_Simplex_DGradient=0;CPXPARAM_Simplex_Limits_Perturbation=0;CPXPARAM_Simplex_Limits_Singularity=10;CPXPARAM_Simplex_PGradient=0;CPXPARAM_Simplex_Pricing=0;CPXPARAM_Simplex_Refactor=0
10926055034921966546,0,CPXPARAM_Advance=1;CPXPARAM_Barrier_Algorithm=0;CPXPARAM_Barrier_ColNonzeros=0;CPXPARAM_Barrier_Crossover=0;CPXPARAM_Barrier_Limits_Corrections=-1;CPXPARAM_Barrier_Ordering=0;CPXPARAM_Barrier_StartAlg=1;CPXPARAM_Emphasis_MIP=0;CPXPARAM_Emphasis_Memory=0;CPXPARAM_Emphasis_Numerical=0;CPXPARAM_Feasopt_Mode=0;CPXPARAM_LPMethod=0;CPXPARAM_MIP_Cuts_Cliques=0;CPXPARAM_MIP_Cuts_Covers=0;CPXPARAM_MIP_Cuts_Disjunctive=0;CPXPARAM_MIP_Cuts_FlowCovers=0;CPXPARAM_MIP_Cuts_GUBCovers=0;CPXPARAM_MIP_Cuts_Gomory=0;CPXPARAM_MIP_Cuts_Implied=0;CPXPARAM_MIP_Cuts_MIRCut=0;CPXPARAM_MIP_Cuts_PathCut=0;CPXPARAM_MIP_Limits_AggForCut=3;CPXPARAM_MIP_Limits_CutPasses=0;CPXPARAM_MIP_Limits_CutsFactor=-1;CPXPARAM_MIP_Limits_GomoryCand=50;CPXPARAM_MIP_Limits_GomoryPass=0;CPXPARAM_MIP_Limits_Nodes=9223372036800000000;CPXPARAM_MIP_Limits_ProbeTime=1e+75;CPXPARAM_MIP_Limits_RepairTries=0;CPXPARAM_MIP_Limits_StrongCand=10;CPXPARAM_MIP_Limits_StrongIt=0;CPXPARAM_MIP_OrderType=0;CPXPARAM_MIP_Strategy_BBInterval=7;CPXPARAM_MIP_Strategy_Branch=0;CPXPARAM_MIP_Strategy_Dive=0;CPXPARAM_MIP_Strategy_File=1;CPXPARAM_MIP_Strategy_HeuristicFreq=0;CPXPARAM_MIP_Strategy_LBHeur=0;CPXPARAM_MIP_Strategy_NodeSelect=1;CPXPARAM_MIP_Strategy_Order=1;CPXPARAM_MIP_Strategy_PresolveNode=0;CPXPARAM_MIP_Strategy_Probe=0;CPXPARAM_MIP_Strategy_RINSHeur=0;CPXPARAM_MIP_Strategy_StartAlgorithm=0;CPXPARAM_MIP_Strategy_SubAlgorithm=0;CPXPARAM_MIP_Strategy_VariableSelect=0;CPXPARAM_Network_NetFind=2;CPXPARAM_Network_Pricing=0;CPXPARAM_Parallel=1;CPXPARAM_Preprocessing_Aggregator=-1;CPXPARAM_Preprocessing_BoundStrength=-1;CPXPARAM_Preprocessing_CoeffReduce=-1;CPXPARAM_Preprocessing_Dependency=-1;CPXPARAM_Preprocessing_Dual=0;CPXPARAM_Preprocessing_Fill=10;CPXPARAM_Preprocessing_NumPass=-1;CPXPARAM_Preprocessing_Presolve=1;CPXPARAM_Preprocessing_QPMakePSD=1;CPXPARAM_Preprocessing_Reduce=3;CPXPARAM_Preprocessing_Relax=-1;CPXPARAM_Preprocessing_RepeatPresolve=-1;CPXPARAM_Preprocessing_Symmetry=-1;CPXPARAM_Read_Scale=0;CPXPARAM_Sifting_Algorithm=0;CPXPARAM_Simplex_Crash=1;CPXPARAM_Simplex_DGradient=0;CPXPARAM_Simplex_Limits_Perturbation=0;CPXPARAM_Simplex_Limits_Singularity=10;CPXPARAM_Simplex_PGradient=0;CPXPARAM_Simplex_Pricing=0;CPXPARAM_Simplex_Refactor=0
18262501324394495813,0,CPXPARAM_Advance=1;CPXPARAM_Barrier_Algorithm=0;CPXPARAM_Barrier_ColNonzeros=0;CPXPARAM_Barrier_Crossover=0;CPXPARAM_Barrier_Limits_Corrections=-1;CPXPARAM_Barrier_Ordering=0;CPXPARAM_Barrier_StartAlg=2;CPXPARAM_Emphasis_MIP=1;CPXPARAM_Emphasis_Memory=0;CPXPARAM_Emphasis_Numerical=0;CPXPARAM_Feasopt_Mode=0;CPXPARAM_LPMethod=0;CPXPARAM_MIP_Cuts_Cliques=0;CPXPARAM_MIP_Cuts_Covers=0;CPXPARAM_MIP_Cuts_Disjunctive=2;CPXPARAM_MIP_Cuts_FlowCovers=1;CPXPARAM_MIP_Cuts_GUBCovers=2;CPXPARAM_MIP_Cuts_Gomory=2;CPXPARAM_MIP_Cuts_Implied=1;CPXPARAM_MIP_Cuts_MIRCut=-1;CPXPARAM_MIP_Cuts_PathCut=2;CPXPARAM_MIP_Limits_AggForCut=3;CPXPARAM_MIP_Limits_CutPasses=0;CPXPARAM_MIP_Limits_CutsFactor=-1;CPXPARAM_MIP_Limits_GomoryCand=800;CPXPARAM_MIP_Limits_GomoryPass=0;CPXPARAM_MIP_Limits_Nodes=9223372036800000000;CPXPARAM_MIP_Limits_ProbeTime=0;CPXPARAM_MIP_Limits_RepairTries=0;CPXPARAM_MIP_Limits_StrongCand=2;CPXPARAM_MIP_Limits_StrongIt=0;CPXPARAM_MIP_OrderType=0;CPXPARAM_MIP_Strategy_BBInterval=7;CPXPARAM_MIP_Strategy_Branch=0;CPXPARAM_MIP_Strategy_Dive=0;CPXPARAM_MIP_Strategy_File=1;CPXPARAM_MIP_Strategy_HeuristicFreq=0;CPXPARAM_MIP_Strategy_LBHeur=0;CPXPARAM_MIP_Strategy_NodeSelect=1;CPXPARAM_MIP_Strategy_Order=1;CPXPARAM_MIP_Strategy_PresolveNode=0;CPXPARAM_MIP_Strategy_Probe=3;CPXPARAM_MIP_Strategy_RINSHeur=0;CPXPARAM_MIP_Strategy_StartAlgorithm=5;CPXPARAM_MIP_Strategy_SubAlgorithm=0;CPXPARAM_MIP_Strategy_VariableSelect=0;CPXPARAM_Network_NetFind=2;CPXPARAM_Network_Pricing=0;CPXPARAM_Parallel=1;CPXPARAM_Preprocessing_Aggregator=-1;CPXPARAM_Preprocessing_BoundStrength=-1;CPXPARAM_Preprocessing_CoeffReduce=-1;CPXPARAM_Preprocessing_Dependency=-1;CPXPARAM_Preprocessing_Dual=0;CPXPARAM_Preprocessing_Fill=10;CPXPARAM_Preprocessing_NumPass=-1;CPXPARAM_Preprocessing_Presolve=1;CPXPARAM_Preprocessing_QPMakePSD=1;CPXPARAM_Preprocessing_Reduce=3;CPXPARAM_Preprocessing_Relax=-1;CPXPARAM_Preprocessing_RepeatPresolve=-1;CPXPARAM_Preprocessing_Symmetry=4;CPXPARAM_Read_Scale=0;CPXPARAM_Sifting_Algorithm=0;CPXPARAM_Simplex_Crash=1;CPXPARAM_Simplex_DGradient=2;CPXPARAM_Simplex_Limits_Perturbation=0;CPXPARAM_Simplex_Limits_Singularity=10;CPXPARAM_Simplex_PGradient=0;CPXPARAM_Simplex_Pricing=0;CPXPARAM_Simplex_Refactor=0
4212311836723003975,0,CPXPARAM_Advance=1;CPXPARAM_Barrier_Algorithm=0;CPXPARAM_Barrier_ColNonzeros=0;CPXPARAM_Barrier_Crossover=0;CPXPARAM_Barrier_Limits_Corrections=-1;CPXPARAM_Barrier_Ordering=0;CPXPARAM_Barrier_StartAlg=1;CPXPARAM_Emphasis_MIP=1;CPXPARAM_Emphasis_Memory=0;CPXPARAM_Emphasis_Numerical=0;CPXPARAM_Feasopt_Mode=0;CPXPARAM_LPMethod=0;CPXPARAM_MIP_Cuts_Cliques=0;CPXPARAM_MIP_Cuts_Covers=0;CPXPARAM_MIP_Cuts_Disjunctive=2;CPXPARAM_MIP_Cuts_FlowCovers=-1;CPXPARAM_MIP_Cuts_GUBCovers=2;CPXPARAM_MIP_Cuts_Gomory=0;CPXPARAM_MIP_Cuts_Implied=1;CPXPARAM_MIP_Cuts_MIRCut=-1;CPXPARAM_MIP_Cuts_PathCut=2;CPXPARAM_MIP_Limits_AggForCut=3;CPXPARAM_MIP_Limits_CutPasses=0;CPXPARAM_MIP_Limits_CutsFactor=-1;CPXPARAM_MIP_Limits_GomoryCand=400;CPXPARAM_MIP_Limits_GomoryPass=0;CPXPARAM_MIP_Limits_Nodes=9223372036800000000;CPXPARAM_MIP_Limits_ProbeTime=1e+75;CPXPARAM_MIP_Limits_RepairTries=0;CPXPARAM_MIP_Limits_StrongCand=10;CPXPARAM_MIP_Limits_StrongIt=0;CPXPARAM_MIP_OrderType=0;CPXPARAM_MIP_Strategy_BBInterval=7;CPXPARAM_MIP_Strategy_Branch=0;CPXPARAM_MIP_Strategy_Dive=0;CPXPARAM_MIP_Strategy_File=1;CPXPARAM_MIP_Strategy_HeuristicFreq=0;CPXPARAM_MIP_Strategy_LBHeur=0;CPXPARAM_MIP_Strategy_NodeSelect=1;CPXPARAM_MIP_Strategy_Order=1;CPXPARAM_MIP_Strategy_PresolveNode=0;CPXPARAM_MIP_Strategy_Probe=0;CPXPARAM_MIP_Strategy_RINSHeur=0;CPXPARAM_MIP_Strategy_StartAlgorithm=0;CPXPARAM_MIP_Strategy_SubAlgorithm=0;CPXPARAM_MIP_Strategy_VariableSelect=0;CPXPARAM_Network_NetFind=2;CPXPARAM_Network_Pricing=0;CPXPARAM_Parallel=1;CPXPARAM_Preprocessing_Aggregator=-1;CPXPARAM_Preprocessing_BoundStrength=-1;CPXPARAM_Preprocessing_CoeffReduce=-1;CPXPARAM_Preprocessing_Dependency=-1;CPXPARAM_Preprocessing_Dual=0;CPXPARAM_Preprocessing_Fill=10;CPXPARAM_Preprocessing_NumPass=-1;CPXPARAM_Preprocessing_Presolve=1;CPXPARAM_Preprocessing_QPMakePSD=1;CPXPARAM_Preprocessing_Reduce=3;CPXPARAM_Preprocessing_Relax=-1;CPXPARAM_Preprocessing_RepeatPresolve=-1;CPXPARAM_Preprocessing_Symmetry=-1;CPXPARAM_Read_Scale=0;CPXPARAM_Sifting_Algorithm=0;CPXPARAM_Simplex_Crash=1;CPXPARAM_Simplex_DGradient=0;CPXPARAM_Simplex_Limits_Perturbation=0;CPXPARAM_Simplex_Limits_Singularity=10;CPXPARAM_Simplex_PGradient=0;CPXPARAM_Simplex_Pricing=0;CPXPARAM_Simplex_Refactor=0
6256578975208963304,0,CPXPARAM_Advance=1;CPXPARAM_Barrier_Algorithm=0;CPXPARAM_Barrier_ColNonzeros=0;CPXPARAM_Barrier_Crossover=0;CPXPARAM_Barrier_Limits_Corrections=-1;CPXPARAM_Barrier_Ordering=0;CPXPARAM_Barrier_StartAlg=1;CPXPARAM_Emphasis_MIP=1;CPXPARAM_Emphasis_Memory=0;CPXPARAM_Emphasis_Numerical=0;CPXPARAM_Feasopt_Mode=0;CPXPARAM_LPMethod=0;CPXPARAM_MIP_Cuts_Cliques=-1;CPXPARAM_MIP_Cuts_Covers=0;CPXPARAM_MIP_Cuts_Disjunctive=2;CPXPARAM_MIP_Cuts_FlowCovers=1;CPXPARAM_MIP_Cuts_GUBCovers=2;CPXPARAM_MIP_Cuts_Gomory=0;CPXPARAM_MIP_Cuts_Implied=1;CPXPARAM_MIP_Cuts_MIRCut=-1;CPXPARAM_MIP_Cuts_PathCut=2;CPXPARAM_MIP_Limits_AggForCut=3;CPXPARAM_MIP_Limits_CutPasses=0;CPXPARAM_MIP_Limits_CutsFactor=-1;CPXPARAM_MIP_Limits_GomoryCand=400;CPXPARAM_MIP_Limits_GomoryPass=0;CPXPARAM_MIP_Limits_Nodes=9223372036800000000;CPXPARAM_MIP_Limits_ProbeTime=1e+75;CPXPARAM_MIP_Limits_RepairTries=0;CPXPARAM_MIP_Limits_StrongCand=10;CPXPARAM_MIP_Limits_StrongIt=0;CPXPARAM_MIP_OrderType=0;CPXPARAM_MIP_Strategy_BBInterval=7;CPXPARAM_MIP_Strategy_Branch=0;CPXPARAM_MIP_Strategy_Dive=0;CPXPARAM_MIP_Strategy_File=1;CPXPARAM_MIP_Strategy_HeuristicFreq=0;CPXPARAM_MIP_Strategy_LBHeur=0;CPXPARAM_MIP_Strategy_NodeSelect=1;CPXPARAM_MIP_Strategy_Order=1;CPXPARAM_MIP_Strategy_PresolveNode=0;CPXPARAM_MIP_Strategy_Probe=0;CPXPARAM_MIP_Strategy_RINSHeur=0;CPXPARAM_MIP_Strategy_StartAlgorithm=0;CPXPARAM_MIP_Strategy_SubAlgorithm=0;CPXPARAM_MIP_Strategy_VariableSelect=0;CPXPARAM_Network_NetFind=2;CPXPARAM_Network_Pricing=0;CPXPARAM_Parallel=1;CPXPARAM_Preprocessing_Aggregator=-1;CPXPARAM_Preprocessing_BoundStrength=-1;CPXPARAM_Preprocessing_CoeffReduce=-1;CPXPARAM_Preprocessing_Dependency=-1;CPXPARAM_Preprocessing_Dual=0;CPXPARAM_Preprocessing_Fill=10;CPXPARAM_Preprocessing_NumPass=-1;CPXPARAM_Preprocessing_Presolve=1;CPXPARAM_Preprocessing_QPMakePSD=1;CPXPARAM_Preprocessing_Reduce=3;CPXPARAM_Preprocessing_Relax=-1;CPXPARAM_Preprocessing_RepeatPresolve=-1;CPXPARAM_Preprocessing_Symmetry=-1;CPXPARAM_Read_Scale=0;CPXPARAM_Sifting_Algorithm=0;CPXPARAM_Simplex_Crash=1;CPXPARAM_Simplex_DGradient=0;CPXPARAM_Simplex_Limits_Perturbation=0;CPXPARAM_Simplex_Limits_Singularity=10;CPXPARAM_Simplex_PGradient=0;CPXPARAM_Simplex_Pricing=0;CPXPARAM_Simplex_Refactor=0
5020410262244264770,0,CPXPARAM_Advance=1;CPXPARAM_Barrier_Algorithm=0;CPXPARAM_Barrier_ColNonzeros=0;CPXPARAM_Barrier_Crossover=0;CPXPARAM_Barrier_Limits_Corrections=-1;CPXPARAM_Barrier_Ordering=0;CPXPARAM_Barrier_StartAlg=1;CPXPARAM_Emphasis_MIP=1;CPXPARAM_Emphasis_Memory=0;CPXPARAM_Emphasis_Numerical=0;CPXPARAM_Feasopt_Mode=0;CPXPARAM_LPMethod=0;CPXPARAM_MIP_Cuts_Cliques=0;CPXPARAM_MIP_Cuts_Covers=0;CPXPARAM_MIP_Cuts_Disjunctive=2;CPXPARAM_MIP_Cuts_FlowCovers=1;CPXPARAM_MIP_Cuts_GUBCovers=2;CPXPARAM_MIP_Cuts_Gomory=2;CPXPARAM_MIP_Cuts_Implied=2;CPXPARAM_MIP_Cuts_MIRCut=-1;CPXPARAM_MIP_Cuts_PathCut=2;CPXPARAM_MIP_Limits_AggForCut=3;CPXPARAM_MIP_Limits_CutPasses=0;CPXPARAM_MIP_Limits_CutsFactor=-1;CPXPARAM_MIP_Limits_GomoryCand=400;CPXPARAM_MIP_Limits_GomoryPass=0;CPXPARAM_MIP_Limits_Nodes=9223372036800000000;CPXPARAM_MIP_Limits_ProbeTime=1e+75;CPXPARAM_MIP_Limits_RepairTries=0;CPXPARAM_MIP_Limits_StrongCand=10;CPXPARAM_MIP_Limits_StrongIt=0;CPXPARAM_MIP_OrderType=0;CPXPARAM_MIP_Strategy_BBInterval=7;CPXPARAM_MIP_Strategy_Branch=0;CPXPARAM_MIP_Strategy_Dive=0;CPXPARAM_MIP_Strategy_File=1;CPXPARAM_MIP_Strategy_HeuristicFreq=0;CPXPARAM_MIP_Strategy_LBHeur=0;CPXPARAM_MIP_Strategy_NodeSelect=1;CPXPARAM_MIP_Strategy_Order=1;CPXPARAM_MIP_Strategy_PresolveNode=0;CPXPARAM_MIP_Strategy_Probe=0;CPXPARAM_MIP_Strategy_RINSHeur=0;CPXPARAM_MIP_Strategy_StartAlgorithm=0;CPXPARAM_MIP_Strategy_SubAlgorithm=0;CPXPARAM_MIP_Strategy_VariableSelect=0;CPXPARAM_Network_NetFind=2;CPXPARAM_Network_Pricing=0;CPXPARAM_Parallel=1;CPXPARAM_Preprocessing_Aggregator=-1;CPXPARAM_Preprocessing_BoundStrength=-1;CPXPARAM_Preprocessing_CoeffReduce=-1;CPXPARAM_Preprocessing_Dependency=-1;CPXPARAM_Preprocessing_Dual=0;CPXPARAM_Preprocessing_Fill=10;CPXPARAM_Preprocessing_NumPass=-1;CPXPARAM_Preprocessing_Presolve=1;CPXPARAM_Preprocessing_QPMakePSD=1;CPXPARAM_Preprocessing_Reduce=3;CPXPARAM_Preprocessing_Relax=-1;CPXPARAM_Preprocessing_RepeatPresolve=-1;CPXPARAM_Preprocessing_Symmetry=-1;CPXPARAM_Read_Scale=0;CPXPARAM_Sifting_Algorithm=0;CPXPARAM_Simplex_Crash=1;CPXPARAM_Simplex_DGradient=0;CPXPARAM_Simplex_Limits_Perturbation=0;CPXPARAM_Simplex_Limits_Singularity=10;CPXPARAM_Simplex_PGradient=0;CPXPARAM_Simplex_Pricing=0;CPXPARAM_Simplex_Refactor=0
17649531188940550677,0,CPXPARAM_Advance=1;CPXPARAM_Barrier_Algorithm=0;CPXPARAM_Barrier_ColNonzeros=0;CPXPARAM_Barrier_Crossover=0;CPXPARAM_Barrier_Limits_Corrections=-1;CPXPARAM_Barrier_Ordering=0;CPXPARAM_Barrier_StartAlg=2;CPXPARAM_Emphasis_MIP=1;CPXPARAM_Emphasis_Memory=0;CPXPARAM_Emphasis_Numerical=0;CPXPARAM_Feasopt_Mode=0;CPXPARAM_LPMethod=3;CPXPARAM_MIP_Cuts_Cliques=0;CPXPARAM_MIP_Cuts_Covers=0;CPXPARAM_MIP_Cuts_Disjunctive=2;CPXPARAM_MIP_Cuts_FlowCovers=1;CPXPARAM_MIP_Cuts_GUBCovers=2;CPXPARAM_MIP_Cuts_Gomory=2;CPXPARAM_MIP_Cuts_Implied=1;CPXPARAM_MIP_Cuts_MIRCut=-1;CPXPARAM_MIP_Cuts_PathCut=2;CPXPARAM_MIP_Limits_AggForCut=3;CPXPARAM_MIP_Limits_CutPasses=0;CPXPARAM_MIP_Limits_CutsFactor=-1;CPXPARAM_MIP_Limits_GomoryCand=800;CPXPARAM_MIP_Limits_GomoryPass=0;CPXPARAM_MIP_Limits_Nodes=9223372036800000000;CPXPARAM_MIP_Limits_ProbeTime=0;CPXPARAM_MIP_Limits_RepairTries=0;CPXPARAM_MIP_Limits_StrongCand=10;CPXPARAM_MIP_Limits_StrongIt=0;CPXPARAM_MIP_OrderType=0;CPXPARAM_MIP_Strategy_BBInterval=7;CPXPARAM_MIP_Strategy_Branch=0;CPXPARAM_MIP_Strategy_Dive=0;CPXPARAM_MIP_Strategy_File=1;CPXPARAM_MIP_Strategy_HeuristicFreq=0;CPXPARAM_MIP_Strategy_LBHeur=0;CPXPARAM_MIP_Strategy_NodeSelect=1;CPXPARAM_MIP_Strategy_Order=1;CPXPARAM_MIP_Strategy_PresolveNode=0;CPXPARAM_MIP_Strategy_Probe=3;CPXPARAM_MIP_Strategy_RINSHeur=0;CPXPARAM_MIP_Strategy_StartAlgorithm=5;CPXPARAM_MIP_Strategy_SubAlgorithm=0;CPXPARAM_MIP_Strategy_VariableSelect=0;CPXPARAM_Network_NetFind=2;CPXPARAM_Network_Pricing=0;CPXPARAM_Parallel=1;CPXPARAM_Preprocessing_Aggregator=-1;CPXPARAM_Preprocessing_BoundStrength=-1;CPXPARAM_Preprocessing_CoeffReduce=-1;CPXPARAM_Preprocessing_Dependency=-1;CPXPARAM_Preprocessing_Dual=0;CPXPARAM_Preprocessing_Fill=10;CPXPARAM_Preprocessing_NumPass=-1;CPXPARAM_Preprocessing_Presolve=1;CPXPARAM_Preprocessing_QPMakePSD=1;CPXPARAM_Preprocessing_Reduce=3;CPXPARAM_Preprocessing_Relax=-1;CPXPARAM_Preprocessing_RepeatPresolve=-1;CPXPARAM_Preprocessing_Symmetry=4;CPXPARAM_Read_Scale=0;CPXPARAM_Sifting_Algorithm=0;CPXPARAM_Simplex_Crash=1;CPXPARAM_Simplex_DGradient=2;CPXPARAM_Simplex_Limits_Perturbation=0;CPXPARAM_Simplex_Limits_Singularity=10;CPXPARAM_Simplex_PGradient=0;CPXPARAM_Simplex_Pricing=0;CPXPARAM_Simplex_Refactor=0
11502121562826577532,0,CPXPARAM_Advance=1;CPXPARAM_Barrier_Algorithm=0;CPXPARAM_Barrier_ColNonzeros=0;CPXPARAM_Barrier_Crossover=0;CPXPARAM_Barrier_Limits_Corrections=-1;CPXPARAM_Barrier_Ordering=0;CPXPARAM_Barrier_StartAlg=1;CPXPARAM_Emphasis_MIP=1;CPXPARAM_Emphasis_Memory=0;CPXPARAM_Emphasis_Numerical=0;CPXPARAM_Feasopt_Mode=0;CPXPARAM_LPMethod=0;CPXPARAM_MIP_Cuts_Cliques=0;CPXPARAM_MIP_Cuts_Covers=0;CPXPARAM_MIP_Cuts_Disjunctive=2;CPXPARAM_MIP_Cuts_FlowCovers=1;CPXPARAM_MIP_Cuts_GUBCovers=2;CPXPARAM_MIP_Cuts_Gomory=2;CPXPARAM_MIP_Cuts_Implied=1;CPXPARAM_MIP_Cuts_MIRCut=-1;CPXPARAM_MIP_Cuts_PathCut=2;CPXPARAM_MIP_Limits_AggForCut=3;CPXPARAM_MIP_Limits_CutPasses=0;CPXPARAM_MIP_Limits_CutsFactor=-1;CPXPARAM_MIP_Limits_GomoryCand=800;CPXPARAM_MIP_Limits_GomoryPass=0;CPXPARAM_MIP_Limits_Nodes=9223372036800000000;CPXPARAM_MIP_Limits_ProbeTime=0;CPXPARAM_MIP_Limits_RepairTries=0;CPXPARAM_MIP_Limits_StrongCand=10;CPXPARAM_MIP_Limits_StrongIt=0;CPXPARAM_MIP_OrderType=0;CPXPARAM_MIP_Strategy_BBInterval=7;CPXPARAM_MIP_Strategy_Branch=0;CPXPARAM_MIP_Strategy_Dive=0;CPXPARAM_MIP_Strategy_File=1;CPXPARAM_MIP_Strategy_HeuristicFreq=0;CPXPARAM_MIP_Strategy_LBHeur=0;CPXPARAM_MIP_Strategy_NodeSelect=1;CPXPARAM_MIP_Strategy_Order=1;CPXPARAM_MIP_Strategy_PresolveNode=0;CPXPARAM_MIP_Strategy_Probe=3;CPXPARAM_MIP_Strategy_RINSHeur=0;CPXPARAM_MIP_Strategy_StartAlgorithm=5;CPXPARAM_MIP_Strategy_SubAlgorithm=0;CPXPARAM_MIP_Strategy_VariableSelect=2;CPXPARAM_Network_NetFind=2;CPXPARAM_Network_Pricing=0;CPXPARAM_Parallel=1;CPXPARAM_Preprocessing_Aggregator=-1;CPXPARAM_Preprocessing_BoundStrength=-1;CPXPARAM_Preprocessing_CoeffReduce=-1;CPXPARAM_Preprocessing_Dependency=-1;CPXPARAM_Preprocessing_Dual=0;CPXPARAM_Preprocessing_Fill=10;CPXPARAM_Preprocessing_NumPass=-1;CPXPARAM_Preprocessing_Presolve=1;CPXPARAM_Preprocessing_QPMakePSD=1;CPXPARAM_Preprocessing_Reduce=3;CPXPARAM_Preprocessing_Relax=-1;CPXPARAM_Preprocessing_RepeatPresolve=-1;CPXPARAM_Preprocessing_Symmetry=4;CPXPARAM_Read_Scale=0;CPXPARAM_Sifting_Algorithm=0;CPXPARAM_Simplex_Crash=1;CPXPARAM_Simplex_DGradient=0;CPXPARAM_Simplex_Limits_Perturbation=0;CPXPARAM_Simplex_Limits_Singularity=10;CPXPARAM_Simplex_PGradient=0;CPXPARAM_Simplex_Pricing=0;CPXPARAM_Simplex_Refactor=0
15541686658355617831,0,CPXPARAM_Advance=1;CPXPARAM_Barrier_Algorithm=0;CPXPARAM_Barrier_ColNonzeros=0;CPXPARAM_Barrier_Crossover=0;CPXPARAM_Barrier_Limits_Corrections=-1;CPXPARAM_Barrier_Ordering=0;CPXPARAM_Barrier_StartAlg=3;CPXPARAM_Emphasis_MIP=5;CPXPARAM_Emphasis_Memory=0;CPXPARAM_Emphasis_Numerical=0;CPXPARAM_Feasopt_Mode=1;CPXPARAM_LPMethod=0;CPXPARAM_MIP_Cuts_Cliques=1;CPXPARAM_MIP_Cuts_Covers=0;CPXPARAM_MIP_Cuts_Disjunctive=3;CPXPARAM_MIP_Cuts_FlowCovers=1;CPXPARAM_MIP_Cuts_GUBCovers=0;CPXPARAM_MIP_Cuts_Gomory=1;CPXPARAM_MIP_Cuts_Implied=2;CPXPARAM_MIP_Cuts_MIRCut=0;CPXPARAM_MIP_Cuts_PathCut=-1;CPXPARAM_MIP_Limits_AggForCut=3;CPXPARAM_MIP_Limits_CutPasses=0;CPXPARAM_MIP_Limits_CutsFactor=-1;CPXPARAM_MIP_Limits_GomoryCand=150;CPXPARAM_MIP_Limits_GomoryPass=0;CPXPARAM_MIP_Limits_Nodes=9223372036800000000;CPXPARAM_MIP_Limits_ProbeTime=20;CPXPARAM_MIP_Limits_RepairTries=0;CPXPARAM_MIP_Limits_StrongCand=10;CPXPARAM_MIP_Limits_StrongIt=0;CPXPARAM_MIP_OrderType=0;CPXPARAM_MIP_Strategy_BBInterval=7;CPXPARAM_MIP_Strategy_Branch=1;CPXPARAM_MIP_Strategy_Dive=0;CPXPARAM_MIP_Strategy_File=1;CPXPARAM_MIP_Strategy_HeuristicFreq=0;CPXPARAM_MIP_Strategy_LBHeur=0;CPXPARAM_MIP_Strategy_NodeSelect=1;CPXPARAM_MIP_Strategy_Order=1;CPXPARAM_MIP_Strategy_PresolveNode=0;CPXPARAM_MIP_Strategy_Probe=3;CPXPARAM_MIP_Strategy_RINSHeur=0;CPXPARAM_MIP_Strategy_StartAlgorithm=1;CPXPARAM_MIP_Strategy_SubAlgorithm=4;CPXPARAM_MIP_Strategy_VariableSelect=0;CPXPARAM_Network_NetFind=2;CPXPARAM_Network_Pricing=0;CPXPARAM_Parallel=1;CPXPARAM_Preprocessing_Aggregator=-1;CPXPARAM_Preprocessing_BoundStrength=-1;CPXPARAM_Preprocessing_CoeffReduce=-1;CPXPARAM_Preprocessing_Dependency=-1;CPXPARAM_Preprocessing_Dual=0;CPXPARAM_Preprocessing_Fill=10;CPXPARAM_Preprocessing_NumPass=-1;CPXPARAM_Preprocessing_Presolve=1;CPXPARAM_Preprocessing_QPMakePSD=1;CPXPARAM_Preprocessing_Reduce=3;CPXPARAM_Preprocessing_Relax=-1;CPXPARAM_Preprocessing_RepeatPresolve=-1;CPXPARAM_Preprocessing_Symmetry=1;CPXPARAM_Read_Scale=0;CPXPARAM_Sifting_Algorithm=0;CPXPARAM_Simplex_Crash=0;CPXPARAM_Simplex_DGradient=0;CPXPARAM_Simplex_Limits_Perturbation=0;CPXPARAM_Simplex_Limits_Singularity=10;CPXPARAM_Simplex_PGradient=0;CPXPARAM_Simplex_Pricing=0;CPXPARAM_Simplex_Refactor=0
8727933551251902635,0,CPXPARAM_Advance=1;CPXPARAM_Barrier_Algorithm=0;CPXPARAM_Barrier_ColNonzeros=0;CPXPARAM_Barrier_Crossover=2;CPXPARAM_Barrier_Limits_Corrections=-1;CPXPARAM_Barrier_Ordering=0;CPXPARAM_Barrier_StartAlg=2;CPXPARAM_Emphasis_MIP=4;CPXPARAM_Emphasis_Memory=0;CPXPARAM_Emphasis_Numerical=0;CPXPARAM_Feasopt_Mode=4;CPXPARAM_LPMethod=0;CPXPARAM_MIP_Cuts_Cliques=0;CPXPARAM_MIP_Cuts_Covers=0;CPXPARAM_MIP_Cuts_Disjunctive=2;CPXPARAM_MIP_Cuts_FlowCovers=1;CPXPARAM_MIP_Cuts_GUBCovers=2;CPXPARAM_MIP_Cuts_Gomory=-1;CPXPARAM_MIP_Cuts_Implied=-1;CPXPARAM_MIP_Cuts_MIRCut=2;CPXPARAM_MIP_Cuts_PathCut=1;CPXPARAM_MIP_Limits_AggForCut=3;CPXPARAM_MIP_Limits_CutPasses=0;CPXPARAM_MIP_Limits_CutsFactor=-1;CPXPARAM_MIP_Limits_GomoryCand=100;CPXPARAM_MIP_Limits_GomoryPass=0;CPXPARAM_MIP_Limits_Nodes=9223372036800000000;CPXPARAM_MIP_Limits_ProbeTime=20;CPXPARAM_MIP_Limits_RepairTries=0;CPXPARAM_MIP_Limits_StrongCand=10;CPXPARAM_MIP_Limits_StrongIt=0;CPXPARAM_MIP_OrderType=0;CPXPARAM_MIP_Strategy_BBInterval=7;CPXPARAM_MIP_Strategy_Branch=-1;CPXPARAM_MIP_Strategy_Dive=0;CPXPARAM_MIP_Strategy_File=1;CPXPARAM_MIP_Strategy_HeuristicFreq=0;CPXPARAM_MIP_Strategy_LBHeur=0;CPXPARAM_MIP_Strategy_NodeSelect=1;CPXPARAM_MIP_Strategy_Order=1;CPXPARAM_MIP_Strategy_PresolveNode=0;CPXPARAM_MIP_Strategy_Probe=0;CPXPARAM_MIP_Strategy_RINSHeur=0;CPXPARAM_MIP_Strategy_StartAlgorithm=6;CPXPARAM_MIP_Strategy_SubAlgorithm=1;CPXPARAM_MIP_Strategy_VariableSelect=3;CPXPARAM_Network_NetFind=2;CPXPARAM_Network_Pricing=0;CPXPARAM_Parallel=1;CPXPARAM_Preprocessing_Aggregator=-1;CPXPARAM_Preprocessing_BoundStrength=-1;CPXPARAM_Preprocessing_CoeffReduce=-1;CPXPARAM_Preprocessing_Dependency=-1;CPXPARAM_Preprocessing_Dual=0;CPXPARAM_Preprocessing_Fill=10;CPXPARAM_Preprocessing_NumPass=-1;CPXPARAM_Preprocessing_Presolve=1;CPXPARAM_Preprocessing_QPMakePSD=1;CPXPARAM_Preprocessing_Reduce=3;CPXPARAM_Preprocessing_Relax=-1;CPXPARAM_Preprocessing_RepeatPresolve=-1;CPXPARAM_Preprocessing_Symmetry=4;CPXPARAM_Read_Scale=0;CPXPARAM_Sifting_Algorithm=0;CPXPARAM_Simplex_Crash=1;CPXPARAM_Simplex_DGradient=5;CPXPARAM_Simplex_Limits_Perturbation=0;CPXPARAM_Simplex_Limits_Singularity=10;CPXPARAM_Simplex_PGradient=0;CPXPARAM_Simplex_Pricing=0;CPXPARAM_Simplex_Refactor=0
12328375211664124811,0,CPXPARAM_Advance=1;CPXPARAM_Barrier_Algorithm=0;CPXPARAM_Barrier_ColNonzeros=0;CPXPARAM_Barrier_Crossover=0;CPXPARAM_Barrier_Limits_Corrections=-1;CPXPARAM_Barrier_Ordering=0;CPXPARAM_Barrier_StartAlg=1;CPXPARAM_Emphasis_MIP=1;CPXPARAM_Emphasis_Memory=0;CPXPARAM_Emphasis_Numerical=0;CPXPARAM_Feasopt_Mode=0;CPXPARAM_LPMethod=0;CPXPARAM_MIP_Cuts_Cliques=-1;CPXPARAM_MIP_Cuts_Covers=0;CPXPARAM_MIP_Cuts_Disjunctive=2;CPXPARAM_MIP_Cuts_FlowCovers=0;CPXPARAM_MIP_Cuts_GUBCovers=0;CPXPARAM_MIP_Cuts_Gomory=-1;CPXPARAM_MIP_Cuts_Implied=1;CPXPARAM_MIP_Cuts_MIRCut=2;CPXPARAM_MIP_Cuts_PathCut=-1;CPXPARAM_MIP_Limits_AggForCut=3;CPXPARAM_MIP_Limits_CutPasses=0;CPXPARAM_MIP_Limits_CutsFactor=-1;CPXPARAM_MIP_Limits_GomoryCand=800;CPXPARAM_MIP_Limits_GomoryPass=0;CPXPARAM_MIP_Limits_Nodes=9223372036800000000;CPXPARAM_MIP_Limits_ProbeTime=10;CPXPARAM_MIP_Limits_RepairTries=0;CPXPARAM_MIP_Limits_StrongCand=10;CPXPARAM_MIP_Limits_StrongIt=0;CPXPARAM_MIP_OrderType=0;CPXPARAM_MIP_Strategy_BBInterval=7;CPXPARAM_MIP_Strategy_Branch=-1;CPXPARAM_MIP_Strategy_Dive=0;CPXPARAM_MIP_Strategy_File=1;CPXPARAM_MIP_Strategy_HeuristicFreq=0;CPXPARAM_MIP_Strategy_LBHeur=0;CPXPARAM_MIP_Strategy_NodeSelect=1;CPXPARAM_MIP_Strategy_Order=1;CPXPARAM_MIP_Strategy_PresolveNode=0;CPXPARAM_MIP_Strategy_Probe=3;CPXPARAM_MIP_Strategy_RINSHeur=0;CPXPARAM_MIP_Strategy_StartAlgorithm=0;CPXPARAM_MIP_Strategy_SubAlgorithm=0;CPXPARAM_MIP_Strategy_VariableSelect=3;CPXPARAM_Network_NetFind=2;CPXPARAM_Network_Pricing=0;CPXPARAM_Parallel=1;CPXPARAM_Preprocessing_Aggregator=-1;CPXPARAM_Preprocessing_BoundStrength=-1;CPXPARAM_Preprocessing_CoeffReduce=-1;CPXPARAM_Preprocessing_Dependency=-1;CPXPARAM_Preprocessing_Dual=0;CPXPARAM_Preprocessing_Fill=10;CPXPARAM_Preprocessing_NumPass=-1;CPXPARAM_Preprocessing_Presolve=1;CPXPARAM_Preprocessing_QPMakePSD=1;CPXPARAM_Preprocessing_Reduce=3;CPXPARAM_Preprocessing_Relax=-1;CPXPARAM_Preprocessing_RepeatPresolve=-1;CPXPARAM_Preprocessing_Symmetry=-1;CPXPARAM_Read_Scale=0;CPXPARAM_Sifting_Algorithm=0;CPXPARAM_Simplex_Crash=1;CPXPARAM_Simplex_DGradient=0;CPXPARAM_Simplex_Limits_Perturbation=0;CPXPARAM_Simplex_Limits_Singularity=10;CPXPARAM_Simplex_PGradient=0;CPXPARAM_Simplex_Pricing=0;CPXPARAM_Simplex_Refactor=0
6355832886424843503,0,CPXPARAM_Advance=1;CPXPARAM_Barrier_Algorithm=0;CPXPARAM_Barrier_ColNonzeros=0;CPXPARAM_Barrier_Crossover=0;CPXPARAM_Barrier_Limits_Corrections=-1;CPXPARAM_Barrier_Ordering=0;CPXPARAM_Barrier_StartAlg=1;CPXPARAM_Emphasis_MIP=4;CPXPARAM_Emphasis_Memory=0;CPXPARAM_Emphasis_Numerical=0;CPXPARAM_Feasopt_Mode=0;CPXPARAM_LPMethod=0;CPXPARAM_MIP_Cuts_Cliques=0;CPXPARAM_MIP_Cuts_Covers=0;CPXPARAM_MIP_Cuts_Disjunctive=0;CPXPARAM_MIP_Cuts_FlowCovers=0;CPXPARAM_MIP_Cuts_GUBCovers=0;CPXPARAM_MIP_Cuts_Gomory=0;CPXPARAM_MIP_Cuts_Implied=-1;CPXPARAM_MIP_Cuts_MIRCut=0;CPXPARAM_MIP_Cuts_PathCut=0;CPXPARAM_MIP_Limits_AggForCut=3;CPXPARAM_MIP_Limits_CutPasses=0;CPXPARAM_MIP_Limits_CutsFactor=-1;CPXPARAM_MIP_Limits_GomoryCand=200;CPXPARAM_MIP_Limits_GomoryPass=0;CPXPARAM_MIP_Limits_Nodes=9223372036800000000;CPXPARAM_MIP_Limits_ProbeTime=1e+75;CPXPARAM_MIP_Limits_RepairTries=0;CPXPARAM_MIP_Limits_StrongCand=10;CPXPARAM_MIP_Limits_StrongIt=0;CPXPARAM_MIP_OrderType=0;CPXPARAM_MIP_Strategy_BBInterval=7;CPXPARAM_MIP_Strategy_Branch=0;CPXPARAM_MIP_Strategy_Dive=0;CPXPARAM_MIP_Strategy_File=1;CPXPARAM_MIP_Strategy_HeuristicFreq=0;CPXPARAM_MIP_Strategy_LBHeur=0;CPXPARAM_MIP_Strategy_NodeSelect=1;CPXPARAM_MIP_Strategy_Order=1;CPXPARAM_MIP_Strategy_PresolveNode=0;CPXPARAM_MIP_Strategy_Probe=0;CPXPARAM_MIP_Strategy_RINSHeur=0;CPXPARAM_MIP_Strategy_StartAlgorithm=0;CPXPARAM_MIP_Strategy_SubAlgorithm=0;CPXPARAM_MIP_Strategy_VariableSelect=0;CPXPARAM_Network_NetFind=2;CPXPARAM_Network_Pricing=0;CPXPARAM_Parallel=1;CPXPARAM_Preprocessing_Aggregator=-1;CPXPARAM_Preprocessing_BoundStrength=-1;CPXPARAM_Preprocessing_CoeffReduce=-1;CPXPARAM_Preprocessing_Dependency=-1;CPXPARAM_Preprocessing_Dual=0;CPXPARAM_Preprocessing_Fill=10;CPXPARAM_Preprocessing_NumPass=-1;CPXPARAM_Preprocessing_Presolve=1;CPXPARAM_Preprocessing_QPMakePSD=1;CPXPARAM_Preprocessing_Reduce=3;CPXPARAM_Preprocessing_Relax=-1;CPXPARAM_Preprocessing_RepeatPresolve=-1;CPXPARAM_Preprocessing_Symmetry=-1;CPXPARAM_Read_Scale=0;CPXPARAM_Sifting_Algorithm=0;CPXPARAM_Simplex_Crash=1;CPXPARAM_Simplex_DGradient=0;CPXPARAM_Simplex_Limits_Perturbation=0;CPXPARAM_Simplex_Limits_Singularity=10;CPXPARAM_Simplex_PGradient=0;CPXPARAM_Simplex_Pricing=0;CPXPARAM_Simplex_Refactor=0
4565367478145904737,0,CPXPARAM_Advance=1;CPXPARAM_Barrier_Algorithm=0;CPXPARAM_Barrier_ColNonzeros=0;CPXPARAM_Barrier_Crossover=0;CPXPARAM_Barrier_Limits_Corrections=-1;CPXPARAM_Barrier_Ordering=0;CPXPARAM_Barrier_StartAlg=1;CPXPARAM_Emphasis_MIP=1;CPXPARAM_Emphasis_Memory=0;CPXPARAM_Emphasis_Numerical=0;CPXPARAM_Feasopt_Mode=0;CPXPARAM_LPMethod=0;CPXPARAM_MIP_Cuts_Cliques=0;CPXPARAM_MIP_Cuts_Covers=0;CPXPARAM_MIP_Cuts_Disjunctive=0;CPXPARAM_MIP_Cuts_FlowCovers=1;CPXPARAM_MIP_Cuts_GUBCovers=2;CPXPARAM_MIP_Cuts_Gomory=2;CPXPARAM_MIP_Cuts_Implied=1;CPXPARAM_MIP_Cuts_MIRCut=-1;CPXPARAM_MIP_Cuts_PathCut=2;CPXPARAM_MIP_Limits_AggForCut=3;CPXPARAM_MIP_Limits_CutPasses=0;CPXPARAM_MIP_Limits_CutsFactor=-1;CPXPARAM_MIP_Limits_GomoryCand=400;CPXPARAM_MIP_Limits_GomoryPass=0;CPXPARAM_MIP_Limits_Nodes=9223372036800000000;CPXPARAM_MIP_Limits_ProbeTime=1e+75;CPXPARAM_MIP_Limits_RepairTries=0;CPXPARAM_MIP_Limits_StrongCand=10;CPXPARAM_MIP_Limits_StrongIt=0;CPXPARAM_MIP_OrderType=0;CPXPARAM_MIP_Strategy_BBInterval=7;CPXPARAM_MIP_Strategy_Branch=0;CPXPARAM_MIP_Strategy_Dive=0;CPXPARAM_MIP_Strategy_File=1;CPXPARAM_MIP_Strategy_HeuristicFreq=0;CPXPARAM_MIP_Strategy_LBHeur=0;CPXPARAM_MIP_Strategy_NodeSelect=1;CPXPARAM_MIP_Strategy_Order=1;CPXPARAM_MIP_Strategy_PresolveNode=0;CPXPARAM_MIP_Strategy_Probe=0;CPXPARAM_MIP_Strategy_RINSHeur=0;CPXPARAM_MIP_Strategy_StartAlgorithm=0;CPXPARAM_MIP_Strategy_SubAlgorithm=0;CPXPARAM_MIP_Strategy_VariableSelect=0;CPXPARAM_Network_NetFind=2;CPXPARAM_Network_Pricing=0;CPXPARAM_Parallel=1;CPXPARAM_Preprocessing_Aggregator=-1;CPXPARAM_Preprocessing_BoundStrength=-1;CPXPARAM_Preprocessing_CoeffReduce=-1;CPXPARAM_Preprocessing_Dependency=-1;CPXPARAM_Preprocessing_Dual=0;CPXPARAM_Preprocessing_Fill=10;CPXPARAM_Preprocessing_NumPass=-1;CPXPARAM_Preprocessing_Presolve=1;CPXPARAM_Preprocessing_QPMakePSD=1;CPXPARAM_Preprocessing_Reduce=3;CPXPARAM_Preprocessing_Relax=-1;CPXPARAM_Preprocessing_RepeatPresolve=-1;CPXPARAM_Preprocessing_Symmetry=-1;CPXPARAM_Read_Scale=0;CPXPARAM_Sifting_Algorithm=0;CPXPARAM_Simplex_Crash=1;CPXPARAM_Simplex_DGradient=0;CPXPARAM_Simplex_Limits_Perturbation=0;CPXPARAM_Simplex_Limits_Singularity=10;CPXPARAM_Simplex_PGradient=0;CPXPARAM_Simplex_Pricing=0;CPXPARAM_Simplex_Refactor=0
11742034351866014693,0,CPXPARAM_Advance=1;CPXPARAM_Barrier_Algorithm=0;CPXPARAM_Barrier_ColNonzeros=0;CPXPARAM_Barrier_Crossover=0;CPXPARAM_Barrier_Limits_Corrections=-1;CPXPARAM_Barrier_Ordering=0;CPXPARAM_Barrier_StartAlg=1;CPXPARAM_Emphasis_MIP=1;CPXPARAM_Emphasis_Memory=0;CPXPARAM_Emphasis_Numerical=0;CPXPARAM_Feasopt_Mode=0;CPXPARAM_LPMethod=0;CPXPARAM_MIP_Cuts_Cliques=0;CPXPARAM_MIP_Cuts_Covers=0;CPXPARAM_MIP_Cuts_Disjunctive=2;CPXPARAM_MIP_Cuts_FlowCovers=1;CPXPARAM_MIP_Cuts_GUBCovers=2;CPXPARAM_MIP_Cuts_Gomory=2;CPXPARAM_MIP_Cuts_Implied=1;CPXPARAM_MIP_Cuts_MIRCut=-1;CPXPARAM_MIP_Cuts_PathCut=2;CPXPARAM_MIP_Limits_AggForCut=3;CPXPARAM_MIP_Limits_CutPasses=0;CPXPARAM_MIP_Limits_CutsFactor=-1;CPXPARAM_MIP_Limits_GomoryCand=800;CPXPARAM_MIP_Limits_GomoryPass=0;CPXPARAM_MIP_Limits_Nodes=9223372036800000000;CPXPARAM_MIP_Limits_ProbeTime=0;CPXPARAM_MIP_Limits_RepairTries=0;CPXPARAM_MIP_Limits_StrongCand=10;CPXPARAM_MIP_Limits_StrongIt=0;CPXPARAM_MIP_OrderType=0;CPXPARAM_MIP_Strategy_BBInterval=7;CPXPARAM_MIP_Strategy_Branch=0;CPXPARAM_MIP_Strategy_Dive=0;CPXPARAM_MIP_Strategy_File=1;CPXPARAM_MIP_Strategy_HeuristicFreq=0;CPXPARAM_MIP_Strategy_LBHeur=0;CPXPARAM_MIP_Strategy_NodeSelect=1;CPXPARAM_MIP_Strategy_Order=1;CPXPARAM_MIP_Strategy_PresolveNode=0;CPXPARAM_MIP_Strategy_Probe=3;CPXPARAM_MIP_Strategy_RINSHeur=0;CPXPARAM_MIP_Strategy_StartAlgorithm=5;CPXPARAM_MIP_Strategy_SubAlgorithm=0;CPXPARAM_MIP_Strategy_VariableSelect=0;CPXPARAM_Network_NetFind=2;CPXPARAM_Network_Pricing=0;CPXPARAM_Parallel=1;CPXPARAM_Preprocessing_Aggregator=-1;CPXPARAM_Preprocessing_BoundStrength=-1;CPXPARAM_Preprocessing_CoeffReduce=-1;CPXPARAM_Preprocessing_Dependency=-1;CPXPARAM_Preprocessing_Dual=0;CPXPARAM_Preprocessing_Fill=10;CPXPARAM_Preprocessing_NumPass=-1;CPXPARAM_Preprocessing_Presolve=1;CPXPARAM_Preprocessing_QPMakePSD=1;CPXPARAM_Preprocessing_Reduce=3;CPXPARAM_Preprocessing_Relax=-1;CPXPARAM_Preprocessing_RepeatPresolve=-1;CPXPARAM_Preprocessing_Symmetry=4;CPXPARAM_Read_Scale=0;CPXPARAM_Sifting_Algorithm=0;CPXPARAM_Simplex_Crash=1;CPXPARAM_Simplex_DGradient=0;CPXPARAM_Simplex_Limits_Perturbation=0;CPXPARAM_Simplex_Limits_Singularity=10;CPXPARAM_Simplex_PGradient=1;CPXPARAM_Simplex_Pricing=0;CPXPARAM_Simplex_Refactor=0
7741775178343362439,0,CPXPARAM_Advance=1;CPXPARAM_Barrier_Algorithm=0;CPXPARAM_Barrier_ColNonzeros=0;CPXPARAM_Barrier_Crossover=0;CPXPARAM_Barrier_Limits_Corrections=-1;CPXPARAM_Barrier_Ordering=0;CPXPARAM_Barrier_StartAlg=1;CPXPARAM_Emphasis_MIP=1;CPXPARAM_Emphasis_Memory=0;CPXPARAM_Emphasis_Numerical=0;CPXPARAM_Feasopt_Mode=0;CPXPARAM_LPMethod=0;CPXPARAM_MIP_Cuts_Cliques=0;CPXPARAM_MIP_Cuts_Covers=0;CPXPARAM_MIP_Cuts_Disjunctive=2;CPXPARAM_MIP_Cuts_FlowCovers=1;CPXPARAM_MIP_Cuts_GUBCovers=2;CPXPARAM_MIP_Cuts_Gomory=2;CPXPARAM_MIP_Cuts_Implied=1;CPXPARAM_MIP_Cuts_MIRCut=-1;CPXPARAM_MIP_Cuts_PathCut=2;CPXPARAM_MIP_Limits_AggForCut=3;CPXPARAM_MIP_Limits_CutPasses=0;CPXPARAM_MIP_Limits_CutsFactor=-1;CPXPARAM_MIP_Limits_GomoryCand=800;CPXPARAM_MIP_Limits_GomoryPass=0;CPXPARAM_MIP_Limits_Nodes=9223372036800000000;CPXPARAM_MIP_Limits_ProbeTime=1e+75;CPXPARAM_MIP_Limits_RepairTries=0;CPXPARAM_MIP_Limits_StrongCand=10;CPXPARAM_MIP_Limits_StrongIt=0;CPXPARAM_MIP_OrderType=0;CPXPARAM_MIP_Strategy_BBInterval=7;CPXPARAM_MIP_Strategy_Branch=0;CPXPARAM_MIP_Strategy_Dive=0;CPXPARAM_MIP_Strategy_File=1;CPXPARAM_MIP_Strategy_HeuristicFreq=0;CPXPARAM_MIP_Strategy_LBHeur=0;CPXPARAM_MIP_Strategy_NodeSelect=1;CPXPARAM_MIP_Strategy_Order=1;CPXPARAM_MIP_Strategy_PresolveNode=0;CPXPARAM_MIP_Strategy_Probe=3;CPXPARAM_MIP_Strategy_RINSHeur=0;CPXPARAM_MIP_Strategy_StartAlgorithm=0;CPXPARAM_MIP_Strategy_SubAlgorithm=0;CPXPARAM_MIP_Strategy_VariableSelect=-1;CPXPARAM_Network_NetFind=2;CPXPARAM_Network_Pricing=0;CPXPARAM_Parallel=1;CPXPARAM_Preprocessing_Aggregator=-1;CPXPARAM_Preprocessing_BoundStrength=-1;CPXPARAM_Preprocessing_CoeffReduce=-1;CPXPARAM_Preprocessing_Dependency=-1;CPXPARAM_Preprocessing_Dual=0;CPXPARAM_Preprocessing_Fill=10;CPXPARAM_Preprocessing_NumPass=-1;CPXPARAM_Preprocessing_Presolve=1;CPXPARAM_Preprocessing_QPMakePSD=1;CPXPARAM_Preprocessing_Reduce=3;CPXPARAM_Preprocessing_Relax=-1;CPXPARAM_Preprocessing_RepeatPresolve=-1;CPXPARAM_Preprocessing_Symmetry=-1;CPXPARAM_Read_Scale=0;CPXPARAM_Sifting_Algorithm=0;CPXPARAM_Simplex_Crash=1;CPXPARAM_Simplex_DGradient=0;CPXPARAM_Simplex_Limits_Perturbation=0;CPXPARAM_Simplex_Limits_Singularity=10;CPXPARAM_Simplex_PGradient=0;CPXPARAM_Simplex_Pricing=0;CPXPARAM_Simplex_Refactor=0
15946596009449914472,0,CPXPARAM_Advance=1;CPXPARAM_Barrier_Algorithm=0;CPXPARAM_Barrier_ColNonzeros=0;CPXPARAM_Barrier_Crossover=0;CPXPARAM_Barrier_Limits_Corrections=-1;CPXPARAM_Barrier_Ordering=0;CPXPARAM_Barrier_StartAlg=1;CPXPARAM_Emphasis_MIP=1;CPXPARAM_Emphasis_Memory=0;CPXPARAM_Emphasis_Numerical=0;CPXPARAM_Feasopt_Mode=0;CPXPARAM_LPMethod=0;CPXPARAM_MIP_Cuts_Cliques=0;CPXPARAM_MIP_Cuts_Covers=0;CPXPARAM_MIP_Cuts_Disjunctive=2;CPXPARAM_MIP_Cuts_FlowCovers=1;CPXPARAM_MIP_Cuts_GUBCovers=2;CPXPARAM_MIP_Cuts_Gomory=2;CPXPARAM_MIP_Cuts_Implied=1;CPXPARAM_MIP_Cuts_MIRCut=-1;CPXPARAM_MIP_Cuts_PathCut=2;CPXPARAM_MIP_Limits_AggForCut=3;CPXPARAM_MIP_Limits_CutPasses=0;CPXPARAM_MIP_Limits_CutsFactor=-1;CPXPARAM_MIP_Limits_GomoryCand=800;CPXPARAM_MIP_Limits_GomoryPass=0;CPXPARAM_MIP_Limits_Nodes=9223372036800000000;CPXPARAM_MIP_Limits_ProbeTime=0;CPXPARAM_MIP_Limits_RepairTries=0;CPXPARAM_MIP_Limits_StrongCand=10;CPXPARAM_MIP_Limits_StrongIt=0;CPXPARAM_MIP_OrderType=0;CPXPARAM_MIP_Strategy_BBInterval=7;CPXPARAM_MIP_Strategy_Branch=0;CPXPARAM_MIP_Strategy_Dive=0;CPXPARAM_MIP_Strategy_File=1;CPXPARAM_MIP_Strategy_HeuristicFreq=0;CPXPARAM_MIP_Strategy_LBHeur=0;CPXPARAM_MIP_Strategy_NodeSelect=1;CPXPARAM_MIP_Strategy_Order=1;CPXPARAM_MIP_Strategy_PresolveNode=0;CPXPARAM_MIP_Strategy_Probe=3;CPXPARAM_MIP_Strategy_RINSHeur=0;CPXPARAM_MIP_Strategy_StartAlgorithm=5;CPXPARAM_MIP_Strategy_SubAlgorithm=0;CPXPARAM_MIP_Strategy_VariableSelect=0;CPXPARAM_Network_NetFind=2;CPXPARAM_Network_Pricing=0;CPXPARAM_Parallel=1;CPXPARAM_Preprocessing_Aggregator=-1;CPXPARAM_Preprocessing_BoundStrength=-1;CPXPARAM_Preprocessing_CoeffReduce=-1;CPXPARAM_Preprocessing_Dependency=-1;CPXPARAM_Preprocessing_Dual=0;CPXPARAM_Preprocessing_Fill=5;CPXPARAM_Preprocessing_NumPass=-1;CPXPARAM_Preprocessing_Presolve=1;CPXPARAM_Preprocessing_QPMakePSD=1;CPXPARAM_Preprocessing_Reduce=3;CPXPARAM_Preprocessing_Relax=-1;CPXPARAM_Preprocessing_RepeatPresolve=-1;CPXPARAM_Preprocessing_Symmetry=4;CPXPARAM_Read_Scale=0;CPXPARAM_Sifting_Algorithm=0;CPXPARAM_Simplex_Crash=1;CPXPARAM_Simplex_DGradient=0;CPXPARAM_Simplex_Limits_Perturbation=0;CPXPARAM_Simplex_Limits_Singularity=10;CPXPARAM_Simplex_PGradient=0;CPXPARAM_Simplex_Pricing=0;CPXPARAM_Simplex_Refactor=0
14396123286072385710,0,CPXPARAM_Advance=1;CPXPARAM_Barrier_Algorithm=0;CPXPARAM_Barrier_ColNonzeros=0;CPXPARAM_Barrier_Crossover=0;CPXPARAM_Barrier_Limits_Corrections=-1;CPXPARAM_Barrier_Ordering=0;CPXPARAM_Barrier_StartAlg=1;CPXPARAM_Emphasis_MIP=4;CPXPARAM_Emphasis_Memory=0;CPXPARAM_Emphasis_Numerical=0;CPXPARAM_Feasopt_Mode=0;CPXPARAM_LPMethod=0;CPXPARAM_MIP_Cuts_Cliques=0;CPXPARAM_MIP_Cuts_Covers=0;CPXPARAM_MIP_Cuts_Disjunctive=3;CPXPARAM_MIP_Cuts_FlowCovers=0;CPXPARAM_MIP_Cuts_GUBCovers=0;CPXPARAM_MIP_Cuts_Gomory=0;CPXPARAM_MIP_Cuts_Implied=0;CPXPARAM_MIP_Cuts_MIRCut=0;CPXPARAM_MIP_Cuts_PathCut=0;CPXPARAM_MIP_Limits_AggForCut=3;CPXPARAM_MIP_Limits_CutPasses=0;CPXPARAM_MIP_Limits_CutsFactor=-1;CPXPARAM_MIP_Limits_GomoryCand=200;CPXPARAM_MIP_Limits_GomoryPass=0;CPXPARAM_MIP_Limits_Nodes=9223372036800000000;CPXPARAM_MIP_Limits_ProbeTime=1e+75;CPXPARAM_MIP_Limits_RepairTries=0;CPXPARAM_MIP_Limits_StrongCand=10;CPXPARAM_MIP_Limits_StrongIt=0;CPXPARAM_MIP_OrderType=0;CPXPARAM_MIP_Strategy_BBInterval=7;CPXPARAM_MIP_Strategy_Branch=0;CPXPARAM_MIP_Strategy_Dive=0;CPXPARAM_MIP_Strategy_File=1;CPXPARAM_MIP_Strategy_HeuristicFreq=0;CPXPARAM_MIP_Strategy_LBHeur=0;CPXPARAM_MIP_Strategy_NodeSelect=1;CPXPARAM_MIP_Strategy_Order=1;CPXPARAM_MIP_Strategy_PresolveNode=0;CPXPARAM_MIP_Strategy_Probe=0;CPXPARAM_MIP_Strategy_RINSHeur=0;CPXPARAM_MIP_Strategy_StartAlgorithm=0;CPXPARAM_MIP_Strategy_SubAlgorithm=0;CPXPARAM_MIP_Strategy_VariableSelect=0;CPXPARAM_Network_NetFind=2;CPXPARAM_Network_Pricing=0;CPXPARAM_Parallel=1;CPXPARAM_Preprocessing_Aggregator=-1;CPXPARAM_Preprocessing_BoundStrength=-1;CPXPARAM_Preprocessing_CoeffReduce=-1;CPXPARAM_Preprocessing_Dependency=-1;CPXPARAM_Preprocessing_Dual=0;CPXPARAM_Preprocessing_Fill=10;CPXPARAM_Preprocessing_NumPass=-1;CPXPARAM_Preprocessing_Presolve=1;CPXPARAM_Preprocessing_QPMakePSD=1;CPXPARAM_Preprocessing_Reduce=3;CPXPARAM_Preprocessing_Relax=-1;CPXPARAM_Preprocessing_RepeatPresolve=-1;CPXPARAM_Preprocessing_Symmetry=-1;CPXPARAM_Read_Scale=0;CPXPARAM_Sifting_Algorithm=0;CPXPARAM_Simplex_Crash=1;CPXPARAM_Simplex_DGradient=0;CPXPARAM_Simplex_Limits_Perturbation=0;CPXPARAM_Simplex_Limits_Singularity=10;CPXPARAM_Simplex_PGradient=0;CPXPARAM_Simplex_Pricing=0;CPXPARAM_Simplex_Refactor=0
8965238717932343251,0,CPXPARAM_Advance=1;CPXPARAM_Barrier_Algorithm=0;CPXPARAM_Barrier_ColNonzeros=0;CPXPARAM_Barrier_Crossover=0;CPXPARAM_Barrier_Limits_Corrections=-1;CPXPARAM_Barrier_Ordering=0;CPXPARAM_Barrier_StartAlg=2;CPXPARAM_Emphasis_MIP=1;CPXPARAM_Emphasis_Memory=0;CPXPARAM_Emphasis_Numerical=0;CPXPARAM_Feasopt_Mode=0;CPXPARAM_LPMethod=0;CPXPARAM_MIP_Cuts_Cliques=0;CPXPARAM_MIP_Cuts_Covers=0;CPXPARAM_MIP_Cuts_Disjunctive=2;CPXPARAM_MIP_Cuts_FlowCovers=1;CPXPARAM_MIP_Cuts_GUBCovers=2;CPXPARAM_MIP_Cuts_Gomory=2;CPXPARAM_MIP_Cuts_Implied=1;CPXPARAM_MIP_Cuts_MIRCut=-1;CPXPARAM_MIP_Cuts_PathCut=2;CPXPARAM_MIP_Limits_AggForCut=3;CPXPARAM_MIP_Limits_CutPasses=0;CPXPARAM_MIP_Limits_CutsFactor=-1;CPXPARAM_MIP_Limits_GomoryCand=800;CPXPARAM_MIP_Limits_GomoryPass=0;CPXPARAM_MIP_Limits_Nodes=9223372036800000000;CPXPARAM_MIP_Limits_ProbeTime=0;CPXPARAM_MIP_Limits_RepairTries=0;CPXPARAM_MIP_Limits_StrongCand=10;CPXPARAM_MIP_Limits_StrongIt=0;CPXPARAM_MIP_OrderType=0;CPXPARAM_MIP_Strategy_BBInterval=7;CPXPARAM_MIP_Strategy_Branch=0;CPXPARAM_MIP_Strategy_Dive=0;CPXPARAM_MIP_Strategy_File=1;CPXPARAM_MIP_Strategy_HeuristicFreq=0;CPXPARAM_MIP_Strategy_LBHeur=0;CPXPARAM_MIP_Strategy_NodeSelect=1;CPXPARAM_MIP_Strategy_Order=1;CPXPARAM_MIP_Strategy_PresolveNode=0;CPXPARAM_MIP_Strategy_Probe=2;CPXPARAM_MIP_Strategy_RINSHeur=0;CPXPARAM_MIP_Strategy_StartAlgorithm=5;CPXPARAM_MIP_Strategy_SubAlgorithm=0;CPXPARAM_MIP_Strategy_VariableSelect=0;CPXPARAM_Network_NetFind=2;CPXPARAM_Network_Pricing=0;CPXPARAM_Parallel=1;CPXPARAM_Preprocessing_Aggregator=-1;CPXPARAM_Preprocessing_BoundStrength=-1;CPXPARAM_Preprocessing_CoeffReduce=-1;CPXPARAM_Preprocessing_Dependency=-1;CPXPARAM_Preprocessing_Dual=0;CPXPARAM_Preprocessing_Fill=10;CPXPARAM_Preprocessing_NumPass=-1;CPXPARAM_Preprocessing_Presolve=1;CPXPARAM_Preprocessing_QPMakePSD=1;CPXPARAM_Preprocessing_Reduce=3;CPXPARAM_Preprocessing_Relax=-1;CPXPARAM_Preprocessing_RepeatPresolve=-1;CPXPARAM_Preprocessing_Symmetry=4;CPXPARAM_Read_Scale=0;CPXPARAM_Sifting_Algorithm=0;CPXPARAM_Simplex_Crash=1;CPXPARAM_Simplex_DGradient=2;CPXPARAM_Simplex_Limits_Perturbation=0;CPXPARAM_Simplex_Limits_Singularity=10;CPXPARAM_Simplex_PGradient=0;CPXPARAM_Simplex_Pricing=0;CPXPARAM_Simplex_Refactor=0
10130189429093104250,0,CPXPARAM_Advance=1;CPXPARAM_Barrier_Algorithm=0;CPXPARAM_Barrier_ColNonzeros=0;CPXPARAM_Barrier_Crossover=0;CPXPARAM_Barrier_Limits_Corrections=-1;CPXPARAM_Barrier_Ordering=0;CPXPARAM_Barrier_StartAlg=1;CPXPARAM_Emphasis_MIP=1;CPXPARAM_Emphasis_Memory=0;CPXPARAM_Emphasis_Numerical=0;CPXPARAM_Feasopt_Mode=0;CPXPARAM_LPMethod=0;CPXPARAM_MIP_Cuts_Cliques=0;CPXPARAM_MIP_Cuts_Covers=3;CPXPARAM_MIP_Cuts_Disjunctive=2;CPXPARAM_MIP_Cuts_FlowCovers=1;CPXPARAM_MIP_Cuts_GUBCovers=2;CPXPARAM_MIP_Cuts_Gomory=2;CPXPARAM_MIP_Cuts_Implied=1;CPXPARAM_MIP_Cuts_MIRCut=-1;CPXPARAM_MIP_Cuts_PathCut=2;CPXPARAM_MIP_Limits_AggForCut=3;CPXPARAM_MIP_Limits_CutPasses=0;CPXPARAM_MIP_Limits_CutsFactor=-1;CPXPARAM_MIP_Limits_GomoryCand=800;CPXPARAM_MIP_Limits_GomoryPass=0;CPXPARAM_MIP_Limits_Nodes=9223372036800000000;CPXPARAM_MIP_Limits_ProbeTime=1e+75;CPXPARAM_MIP_Limits_RepairTries=0;CPXPARAM_MIP_Limits_StrongCand=10;CPXPARAM_MIP_Limits_StrongIt=0;CPXPARAM_MIP_OrderType=0;CPXPARAM_MIP_Strategy_BBInterval=7;CPXPARAM_MIP_Strategy_Branch=0;CPXPARAM_MIP_Strategy_Dive=0;CPXPARAM_MIP_Strategy_File=1;CPXPARAM_MIP_Strategy_HeuristicFreq=0;CPXPARAM_MIP_Strategy_LBHeur=0;CPXPARAM_MIP_Strategy_NodeSelect=1;CPXPARAM_MIP_Strategy_Order=1;CPXPARAM_MIP_Strategy_PresolveNode=0;CPXPARAM_MIP_Strategy_Probe=3;CPXPARAM_MIP_Strategy_RINSHeur=0;CPXPARAM_MIP_Strategy_StartAlgorithm=0;CPXPARAM_MIP_Strategy_SubAlgorithm=0;CPXPARAM_MIP_Strategy_VariableSelect=0;CPXPARAM_Network_NetFind=2;CPXPARAM_Network_Pricing=0;CPXPARAM_Parallel=1;CPXPARAM_Preprocessing_Aggregator=-1;CPXPARAM_Preprocessing_BoundStrength=-1;CPXPARAM_Preprocessing_CoeffReduce=-1;CPXPARAM_Preprocessing_Dependency=-1;CPXPARAM_Preprocessing_Dual=0;CPXPARAM_Preprocessing_Fill=10;CPXPARAM_Preprocessing_NumPass=-1;CPXPARAM_Preprocessing_Presolve=1;CPXPARAM_Preprocessing_QPMakePSD=1;CPXPARAM_Preprocessing_Reduce=3;CPXPARAM_Preprocessing_Relax=-1;CPXPARAM_Preprocessing_RepeatPresolve=-1;CPXPARAM_Preprocessing_Symmetry=-1;CPXPARAM_Read_Scale=0;CPXPARAM_Sifting_Algorithm=0;CPXPARAM_Simplex_Crash=1;CPXPARAM_Simplex_DGradient=0;CPXPARAM_Simplex_Limits_Perturbation=0;CPXPARAM_Simplex_Limits_Singularity=10;CPXPARAM_Simplex_PGradient=0;CPXPARAM_Simplex_Pricing=0;CPXPARAM_Simplex_Refactor=0
3876461379136703388,0,CPXPARAM_Advance=1;CPXPARAM_Barrier_Algorithm=0;CPXPARAM_Barrier_ColNonzeros=0;CPXPARAM_Barrier_Crossover=0;CPXPARAM_Barrier_Limits_Corrections=-1;CPXPARAM_Barrier_Ordering=0;CPXPARAM_Barrier_StartAlg=2;CPXPARAM_Emphasis_MIP=1;CPXPARAM_Emphasis_Memory=0;CPXPARAM_Emphasis_Numerical=0;CPXPARAM_Feasopt_Mode=0;CPXPARAM_LPMethod=2;CPXPARAM_MIP_Cuts_Cliques=0;CPXPARAM_MIP_Cuts_Covers=0;CPXPARAM_MIP_Cuts_Disjunctive=2;CPXPARAM_MIP_Cuts_FlowCovers=1;CPXPARAM_MIP_Cuts_GUBCovers=2;CPXPARAM_MIP_Cuts_Gomory=2;CPXPARAM_MIP_Cuts_Implied=1;CPXPARAM_MIP_Cuts_MIRCut=-1;CPXPARAM_MIP_Cuts_PathCut=2;CPXPARAM_MIP_Limits_AggForCut=3;CPXPARAM_MIP_Limits_CutPasses=0;CPXPARAM_MIP_Limits_CutsFactor=-1;CPXPARAM_MIP_Limits_GomoryCand=800;CPXPARAM_MIP_Limits_GomoryPass=0;CPXPARAM_MIP_Limits_Nodes=9223372036800000000;CPXPARAM_MIP_Limits_ProbeTime=0;CPXPARAM_MIP_Limits_RepairTries=0;CPXPARAM_MIP_Limits_StrongCand=10;CPXPARAM_MIP_Limits_StrongIt=0;CPXPARAM_MIP_OrderType=0;CPXPARAM_MIP_Strategy_BBInterval=7;CPXPARAM_MIP_Strategy_Branch=0;CPXPARAM_MIP_Strategy_Dive=0;CPXPARAM_MIP_Strategy_File=1;CPXPARAM_MIP_Strategy_HeuristicFreq=0;CPXPARAM_MIP_Strategy_LBHeur=0;CPXPARAM_MIP_Strategy_NodeSelect=1;CPXPARAM_MIP_Strategy_Order=1;CPXPARAM_MIP_Strategy_PresolveNode=0;CPXPARAM_MIP_Strategy_Probe=3;CPXPARAM_MIP_Strategy_RINSHeur=0;CPXPARAM_MIP_Strategy_StartAlgorithm=5;CPXPARAM_MIP_Strategy_SubAlgorithm=0;CPXPARAM_MIP_Strategy_VariableSelect=0;CPXPARAM_Network_NetFind=2;CPXPARAM_Network_Pricing=0;CPXPARAM_Parallel=1;CPXPARAM_Preprocessing_Aggregator=-1;CPXPARAM_Preprocessing_BoundStrength=-1;CPXPARAM_Preprocessing_CoeffReduce=-1;CPXPARAM_Preprocessing_Dependency=-1;CPXPARAM_Preprocessing_Dual=0;CPXPARAM_Preprocessing_Fill=10;CPXPARAM_Preprocessing_NumPass=-1;CPXPARAM_Preprocessing_Presolve=1;CPXPARAM_Preprocessing_QPMakePSD=1;CPXPARAM_Preprocessing_Reduce=3;CPXPARAM_Preprocessing_Relax=-1;CPXPARAM_Preprocessing_RepeatPresolve=-1;CPXPARAM_Preprocessing_Symmetry=4;CPXPARAM_Read_Scale=0;CPXPARAM_Sifting_Algorithm=0;CPXPARAM_Simplex_Crash=1;CPXPARAM_Simplex_DGradient=2;CPXPARAM_Simplex_Limits_Perturbation=0;CPXPARAM_Simplex_Limits_Singularity=10;CPXPARAM_Simplex_PGradient=0;CPXPARAM_Simplex_Pricing=0;CPXPARAM_Simplex_Refactor=0
12497486825460344359,0,CPXPARAM_Advance=1;CPXPARAM_Barrier_Algorithm=0;CPXPARAM_Barrier_ColNonzeros=0;CPXPARAM_Barrier_Crossover=2;CPXPARAM_Barrier_Limits_Corrections=-1;CPXPARAM_Barrier_Ordering=0;CPXPARAM_Barrier_StartAlg=1;CPXPARAM_Emphasis_MIP=1;CPXPARAM_Emphasis_Memory=0;CPXPARAM_Emphasis_Numerical=0;CPXPARAM_Feasopt_Mode=0;CPXPARAM_LPMethod=0;CPXPARAM_MIP_Cuts_Cliques=1;CPXPARAM_MIP_Cuts_Covers=0;CPXPARAM_MIP_Cuts_Disjunctive=-1;CPXPARAM_MIP_Cuts_FlowCovers=-1;CPXPARAM_MIP_Cuts_GUBCovers=1;CPXPARAM_MIP_Cuts_Gomory=1;CPXPARAM_MIP_Cuts_Implied=1;CPXPARAM_MIP_Cuts_MIRCut=2;CPXPARAM_MIP_Cuts_PathCut=-1;CPXPARAM_MIP_Limits_AggForCut=3;CPXPARAM_MIP_Limits_CutPasses=0;CPXPARAM_MIP_Limits_CutsFactor=-1;CPXPARAM_MIP_Limits_GomoryCand=10;CPXPARAM_MIP_Limits_GomoryPass=0;CPXPARAM_MIP_Limits_Nodes=9223372036800000000;CPXPARAM_MIP_Limits_ProbeTime=10;CPXPARAM_MIP_Limits_RepairTries=0;CPXPARAM_MIP_Limits_StrongCand=10;CPXPARAM_MIP_Limits_StrongIt=0;CPXPARAM_MIP_OrderType=0;CPXPARAM_MIP_Strategy_BBInterval=7;CPXPARAM_MIP_Strategy_Branch=0;CPXPARAM_MIP_Strategy_Dive=0;CPXPARAM_MIP_Strategy_File=1;CPXPARAM_MIP_Strategy_HeuristicFreq=0;CPXPARAM_MIP_Strategy_LBHeur=0;CPXPARAM_MIP_Strategy_NodeSelect=1;CPXPARAM_MIP_Strategy_Order=1;CPXPARAM_MIP_Strategy_PresolveNode=0;CPXPARAM_MIP_Strategy_Probe=0;CPXPARAM_MIP_Strategy_RINSHeur=0;CPXPARAM_MIP_Strategy_StartAlgorithm=2;CPXPARAM_MIP_Strategy_SubAlgorithm=3;CPXPARAM_MIP_Strategy_VariableSelect=3;CPXPARAM_Network_NetFind=2;CPXPARAM_Network_Pricing=0;CPXPARAM_Parallel=1;CPXPARAM_Preprocessing_Aggregator=-1;CPXPARAM_Preprocessing_BoundStrength=-1;CPXPARAM_Preprocessing_CoeffReduce=-1;CPXPARAM_Preprocessing_Dependency=-1;CPXPARAM_Preprocessing_Dual=0;CPXPARAM_Preprocessing_Fill=10;CPXPARAM_Preprocessing_NumPass=-1;CPXPARAM_Preprocessing_Presolve=1;CPXPARAM_Preprocessing_QPMakePSD=1;CPXPARAM_Preprocessing_Reduce=3;CPXPARAM_Preprocessing_Relax=-1;CPXPARAM_Preprocessing_RepeatPresolve=-1;CPXPARAM_Preprocessing_Symmetry=0;CPXPARAM_Read_Scale=0;CPXPARAM_Sifting_Algorithm=0;CPXPARAM_Simplex_Crash=1;CPXPARAM_Simplex_DGradient=3;CPXPARAM_Simplex_Limits_Perturbation=0;CPXPARAM_Simplex_Limits_Singularity=10;CPXPARAM_Simplex_PGradient=0;CPXPARAM_Simplex_Pricing=0;CPXPARAM_Simplex_Refactor=0
2573251395108725737,0,CPXPARAM_Advance=1;CPXPARAM_Barrier_Algorithm=0;CPXPARAM_Barrier_ColNonzeros=0;CPXPARAM_Barrier_Crossover=0;CPXPARAM_Barrier_Limits_Corrections=-1;CPXPARAM_Barrier_Ordering=0;CPXPARAM_Barrier_StartAlg=1;CPXPARAM_Emphasis_MIP=1;CPXPARAM_Emphasis_Memory=0;CPXPARAM_Emphasis_Numerical=0;CPXPARAM_Feasopt_Mode=0;CPXPARAM_LPMethod=0;CPXPARAM_MIP_Cuts_Cliques=0;CPXPARAM_MIP_Cuts_Covers=0;CPXPARAM_MIP_Cuts_Disjunctive=1;CPXPARAM_MIP_Cuts_FlowCovers=1;CPXPARAM_MIP_Cuts_GUBCovers=2;CPXPARAM_MIP_Cuts_Gomory=0;CPXPARAM_MIP_Cuts_Implied=1;CPXPARAM_MIP_Cuts_MIRCut=-1;CPXPARAM_MIP_Cuts_PathCut=2;CPXPARAM_MIP_Limits_AggForCut=3;CPXPARAM_MIP_Limits_CutPasses=0;CPXPARAM_MIP_Limits_CutsFactor=-1;CPXPARAM_MIP_Limits_GomoryCand=400;CPXPARAM_MIP_Limits_GomoryPass=0;CPXPARAM_MIP_Limits_Nodes=9223372036800000000;CPXPARAM_MIP_Limits_ProbeTime=1e+75;CPXPARAM_MIP_Limits_RepairTries=0;CPXPARAM_MIP_Limits_StrongCand=10;CPXPARAM_MIP_Limits_StrongIt=0;CPXPARAM_MIP_OrderType=0;CPXPARAM_MIP_Strategy_BBInterval=7;CPXPARAM_MIP_Strategy_Branch=0;CPXPARAM_MIP_Strategy_Dive=0;CPXPARAM_MIP_Strategy_File=1;CPXPARAM_MIP_Strategy_HeuristicFreq=0;CPXPARAM_MIP_Strategy_LBHeur=0;CPXPARAM_MIP_Strategy_NodeSelect=1;CPXPARAM_MIP_Strategy_Order=1;CPXPARAM_MIP_Strategy_PresolveNode=0;CPXPARAM_MIP_Strategy_Probe=0;CPXPARAM_MIP_Strategy_RINSHeur=0;CPXPARAM_MIP_Strategy_StartAlgorithm=0;CPXPARAM_MIP_Strategy_SubAlgorithm=0;CPXPARAM_MIP_Strategy_VariableSelect=0;CPXPARAM_Network_NetFind=2;CPXPARAM_Network_Pricing=0;CPXPARAM_Parallel=1;CPXPARAM_Preprocessing_Aggregator=-1;CPXPARAM_Preprocessing_BoundStrength=-1;CPXPARAM_Preprocessing_CoeffReduce=-1;CPXPARAM_Preprocessing_Dependency=-1;CPXPARAM_Preprocessing_Dual=0;CPXPARAM_Preprocessing_Fill=10;CPXPARAM_Preprocessing_NumPass=-1;CPXPARAM_Preprocessing_Presolve=1;CPXPARAM_Preprocessing_QPMakePSD=1;CPXPARAM_Preprocessing_Reduce=3;CPXPARAM_Preprocessing_Relax=-1;CPXPARAM_Preprocessing_RepeatPresolve=-1;CPXPARAM_Preprocessing_Symmetry=-1;CPXPARAM_Read_Scale=0;CPXPARAM_Sifting_Algorithm=0;CPXPARAM_Simplex_Crash=1;CPXPARAM_Simplex_DGradient=0;CPXPARAM_Simplex_Limits_Perturbation=0;CPXPARAM_Simplex_Limits_Singularity=10;CPXPARAM_Simplex_PGradient=0;CPXPARAM_Simplex_Pricing=0;CPXPARAM_Simplex_Refactor=0
3303280766301604868,0,CPXPARAM_Advance=1;CPXPARAM_Barrier_Algorithm=3;CPXPARAM_Barrier_ColNonzeros=0;CPXPARAM_Barrier_Crossover=0;CPXPARAM_Barrier_Limits_Corrections=-1;CPXPARAM_Barrier_Ordering=0;CPXPARAM_Barrier_StartAlg=2;CPXPARAM_Emphasis_MIP=1;CPXPARAM_Emphasis_Memory=0;CPXPARAM_Emphasis_Numerical=0;CPXPARAM_Feasopt_Mode=0;CPXPARAM_LPMethod=0;CPXPARAM_MIP_Cuts_Cliques=0;CPXPARAM_MIP_Cuts_Covers=0;CPXPARAM_MIP_Cuts_Disjunctive=2;CPXPARAM_MIP_Cuts_FlowCovers=1;CPXPARAM_MIP_Cuts_GUBCovers=2;CPXPARAM_MIP_Cuts_Gomory=2;CPXPARAM_MIP_Cuts_Implied=1;CPXPARAM_MIP_Cuts_MIRCut=-1;CPXPARAM_MIP_Cuts_PathCut=2;CPXPARAM_MIP_Limits_AggForCut=3;CPXPARAM_MIP_Limits_CutPasses=0;CPXPARAM_MIP_Limits_CutsFactor=-1;CPXPARAM_MIP_Limits_GomoryCand=800;CPXPARAM_MIP_Limits_GomoryPass=0;CPXPARAM_MIP_Limits_Nodes=9223372036800000000;CPXPARAM_MIP_Limits_ProbeTime=0;CPXPARAM_MIP_Limits_RepairTries=0;CPXPARAM_MIP_Limits_StrongCand=10;CPXPARAM_MIP_Limits_StrongIt=0;CPXPARAM_MIP_OrderType=0;CPXPARAM_MIP_Strategy_BBInterval=7;CPXPARAM_MIP_Strategy_Branch=0;CPXPARAM_MIP_Strategy_Dive=0;CPXPARAM_MIP_Strategy_File=1;CPXPARAM_MIP_Strategy_HeuristicFreq=0;CPXPARAM_MIP_Strategy_LBHeur=0;CPXPARAM_MIP_Strategy_NodeSelect=1;CPXPARAM_MIP_Strategy_Order=1;CPXPARAM_MIP_Strategy_PresolveNode=0;CPXPARAM_MIP_Strategy_Probe=3;CPXPARAM_MIP_Strategy_RINSHeur=0;CPXPARAM_MIP_Strategy_StartAlgorithm=5;CPXPARAM_MIP_Strategy_SubAlgorithm=0;CPXPARAM_MIP_Strategy_VariableSelect=0;CPXPARAM_Network_NetFind=2;CPXPARAM_Network_Pricing=0;CPXPARAM_Parallel=1;CPXPARAM_Preprocessing_Aggregator=-1;CPXPARAM_Preprocessing_BoundStrength=-1;CPXPARAM_Preprocessing_CoeffReduce=-1;CPXPARAM_Preprocessing_Dependency=-1;CPXPARAM_Preprocessing_Dual=0;CPXPARAM_Preprocessing_Fill=10;CPXPARAM_Preprocessing_NumPass=-1;CPXPARAM_Preprocessing_Presolve=1;CPXPARAM_Preprocessing_QPMakePSD=1;CPXPARAM_Preprocessing_Reduce=3;CPXPARAM_Preprocessing_Relax=-1;CPXPARAM_Preprocessing_RepeatPresolve=-1;CPXPARAM_Preprocessing_Symmetry=4;CPXPARAM_Read_Scale=0;CPXPARAM_Sifting_Algorithm=0;CPXPARAM_Simplex_Crash=1;CPXPARAM_Simplex_DGradient=2;CPXPARAM_Simplex_Limits_Perturbation=0;CPXPARAM_Simplex_Limits_Singularity=10;CPXPARAM_Simplex_PGradient=0;CPXPARAM_Simplex_Pricing=0;CPXPARAM_Simplex_Refactor=0
10072765704929502080,0,CPXPARAM_Advance=1;CPXPARAM_Barrier_Algorithm=0;CPXPARAM_Barrier_ColNonzeros=0;CPXPARAM_Barrier_Crossover=0;CPXPARAM_Barrier_Limits_Corrections=-1;CPXPARAM_Barrier_Ordering=0;CPXPARAM_Barrier_StartAlg=1;CPXPARAM_Emphasis_MIP=1;CPXPARAM_Emphasis_Memory=0;CPXPARAM_Emphasis_Numerical=0;CPXPARAM_Feasopt_Mode=0;CPXPARAM_LPMethod=0;CPXPARAM_MIP_Cuts_Cliques=0;CPXPARAM_MIP_Cuts_Covers=0;CPXPARAM_MIP_Cuts_Disjunctive=2;CPXPARAM_MIP_Cuts_FlowCovers=1;CPXPARAM_MIP_Cuts_GUBCovers=2;CPXPARAM_MIP_Cuts_Gomory=2;CPXPARAM_MIP_Cuts_Implied=1;CPXPARAM_MIP_Cuts_MIRCut=-1;CPXPARAM_MIP_Cuts_PathCut=2;CPXPARAM_MIP_Limits_AggForCut=3;CPXPARAM_MIP_Limits_CutPasses=0;CPXPARAM_MIP_Limits_CutsFactor=-1;CPXPARAM_MIP_Limits_GomoryCand=800;CPXPARAM_MIP_Limits_GomoryPass=0;CPXPARAM_MIP_Limits_Nodes=9223372036800000000;CPXPARAM_MIP_Limits_ProbeTime=0;CPXPARAM_MIP_Limits_RepairTries=0;CPXPARAM_MIP_Limits_StrongCand=10;CPXPARAM_MIP_Limits_StrongIt=0;CPXPARAM_MIP_OrderType=0;CPXPARAM_MIP_Strategy_BBInterval=7;CPXPARAM_MIP_Strategy_Branch=0;CPXPARAM_MIP_Strategy_Dive=0;CPXPARAM_MIP_Strategy_File=1;CPXPARAM_MIP_Strategy_HeuristicFreq=0;CPXPARAM_MIP_Strategy_LBHeur=0;CPXPARAM_MIP_Strategy_NodeSelect=1;CPXPARAM_MIP_Strategy_Order=1;CPXPARAM_MIP_Strategy_PresolveNode=0;CPXPARAM_MIP_Strategy_Probe=3;CPXPARAM_MIP_Strategy_RINSHeur=0;CPXPARAM_MIP_Strategy_StartAlgorithm=5;CPXPARAM_MIP_Strategy_SubAlgorithm=0;CPXPARAM_MIP_Strategy_VariableSelect=0;CPXPARAM_Network_NetFind=2;CPXPARAM_Network_Pricing=0;CPXPARAM_Parallel=1;CPXPARAM_Preprocessing_Aggregator=-1;CPXPARAM_Preprocessing_BoundStrength=-1;CPXPARAM_Preprocessing_CoeffReduce=-1;CPXPARAM_Preprocessing_Dependency=-1;CPXPARAM_Preprocessing_Dual=1;CPXPARAM_Preprocessing_Fill=10;CPXPARAM_Preprocessing_NumPass=-1;CPXPARAM_Preprocessing_Presolve=1;CPXPARAM_Preprocessing_QPMakePSD=1;CPXPARAM_Preprocessing_Reduce=3;CPXPARAM_Preprocessing_Relax=-1;CPXPARAM_Preprocessing_RepeatPresolve=-1;CPXPARAM_Preprocessing_Symmetry=4;CPXPARAM_Read_Scale=0;CPXPARAM_Sifting_Algorithm=0;CPXPARAM_Simplex_Crash=1;CPXPARAM_Simplex_DGradient=0;CPXPARAM_Simplex_Limits_Perturbation=0;CPXPARAM_Simplex_Limits_Singularity=10;CPXPARAM_Simplex_PGradient=0;CPXPARAM_Simplex_Pricing=0;CPXPARAM_Simplex_Refactor=0
3224137390797852833,0,CPXPARAM_Advance=1;CPXPARAM_Barrier_Algorithm=0;CPXPARAM_Barrier_ColNonzeros=0;CPXPARAM_Barrier_Crossover=0;CPXPARAM_Barrier_Limits_Corrections=-1;CPXPARAM_Barrier_Ordering=0;CPXPARAM_Barrier_StartAlg=1;CPXPARAM_Emphasis_MIP=5;CPXPARAM_Emphasis_Memory=0;CPXPARAM_Emphasis_Numerical=0;CPXPARAM_Feasopt_Mode=0;CPXPARAM_LPMethod=0;CPXPARAM_MIP_Cuts_Cliques=-1;CPXPARAM_MIP_Cuts_Covers=0;CPXPARAM_MIP_Cuts_Disjunctive=1;CPXPARAM_MIP_Cuts_FlowCovers=-1;CPXPARAM_MIP_Cuts_GUBCovers=2;CPXPARAM_MIP_Cuts_Gomory=-1;CPXPARAM_MIP_Cuts_Implied=0;CPXPARAM_MIP_Cuts_MIRCut=2;CPXPARAM_MIP_Cuts_PathCut=-1;CPXPARAM_MIP_Limits_AggForCut=3;CPXPARAM_MIP_Limits_CutPasses=0;CPXPARAM_MIP_Limits_CutsFactor=-1;CPXPARAM_MIP_Limits_GomoryCand=200;CPXPARAM_MIP_Limits_GomoryPass=0;CPXPARAM_MIP_Limits_Nodes=9223372036800000000;CPXPARAM_MIP_Limits_ProbeTime=0;CPXPARAM_MIP_Limits_RepairTries=0;CPXPARAM_MIP_Limits_StrongCand=10;CPXPARAM_MIP_Limits_StrongIt=0;CPXPARAM_MIP_OrderType=0;CPXPARAM_MIP_Strategy_BBInterval=7;CPXPARAM_MIP_Strategy_Branch=0;CPXPARAM_MIP_Strategy_Dive=0;CPXPARAM_MIP_Strategy_File=1;CPXPARAM_MIP_Strategy_HeuristicFreq=0;CPXPARAM_MIP_Strategy_LBHeur=0;CPXPARAM_MIP_Strategy_NodeSelect=1;CPXPARAM_MIP_Strategy_Order=1;CPXPARAM_MIP_Strategy_PresolveNode=0;CPXPARAM_MIP_Strategy_Probe=3;CPXPARAM_MIP_Strategy_RINSHeur=0;CPXPARAM_MIP_Strategy_StartAlgorithm=0;CPXPARAM_MIP_Strategy_SubAlgorithm=0;CPXPARAM_MIP_Strategy_VariableSelect=0;CPXPARAM_Network_NetFind=2;CPXPARAM_Network_Pricing=0;CPXPARAM_Parallel=1;CPXPARAM_Preprocessing_Aggregator=-1;CPXPARAM_Preprocessing_BoundStrength=-1;CPXPARAM_Preprocessing_CoeffReduce=-1;CPXPARAM_Preprocessing_Dependency=-1;CPXPARAM_Preprocessing_Dual=0;CPXPARAM_Preprocessing_Fill=10;CPXPARAM_Preprocessing_NumPass=-1;CPXPARAM_Preprocessing_Presolve=1;CPXPARAM_Preprocessing_QPMakePSD=1;CPXPARAM_Preprocessing_Reduce=3;CPXPARAM_Preprocessing_Relax=-1;CPXPARAM_Preprocessing_RepeatPresolve=-1;CPXPARAM_Preprocessing_Symmetry=-1;CPXPARAM_Read_Scale=0;CPXPARAM_Sifting_Algorithm=0;CPXPARAM_Simplex_Crash=1;CPXPARAM_Simplex_DGradient=0;CPXPARAM_Simplex_Limits_Perturbation=0;CPXPARAM_Simplex_Limits_Singularity=10;CPXPARAM_Simplex_PGradient=0;CPXPARAM_Simplex_Pricing=0;CPXPARAM_Simplex_Refactor=0
11209836149361994326,0,CPXPARAM_Advance=1;CPXPARAM_Barrier_Algorithm=0;CPXPARAM_Barrier_ColNonzeros=0;CPXPARAM_Barrier_Crossover=0;CPXPARAM_Barrier_Limits_Corrections=-1;CPXPARAM_Barrier_Ordering=0;CPXPARAM_Barrier_StartAlg=1;CPXPARAM_Emphasis_MIP=1;CPXPARAM_Emphasis_Memory=0;CPXPARAM_Emphasis_Numerical=0;CPXPARAM_Feasopt_Mode=0;CPXPARAM_LPMethod=0;CPXPARAM_MIP_Cuts_Cliques=0;CPXPARAM_MIP_Cuts_Covers=0;CPXPARAM_MIP_Cuts_Disjunctive=2;CPXPARAM_MIP_Cuts_FlowCovers=1;CPXPARAM_MIP_Cuts_GUBCovers=2;CPXPARAM_MIP_Cuts_Gomory=2;CPXPARAM_MIP_Cuts_Implied=1;CPXPARAM_MIP_Cuts_MIRCut=-1;CPXPARAM_MIP_Cuts_PathCut=2;CPXPARAM_MIP_Limits_AggForCut=3;CPXPARAM_MIP_Limits_CutPasses=0;CPXPARAM_MIP_Limits_CutsFactor=-1;CPXPARAM_MIP_Limits_GomoryCand=800;CPXPARAM_MIP_Limits_GomoryPass=0;CPXPARAM_MIP_Limits_Nodes=9223372036800000000;CPXPARAM_MIP_Limits_ProbeTime=1e+75;CPXPARAM_MIP_Limits_RepairTries=0;CPXPARAM_MIP_Limits_StrongCand=10;CPXPARAM_MIP_Limits_StrongIt=0;CPXPARAM_MIP_OrderType=0;CPXPARAM_MIP_Strategy_BBInterval=7;CPXPARAM_MIP_Strategy_Branch=0;CPXPARAM_MIP_Strategy_Dive=0;CPXPARAM_MIP_Strategy_File=1;CPXPARAM_MIP_Strategy_HeuristicFreq=0;CPXPARAM_MIP_Strategy_LBHeur=0;CPXPARAM_MIP_Strategy_NodeSelect=0;CPXPARAM_MIP_Strategy_Order=1;CPXPARAM_MIP_Strategy_PresolveNode=0;CPXPARAM_MIP_Strategy_Probe=3;CPXPARAM_MIP_Strategy_RINSHeur=0;CPXPARAM_MIP_Strategy_StartAlgorithm=0;CPXPARAM_MIP_Strategy_SubAlgorithm=0;CPXPARAM_MIP_Strategy_VariableSelect=0;CPXPARAM_Network_NetFind=2;CPXPARAM_Network_Pricing=0;CPXPARAM_Parallel=1;CPXPARAM_Preprocessing_Aggregator=-1;CPXPARAM_Preprocessing_BoundStrength=-1;CPXPARAM_Preprocessing_CoeffReduce=-1;CPXPARAM_Preprocessing_Dependency=-1;CPXPARAM_Preprocessing_Dual=0;CPXPARAM_Preprocessing_Fill=10;CPXPARAM_Preprocessing_NumPass=-1;CPXPARAM_Preprocessing_Presolve=1;CPXPARAM_Preprocessing_QPMakePSD=1;CPXPARAM_Preprocessing_Reduce=3;CPXPARAM_Preprocessing_Relax=-1;CPXPARAM_Preprocessing_RepeatPresolve=-1;CPXPARAM_Preprocessing_Symmetry=-1;CPXPARAM_Read_Scale=0;CPXPARAM_Sifting_Algorithm=0;CPXPARAM_Simplex_Crash=1;CPXPARAM_Simplex_DGradient=0;CPXPARAM_Simplex_Limits_Perturbation=0;CPXPARAM_Simplex_Limits_Singularity=10;CPXPARAM_Simplex_PGradient=0;CPXPARAM_Simplex_Pricing=0;CPXPARAM_Simplex_Refactor=0
16512071658936991786,0,CPXPARAM_Advance=1;CPXPARAM_Barrier_Algorithm=0;CPXPARAM_Barrier_ColNonzeros=0;CPXPARAM_Barrier_Crossover=0;CPXPARAM_Barrier_Limits_Corrections=-1;CPXPARAM_Barrier_Ordering=0;CPXPARAM_Barrier_StartAlg=1;CPXPARAM_Emphasis_MIP=5;CPXPARAM_Emphasis_Memory=0;CPXPARAM_Emphasis_Numerical=0;CPXPARAM_Feasopt_Mode=0;CPXPARAM_LPMethod=0;CPXPARAM_MIP_Cuts_Cliques=-1;CPXPARAM_MIP_Cuts_Covers=0;CPXPARAM_MIP_Cuts_Disjunctive=1;CPXPARAM_MIP_Cuts_FlowCovers=-1;CPXPARAM_MIP_Cuts_GUBCovers=0;CPXPARAM_MIP_Cuts_Gomory=-1;CPXPARAM_MIP_Cuts_Implied=0;CPXPARAM_MIP_Cuts_MIRCut=2;CPXPARAM_MIP_Cuts_PathCut=-1;CPXPARAM_MIP_Limits_AggForCut=3;CPXPARAM_MIP_Limits_CutPasses=0;CPXPARAM_MIP_Limits_CutsFactor=-1;CPXPARAM_MIP_Limits_GomoryCand=200;CPXPARAM_MIP_Limits_GomoryPass=0;CPXPARAM_MIP_Limits_Nodes=9223372036800000000;CPXPARAM_MIP_Limits_ProbeTime=0;CPXPARAM_MIP_Limits_RepairTries=0;CPXPARAM_MIP_Limits_StrongCand=10;CPXPARAM_MIP_Limits_StrongIt=0;CPXPARAM_MIP_OrderType=0;CPXPARAM_MIP_Strategy_BBInterval=7;CPXPARAM_MIP_Strategy_Branch=0;CPXPARAM_MIP_Strategy_Dive=0;CPXPARAM_MIP_Strategy_File=1;CPXPARAM_MIP_Strategy_HeuristicFreq=0;CPXPARAM_MIP_Strategy_LBHeur=0;CPXPARAM_MIP_Strategy_NodeSelect=1;CPXPARAM_MIP_Strategy_Order=1;CPXPARAM_MIP_Strategy_PresolveNode=0;CPXPARAM_MIP_Strategy_Probe=-1;CPXPARAM_MIP_Strategy_RINSHeur=0;CPXPARAM_MIP_Strategy_StartAlgorithm=0;CPXPARAM_MIP_Strategy_SubAlgorithm=0;CPXPARAM_MIP_Strategy_VariableSelect=0;CPXPARAM_Network_NetFind=2;CPXPARAM_Network_Pricing=0;CPXPARAM_Parallel=1;CPXPARAM_Preprocessing_Aggregator=-1;CPXPARAM_Preprocessing_BoundStrength=-1;CPXPARAM_Preprocessing_CoeffReduce=-1;CPXPARAM_Preprocessing_Dependency=-1;CPXPARAM_Preprocessing_Dual=0;CPXPARAM_Preprocessing_Fill=10;CPXPARAM_Preprocessing_NumPass=-1;CPXPARAM_Preprocessing_Presolve=1;CPXPARAM_Preprocessing_QPMakePSD=1;CPXPARAM_Preprocessing_Reduce=3;CPXPARAM_Preprocessing_Relax=-1;CPXPARAM_Preprocessing_RepeatPresolve=-1;CPXPARAM_Preprocessing_Symmetry=-1;CPXPARAM_Read_Scale=0;CPXPARAM_Sifting_Algorithm=0;CPXPARAM_Simplex_Crash=1;CPXPARAM_Simplex_DGradient=0;CPXPARAM_Simplex_Limits_Perturbation=0;CPXPARAM_Simplex_Limits_Singularity=10;CPXPARAM_Simplex_PGradient=0;CPXPARAM_Simplex_Pricing=0;CPXPARAM_Simplex_Refactor=0
9488507934449369295,0,CPXPARAM_Advance=1;CPXPARAM_Barrier_Algorithm=0;CPXPARAM_Barrier_ColNonzeros=0;CPXPARAM_Barrier_Crossover=0;CPXPARAM_Barrier_Limits_Corrections=-1;CPXPARAM_Barrier_Ordering=0;CPXPARAM_Barrier_StartAlg=1;CPXPARAM_Emphasis_MIP=4;CPXPARAM_Emphasis_Memory=0;CPXPARAM_Emphasis_Numerical=0;CPXPARAM_Feasopt_Mode=0;CPXPARAM_LPMethod=0;CPXPARAM_MIP_Cuts_Cliques=0;CPXPARAM_MIP_Cuts_Covers=0;CPXPARAM_MIP_Cuts_Disjunctive=1;CPXPARAM_MIP_Cuts_FlowCovers=0;CPXPARAM_MIP_Cuts_GUBCovers=0;CPXPARAM_MIP_Cuts_Gomory=0;CPXPARAM_MIP_Cuts_Implied=0;CPXPARAM_MIP_Cuts_MIRCut=0;CPXPARAM_MIP_Cuts_PathCut=0;CPXPARAM_MIP_Limits_AggForCut=3;CPXPARAM_MIP_Limits_CutPasses=0;CPXPARAM_MIP_Limits_CutsFactor=-1;CPXPARAM_MIP_Limits_GomoryCand=200;CPXPARAM_MIP_Limits_GomoryPass=0;CPXPARAM_MIP_Limits_Nodes=9223372036800000000;CPXPARAM_MIP_Limits_ProbeTime=1e+75;CPXPARAM_MIP_Limits_RepairTries=0;CPXPARAM_MIP_Limits_StrongCand=10;CPXPARAM_MIP_Limits_StrongIt=0;CPXPARAM_MIP_OrderType=0;CPXPARAM_MIP_Strategy_BBInterval=7;CPXPARAM_MIP_Strategy_Branch=0;CPXPARAM_MIP_Strategy_Dive=0;CPXPARAM_MIP_Strategy_File=1;CPXPARAM_MIP_Strategy_HeuristicFreq=0;CPXPARAM_MIP_Strategy_LBHeur=0;CPXPARAM_MIP_Strategy_NodeSelect=1;CPXPARAM_MIP_Strategy_Order=1;CPXPARAM_MIP_Strategy_PresolveNode=0;CPXPARAM_MIP_Strategy_Probe=0;CPXPARAM_MIP_Strategy_RINSHeur=0;CPXPARAM_MIP_Strategy_StartAlgorithm=0;CPXPARAM_MIP_Strategy_SubAlgorithm=0;CPXPARAM_MIP_Strategy_VariableSelect=0;CPXPARAM_Network_NetFind=2;CPXPARAM_Network_Pricing=0;CPXPARAM_Parallel=1;CPXPARAM_Preprocessing_Aggregator=-1;CPXPARAM_Preprocessing_BoundStrength=-1;CPXPARAM_Preprocessing_CoeffReduce=-1;CPXPARAM_Preprocessing_Dependency=-1;CPXPARAM_Preprocessing_Dual=0;CPXPARAM_Preprocessing_Fill=10;CPXPARAM_Preprocessing_NumPass=-1;CPXPARAM_Preprocessing_Presolve=1;CPXPARAM_Preprocessing_QPMakePSD=1;CPXPARAM_Preprocessing_Reduce=3;CPXPARAM_Preprocessing_Relax=-1;CPXPARAM_Preprocessing_RepeatPresolve=-1;CPXPARAM_Preprocessing_Symmetry=-1;CPXPARAM_Read_Scale=0;CPXPARAM_Sifting_Algorithm=0;CPXPARAM_Simplex_Crash=1;CPXPARAM_Simplex_DGradient=0;CPXPARAM_Simplex_Limits_Perturbation=0;CPXPARAM_Simplex_Limits_Singularity=10;CPXPARAM_Simplex_PGradient=0;CPXPARAM_Simplex_Pricing=0;CPXPARAM_Simplex_Refactor=0
2399320164690910359,0,CPXPARAM_Advance=1;CPXPARAM_Barrier_Algorithm=0;CPXPARAM_Barrier_ColNonzeros=0;CPXPARAM_Barrier_Crossover=0;CPXPARAM_Barrier_Limits_Corrections=-1;CPXPARAM_Barrier_Ordering=0;CPXPARAM_Barrier_StartAlg=3;CPXPARAM_Emphasis_MIP=5;CPXPARAM_Emphasis_Memory=0;CPXPARAM_Emphasis_Numerical=0;CPXPARAM_Feasopt_Mode=1;CPXPARAM_LPMethod=0;CPXPARAM_MIP_Cuts_Cliques=1;CPXPARAM_MIP_Cuts_Covers=0;CPXPARAM_MIP_Cuts_Disjunctive=3;CPXPARAM_MIP_Cuts_FlowCovers=1;CPXPARAM_MIP_Cuts_GUBCovers=0;CPXPARAM_MIP_Cuts_Gomory=1;CPXPARAM_MIP_Cuts_Implied=2;CPXPARAM_MIP_Cuts_MIRCut=0;CPXPARAM_MIP_Cuts_PathCut=-1;CPXPARAM_MIP_Limits_AggForCut=3;CPXPARAM_MIP_Limits_CutPasses=0;CPXPARAM_MIP_Limits_CutsFactor=-1;CPXPARAM_MIP_Limits_GomoryCand=50;CPXPARAM_MIP_Limits_GomoryPass=0;CPXPARAM_MIP_Limits_Nodes=9223372036800000000;CPXPARAM_MIP_Limits_ProbeTime=20;CPXPARAM_MIP_Limits_RepairTries=0;CPXPARAM_MIP_Limits_StrongCand=10;CPXPARAM_MIP_Limits_StrongIt=0;CPXPARAM_MIP_OrderType=0;CPXPARAM_MIP_Strategy_BBInterval=7;CPXPARAM_MIP_Strategy_Branch=1;CPXPARAM_MIP_Strategy_Dive=0;CPXPARAM_MIP_Strategy_File=1;CPXPARAM_MIP_Strategy_HeuristicFreq=0;CPXPARAM_MIP_Strategy_LBHeur=0;CPXPARAM_MIP_Strategy_NodeSelect=1;CPXPARAM_MIP_Strategy_Order=1;CPXPARAM_MIP_Strategy_PresolveNode=0;CPXPARAM_MIP_Strategy_Probe=3;CPXPARAM_MIP_Strategy_RINSHeur=0;CPXPARAM_MIP_Strategy_StartAlgorithm=1;CPXPARAM_MIP_Strategy_SubAlgorithm=4;CPXPARAM_MIP_Strategy_VariableSelect=0;CPXPARAM_Network_NetFind=2;CPXPARAM_Network_Pricing=0;CPXPARAM_Parallel=1;CPXPARAM_Preprocessing_Aggregator=-1;CPXPARAM_Preprocessing_BoundStrength=-1;CPXPARAM_Preprocessing_CoeffReduce=-1;CPXPARAM_Preprocessing_Dependency=-1;CPXPARAM_Preprocessing_Dual=0;CPXPARAM_Preprocessing_Fill=10;CPXPARAM_Preprocessing_NumPass=-1;CPXPARAM_Preprocessing_Presolve=1;CPXPARAM_Preprocessing_QPMakePSD=1;CPXPARAM_Preprocessing_Reduce=3;CPXPARAM_Preprocessing_Relax=-1;CPXPARAM_Preprocessing_RepeatPresolve=-1;CPXPARAM_Preprocessing_Symmetry=1;CPXPARAM_Read_Scale=0;CPXPARAM_Sifting_Algorithm=0;CPXPARAM_Simplex_Crash=0;CPXPARAM_Simplex_DGradient=0;CPXPARAM_Simplex_Limits_Perturbation=0;CPXPARAM_Simplex_Limits_Singularity=10;CPXPARAM_Simplex_PGradient=0;CPXPARAM_Simplex_Pricing=0;CPXPARAM_Simplex_Refactor=0
17922897224753051578,0,CPXPARAM_Advance=1;CPXPARAM_Barrier_Algorithm=0;CPXPARAM_Barrier_ColNonzeros=0;CPXPARAM_Barrier_Crossover=0;CPXPARAM_Barrier_Limits_Corrections=-1;CPXPARAM_Barrier_Ordering=0;CPXPARAM_Barrier_StartAlg=1;CPXPARAM_Emphasis_MIP=4;CPXPARAM_Emphasis_Memory=0;CPXPARAM_Emphasis_Numerical=0;CPXPARAM_Feasopt_Mode=0;CPXPARAM_LPMethod=0;CPXPARAM_MIP_Cuts_Cliques=0;CPXPARAM_MIP_Cuts_Covers=0;CPXPARAM_MIP_Cuts_Disjunctive=0;CPXPARAM_MIP_Cuts_FlowCovers=0;CPXPARAM_MIP_Cuts_GUBCovers=0;CPXPARAM_MIP_Cuts_Gomory=0;CPXPARAM_MIP_Cuts_Implied=0;CPXPARAM_MIP_Cuts_MIRCut=0;CPXPARAM_MIP_Cuts_PathCut=0;CPXPARAM_MIP_Limits_AggForCut=3;CPXPARAM_MIP_Limits_CutPasses=0;CPXPARAM_MIP_Limits_CutsFactor=-1;CPXPARAM_MIP_Limits_GomoryCand=100;CPXPARAM_MIP_Limits_GomoryPass=0;CPXPARAM_MIP_Limits_Nodes=9223372036800000000;CPXPARAM_MIP_Limits_ProbeTime=1e+75;CPXPARAM_MIP_Limits_RepairTries=0;CPXPARAM_MIP_Limits_StrongCand=10;CPXPARAM_MIP_Limits_StrongIt=0;CPXPARAM_MIP_OrderType=0;CPXPARAM_MIP_Strategy_BBInterval=7;CPXPARAM_MIP_Strategy_Branch=0;CPXPARAM_MIP_Strategy_Dive=0;CPXPARAM_MIP_Strategy_File=1;CPXPARAM_MIP_Strategy_HeuristicFreq=0;CPXPARAM_MIP_Strategy_LBHeur=0;CPXPARAM_MIP_Strategy_NodeSelect=1;CPXPARAM_MIP_Strategy_Order=1;CPXPARAM_MIP_Strategy_PresolveNode=0;CPXPARAM_MIP_Strategy_Probe=0;CPXPARAM_MIP_Strategy_RINSHeur=0;CPXPARAM_MIP_Strategy_StartAlgorithm=0;CPXPARAM_MIP_Strategy_SubAlgorithm=0;CPXPARAM_MIP_Strategy_VariableSelect=0;CPXPARAM_Network_NetFind=2;CPXPARAM_Network_Pricing=0;CPXPARAM_Parallel=1;CPXPARAM_Preprocessing_Aggregator=-1;CPXPARAM_Preprocessing_BoundStrength=-1;CPXPARAM_Preprocessing_CoeffReduce=-1;CPXPARAM_Preprocessing_Dependency=-1;CPXPARAM_Preprocessing_Dual=0;CPXPARAM_Preprocessing_Fill=10;CPXPARAM_Preprocessing_NumPass=-1;CPXPARAM_Preprocessing_Presolve=1;CPXPARAM_Preprocessing_QPMakePSD=1;CPXPARAM_Preprocessing_Reduce=3;CPXPARAM_Preprocessing_Relax=-1;CPXPARAM_Preprocessing_RepeatPresolve=-1;CPXPARAM_Preprocessing_Symmetry=-1;CPXPARAM_Read_Scale=0;CPXPARAM_Sifting_Algorithm=0;CPXPARAM_Simplex_Crash=1;CPXPARAM_Simplex_DGradient=0;CPXPARAM_Simplex_Limits_Perturbation=0;CPXPARAM_Simplex_Limits_Singularity=10;CPXPARAM_Simplex_PGradient=0;CPXPARAM_Simplex_Pricing=0;CPXPARAM_Simplex_Refactor=0
18156319670890259274,0,CPXPARAM_Advance=1;CPXPARAM_Barrier_Algorithm=0;CPXPARAM_Barrier_ColNonzeros=0;CPXPARAM_Barrier_Crossover=0;CPXPARAM_Barrier_Limits_Corrections=-1;CPXPARAM_Barrier_Ordering=0;CPXPARAM_Barrier_StartAlg=2;CPXPARAM_Emphasis_MIP=1;CPXPARAM_Emphasis_Memory=0;CPXPARAM_Emphasis_Numerical=0;CPXPARAM_Feasopt_Mode=0;CPXPARAM_LPMethod=0;CPXPARAM_MIP_Cuts_Cliques=0;CPXPARAM_MIP_Cuts_Covers=0;CPXPARAM_MIP_Cuts_Disjunctive=2;CPXPARAM_MIP_Cuts_FlowCovers=1;CPXPARAM_MIP_Cuts_GUBCovers=2;CPXPARAM_MIP_Cuts_Gomory=2;CPXPARAM_MIP_Cuts_Implied=1;CPXPARAM_MIP_Cuts_MIRCut=-1;CPXPARAM_MIP_Cuts_PathCut=2;CPXPARAM_MIP_Limits_AggForCut=3;CPXPARAM_MIP_Limits_CutPasses=0;CPXPARAM_MIP_Limits_CutsFactor=-1;CPXPARAM_MIP_Limits_GomoryCand=800;CPXPARAM_MIP_Limits_GomoryPass=0;CPXPARAM_MIP_Limits_Nodes=9223372036800000000;CPXPARAM_MIP_Limits_ProbeTime=0;CPXPARAM_MIP_Limits_RepairTries=0;CPXPARAM_MIP_Limits_StrongCand=10;CPXPARAM_MIP_Limits_StrongIt=0;CPXPARAM_MIP_OrderType=0;CPXPARAM_MIP_Strategy_BBInterval=7;CPXPARAM_MIP_Strategy_Branch=0;CPXPARAM_MIP_Strategy_Dive=0;CPXPARAM_MIP_Strategy_File=1;CPXPARAM_MIP_Strategy_HeuristicFreq=0;CPXPARAM_MIP_Strategy_LBHeur=0;CPXPARAM_MIP_Strategy_NodeSelect=1;CPXPARAM_MIP_Strategy_Order=1;CPXPARAM_MIP_Strategy_PresolveNode=0;CPXPARAM_MIP_Strategy_Probe=3;CPXPARAM_MIP_Strategy_RINSHeur=0;CPXPARAM_MIP_Strategy_StartAlgorithm=5;CPXPARAM_MIP_Strategy_SubAlgorithm=0;CPXPARAM_MIP_Strategy_VariableSelect=0;CPXPARAM_Network_NetFind=2;CPXPARAM_Network_Pricing=0;CPXPARAM_Parallel=1;CPXPARAM_Preprocessing_Aggregator=-1;CPXPARAM_Preprocessing_BoundStrength=-1;CPXPARAM_Preprocessing_CoeffReduce=-1;CPXPARAM_Preprocessing_Dependency=-1;CPXPARAM_Preprocessing_Dual=0;CPXPARAM_Preprocessing_Fill=10;CPXPARAM_Preprocessing_NumPass=-1;CPXPARAM_Preprocessing_Presolve=1;CPXPARAM_Preprocessing_QPMakePSD=1;CPXPARAM_Preprocessing_Reduce=3;CPXPARAM_Preprocessing_Relax=-1;CPXPARAM_Preprocessing_RepeatPresolve=-1;CPXPARAM_Preprocessing_Symmetry=4;CPXPARAM_Read_Scale=0;CPXPARAM_Sifting_Algorithm=0;CPXPARAM_Simplex_Crash=1;CPXPARAM_Simplex_DGradient=2;CPXPARAM_Simplex_Limits_Perturbation=0;CPXPARAM_Simplex_Limits_Singularity=2;CPXPARAM_Simplex_PGradient=0;CPXPARAM_Simplex_Pricing=0;CPXPARAM_Simplex_Refactor=0
15110203227918341077,0,CPXPARAM_Advance=1;CPXPARAM_Barrier_Algorithm=0;CPXPARAM_Barrier_ColNonzeros=0;CPXPARAM_Barrier_Crossover=0;CPXPARAM_Barrier_Limits_Corrections=-1;CPXPARAM_Barrier_Ordering=0;CPXPARAM_Barrier_StartAlg=1;CPXPARAM_Emphasis_MIP=1;CPXPARAM_Emphasis_Memory=0;CPXPARAM_Emphasis_Numerical=0;CPXPARAM_Feasopt_Mode=0;CPXPARAM_LPMethod=0;CPXPARAM_MIP_Cuts_Cliques=2;CPXPARAM_MIP_Cuts_Covers=0;CPXPARAM_MIP_Cuts_Disjunctive=0;CPXPARAM_MIP_Cuts_FlowCovers=-1;CPXPARAM_MIP_Cuts_GUBCovers=2;CPXPARAM_MIP_Cuts_Gomory=2;CPXPARAM_MIP_Cuts_Implied=-1;CPXPARAM_MIP_Cuts_MIRCut=2;CPXPARAM_MIP_Cuts_PathCut=2;CPXPARAM_MIP_Limits_AggForCut=3;CPXPARAM_MIP_Limits_CutPasses=0;CPXPARAM_MIP_Limits_CutsFactor=-1;CPXPARAM_MIP_Limits_GomoryCand=150;CPXPARAM_MIP_Limits_GomoryPass=0;CPXPARAM_MIP_Limits_Nodes=9223372036800000000;CPXPARAM_MIP_Limits_ProbeTime=30;CPXPARAM_MIP_Limits_RepairTries=0;CPXPARAM_MIP_Limits_StrongCand=10;CPXPARAM_MIP_Limits_StrongIt=0;CPXPARAM_MIP_OrderType=0;CPXPARAM_MIP_Strategy_BBInterval=7;CPXPARAM_MIP_Strategy_Branch=0;CPXPARAM_MIP_Strategy_Dive=0;CPXPARAM_MIP_Strategy_File=1;CPXPARAM_MIP_Strategy_HeuristicFreq=0;CPXPARAM_MIP_Strategy_LBHeur=0;CPXPARAM_MIP_Strategy_NodeSelect=1;CPXPARAM_MIP_Strategy_Order=1;CPXPARAM_MIP_Strategy_PresolveNode=0;CPXPARAM_MIP_Strategy_Probe=0;CPXPARAM_MIP_Strategy_RINSHeur=0;CPXPARAM_MIP_Strategy_StartAlgorithm=1;CPXPARAM_MIP_Strategy_SubAlgorithm=5;CPXPARAM_MIP_Strategy_VariableSelect=2;CPXPARAM_Network_NetFind=2;CPXPARAM_Network_Pricing=0;CPXPARAM_Parallel=1;CPXPARAM_Preprocessing_Aggregator=-1;CPXPARAM_Preprocessing_BoundStrength=-1;CPXPARAM_Preprocessing_CoeffReduce=-1;CPXPARAM_Preprocessing_Dependency=-1;CPXPARAM_Preprocessing_Dual=0;CPXPARAM_Preprocessing_Fill=10;CPXPARAM_Preprocessing_NumPass=-1;CPXPARAM_Preprocessing_Presolve=1;CPXPARAM_Preprocessing_QPMakePSD=1;CPXPARAM_Preprocessing_Reduce=3;CPXPARAM_Preprocessing_Relax=-1;CPXPARAM_Preprocessing_RepeatPresolve=-1;CPXPARAM_Preprocessing_Symmetry=3;CPXPARAM_Read_Scale=0;CPXPARAM_Sifting_Algorithm=0;CPXPARAM_Simplex_Crash=1;CPXPARAM_Simplex_DGradient=0;CPXPARAM_Simplex_Limits_Perturbation=0;CPXPARAM_Simplex_Limits_Singularity=10;CPXPARAM_Simplex_PGradient=0;CPXPARAM_Simplex_Pricing=0;CPXPARAM_Simplex_Refactor=0
11976542663863392416,0,CPXPARAM_Advance=1;CPXPARAM_Barrier_Algorithm=0;CPXPARAM_Barrier_ColNonzeros=0;CPXPARAM_Barrier_Crossover=2;CPXPARAM_Barrier_Limits_Corrections=-1;CPXPARAM_Barrier_Ordering=0;CPXPARAM_Barrier_StartAlg=1;CPXPARAM_Emphasis_MIP=2;CPXPARAM_Emphasis_Memory=0;CPXPARAM_Emphasis_Numerical=0;CPXPARAM_Feasopt_Mode=0;CPXPARAM_LPMethod=0;CPXPARAM_MIP_Cuts_Cliques=1;CPXPARAM_MIP_Cuts_Covers=0;CPXPARAM_MIP_Cuts_Disjunctive=-1;CPXPARAM_MIP_Cuts_FlowCovers=-1;CPXPARAM_MIP_Cuts_GUBCovers=1;CPXPARAM_MIP_Cuts_Gomory=1;CPXPARAM_MIP_Cuts_Implied=1;CPXPARAM_MIP_Cuts_MIRCut=2;CPXPARAM_MIP_Cuts_PathCut=-1;CPXPARAM_MIP_Limits_AggForCut=3;CPXPARAM_MIP_Limits_CutPasses=0;CPXPARAM_MIP_Limits_CutsFactor=-1;CPXPARAM_MIP_Limits_GomoryCand=10;CPXPARAM_MIP_Limits_GomoryPass=0;CPXPARAM_MIP_Limits_Nodes=9223372036800000000;CPXPARAM_MIP_Limits_ProbeTime=10;CPXPARAM_MIP_Limits_RepairTries=0;CPXPARAM_MIP_Limits_StrongCand=10;CPXPARAM_MIP_Limits_StrongIt=0;CPXPARAM_MIP_OrderType=0;CPXPARAM_MIP_Strategy_BBInterval=7;CPXPARAM_MIP_Strategy_Branch=0;CPXPARAM_MIP_Strategy_Dive=0;CPXPARAM_MIP_Strategy_File=1;CPXPARAM_MIP_Strategy_HeuristicFreq=0;CPXPARAM_MIP_Strategy_LBHeur=0;CPXPARAM_MIP_Strategy_NodeSelect=1;CPXPARAM_MIP_Strategy_Order=1;CPXPARAM_MIP_Strategy_PresolveNode=0;CPXPARAM_MIP_Strategy_Probe=0;CPXPARAM_MIP_Strategy_RINSHeur=0;CPXPARAM_MIP_Strategy_StartAlgorithm=2;CPXPARAM_MIP_Strategy_SubAlgorithm=3;CPXPARAM_MIP_Strategy_VariableSelect=-1;CPXPARAM_Network_NetFind=2;CPXPARAM_Network_Pricing=0;CPXPARAM_Parallel=1;CPXPARAM_Preprocessing_Aggregator=-1;CPXPARAM_Preprocessing_BoundStrength=-1;CPXPARAM_Preprocessing_CoeffReduce=-1;CPXPARAM_Preprocessing_Dependency=-1;CPXPARAM_Preprocessing_Dual=0;CPXPARAM_Preprocessing_Fill=10;CPXPARAM_Preprocessing_NumPass=-1;CPXPARAM_Preprocessing_Presolve=1;CPXPARAM_Preprocessing_QPMakePSD=1;CPXPARAM_Preprocessing_Reduce=3;CPXPARAM_Preprocessing_Relax=-1;CPXPARAM_Preprocessing_RepeatPresolve=-1;CPXPARAM_Preprocessing_Symmetry=0;CPXPARAM_Read_Scale=0;CPXPARAM_Sifting_Algorithm=0;CPXPARAM_Simplex_Crash=1;CPXPARAM_Simplex_DGradient=2;CPXPARAM_Simplex_Limits_Perturbation=0;CPXPARAM_Simplex_Limits_Singularity=10;CPXPARAM_Simplex_PGradient=0;CPXPARAM_Simplex_Pricing=0;CPXPARAM_Simplex_Refactor=0
13575339350133640537,0,CPXPARAM_Advance=1;CPXPARAM_Barrier_Algorithm=0;CPXPARAM_Barrier_ColNonzeros=0;CPXPARAM_Barrier_Crossover=0;CPXPARAM_Barrier_Limits_Corrections=-1;CPXPARAM_Barrier_Ordering=0;CPXPARAM_Barrier_StartAlg=1;CPXPARAM_Emphasis_MIP=0;CPXPARAM_Emphasis_Memory=0;CPXPARAM_Emphasis_Numerical=0;CPXPARAM_Feasopt_Mode=0;CPXPARAM_LPMethod=0;CPXPARAM_MIP_Cuts_Cliques=0;CPXPARAM_MIP_Cuts_Covers=0;CPXPARAM_MIP_Cuts_Disjunctive=0;CPXPARAM_MIP_Cuts_FlowCovers=0;CPXPARAM_MIP_Cuts_GUBCovers=0;CPXPARAM_MIP_Cuts_Gomory=0;CPXPARAM_MIP_Cuts_Implied=0;CPXPARAM_MIP_Cuts_MIRCut=0;CPXPARAM_MIP_Cuts_PathCut=1;CPXPARAM_MIP_Limits_AggForCut=3;CPXPARAM_MIP_Limits_CutPasses=0;CPXPARAM_MIP_Limits_CutsFactor=-1;CPXPARAM_MIP_Limits_GomoryCand=200;CPXPARAM_MIP_Limits_GomoryPass=0;CPXPARAM_MIP_Limits_Nodes=9223372036800000000;CPXPARAM_MIP_Limits_ProbeTime=1e+75;CPXPARAM_MIP_Limits_RepairTries=0;CPXPARAM_MIP_Limits_StrongCand=10;CPXPARAM_MIP_Limits_StrongIt=0;CPXPARAM_MIP_OrderType=0;CPXPARAM_MIP_Strategy_BBInterval=7;CPXPARAM_MIP_Strategy_Branch=0;CPXPARAM_MIP_Strategy_Dive=0;CPXPARAM_MIP_Strategy_File=1;CPXPARAM_MIP_Strategy_HeuristicFreq=0;CPXPARAM_MIP_Strategy_LBHeur=0;CPXPARAM_MIP_Strategy_NodeSelect=1;CPXPARAM_MIP_Strategy_Order=1;CPXPARAM_MIP_Strategy_PresolveNode=0;CPXPARAM_MIP_Strategy_Probe=0;CPXPARAM_MIP_Strategy_RINSHeur=0;CPXPARAM_MIP_Strategy_StartAlgorithm=0;CPXPARAM_MIP_Strategy_SubAlgorithm=0;CPXPARAM_MIP_Strategy_VariableSelect=0;CPXPARAM_Network_NetFind=2;CPXPARAM_Network_Pricing=0;CPXPARAM_Parallel=1;CPXPARAM_Preprocessing_Aggregator=-1;CPXPARAM_Preprocessing_BoundStrength=-1;CPXPARAM_Preprocessing_CoeffReduce=-1;CPXPARAM_Preprocessing_Dependency=-1;CPXPARAM_Preprocessing_Dual=0;CPXPARAM_Preprocessing_Fill=10;CPXPARAM_Preprocessing_NumPass=-1;CPXPARAM_Preprocessing_Presolve=1;CPXPARAM_Preprocessing_QPMakePSD=1;CPXPARAM_Preprocessing_Reduce=3;CPXPARAM_Preprocessing_Relax=-1;CPXPARAM_Preprocessing_RepeatPresolve=-1;CPXPARAM_Preprocessing_Symmetry=-1;CPXPARAM_Read_Scale=0;CPXPARAM_Sifting_Algorithm=0;CPXPARAM_Simplex_Crash=1;CPXPARAM_Simplex_DGradient=0;CPXPARAM_Simplex_Limits_Perturbation=0;CPXPARAM_Simplex_Limits_Singularity=10;CPXPARAM_Simplex_PGradient=0;CPXPARAM_Simplex_Pricing=0;CPXPARAM_Simplex_Refactor=0
2838807986447777947,0,CPXPARAM_Advance=1;CPXPARAM_Barrier_Algorithm=0;CPXPARAM_Barrier_ColNonzeros=0;CPXPARAM_Barrier_Crossover=2;CPXPARAM_Barrier_Limits_Corrections=-1;CPXPARAM_Barrier_Ordering=0;CPXPARAM_Barrier_StartAlg=1;CPXPARAM_Emphasis_MIP=1;CPXPARAM_Emphasis_Memory=0;CPXPARAM_Emphasis_Numerical=0;CPXPARAM_Feasopt_Mode=0;CPXPARAM_LPMethod=0;CPXPARAM_MIP_Cuts_Cliques=1;CPXPARAM_MIP_Cuts_Covers=0;CPXPARAM_MIP_Cuts_Disjunctive=-1;CPXPARAM_MIP_Cuts_FlowCovers=-1;CPXPARAM_MIP_Cuts_GUBCovers=1;CPXPARAM_MIP_Cuts_Gomory=1;CPXPARAM_MIP_Cuts_Implied=1;CPXPARAM_MIP_Cuts_MIRCut=2;CPXPARAM_MIP_Cuts_PathCut=-1;CPXPARAM_MIP_Limits_AggForCut=3;CPXPARAM_MIP_Limits_CutPasses=0;CPXPARAM_MIP_Limits_CutsFactor=-1;CPXPARAM_MIP_Limits_GomoryCand=10;CPXPARAM_MIP_Limits_GomoryPass=0;CPXPARAM_MIP_Limits_Nodes=9223372036800000000;CPXPARAM_MIP_Limits_ProbeTime=10;CPXPARAM_MIP_Limits_RepairTries=0;CPXPARAM_MIP_Limits_StrongCand=10;CPXPARAM_MIP_Limits_StrongIt=0;CPXPARAM_MIP_OrderType=0;CPXPARAM_MIP_Strategy_BBInterval=7;CPXPARAM_MIP_Strategy_Branch=0;CPXPARAM_MIP_Strategy_Dive=0;CPXPARAM_MIP_Strategy_File=1;CPXPARAM_MIP_Strategy_HeuristicFreq=0;CPXPARAM_MIP_Strategy_LBHeur=0;CPXPARAM_MIP_Strategy_NodeSelect=1;CPXPARAM_MIP_Strategy_Order=1;CPXPARAM_MIP_Strategy_PresolveNode=0;CPXPARAM_MIP_Strategy_Probe=0;CPXPARAM_MIP_Strategy_RINSHeur=0;CPXPARAM_MIP_Strategy_StartAlgorithm=2;CPXPARAM_MIP_Strategy_SubAlgorithm=2;CPXPARAM_MIP_Strategy_VariableSelect=-1;CPXPARAM_Network_NetFind=2;CPXPARAM_Network_Pricing=0;CPXPARAM_Parallel=1;CPXPARAM_Preprocessing_Aggregator=-1;CPXPARAM_Preprocessing_BoundStrength=-1;CPXPARAM_Preprocessing_CoeffReduce=-1;CPXPARAM_Preprocessing_Dependency=-1;CPXPARAM_Preprocessing_Dual=0;CPXPARAM_Preprocessing_Fill=10;CPXPARAM_Preprocessing_NumPass=-1;CPXPARAM_Preprocessing_Presolve=1;CPXPARAM_Preprocessing_QPMakePSD=1;CPXPARAM_Preprocessing_Reduce=3;CPXPARAM_Preprocessing_Relax=-1;CPXPARAM_Preprocessing_RepeatPresolve=-1;CPXPARAM_Preprocessing_Symmetry=0;CPXPARAM_Read_Scale=0;CPXPARAM_Sifting_Algorithm=0;CPXPARAM_Simplex_Crash=1;CPXPARAM_Simplex_DGradient=2;CPXPARAM_Simplex_Limits_Perturbation=0;CPXPARAM_Simplex_Limits_Singularity=10;CPXPARAM_Simplex_PGradient=0;CPXPARAM_Simplex_Pricing=0;CPXPARAM_Simplex_Refactor=0
3946685923149631731,0,CPXPARAM_Advance=1;CPXPARAM_Barrier_Algorithm=0;CPXPARAM_Barrier_ColNonzeros=0;CPXPARAM_Barrier_Crossover=0;CPXPARAM_Barrier_Limits_Corrections=-1;CPXPARAM_Barrier_Ordering=0;CPXPARAM_Barrier_StartAlg=3;CPXPARAM_Emphasis_MIP=1;CPXPARAM_Emphasis_Memory=0;CPXPARAM_Emphasis_Numerical=0;CPXPARAM_Feasopt_Mode=0;CPXPARAM_LPMethod=0;CPXPARAM_MIP_Cuts_Cliques=0;CPXPARAM_MIP_Cuts_Covers=0;CPXPARAM_MIP_Cuts_Disjunctive=2;CPXPARAM_MIP_Cuts_FlowCovers=1;CPXPARAM_MIP_Cuts_GUBCovers=2;CPXPARAM_MIP_Cuts_Gomory=2;CPXPARAM_MIP_Cuts_Implied=1;CPXPARAM_MIP_Cuts_MIRCut=-1;CPXPARAM_MIP_Cuts_PathCut=2;CPXPARAM_MIP_Limits_AggForCut=3;CPXPARAM_MIP_Limits_CutPasses=0;CPXPARAM_MIP_Limits_CutsFactor=-1;CPXPARAM_MIP_Limits_GomoryCand=800;CPXPARAM_MIP_Limits_GomoryPass=0;CPXPARAM_MIP_Limits_Nodes=9223372036800000000;CPXPARAM_MIP_Limits_ProbeTime=0;CPXPARAM_MIP_Limits_RepairTries=0;CPXPARAM_MIP_Limits_StrongCand=10;CPXPARAM_MIP_Limits_StrongIt=0;CPXPARAM_MIP_OrderType=0;CPXPARAM_MIP_Strategy_BBInterval=7;CPXPARAM_MIP_Strategy_Branch=0;CPXPARAM_MIP_Strategy_Dive=0;CPXPARAM_MIP_Strategy_File=1;CPXPARAM_MIP_Strategy_HeuristicFreq=0;CPXPARAM_MIP_Strategy_LBHeur=0;CPXPARAM_MIP_Strategy_NodeSelect=1;CPXPARAM_MIP_Strategy_Order=1;CPXPARAM_MIP_Strategy_PresolveNode=0;CPXPARAM_MIP_Strategy_Probe=3;CPXPARAM_MIP_Strategy_RINSHeur=0;CPXPARAM_MIP_Strategy_StartAlgorithm=5;CPXPARAM_MIP_Strategy_SubAlgorithm=0;CPXPARAM_MIP_Strategy_VariableSelect=0;CPXPARAM_Network_NetFind=2;CPXPARAM_Network_Pricing=0;CPXPARAM_Parallel=1;CPXPARAM_Preprocessing_Aggregator=-1;CPXPARAM_Preprocessing_BoundStrength=-1;CPXPARAM_Preprocessing_CoeffReduce=-1;CPXPARAM_Preprocessing_Dependency=-1;CPXPARAM_Preprocessing_Dual=0;CPXPARAM_Preprocessing_Fill=10;CPXPARAM_Preprocessing_NumPass=-1;CPXPARAM_Preprocessing_Presolve=1;CPXPARAM_Preprocessing_QPMakePSD=1;CPXPARAM_Preprocessing_Reduce=3;CPXPARAM_Preprocessing_Relax=-1;CPXPARAM_Preprocessing_RepeatPresolve=-1;CPXPARAM_Preprocessing_Symmetry=4;CPXPARAM_Read_Scale=0;CPXPARAM_Sifting_Algorithm=0;CPXPARAM_Simplex_Crash=1;CPXPARAM_Simplex_DGradient=0;CPXPARAM_Simplex_Limits_Perturbation=0;CPXPARAM_Simplex_Limits_Singularity=10;CPXPARAM_Simplex_PGradient=0;CPXPARAM_Simplex_Pricing=0;CPXPARAM_Simplex_Refactor=0
13103337099136869335,0,CPXPARAM_Advance=1;CPXPARAM_Barrier_Algorithm=0;CPXPARAM_Barrier_ColNonzeros=0;CPXPARAM_Barrier_Crossover=0;CPXPARAM_Barrier_Limits_Corrections=-1;CPXPARAM_Barrier_Ordering=0;CPXPARAM_Barrier_StartAlg=2;CPXPARAM_Emphasis_MIP=1;CPXPARAM_Emphasis_Memory=0;CPXPARAM_Emphasis_Numerical=0;CPXPARAM_Feasopt_Mode=0;CPXPARAM_LPMethod=0;CPXPARAM_MIP_Cuts_Cliques=0;CPXPARAM_MIP_Cuts_Covers=0;CPXPARAM_MIP_Cuts_Disjunctive=2;CPXPARAM_MIP_Cuts_FlowCovers=1;CPXPARAM_MIP_Cuts_GUBCovers=2;CPXPARAM_MIP_Cuts_Gomory=2;CPXPARAM_MIP_Cuts_Implied=1;CPXPARAM_MIP_Cuts_MIRCut=-1;CPXPARAM_MIP_Cuts_PathCut=-1;CPXPARAM_MIP_Limits_AggForCut=3;CPXPARAM_MIP_Limits_CutPasses=0;CPXPARAM_MIP_Limits_CutsFactor=-1;CPXPARAM_MIP_Limits_GomoryCand=800;CPXPARAM_MIP_Limits_GomoryPass=0;CPXPARAM_MIP_Limits_Nodes=9223372036800000000;CPXPARAM_MIP_Limits_ProbeTime=0;CPXPARAM_MIP_Limits_RepairTries=0;CPXPARAM_MIP_Limits_StrongCand=10;CPXPARAM_MIP_Limits_StrongIt=0;CPXPARAM_MIP_OrderType=0;CPXPARAM_MIP_Strategy_BBInterval=7;CPXPARAM_MIP_Strategy_Branch=0;CPXPARAM_MIP_Strategy_Dive=0;CPXPARAM_MIP_Strategy_File=1;CPXPARAM_MIP_Strategy_HeuristicFreq=0;CPXPARAM_MIP_Strategy_LBHeur=0;CPXPARAM_MIP_Strategy_NodeSelect=1;CPXPARAM_MIP_Strategy_Order=1;CPXPARAM_MIP_Strategy_PresolveNode=0;CPXPARAM_MIP_Strategy_Probe=3;CPXPARAM_MIP_Strategy_RINSHeur=0;CPXPARAM_MIP_Strategy_StartAlgorithm=5;CPXPARAM_MIP_Strategy_SubAlgorithm=0;CPXPARAM_MIP_Strategy_VariableSelect=0;CPXPARAM_Network_NetFind=2;CPXPARAM_Network_Pricing=0;CPXPARAM_Parallel=1;CPXPARAM_Preprocessing_Aggregator=-1;CPXPARAM_Preprocessing_BoundStrength=-1;CPXPARAM_Preprocessing_CoeffReduce=-1;CPXPARAM_Preprocessing_Dependency=-1;CPXPARAM_Preprocessing_Dual=0;CPXPARAM_Preprocessing_Fill=10;CPXPARAM_Preprocessing_NumPass=-1;CPXPARAM_Preprocessing_Presolve=1;CPXPARAM_Preprocessing_QPMakePSD=1;CPXPARAM_Preprocessing_Reduce=3;CPXPARAM_Preprocessing_Relax=-1;CPXPARAM_Preprocessing_RepeatPresolve=-1;CPXPARAM_Preprocessing_Symmetry=4;CPXPARAM_Read_Scale=0;CPXPARAM_Sifting_Algorithm=0;CPXPARAM_Simplex_Crash=1;CPXPARAM_Simplex_DGradient=2;CPXPARAM_Simplex_Limits_Perturbation=0;CPXPARAM_Simplex_Limits_Singularity=10;CPXPARAM_Simplex_PGradient=0;CPXPARAM_Simplex_Pricing=0;CPXPARAM_Simplex_Refactor=0
2383908609749840643,0,CPXPARAM_Advance=1;CPXPARAM_Barrier_Algorithm=0;CPXPARAM_Barrier_ColNonzeros=0;CPXPARAM_Barrier_Crossover=0;CPXPARAM_Barrier_Limits_Corrections=-1;CPXPARAM_Barrier_Ordering=0;CPXPARAM_Barrier_StartAlg=1;CPXPARAM_Emphasis_MIP=4;CPXPARAM_Emphasis_Memory=0;CPXPARAM_Emphasis_Numerical=0;CPXPARAM_Feasopt_Mode=0;CPXPARAM_LPMethod=0;CPXPARAM_MIP_Cuts_Cliques=0;CPXPARAM_MIP_Cuts_Covers=0;CPXPARAM_MIP_Cuts_Disjunctive=-1;CPXPARAM_MIP_Cuts_FlowCovers=0;CPXPARAM_MIP_Cuts_GUBCovers=0;CPXPARAM_MIP_Cuts_Gomory=0;CPXPARAM_MIP_Cuts_Implied=0;CPXPARAM_MIP_Cuts_MIRCut=0;CPXPARAM_MIP_Cuts_PathCut=0;CPXPARAM_MIP_Limits_AggForCut=3;CPXPARAM_MIP_Limits_CutPasses=0;CPXPARAM_MIP_Limits_CutsFactor=-1;CPXPARAM_MIP_Limits_GomoryCand=200;CPXPARAM_MIP_Limits_GomoryPass=0;CPXPARAM_MIP_Limits_Nodes=9223372036800000000;CPXPARAM_MIP_Limits_ProbeTime=1e+75;CPXPARAM_MIP_Limits_RepairTries=0;CPXPARAM_MIP_Limits_StrongCand=10;CPXPARAM_MIP_Limits_StrongIt=0;CPXPARAM_MIP_OrderType=0;CPXPARAM_MIP_Strategy_BBInterval=7;CPXPARAM_MIP_Strategy_Branch=0;CPXPARAM_MIP_Strategy_Dive=0;CPXPARAM_MIP_Strategy_File=1;CPXPARAM_MIP_Strategy_HeuristicFreq=0;CPXPARAM_MIP_Strategy_LBHeur=0;CPXPARAM_MIP_Strategy_NodeSelect=1;CPXPARAM_MIP_Strategy_Order=1;CPXPARAM_MIP_Strategy_PresolveNode=0;CPXPARAM_MIP_Strategy_Probe=0;CPXPARAM_MIP_Strategy_RINSHeur=0;CPXPARAM_MIP_Strategy_StartAlgorithm=0;CPXPARAM_MIP_Strategy_SubAlgorithm=0;CPXPARAM_MIP_Strategy_VariableSelect=0;CPXPARAM_Network_NetFind=2;CPXPARAM_Network_Pricing=0;CPXPARAM_Parallel=1;CPXPARAM_Preprocessing_Aggregator=-1;CPXPARAM_Preprocessing_BoundStrength=-1;CPXPARAM_Preprocessing_CoeffReduce=-1;CPXPARAM_Preprocessing_Dependency=-1;CPXPARAM_Preprocessing_Dual=0;CPXPARAM_Preprocessing_Fill=10;CPXPARAM_Preprocessing_NumPass=-1;CPXPARAM_Preprocessing_Presolve=1;CPXPARAM_Preprocessing_QPMakePSD=1;CPXPARAM_Preprocessing_Reduce=3;CPXPARAM_Preprocessing_Relax=-1;CPXPARAM_Preprocessing_RepeatPresolve=-1;CPXPARAM_Preprocessing_Symmetry=-1;CPXPARAM_Read_Scale=0;CPXPARAM_Sifting_Algorithm=0;CPXPARAM_Simplex_Crash=1;CPXPARAM_Simplex_DGradient=0;CPXPARAM_Simplex_Limits_Perturbation=0;CPXPARAM_Simplex_Limits_Singularity=10;CPXPARAM_Simplex_PGradient=0;CPXPARAM_Simplex_Pricing=0;CPXPARAM_Simplex_Refactor=0
17338336314428572345,0,CPXPARAM_Advance=1;CPXPARAM_Barrier_Algorithm=0;CPXPARAM_Barrier_ColNonzeros=0;CPXPARAM_Barrier_Crossover=0;CPXPARAM_Barrier_Limits_Corrections=-1;CPXPARAM_Barrier_Ordering=0;CPXPARAM_Barrier_StartAlg=1;CPXPARAM_Emphasis_MIP=1;CPXPARAM_Emphasis_Memory=0;CPXPARAM_Emphasis_Numerical=0;CPXPARAM_Feasopt_Mode=0;CPXPARAM_LPMethod=0;CPXPARAM_MIP_Cuts_Cliques=0;CPXPARAM_MIP_Cuts_Covers=0;CPXPARAM_MIP_Cuts_Disjunctive=2;CPXPARAM_MIP_Cuts_FlowCovers=1;CPXPARAM_MIP_Cuts_GUBCovers=2;CPXPARAM_MIP_Cuts_Gomory=2;CPXPARAM_MIP_Cuts_Implied=1;CPXPARAM_MIP_Cuts_MIRCut=-1;CPXPARAM_MIP_Cuts_PathCut=2;CPXPARAM_MIP_Limits_AggForCut=3;CPXPARAM_MIP_Limits_CutPasses=0;CPXPARAM_MIP_Limits_CutsFactor=-1;CPXPARAM_MIP_Limits_GomoryCand=10;CPXPARAM_MIP_Limits_GomoryPass=0;CPXPARAM_MIP_Limits_Nodes=9223372036800000000;CPXPARAM_MIP_Limits_ProbeTime=60;CPXPARAM_MIP_Limits_RepairTries=0;CPXPARAM_MIP_Limits_StrongCand=10;CPXPARAM_MIP_Limits_StrongIt=0;CPXPARAM_MIP_OrderType=0;CPXPARAM_MIP_Strategy_BBInterval=7;CPXPARAM_MIP_Strategy_Branch=0;CPXPARAM_MIP_Strategy_Dive=0;CPXPARAM_MIP_Strategy_File=1;CPXPARAM_MIP_Strategy_HeuristicFreq=0;CPXPARAM_MIP_Strategy_LBHeur=0;CPXPARAM_MIP_Strategy_NodeSelect=1;CPXPARAM_MIP_Strategy_Order=1;CPXPARAM_MIP_Strategy_PresolveNode=0;CPXPARAM_MIP_Strategy_Probe=3;CPXPARAM_MIP_Strategy_RINSHeur=0;CPXPARAM_MIP_Strategy_StartAlgorithm=0;CPXPARAM_MIP_Strategy_SubAlgorithm=0;CPXPARAM_MIP_Strategy_VariableSelect=0;CPXPARAM_Network_NetFind=2;CPXPARAM_Network_Pricing=0;CPXPARAM_Parallel=1;CPXPARAM_Preprocessing_Aggregator=-1;CPXPARAM_Preprocessing_BoundStrength=-1;CPXPARAM_Preprocessing_CoeffReduce=-1;CPXPARAM_Preprocessing_Dependency=-1;CPXPARAM_Preprocessing_Dual=0;CPXPARAM_Preprocessing_Fill=10;CPXPARAM_Preprocessing_NumPass=-1;CPXPARAM_Preprocessing_Presolve=1;CPXPARAM_Preprocessing_QPMakePSD=1;CPXPARAM_Preprocessing_Reduce=3;CPXPARAM_Preprocessing_Relax=-1;CPXPARAM_Preprocessing_RepeatPresolve=-1;CPXPARAM_Preprocessing_Symmetry=-1;CPXPARAM_Read_Scale=0;CPXPARAM_Sifting_Algorithm=0;CPXPARAM_Simplex_Crash=1;CPXPARAM_Simplex_DGradient=0;CPXPARAM_Simplex_Limits_Perturbation=0;CPXPARAM_Simplex_Limits_Singularity=10;CPXPARAM_Simplex_PGradient=0;CPXPARAM_Simplex_Pricing=0;CPXPARAM_Simplex_Refactor=0
15031582838927801751,0,CPXPARAM_Advance=1;CPXPARAM_Barrier_Algorithm=0;CPXPARAM_Barrier_ColNonzeros=0;CPXPARAM_Barrier_Crossover=0;CPXPARAM_Barrier_Limits_Corrections=-1;CPXPARAM_Barrier_Ordering=0;CPXPARAM_Barrier_StartAlg=1;CPXPARAM_Emphasis_MIP=1;CPXPARAM_Emphasis_Memory=0;CPXPARAM_Emphasis_Numerical=0;CPXPARAM_Feasopt_Mode=0;CPXPARAM_LPMethod=0;CPXPARAM_MIP_Cuts_Cliques=0;CPXPARAM_MIP_Cuts_Covers=0;CPXPARAM_MIP_Cuts_Disjunctive=2;CPXPARAM_MIP_Cuts_FlowCovers=1;CPXPARAM_MIP_Cuts_GUBCovers=2;CPXPARAM_MIP_Cuts_Gomory=2;CPXPARAM_MIP_Cuts_Implied=1;CPXPARAM_MIP_Cuts_MIRCut=-1;CPXPARAM_MIP_Cuts_PathCut=2;CPXPARAM_MIP_Limits_AggForCut=3;CPXPARAM_MIP_Limits_CutPasses=0;CPXPARAM_MIP_Limits_CutsFactor=-1;CPXPARAM_MIP_Limits_GomoryCand=800;CPXPARAM_MIP_Limits_GomoryPass=0;CPXPARAM_MIP_Limits_Nodes=9223372036800000000;CPXPARAM_MIP_Limits_ProbeTime=0;CPXPARAM_MIP_Limits_RepairTries=0;CPXPARAM_MIP_Limits_StrongCand=10;CPXPARAM_MIP_Limits_StrongIt=0;CPXPARAM_MIP_OrderType=0;CPXPARAM_MIP_Strategy_BBInterval=7;CPXPARAM_MIP_Strategy_Branch=0;CPXPARAM_MIP_Strategy_Dive=0;CPXPARAM_MIP_Strategy_File=1;CPXPARAM_MIP_Strategy_HeuristicFreq=0;CPXPARAM_MIP_Strategy_LBHeur=0;CPXPARAM_MIP_Strategy_NodeSelect=1;CPXPARAM_MIP_Strategy_Order=1;CPXPARAM_MIP_Strategy_PresolveNode=0;CPXPARAM_MIP_Strategy_Probe=3;CPXPARAM_MIP_Strategy_RINSHeur=0;CPXPARAM_MIP_Strategy_StartAlgorithm=5;CPXPARAM_MIP_Strategy_SubAlgorithm=5;CPXPARAM_MIP_Strategy_VariableSelect=0;CPXPARAM_Network_NetFind=2;CPXPARAM_Network_Pricing=0;CPXPARAM_Parallel=1;CPXPARAM_Preprocessing_Aggregator=-1;CPXPARAM_Preprocessing_BoundStrength=-1;CPXPARAM_Preprocessing_CoeffReduce=-1;CPXPARAM_Preprocessing_Dependency=-1;CPXPARAM_Preprocessing_Dual=0;CPXPARAM_Preprocessing_Fill=10;CPXPARAM_Preprocessing_NumPass=-1;CPXPARAM_Preprocessing_Presolve=1;CPXPARAM_Preprocessing_QPMakePSD=1;CPXPARAM_Preprocessing_Reduce=3;CPXPARAM_Preprocessing_Relax=-1;CPXPARAM_Preprocessing_RepeatPresolve=-1;CPXPARAM_Preprocessing_Symmetry=4;CPXPARAM_Read_Scale=0;CPXPARAM_Sifting_Algorithm=0;CPXPARAM_Simplex_Crash=1;CPXPARAM_Simplex_DGradient=0;CPXPARAM_Simplex_Limits_Perturbation=0;CPXPARAM_Simplex_Limits_Singularity=10;CPXPARAM_Simplex_PGradient=0;CPXPARAM_Simplex_Pricing=0;CPXPARAM_Simplex_Refactor=0
9539973452911374101,0,CPXPARAM_Advance=1;CPXPARAM_Barrier_Algorithm=0;CPXPARAM_Barrier_ColNonzeros=0;CPXPARAM_Barrier_Crossover=0;CPXPARAM_Barrier_Limits_Corrections=-1;CPXPARAM_Barrier_Ordering=0;CPXPARAM_Barrier_StartAlg=2;CPXPARAM_Emphasis_MIP=1;CPXPARAM_Emphasis_Memory=0;CPXPARAM_Emphasis_Numerical=0;CPXPARAM_Feasopt_Mode=0;CPXPARAM_LPMethod=0;CPXPARAM_MIP_Cuts_Cliques=0;CPXPARAM_MIP_Cuts_Covers=0;CPXPARAM_MIP_Cuts_Disjunctive=2;CPXPARAM_MIP_Cuts_FlowCovers=1;CPXPARAM_MIP_Cuts_GUBCovers=2;CPXPARAM_MIP_Cuts_Gomory=2;CPXPARAM_MIP_Cuts_Implied=1;CPXPARAM_MIP_Cuts_MIRCut=-1;CPXPARAM_MIP_Cuts_PathCut=2;CPXPARAM_MIP_Limits_AggForCut=3;CPXPARAM_MIP_Limits_CutPasses=0;CPXPARAM_MIP_Limits_CutsFactor=-1;CPXPARAM_MIP_Limits_GomoryCand=800;CPXPARAM_MIP_Limits_GomoryPass=0;CPXPARAM_MIP_Limits_Nodes=9223372036800000000;CPXPARAM_MIP_Limits_ProbeTime=0;CPXPARAM_MIP_Limits_RepairTries=0;CPXPARAM_MIP_Limits_StrongCand=10;CPXPARAM_MIP_Limits_StrongIt=0;CPXPARAM_MIP_OrderType=0;CPXPARAM_MIP_Strategy_BBInterval=7;CPXPARAM_MIP_Strategy_Branch=0;CPXPARAM_MIP_Strategy_Dive=0;CPXPARAM_MIP_Strategy_File=1;CPXPARAM_MIP_Strategy_HeuristicFreq=0;CPXPARAM_MIP_Strategy_LBHeur=0;CPXPARAM_MIP_Strategy_NodeSelect=1;CPXPARAM_MIP_Strategy_Order=1;CPXPARAM_MIP_Strategy_PresolveNode=0;CPXPARAM_MIP_Strategy_Probe=3;CPXPARAM_MIP_Strategy_RINSHeur=0;CPXPARAM_MIP_Strategy_StartAlgorithm=5;CPXPARAM_MIP_Strategy_SubAlgorithm=0;CPXPARAM_MIP_Strategy_VariableSelect=0;CPXPARAM_Network_NetFind=2;CPXPARAM_Network_Pricing=0;CPXPARAM_Parallel=1;CPXPARAM_Preprocessing_Aggregator=-1;CPXPARAM_Preprocessing_BoundStrength=-1;CPXPARAM_Preprocessing_CoeffReduce=2;CPXPARAM_Preprocessing_Dependency=-1;CPXPARAM_Preprocessing_Dual=0;CPXPARAM_Preprocessing_Fill=10;CPXPARAM_Preprocessing_NumPass=-1;CPXPARAM_Preprocessing_Presolve=1;CPXPARAM_Preprocessing_QPMakePSD=1;CPXPARAM_Preprocessing_Reduce=3;CPXPARAM_Preprocessing_Relax=-1;CPXPARAM_Preprocessing_RepeatPresolve=-1;CPXPARAM_Preprocessing_Symmetry=4;CPXPARAM_Read_Scale=0;CPXPARAM_Sifting_Algorithm=0;CPXPARAM_Simplex_Crash=1;CPXPARAM_Simplex_DGradient=2;CPXPARAM_Simplex_Limits_Perturbation=0;CPXPARAM_Simplex_Limits_Singularity=10;CPXPARAM_Simplex_PGradient=0;CPXPARAM_Simplex_Pricing=0;CPXPARAM_Simplex_Refactor=0
10842517165963005472,0,CPXPARAM_Advance=1;CPXPARAM_Barrier_Algorithm=0;CPXPARAM_Barrier_ColNonzeros=0;CPXPARAM_Barrier_Crossover=0;CPXPARAM_Barrier_Limits_Corrections=-1;CPXPARAM_Barrier_Ordering=0;CPXPARAM_Barrier_StartAlg=1;CPXPARAM_Emphasis_MIP=1;CPXPARAM_Emphasis_Memory=0;CPXPARAM_Emphasis_Numerical=0;CPXPARAM_Feasopt_Mode=0;CPXPARAM_LPMethod=0;CPXPARAM_MIP_Cuts_Cliques=0;CPXPARAM_MIP_Cuts_Covers=0;CPXPARAM_MIP_Cuts_Disjunctive=3;CPXPARAM_MIP_Cuts_FlowCovers=1;CPXPARAM_MIP_Cuts_GUBCovers=2;CPXPARAM_MIP_Cuts_Gomory=2;CPXPARAM_MIP_Cuts_Implied=1;CPXPARAM_MIP_Cuts_MIRCut=-1;CPXPARAM_MIP_Cuts_PathCut=2;CPXPARAM_MIP_Limits_AggForCut=3;CPXPARAM_MIP_Limits_CutPasses=0;CPXPARAM_MIP_Limits_CutsFactor=-1;CPXPARAM_MIP_Limits_GomoryCand=400;CPXPARAM_MIP_Limits_GomoryPass=0;CPXPARAM_MIP_Limits_Nodes=9223372036800000000;CPXPARAM_MIP_Limits_ProbeTime=1e+75;CPXPARAM_MIP_Limits_RepairTries=0;CPXPARAM_MIP_Limits_StrongCand=10;CPXPARAM_MIP_Limits_StrongIt=0;CPXPARAM_MIP_OrderType=0;CPXPARAM_MIP_Strategy_BBInterval=7;CPXPARAM_MIP_Strategy_Branch=0;CPXPARAM_MIP_Strategy_Dive=0;CPXPARAM_MIP_Strategy_File=1;CPXPARAM_MIP_Strategy_HeuristicFreq=0;CPXPARAM_MIP_Strategy_LBHeur=0;CPXPARAM_MIP_Strategy_NodeSelect=1;CPXPARAM_MIP_Strategy_Order=1;CPXPARAM_MIP_Strategy_PresolveNode=0;CPXPARAM_MIP_Strategy_Probe=0;CPXPARAM_MIP_Strategy_RINSHeur=0;CPXPARAM_MIP_Strategy_StartAlgorithm=0;CPXPARAM_MIP_Strategy_SubAlgorithm=0;CPXPARAM_MIP_Strategy_VariableSelect=0;CPXPARAM_Network_NetFind=2;CPXPARAM_Network_Pricing=0;CPXPARAM_Parallel=1;CPXPARAM_Preprocessing_Aggregator=-1;CPXPARAM_Preprocessing_BoundStrength=-1;CPXPARAM_Preprocessing_CoeffReduce=-1;CPXPARAM_Preprocessing_Dependency=-1;CPXPARAM_Preprocessing_Dual=0;CPXPARAM_Preprocessing_Fill=10;CPXPARAM_Preprocessing_NumPass=-1;CPXPARAM_Preprocessing_Presolve=1;CPXPARAM_Preprocessing_QPMakePSD=1;CPXPARAM_Preprocessing_Reduce=3;CPXPARAM_Preprocessing_Relax=-1;CPXPARAM_Preprocessing_RepeatPresolve=-1;CPXPARAM_Preprocessing_Symmetry=-1;CPXPARAM_Read_Scale=0;CPXPARAM_Sifting_Algorithm=0;CPXPARAM_Simplex_Crash=1;CPXPARAM_Simplex_DGradient=0;CPXPARAM_Simplex_Limits_Perturbation=0;CPXPARAM_Simplex_Limits_Singularity=10;CPXPARAM_Simplex_PGradient=0;CPXPARAM_Simplex_Pricing=0;CPXPARAM_Simplex_Refactor=0
13196874338926074577,0,CPXPARAM_Advance=1;CPXPARAM_Barrier_Algorithm=0;CPXPARAM_Barrier_ColNonzeros=0;CPXPARAM_Barrier_Crossover=0;CPXPARAM_Barrier_Limits_Corrections=-1;CPXPARAM_Barrier_Ordering=0;CPXPARAM_Barrier_StartAlg=1;CPXPARAM_Emphasis_MIP=1;CPXPARAM_Emphasis_Memory=0;CPXPARAM_Emphasis_Numerical=0;CPXPARAM_Feasopt_Mode=0;CPXPARAM_LPMethod=0;CPXPARAM_MIP_Cuts_Cliques=0;CPXPARAM_MIP_Cuts_Covers=0;CPXPARAM_MIP_Cuts_Disjunctive=2;CPXPARAM_MIP_Cuts_FlowCovers=-1;CPXPARAM_MIP_Cuts_GUBCovers=2;CPXPARAM_MIP_Cuts_Gomory=2;CPXPARAM_MIP_Cuts_Implied=1;CPXPARAM_MIP_Cuts_MIRCut=-1;CPXPARAM_MIP_Cuts_PathCut=2;CPXPARAM_MIP_Limits_AggForCut=3;CPXPARAM_MIP_Limits_CutPasses=0;CPXPARAM_MIP_Limits_CutsFactor=-1;CPXPARAM_MIP_Limits_GomoryCand=800;CPXPARAM_MIP_Limits_GomoryPass=0;CPXPARAM_MIP_Limits_Nodes=9223372036800000000;CPXPARAM_MIP_Limits_ProbeTime=1e+75;CPXPARAM_MIP_Limits_RepairTries=0;CPXPARAM_MIP_Limits_StrongCand=10;CPXPARAM_MIP_Limits_StrongIt=0;CPXPARAM_MIP_OrderType=0;CPXPARAM_MIP_Strategy_BBInterval=7;CPXPARAM_MIP_Strategy_Branch=0;CPXPARAM_MIP_Strategy_Dive=0;CPXPARAM_MIP_Strategy_File=1;CPXPARAM_MIP_Strategy_HeuristicFreq=0;CPXPARAM_MIP_Strategy_LBHeur=0;CPXPARAM_MIP_Strategy_NodeSelect=1;CPXPARAM_MIP_Strategy_Order=1;CPXPARAM_MIP_Strategy_PresolveNode=0;CPXPARAM_MIP_Strategy_Probe=3;CPXPARAM_MIP_Strategy_RINSHeur=0;CPXPARAM_MIP_Strategy_StartAlgorithm=0;CPXPARAM_MIP_Strategy_SubAlgorithm=0;CPXPARAM_MIP_Strategy_VariableSelect=0;CPXPARAM_Network_NetFind=2;CPXPARAM_Network_Pricing=0;CPXPARAM_Parallel=1;CPXPARAM_Preprocessing_Aggregator=-1;CPXPARAM_Preprocessing_BoundStrength=-1;CPXPARAM_Preprocessing_CoeffReduce=-1;CPXPARAM_Preprocessing_Dependency=-1;CPXPARAM_Preprocessing_Dual=0;CPXPARAM_Preprocessing_Fill=10;CPXPARAM_Preprocessing_NumPass=-1;CPXPARAM_Preprocessing_Presolve=1;CPXPARAM_Preprocessing_QPMakePSD=1;CPXPARAM_Preprocessing_Reduce=3;CPXPARAM_Preprocessing_Relax=-1;CPXPARAM_Preprocessing_RepeatPresolve=-1;CPXPARAM_Preprocessing_Symmetry=-1;CPXPARAM_Read_Scale=0;CPXPARAM_Sifting_Algorithm=0;CPXPARAM_Simplex_Crash=1;CPXPARAM_Simplex_DGradient=0;CPXPARAM_Simplex_Limits_Perturbation=0;CPXPARAM_Simplex_Limits_Singularity=10;CPXPARAM_Simplex_PGradient=0;CPXPARAM_Simplex_Pricing=0;CPXPARAM_Simplex_Refactor=0
10038235768007893428,0,CPXPARAM_Advance=1;CPXPARAM_Barrier_Algorithm=0;CPXPARAM_Barrier_ColNonzeros=0;CPXPARAM_Barrier_Crossover=0;CPXPARAM_Barrier_Limits_Corrections=-1;CPXPARAM_Barrier_Ordering=0;CPXPARAM_Barrier_StartAlg=1;CPXPARAM_Emphasis_MIP=1;CPXPARAM_Emphasis_Memory=0;CPXPARAM_Emphasis_Numerical=0;CPXPARAM_Feasopt_Mode=0;CPXPARAM_LPMethod=0;CPXPARAM_MIP_Cuts_Cliques=2;CPXPARAM_MIP_Cuts_Covers=0;CPXPARAM_MIP_Cuts_Disjunctive=0;CPXPARAM_MIP_Cuts_FlowCovers=-1;CPXPARAM_MIP_Cuts_GUBCovers=2;CPXPARAM_MIP_Cuts_Gomory=2;CPXPARAM_MIP_Cuts_Implied=-1;CPXPARAM_MIP_Cuts_MIRCut=2;CPXPARAM_MIP_Cuts_PathCut=2;CPXPARAM_MIP_Limits_AggForCut=3;CPXPARAM_MIP_Limits_CutPasses=0;CPXPARAM_MIP_Limits_CutsFactor=-1;CPXPARAM_MIP_Limits_GomoryCand=150;CPXPARAM_MIP_Limits_GomoryPass=0;CPXPARAM_MIP_Limits_Nodes=9223372036800000000;CPXPARAM_MIP_Limits_ProbeTime=30;CPXPARAM_MIP_Limits_RepairTries=0;CPXPARAM_MIP_Limits_StrongCand=10;CPXPARAM_MIP_Limits_StrongIt=0;CPXPARAM_MIP_OrderType=0;CPXPARAM_MIP_Strategy_BBInterval=7;CPXPARAM_MIP_Strategy_Branch=0;CPXPARAM_MIP_Strategy_Dive=0;CPXPARAM_MIP_Strategy_File=1;CPXPARAM_MIP_Strategy_HeuristicFreq=0;CPXPARAM_MIP_Strategy_LBHeur=0;CPXPARAM_MIP_Strategy_NodeSelect=1;CPXPARAM_MIP_Strategy_Order=1;CPXPARAM_MIP_Strategy_PresolveNode=0;CPXPARAM_MIP_Strategy_Probe=-1;CPXPARAM_MIP_Strategy_RINSHeur=0;CPXPARAM_MIP_Strategy_StartAlgorithm=1;CPXPARAM_MIP_Strategy_SubAlgorithm=5;CPXPARAM_MIP_Strategy_VariableSelect=0;CPXPARAM_Network_NetFind=2;CPXPARAM_Network_Pricing=0;CPXPARAM_Parallel=1;CPXPARAM_Preprocessing_Aggregator=-1;CPXPARAM_Preprocessing_BoundStrength=-1;CPXPARAM_Preprocessing_CoeffReduce=-1;CPXPARAM_Preprocessing_Dependency=-1;CPXPARAM_Preprocessing_Dual=0;CPXPARAM_Preprocessing_Fill=10;CPXPARAM_Preprocessing_NumPass=-1;CPXPARAM_Preprocessing_Presolve=1;CPXPARAM_Preprocessing_QPMakePSD=1;CPXPARAM_Preprocessing_Reduce=3;CPXPARAM_Preprocessing_Relax=-1;CPXPARAM_Preprocessing_RepeatPresolve=-1;CPXPARAM_Preprocessing_Symmetry=3;CPXPARAM_Read_Scale=0;CPXPARAM_Sifting_Algorithm=0;CPXPARAM_Simplex_Crash=1;CPXPARAM_Simplex_DGradient=0;CPXPARAM_Simplex_Limits_Perturbation=0;CPXPARAM_Simplex_Limits_Singularity=10;CPXPARAM_Simplex_PGradient=0;CPXPARAM_Simplex_Pricing=0;CPXPARAM_Simplex_Refactor=0
10836171226172934431,0,CPXPARAM_Advance=1;CPXPARAM_Barrier_Algorithm=0;CPXPARAM_Barrier_ColNonzeros=0;CPXPARAM_Barrier_Crossover=0;CPXPARAM_Barrier_Limits_Corrections=-1;CPXPARAM_Barrier_Ordering=0;CPXPARAM_Barrier_StartAlg=1;CPXPARAM_Emphasis_MIP=1;CPXPARAM_Emphasis_Memory=0;CPXPARAM_Emphasis_Numerical=0;CPXPARAM_Feasopt_Mode=0;CPXPARAM_LPMethod=0;CPXPARAM_MIP_Cuts_Cliques=0;CPXPARAM_MIP_Cuts_Covers=0;CPXPARAM_MIP_Cuts_Disjunctive=2;CPXPARAM_MIP_Cuts_FlowCovers=1;CPXPARAM_MIP_Cuts_GUBCovers=2;CPXPARAM_MIP_Cuts_Gomory=2;CPXPARAM_MIP_Cuts_Implied=1;CPXPARAM_MIP_Cuts_MIRCut=-1;CPXPARAM_MIP_Cuts_PathCut=2;CPXPARAM_MIP_Limits_AggForCut=3;CPXPARAM_MIP_Limits_CutPasses=0;CPXPARAM_MIP_Limits_CutsFactor=-1;CPXPARAM_MIP_Limits_GomoryCand=800;CPXPARAM_MIP_Limits_GomoryPass=0;CPXPARAM_MIP_Limits_Nodes=9223372036800000000;CPXPARAM_MIP_Limits_ProbeTime=1e+75;CPXPARAM_MIP_Limits_RepairTries=0;CPXPARAM_MIP_Limits_StrongCand=10;CPXPARAM_MIP_Limits_StrongIt=0;CPXPARAM_MIP_OrderType=0;CPXPARAM_MIP_Strategy_BBInterval=7;CPXPARAM_MIP_Strategy_Branch=0;CPXPARAM_MIP_Strategy_Dive=0;CPXPARAM_MIP_Strategy_File=1;CPXPARAM_MIP_Strategy_HeuristicFreq=0;CPXPARAM_MIP_Strategy_LBHeur=0;CPXPARAM_MIP_Strategy_NodeSelect=1;CPXPARAM_MIP_Strategy_Order=1;CPXPARAM_MIP_Strategy_PresolveNode=0;CPXPARAM_MIP_Strategy_Probe=3;CPXPARAM_MIP_Strategy_RINSHeur=20;CPXPARAM_MIP_Strategy_StartAlgorithm=0;CPXPARAM_MIP_Strategy_SubAlgorithm=0;CPXPARAM_MIP_Strategy_VariableSelect=0;CPXPARAM_Network_NetFind=2;CPXPARAM_Network_Pricing=0;CPXPARAM_Parallel=1;CPXPARAM_Preprocessing_Aggregator=-1;CPXPARAM_Preprocessing_BoundStrength=-1;CPXPARAM_Preprocessing_CoeffReduce=-1;CPXPARAM_Preprocessing_Dependency=-1;CPXPARAM_Preprocessing_Dual=0;CPXPARAM_Preprocessing_Fill=10;CPXPARAM_Preprocessing_NumPass=-1;CPXPARAM_Preprocessing_Presolve=1;CPXPARAM_Preprocessing_QPMakePSD=1;CPXPARAM_Preprocessing_Reduce=3;CPXPARAM_Preprocessing_Relax=-1;CPXPARAM_Preprocessing_RepeatPresolve=-1;CPXPARAM_Preprocessing_Symmetry=-1;CPXPARAM_Read_Scale=0;CPXPARAM_Sifting_Algorithm=0;CPXPARAM_Simplex_Crash=1;CPXPARAM_Simplex_DGradient=0;CPXPARAM_Simplex_Limits_Perturbation=0;CPXPARAM_Simplex_Limits_Singularity=10;CPXPARAM_Simplex_PGradient=0;CPXPARAM_Simplex_Pricing=0;CPXPARAM_Simplex_Refactor=0
7166958945648061708,0,CPXPARAM_Advance=1;CPXPARAM_Barrier_Algorithm=0;CPXPARAM_Barrier_ColNonzeros=0;CPXPARAM_Barrier_Crossover=0;CPXPARAM_Barrier_Limits_Corrections=-1;CPXPARAM_Barrier_Ordering=0;CPXPARAM_Barrier_StartAlg=1;CPXPARAM_Emphasis_MIP=1;CPXPARAM_Emphasis_Memory=0;CPXPARAM_Emphasis_Numerical=0;CPXPARAM_Feasopt_Mode=0;CPXPARAM_LPMethod=0;CPXPARAM_MIP_Cuts_Cliques=0;CPXPARAM_MIP_Cuts_Covers=0;CPXPARAM_MIP_Cuts_Disjunctive=2;CPXPARAM_MIP_Cuts_FlowCovers=1;CPXPARAM_MIP_Cuts_GUBCovers=2;CPXPARAM_MIP_Cuts_Gomory=2;CPXPARAM_MIP_Cuts_Implied=1;CPXPARAM_MIP_Cuts_MIRCut=-1;CPXPARAM_MIP_Cuts_PathCut=2;CPXPARAM_MIP_Limits_AggForCut=3;CPXPARAM_MIP_Limits_CutPasses=0;CPXPARAM_MIP_Limits_CutsFactor=-1;CPXPARAM_MIP_Limits_GomoryCand=800;CPXPARAM_MIP_Limits_GomoryPass=0;CPXPARAM_MIP_Limits_Nodes=9223372036800000000;CPXPARAM_MIP_Limits_ProbeTime=1e+75;CPXPARAM_MIP_Limits_RepairTries=0;CPXPARAM_MIP_Limits_StrongCand=10;CPXPARAM_MIP_Limits_StrongIt=0;CPXPARAM_MIP_OrderType=0;CPXPARAM_MIP_Strategy_BBInterval=7;CPXPARAM_MIP_Strategy_Branch=0;CPXPARAM_MIP_Strategy_Dive=0;CPXPARAM_MIP_Strategy_File=1;CPXPARAM_MIP_Strategy_HeuristicFreq=0;CPXPARAM_MIP_Strategy_LBHeur=0;CPXPARAM_MIP_Strategy_NodeSelect=1;CPXPARAM_MIP_Strategy_Order=1;CPXPARAM_MIP_Strategy_PresolveNode=3;CPXPARAM_MIP_Strategy_Probe=3;CPXPARAM_MIP_Strategy_RINSHeur=0;CPXPARAM_MIP_Strategy_StartAlgorithm=0;CPXPARAM_MIP_Strategy_SubAlgorithm=0;CPXPARAM_MIP_Strategy_VariableSelect=0;CPXPARAM_Network_NetFind=2;CPXPARAM_Network_Pricing=0;CPXPARAM_Parallel=1;CPXPARAM_Preprocessing_Aggregator=-1;CPXPARAM_Preprocessing_BoundStrength=-1;CPXPARAM_Preprocessing_CoeffReduce=-1;CPXPARAM_Preprocessing_Dependency=-1;CPXPARAM_Preprocessing_Dual=0;CPXPARAM_Preprocessing_Fill=10;CPXPARAM_Preprocessing_NumPass=-1;CPXPARAM_Preprocessing_Presolve=1;CPXPARAM_Preprocessing_QPMakePSD=1;CPXPARAM_Preprocessing_Reduce=3;CPXPARAM_Preprocessing_Relax=-1;CPXPARAM_Preprocessing_RepeatPresolve=-1;CPXPARAM_Preprocessing_Symmetry=-1;CPXPARAM_Read_Scale=0;CPXPARAM_Sifting_Algorithm=0;CPXPARAM_Simplex_Crash=1;CPXPARAM_Simplex_DGradient=0;CPXPARAM_Simplex_Limits_Perturbation=0;CPXPARAM_Simplex_Limits_Singularity=10;CPXPARAM_Simplex_PGradient=0;CPXPARAM_Simplex_Pricing=0;CPXPARAM_Simplex_Refactor=0
14351588752633085624,0,CPXPARAM_Advance=1;CPXPARAM_Barrier_Algorithm=0;CPXPARAM_Barrier_ColNonzeros=0;CPXPARAM_Barrier_Crossover=0;CPXPARAM_Barrier_Limits_Corrections=-1;CPXPARAM_Barrier_Ordering=0;CPXPARAM_Barrier_StartAlg=1;CPXPARAM_Emphasis_MIP=5;CPXPARAM_Emphasis_Memory=0;CPXPARAM_Emphasis_Numerical=0;CPXPARAM_Feasopt_Mode=0;CPXPARAM_LPMethod=0;CPXPARAM_MIP_Cuts_Cliques=0;CPXPARAM_MIP_Cuts_Covers=0;CPXPARAM_MIP_Cuts_Disjunctive=2;CPXPARAM_MIP_Cuts_FlowCovers=1;CPXPARAM_MIP_Cuts_GUBCovers=2;CPXPARAM_MIP_Cuts_Gomory=2;CPXPARAM_MIP_Cuts_Implied=1;CPXPARAM_MIP_Cuts_MIRCut=-1;CPXPARAM_MIP_Cuts_PathCut=2;CPXPARAM_MIP_Limits_AggForCut=3;CPXPARAM_MIP_Limits_CutPasses=0;CPXPARAM_MIP_Limits_CutsFactor=-1;CPXPARAM_MIP_Limits_GomoryCand=400;CPXPARAM_MIP_Limits_GomoryPass=0;CPXPARAM_MIP_Limits_Nodes=9223372036800000000;CPXPARAM_MIP_Limits_ProbeTime=1e+75;CPXPARAM_MIP_Limits_RepairTries=0;CPXPARAM_MIP_Limits_StrongCand=10;CPXPARAM_MIP_Limits_StrongIt=0;CPXPARAM_MIP_OrderType=0;CPXPARAM_MIP_Strategy_BBInterval=7;CPXPARAM_MIP_Strategy_Branch=0;CPXPARAM_MIP_Strategy_Dive=0;CPXPARAM_MIP_Strategy_File=1;CPXPARAM_MIP_Strategy_HeuristicFreq=0;CPXPARAM_MIP_Strategy_LBHeur=0;CPXPARAM_MIP_Strategy_NodeSelect=1;CPXPARAM_MIP_Strategy_Order=1;CPXPARAM_MIP_Strategy_PresolveNode=0;CPXPARAM_MIP_Strategy_Probe=0;CPXPARAM_MIP_Strategy_RINSHeur=0;CPXPARAM_MIP_Strategy_StartAlgorithm=0;CPXPARAM_MIP_Strategy_SubAlgorithm=0;CPXPARAM_MIP_Strategy_VariableSelect=0;CPXPARAM_Network_NetFind=2;CPXPARAM_Network_Pricing=0;CPXPARAM_Parallel=1;CPXPARAM_Preprocessing_Aggregator=-1;CPXPARAM_Preprocessing_BoundStrength=-1;CPXPARAM_Preprocessing_CoeffReduce=-1;CPXPARAM_Preprocessing_Dependency=-1;CPXPARAM_Preprocessing_Dual=0;CPXPARAM_Preprocessing_Fill=10;CPXPARAM_Preprocessing_NumPass=-1;CPXPARAM_Preprocessing_Presolve=1;CPXPARAM_Preprocessing_QPMakePSD=1;CPXPARAM_Preprocessing_Reduce=3;CPXPARAM_Preprocessing_Relax=-1;CPXPARAM_Preprocessing_RepeatPresolve=-1;CPXPARAM_Preprocessing_Symmetry=-1;CPXPARAM_Read_Scale=0;CPXPARAM_Sifting_Algorithm=0;CPXPARAM_Simplex_Crash=1;CPXPARAM_Simplex_DGradient=0;CPXPARAM_Simplex_Limits_Perturbation=0;CPXPARAM_Simplex_Limits_Singularity=10;CPXPARAM_Simplex_PGradient=0;CPXPARAM_Simplex_Pricing=0;CPXPARAM_Simplex_Refactor=0
10884634544784965279,0,CPXPARAM_Advance=1;CPXPARAM_Barrier_Algorithm=0;CPXPARAM_Barrier_ColNonzeros=0;CPXPARAM_Barrier_Crossover=0;CPXPARAM_Barrier_Limits_Corrections=-1;CPXPARAM_Barrier_Ordering=0;CPXPARAM_Barrier_StartAlg=1;CPXPARAM_Emphasis_MIP=5;CPXPARAM_Emphasis_Memory=0;CPXPARAM_Emphasis_Numerical=0;CPXPARAM_Feasopt_Mode=0;CPXPARAM_LPMethod=0;CPXPARAM_MIP_Cuts_Cliques=-1;CPXPARAM_MIP_Cuts_Covers=0;CPXPARAM_MIP_Cuts_Disjunctive=1;CPXPARAM_MIP_Cuts_FlowCovers=2;CPXPARAM_MIP_Cuts_GUBCovers=0;CPXPARAM_MIP_Cuts_Gomory=-1;CPXPARAM_MIP_Cuts_Implied=0;CPXPARAM_MIP_Cuts_MIRCut=2;CPXPARAM_MIP_Cuts_PathCut=-1;CPXPARAM_MIP_Limits_AggForCut=3;CPXPARAM_MIP_Limits_CutPasses=0;CPXPARAM_MIP_Limits_CutsFactor=-1;CPXPARAM_MIP_Limits_GomoryCand=200;CPXPARAM_MIP_Limits_GomoryPass=0;CPXPARAM_MIP_Limits_Nodes=9223372036800000000;CPXPARAM_MIP_Limits_ProbeTime=0;CPXPARAM_MIP_Limits_RepairTries=0;CPXPARAM_MIP_Limits_StrongCand=10;CPXPARAM_MIP_Limits_StrongIt=0;CPXPARAM_MIP_OrderType=0;CPXPARAM_MIP_Strategy_BBInterval=7;CPXPARAM_MIP_Strategy_Branch=0;CPXPARAM_MIP_Strategy_Dive=0;CPXPARAM_MIP_Strategy_File=1;CPXPARAM_MIP_Strategy_HeuristicFreq=0;CPXPARAM_MIP_Strategy_LBHeur=0;CPXPARAM_MIP_Strategy_NodeSelect=1;CPXPARAM_MIP_Strategy_Order=1;CPXPARAM_MIP_Strategy_PresolveNode=0;CPXPARAM_MIP_Strategy_Probe=3;CPXPARAM_MIP_Strategy_RINSHeur=0;CPXPARAM_MIP_Strategy_StartAlgorithm=0;CPXPARAM_MIP_Strategy_SubAlgorithm=0;CPXPARAM_MIP_Strategy_VariableSelect=0;CPXPARAM_Network_NetFind=2;CPXPARAM_Network_Pricing=0;CPXPARAM_Parallel=1;CPXPARAM_Preprocessing_Aggregator=-1;CPXPARAM_Preprocessing_BoundStrength=-1;CPXPARAM_Preprocessing_CoeffReduce=-1;CPXPARAM_Preprocessing_Dependency=-1;CPXPARAM_Preprocessing_Dual=0;CPXPARAM_Preprocessing_Fill=10;CPXPARAM_Preprocessing_NumPass=-1;CPXPARAM_Preprocessing_Presolve=1;CPXPARAM_Preprocessing_QPMakePSD=1;CPXPARAM_Preprocessing_Reduce=3;CPXPARAM_Preprocessing_Relax=-1;CPXPARAM_Preprocessing_RepeatPresolve=-1;CPXPARAM_Preprocessing_Symmetry=-1;CPXPARAM_Read_Scale=0;CPXPARAM_Sifting_Algorithm=0;CPXPARAM_Simplex_Crash=1;CPXPARAM_Simplex_DGradient=0;CPXPARAM_Simplex_Limits_Perturbation=0;CPXPARAM_Simplex_Limits_Singularity=10;CPXPARAM_Simplex_PGradient=0;CPXPARAM_Simplex_Pricing=0;CPXPARAM_Simplex_Refactor=0
1667873642079385356,0,CPXPARAM_Advance=1;CPXPARAM_Barrier_Algorithm=0;CPXPARAM_Barrier_ColNonzeros=0;CPXPARAM_Barrier_Crossover=0;CPXPARAM_Barrier_Limits_Corrections=-1;CPXPARAM_Barrier_Ordering=0;CPXPARAM_Barrier_StartAlg=1;CPXPARAM_Emphasis_MIP=1;CPXPARAM_Emphasis_Memory=0;CPXPARAM_Emphasis_Numerical=0;CPXPARAM_Feasopt_Mode=0;CPXPARAM_LPMethod=0;CPXPARAM_MIP_Cuts_Cliques=0;CPXPARAM_MIP_Cuts_Covers=0;CPXPARAM_MIP_Cuts_Disjunctive=2;CPXPARAM_MIP_Cuts_FlowCovers=1;CPXPARAM_MIP_Cuts_GUBCovers=2;CPXPARAM_MIP_Cuts_Gomory=2;CPXPARAM_MIP_Cuts_Implied=1;CPXPARAM_MIP_Cuts_MIRCut=2;CPXPARAM_MIP_Cuts_PathCut=2;CPXPARAM_MIP_Limits_AggForCut=3;CPXPARAM_MIP_Limits_CutPasses=0;CPXPARAM_MIP_Limits_CutsFactor=-1;CPXPARAM_MIP_Limits_GomoryCand=400;CPXPARAM_MIP_Limits_GomoryPass=0;CPXPARAM_MIP_Limits_Nodes=9223372036800000000;CPXPARAM_MIP_Limits_ProbeTime=1e+75;CPXPARAM_MIP_Limits_RepairTries=0;CPXPARAM_MIP_Limits_StrongCand=10;CPXPARAM_MIP_Limits_StrongIt=0;CPXPARAM_MIP_OrderType=0;CPXPARAM_MIP_Strategy_BBInterval=7;CPXPARAM_MIP_Strategy_Branch=0;CPXPARAM_MIP_Strategy_Dive=0;CPXPARAM_MIP_Strategy_File=1;CPXPARAM_MIP_Strategy_HeuristicFreq=0;CPXPARAM_MIP_Strategy_LBHeur=0;CPXPARAM_MIP_Strategy_NodeSelect=1;CPXPARAM_MIP_Strategy_Order=1;CPXPARAM_MIP_Strategy_PresolveNode=0;CPXPARAM_MIP_Strategy_Probe=0;CPXPARAM_MIP_Strategy_RINSHeur=0;CPXPARAM_MIP_Strategy_StartAlgorithm=0;CPXPARAM_MIP_Strategy_SubAlgorithm=0;CPXPARAM_MIP_Strategy_VariableSelect=0;CPXPARAM_Network_NetFind=2;CPXPARAM_Network_Pricing=0;CPXPARAM_Parallel=1;CPXPARAM_Preprocessing_Aggregator=-1;CPXPARAM_Preprocessing_BoundStrength=-1;CPXPARAM_Preprocessing_CoeffReduce=-1;CPXPARAM_Preprocessing_Dependency=-1;CPXPARAM_Preprocessing_Dual=0;CPXPARAM_Preprocessing_Fill=10;CPXPARAM_Preprocessing_NumPass=-1;CPXPARAM_Preprocessing_Presolve=1;CPXPARAM_Preprocessing_QPMakePSD=1;CPXPARAM_Preprocessing_Reduce=3;CPXPARAM_Preprocessing_Relax=-1;CPXPARAM_Preprocessing_RepeatPresolve=-1;CPXPARAM_Preprocessing_Symmetry=-1;CPXPARAM_Read_Scale=0;CPXPARAM_Sifting_Algorithm=0;CPXPARAM_Simplex_Crash=1;CPXPARAM_Simplex_DGradient=0;CPXPARAM_Simplex_Limits_Perturbation=0;CPXPARAM_Simplex_Limits_Singularity=10;CPXPARAM_Simplex_PGradient=0;CPXPARAM_Simplex_Pricing=0;CPXPARAM_Simplex_Refactor=0
7624730984693070875,0,CPXPARAM_Advance=1;CPXPARAM_Barrier_Algorithm=0;CPXPARAM_Barrier_ColNonzeros=0;CPXPARAM_Barrier_Crossover=0;CPXPARAM_Barrier_Limits_Corrections=-1;CPXPARAM_Barrier_Ordering=0;CPXPARAM_Barrier_StartAlg=1;CPXPARAM_Emphasis_MIP=1;CPXPARAM_Emphasis_Memory=0;CPXPARAM_Emphasis_Numerical=0;CPXPARAM_Feasopt_Mode=0;CPXPARAM_LPMethod=0;CPXPARAM_MIP_Cuts_Cliques=0;CPXPARAM_MIP_Cuts_Covers=0;CPXPARAM_MIP_Cuts_Disjunctive=2;CPXPARAM_MIP_Cuts_FlowCovers=1;CPXPARAM_MIP_Cuts_GUBCovers=2;CPXPARAM_MIP_Cuts_Gomory=2;CPXPARAM_MIP_Cuts_Implied=1;CPXPARAM_MIP_Cuts_MIRCut=-1;CPXPARAM_MIP_Cuts_PathCut=2;CPXPARAM_MIP_Limits_AggForCut=3;CPXPARAM_MIP_Limits_CutPasses=0;CPXPARAM_MIP_Limits_CutsFactor=-1;CPXPARAM_MIP_Limits_GomoryCand=800;CPXPARAM_MIP_Limits_GomoryPass=0;CPXPARAM_MIP_Limits_Nodes=9223372036800000000;CPXPARAM_MIP_Limits_ProbeTime=0;CPXPARAM_MIP_Limits_RepairTries=0;CPXPARAM_MIP_Limits_StrongCand=10;CPXPARAM_MIP_Limits_StrongIt=0;CPXPARAM_MIP_OrderType=0;CPXPARAM_MIP_Strategy_BBInterval=7;CPXPARAM_MIP_Strategy_Branch=0;CPXPARAM_MIP_Strategy_Dive=0;CPXPARAM_MIP_Strategy_File=1;CPXPARAM_MIP_Strategy_HeuristicFreq=0;CPXPARAM_MIP_Strategy_LBHeur=0;CPXPARAM_MIP_Strategy_NodeSelect=1;CPXPARAM_MIP_Strategy_Order=1;CPXPARAM_MIP_Strategy_PresolveNode=0;CPXPARAM_MIP_Strategy_Probe=2;CPXPARAM_MIP_Strategy_RINSHeur=0;CPXPARAM_MIP_Strategy_StartAlgorithm=0;CPXPARAM_MIP_Strategy_SubAlgorithm=0;CPXPARAM_MIP_Strategy_VariableSelect=0;CPXPARAM_Network_NetFind=2;CPXPARAM_Network_Pricing=0;CPXPARAM_Parallel=1;CPXPARAM_Preprocessing_Aggregator=-1;CPXPARAM_Preprocessing_BoundStrength=-1;CPXPARAM_Preprocessing_CoeffReduce=-1;CPXPARAM_Preprocessing_Dependency=-1;CPXPARAM_Preprocessing_Dual=0;CPXPARAM_Preprocessing_Fill=10;CPXPARAM_Preprocessing_NumPass=-1;CPXPARAM_Preprocessing_Presolve=1;CPXPARAM_Preprocessing_QPMakePSD=1;CPXPARAM_Preprocessing_Reduce=3;CPXPARAM_Preprocessing_Relax=-1;CPXPARAM_Preprocessing_RepeatPresolve=-1;CPXPARAM_Preprocessing_Symmetry=4;CPXPARAM_Read_Scale=0;CPXPARAM_Sifting_Algorithm=0;CPXPARAM_Simplex_Crash=1;CPXPARAM_Simplex_DGradient=0;CPXPARAM_Simplex_Limits_Perturbation=0;CPXPARAM_Simplex_Limits_Singularity=10;CPXPARAM_Simplex_PGradient=0;CPXPARAM_Simplex_Pricing=0;CPXPARAM_Simplex_Refactor=0
16296325783509183914,0,CPXPARAM_Advance=1;CPXPARAM_Barrier_Algorithm=0;CPXPARAM_Barrier_ColNonzeros=0;CPXPARAM_Barrier_Crossover=0;CPXPARAM_Barrier_Limits_Corrections=-1;CPXPARAM_Barrier_Ordering=0;CPXPARAM_Barrier_StartAlg=1;CPXPARAM_Emphasis_MIP=4;CPXPARAM_Emphasis_Memory=0;CPXPARAM_Emphasis_Numerical=0;CPXPARAM_Feasopt_Mode=0;CPXPARAM_LPMethod=0;CPXPARAM_MIP_Cuts_Cliques=2;CPXPARAM_MIP_Cuts_Covers=0;CPXPARAM_MIP_Cuts_Disjunctive=0;CPXPARAM_MIP_Cuts_FlowCovers=0;CPXPARAM_MIP_Cuts_GUBCovers=0;CPXPARAM_MIP_Cuts_Gomory=0;CPXPARAM_MIP_Cuts_Implied=0;CPXPARAM_MIP_Cuts_MIRCut=0;CPXPARAM_MIP_Cuts_PathCut=0;CPXPARAM_MIP_Limits_AggForCut=3;CPXPARAM_MIP_Limits_CutPasses=0;CPXPARAM_MIP_Limits_CutsFactor=-1;CPXPARAM_MIP_Limits_GomoryCand=200;CPXPARAM_MIP_Limits_GomoryPass=0;CPXPARAM_MIP_Limits_Nodes=9223372036800000000;CPXPARAM_MIP_Limits_ProbeTime=1e+75;CPXPARAM_MIP_Limits_RepairTries=0;CPXPARAM_MIP_Limits_StrongCand=10;CPXPARAM_MIP_Limits_StrongIt=0;CPXPARAM_MIP_OrderType=0;CPXPARAM_MIP_Strategy_BBInterval=7;CPXPARAM_MIP_Strategy_Branch=0;CPXPARAM_MIP_Strategy_Dive=0;CPXPARAM_MIP_Strategy_File=1;CPXPARAM_MIP_Strategy_HeuristicFreq=0;CPXPARAM_MIP_Strategy_LBHeur=0;CPXPARAM_MIP_Strategy_NodeSelect=1;CPXPARAM_MIP_Strategy_Order=1;CPXPARAM_MIP_Strategy_PresolveNode=0;CPXPARAM_MIP_Strategy_Probe=0;CPXPARAM_MIP_Strategy_RINSHeur=0;CPXPARAM_MIP_Strategy_StartAlgorithm=0;CPXPARAM_MIP_Strategy_SubAlgorithm=0;CPXPARAM_MIP_Strategy_VariableSelect=0;CPXPARAM_Network_NetFind=2;CPXPARAM_Network_Pricing=0;CPXPARAM_Parallel=1;CPXPARAM_Preprocessing_Aggregator=-1;CPXPARAM_Preprocessing_BoundStrength=-1;CPXPARAM_Preprocessing_CoeffReduce=-1;CPXPARAM_Preprocessing_Dependency=-1;CPXPARAM_Preprocessing_Dual=0;CPXPARAM_Preprocessing_Fill=10;CPXPARAM_Preprocessing_NumPass=-1;CPXPARAM_Preprocessing_Presolve=1;CPXPARAM_Preprocessing_QPMakePSD=1;CPXPARAM_Preprocessing_Reduce=3;CPXPARAM_Preprocessing_Relax=-1;CPXPARAM_Preprocessing_RepeatPresolve=-1;CPXPARAM_Preprocessing_Symmetry=-1;CPXPARAM_Read_Scale=0;CPXPARAM_Sifting_Algorithm=0;CPXPARAM_Simplex_Crash=1;CPXPARAM_Simplex_DGradient=0;CPXPARAM_Simplex_Limits_Perturbation=0;CPXPARAM_Simplex_Limits_Singularity=10;CPXPARAM_Simplex_PGradient=0;CPXPARAM_Simplex_Pricing=0;CPXPARAM_Simplex_Refactor=0
14665240268906394544,0,CPXPARAM_Advance=1;CPXPARAM_Barrier_Algorithm=0;CPXPARAM_Barrier_ColNonzeros=0;CPXPARAM_Barrier_Crossover=0;CPXPARAM_Barrier_Limits_Corrections=-1;CPXPARAM_Barrier_Ordering=0;CPXPARAM_Barrier_StartAlg=1;CPXPARAM_Emphasis_MIP=1;CPXPARAM_Emphasis_Memory=0;CPXPARAM_Emphasis_Numerical=0;CPXPARAM_Feasopt_Mode=0;CPXPARAM_LPMethod=0;CPXPARAM_MIP_Cuts_Cliques=0;CPXPARAM_MIP_Cuts_Covers=0;CPXPARAM_MIP_Cuts_Disjunctive=2;CPXPARAM_MIP_Cuts_FlowCovers=1;CPXPARAM_MIP_Cuts_GUBCovers=2;CPXPARAM_MIP_Cuts_Gomory=2;CPXPARAM_MIP_Cuts_Implied=1;CPXPARAM_MIP_Cuts_MIRCut=-1;CPXPARAM_MIP_Cuts_PathCut=2;CPXPARAM_MIP_Limits_AggForCut=3;CPXPARAM_MIP_Limits_CutPasses=0;CPXPARAM_MIP_Limits_CutsFactor=-1;CPXPARAM_MIP_Limits_GomoryCand=800;CPXPARAM_MIP_Limits_GomoryPass=0;CPXPARAM_MIP_Limits_Nodes=9223372036800000000;CPXPARAM_MIP_Limits_ProbeTime=0;CPXPARAM_MIP_Limits_RepairTries=0;CPXPARAM_MIP_Limits_StrongCand=10;CPXPARAM_MIP_Limits_StrongIt=0;CPXPARAM_MIP_OrderType=0;CPXPARAM_MIP_Strategy_BBInterval=7;CPXPARAM_MIP_Strategy_Branch=0;CPXPARAM_MIP_Strategy_Dive=0;CPXPARAM_MIP_Strategy_File=1;CPXPARAM_MIP_Strategy_HeuristicFreq=0;CPXPARAM_MIP_Strategy_LBHeur=0;CPXPARAM_MIP_Strategy_NodeSelect=1;CPXPARAM_MIP_Strategy_Order=1;CPXPARAM_MIP_Strategy_PresolveNode=0;CPXPARAM_MIP_Strategy_Probe=3;CPXPARAM_MIP_Strategy_RINSHeur=0;CPXPARAM_MIP_Strategy_StartAlgorithm=5;CPXPARAM_MIP_Strategy_SubAlgorithm=0;CPXPARAM_MIP_Strategy_VariableSelect=0;CPXPARAM_Network_NetFind=2;CPXPARAM_Network_Pricing=0;CPXPARAM_Parallel=1;CPXPARAM_Preprocessing_Aggregator=-1;CPXPARAM_Preprocessing_BoundStrength=-1;CPXPARAM_Preprocessing_CoeffReduce=-1;CPXPARAM_Preprocessing_Dependency=-1;CPXPARAM_Preprocessing_Dual=0;CPXPARAM_Preprocessing_Fill=10;CPXPARAM_Preprocessing_NumPass=-1;CPXPARAM_Preprocessing_Presolve=1;CPXPARAM_Preprocessing_QPMakePSD=1;CPXPARAM_Preprocessing_Reduce=3;CPXPARAM_Preprocessing_Relax=-1;CPXPARAM_Preprocessing_RepeatPresolve=-1;CPXPARAM_Preprocessing_Symmetry=-1;CPXPARAM_Read_Scale=0;CPXPARAM_Sifting_Algorithm=0;CPXPARAM_Simplex_Crash=1;CPXPARAM_Simplex_DGradient=0;CPXPARAM_Simplex_Limits_Perturbation=0;CPXPARAM_Simplex_Limits_Singularity=10;CPXPARAM_Simplex_PGradient=0;CPXPARAM_Simplex_Pricing=0;CPXPARAM_Simplex_Refactor=0
17903547630215931272,0,CPXPARAM_Advance=1;CPXPARAM_Barrier_Algorithm=0;CPXPARAM_Barrier_ColNonzeros=0;CPXPARAM_Barrier_Crossover=0;CPXPARAM_Barrier_Limits_Corrections=-1;CPXPARAM_Barrier_Ordering=0;CPXPARAM_Barrier_StartAlg=1;CPXPARAM_Emphasis_MIP=3;CPXPARAM_Emphasis_Memory=0;CPXPARAM_Emphasis_Numerical=0;CPXPARAM_Feasopt_Mode=0;CPXPARAM_LPMethod=0;CPXPARAM_MIP_Cuts_Cliques=2;CPXPARAM_MIP_Cuts_Covers=0;CPXPARAM_MIP_Cuts_Disjunctive=0;CPXPARAM_MIP_Cuts_FlowCovers=0;CPXPARAM_MIP_Cuts_GUBCovers=0;CPXPARAM_MIP_Cuts_Gomory=0;CPXPARAM_MIP_Cuts_Implied=0;CPXPARAM_MIP_Cuts_MIRCut=0;CPXPARAM_MIP_Cuts_PathCut=0;CPXPARAM_MIP_Limits_AggForCut=3;CPXPARAM_MIP_Limits_CutPasses=0;CPXPARAM_MIP_Limits_CutsFactor=-1;CPXPARAM_MIP_Limits_GomoryCand=200;CPXPARAM_MIP_Limits_GomoryPass=0;CPXPARAM_MIP_Limits_Nodes=9223372036800000000;CPXPARAM_MIP_Limits_ProbeTime=1e+75;CPXPARAM_MIP_Limits_RepairTries=0;CPXPARAM_MIP_Limits_StrongCand=10;CPXPARAM_MIP_Limits_StrongIt=0;CPXPARAM_MIP_OrderType=0;CPXPARAM_MIP_Strategy_BBInterval=7;CPXPARAM_MIP_Strategy_Branch=0;CPXPARAM_MIP_Strategy_Dive=0;CPXPARAM_MIP_Strategy_File=1;CPXPARAM_MIP_Strategy_HeuristicFreq=0;CPXPARAM_MIP_Strategy_LBHeur=0;CPXPARAM_MIP_Strategy_NodeSelect=1;CPXPARAM_MIP_Strategy_Order=1;CPXPARAM_MIP_Strategy_PresolveNode=0;CPXPARAM_MIP_Strategy_Probe=0;CPXPARAM_MIP_Strategy_RINSHeur=0;CPXPARAM_MIP_Strategy_StartAlgorithm=0;CPXPARAM_MIP_Strategy_SubAlgorithm=0;CPXPARAM_MIP_Strategy_VariableSelect=0;CPXPARAM_Network_NetFind=2;CPXPARAM_Network_Pricing=0;CPXPARAM_Parallel=1;CPXPARAM_Preprocessing_Aggregator=-1;CPXPARAM_Preprocessing_BoundStrength=-1;CPXPARAM_Preprocessing_CoeffReduce=-1;CPXPARAM_Preprocessing_Dependency=-1;CPXPARAM_Preprocessing_Dual=0;CPXPARAM_Preprocessing_Fill=10;CPXPARAM_Preprocessing_NumPass=-1;CPXPARAM_Preprocessing_Presolve=1;CPXPARAM_Preprocessing_QPMakePSD=1;CPXPARAM_Preprocessing_Reduce=3;CPXPARAM_Preprocessing_Relax=-1;CPXPARAM_Preprocessing_RepeatPresolve=-1;CPXPARAM_Preprocessing_Symmetry=-1;CPXPARAM_Read_Scale=0;CPXPARAM_Sifting_Algorithm=0;CPXPARAM_Simplex_Crash=1;CPXPARAM_Simplex_DGradient=0;CPXPARAM_Simplex_Limits_Perturbation=0;CPXPARAM_Simplex_Limits_Singularity=10;CPXPARAM_Simplex_PGradient=0;CPXPARAM_Simplex_Pricing=0;CPXPARAM_Simplex_Refactor=0
864434800366833410,0,CPXPARAM_Advance=1;CPXPARAM_Barrier_Algorithm=0;CPXPARAM_Barrier_ColNonzeros=0;CPXPARAM_Barrier_Crossover=0;CPXPARAM_Barrier_Limits_Corrections=-1;CPXPARAM_Barrier_Ordering=0;CPXPARAM_Barrier_StartAlg=1;CPXPARAM_Emphasis_MIP=0;CPXPARAM_Emphasis_Memory=0;CPXPARAM_Emphasis_Numerical=0;CPXPARAM_Feasopt_Mode=0;CPXPARAM_LPMethod=0;CPXPARAM_MIP_Cuts_Cliques=1;CPXPARAM_MIP_Cuts_Covers=0;CPXPARAM_MIP_Cuts_Disjunctive=0;CPXPARAM_MIP_Cuts_FlowCovers=0;CPXPARAM_MIP_Cuts_GUBCovers=0;CPXPARAM_MIP_Cuts_Gomory=0;CPXPARAM_MIP_Cuts_Implied=0;CPXPARAM_MIP_Cuts_MIRCut=0;CPXPARAM_MIP_Cuts_PathCut=0;CPXPARAM_MIP_Limits_AggForCut=3;CPXPARAM_MIP_Limits_CutPasses=0;CPXPARAM_MIP_Limits_CutsFactor=-1;CPXPARAM_MIP_Limits_GomoryCand=200;CPXPARAM_MIP_Limits_GomoryPass=0;CPXPARAM_MIP_Limits_Nodes=9223372036800000000;CPXPARAM_MIP_Limits_ProbeTime=1e+75;CPXPARAM_MIP_Limits_RepairTries=0;CPXPARAM_MIP_Limits_StrongCand=10;CPXPARAM_MIP_Limits_StrongIt=0;CPXPARAM_MIP_OrderType=0;CPXPARAM_MIP_Strategy_BBInterval=7;CPXPARAM_MIP_Strategy_Branch=0;CPXPARAM_MIP_Strategy_Dive=0;CPXPARAM_MIP_Strategy_File=1;CPXPARAM_MIP_Strategy_HeuristicFreq=0;CPXPARAM_MIP_Strategy_LBHeur=0;CPXPARAM_MIP_Strategy_NodeSelect=1;CPXPARAM_MIP_Strategy_Order=1;CPXPARAM_MIP_Strategy_PresolveNode=0;CPXPARAM_MIP_Strategy_Probe=0;CPXPARAM_MIP_Strategy_RINSHeur=0;CPXPARAM_MIP_Strategy_StartAlgorithm=0;CPXPARAM_MIP_Strategy_SubAlgorithm=0;CPXPARAM_MIP_Strategy_VariableSelect=0;CPXPARAM_Network_NetFind=2;CPXPARAM_Network_Pricing=0;CPXPARAM_Parallel=1;CPXPARAM_Preprocessing_Aggregator=-1;CPXPARAM_Preprocessing_BoundStrength=-1;CPXPARAM_Preprocessing_CoeffReduce=-1;CPXPARAM_Preprocessing_Dependency=-1;CPXPARAM_Preprocessing_Dual=0;CPXPARAM_Preprocessing_Fill=10;CPXPARAM_Preprocessing_NumPass=-1;CPXPARAM_Preprocessing_Presolve=1;CPXPARAM_Preprocessing_QPMakePSD=1;CPXPARAM_Preprocessing_Reduce=3;CPXPARAM_Preprocessing_Relax=-1;CPXPARAM_Preprocessing_RepeatPresolve=-1;CPXPARAM_Preprocessing_Symmetry=-1;CPXPARAM_Read_Scale=0;CPXPARAM_Sifting_Algorithm=0;CPXPARAM_Simplex_Crash=1;CPXPARAM_Simplex_DGradient=0;CPXPARAM_Simplex_Limits_Perturbation=0;CPXPARAM_Simplex_Limits_Singularity=10;CPXPARAM_Simplex_PGradient=0;CPXPARAM_Simplex_Pricing=0;CPXPARAM_Simplex_Refactor=0
9731254721738345897,0,CPXPARAM_Advance=1;CPXPARAM_Barrier_Algorithm=0;CPXPARAM_Barrier_ColNonzeros=0;CPXPARAM_Barrier_Crossover=0;CPXPARAM_Barrier_Limits_Corrections=-1;CPXPARAM_Barrier_Ordering=0;CPXPARAM_Barrier_StartAlg=1;CPXPARAM_Emphasis_MIP=1;CPXPARAM_Emphasis_Memory=0;CPXPARAM_Emphasis_Numerical=0;CPXPARAM_Feasopt_Mode=0;CPXPARAM_LPMethod=0;CPXPARAM_MIP_Cuts_Cliques=0;CPXPARAM_MIP_Cuts_Covers=0;CPXPARAM_MIP_Cuts_Disjunctive=2;CPXPARAM_MIP_Cuts_FlowCovers=1;CPXPARAM_MIP_Cuts_GUBCovers=2;CPXPARAM_MIP_Cuts_Gomory=2;CPXPARAM_MIP_Cuts_Implied=1;CPXPARAM_MIP_Cuts_MIRCut=-1;CPXPARAM_MIP_Cuts_PathCut=2;CPXPARAM_MIP_Limits_AggForCut=3;CPXPARAM_MIP_Limits_CutPasses=0;CPXPARAM_MIP_Limits_CutsFactor=-1;CPXPARAM_MIP_Limits_GomoryCand=10;CPXPARAM_MIP_Limits_GomoryPass=0;CPXPARAM_MIP_Limits_Nodes=9223372036800000000;CPXPARAM_MIP_Limits_ProbeTime=1e+75;CPXPARAM_MIP_Limits_RepairTries=0;CPXPARAM_MIP_Limits_StrongCand=10;CPXPARAM_MIP_Limits_StrongIt=0;CPXPARAM_MIP_OrderType=0;CPXPARAM_MIP_Strategy_BBInterval=7;CPXPARAM_MIP_Strategy_Branch=0;CPXPARAM_MIP_Strategy_Dive=0;CPXPARAM_MIP_Strategy_File=1;CPXPARAM_MIP_Strategy_HeuristicFreq=0;CPXPARAM_MIP_Strategy_LBHeur=0;CPXPARAM_MIP_Strategy_NodeSelect=1;CPXPARAM_MIP_Strategy_Order=1;CPXPARAM_MIP_Strategy_PresolveNode=0;CPXPARAM_MIP_Strategy_Probe=0;CPXPARAM_MIP_Strategy_RINSHeur=0;CPXPARAM_MIP_Strategy_StartAlgorithm=0;CPXPARAM_MIP_Strategy_SubAlgorithm=0;CPXPARAM_MIP_Strategy_VariableSelect=0;CPXPARAM_Network_NetFind=2;CPXPARAM_Network_Pricing=0;CPXPARAM_Parallel=1;CPXPARAM_Preprocessing_Aggregator=-1;CPXPARAM_Preprocessing_BoundStrength=-1;CPXPARAM_Preprocessing_CoeffReduce=-1;CPXPARAM_Preprocessing_Dependency=-1;CPXPARAM_Preprocessing_Dual=0;CPXPARAM_Preprocessing_Fill=10;CPXPARAM_Preprocessing_NumPass=-1;CPXPARAM_Preprocessing_Presolve=1;CPXPARAM_Preprocessing_QPMakePSD=1;CPXPARAM_Preprocessing_Reduce=3;CPXPARAM_Preprocessing_Relax=-1;CPXPARAM_Preprocessing_RepeatPresolve=-1;CPXPARAM_Preprocessing_Symmetry=-1;CPXPARAM_Read_Scale=0;CPXPARAM_Sifting_Algorithm=0;CPXPARAM_Simplex_Crash=1;CPXPARAM_Simplex_DGradient=0;CPXPARAM_Simplex_Limits_Perturbation=0;CPXPARAM_Simplex_Limits_Singularity=10;CPXPARAM_Simplex_PGradient=0;CPXPARAM_Simplex_Pricing=0;CPXPARAM_Simplex_Refactor=0
11559235752449417769,0,CPXPARAM_Advance=1;CPXPARAM_Barrier_Algorithm=0;CPXPARAM_Barrier_ColNonzeros=0;CPXPARAM_Barrier_Crossover=0;CPXPARAM_Barrier_Limits_Corrections=-1;CPXPARAM_Barrier_Ordering=0;CPXPARAM_Barrier_StartAlg=1;CPXPARAM_Emphasis_MIP=1;CPXPARAM_Emphasis_Memory=0;CPXPARAM_Emphasis_Numerical=0;CPXPARAM_Feasopt_Mode=0;CPXPARAM_LPMethod=0;CPXPARAM_MIP_Cuts_Cliques=0;CPXPARAM_MIP_Cuts_Covers=0;CPXPARAM_MIP_Cuts_Disjunctive=2;CPXPARAM_MIP_Cuts_FlowCovers=1;CPXPARAM_MIP_Cuts_GUBCovers=2;CPXPARAM_MIP_Cuts_Gomory=2;CPXPARAM_MIP_Cuts_Implied=1;CPXPARAM_MIP_Cuts_MIRCut=-1;CPXPARAM_MIP_Cuts_PathCut=2;CPXPARAM_MIP_Limits_AggForCut=3;CPXPARAM_MIP_Limits_CutPasses=0;CPXPARAM_MIP_Limits_CutsFactor=-1;CPXPARAM_MIP_Limits_GomoryCand=800;CPXPARAM_MIP_Limits_GomoryPass=0;CPXPARAM_MIP_Limits_Nodes=9223372036800000000;CPXPARAM_MIP_Limits_ProbeTime=1e+75;CPXPARAM_MIP_Limits_RepairTries=0;CPXPARAM_MIP_Limits_StrongCand=10;CPXPARAM_MIP_Limits_StrongIt=0;CPXPARAM_MIP_OrderType=0;CPXPARAM_MIP_Strategy_BBInterval=7;CPXPARAM_MIP_Strategy_Branch=0;CPXPARAM_MIP_Strategy_Dive=0;CPXPARAM_MIP_Strategy_File=1;CPXPARAM_MIP_Strategy_HeuristicFreq=0;CPXPARAM_MIP_Strategy_LBHeur=0;CPXPARAM_MIP_Strategy_NodeSelect=1;CPXPARAM_MIP_Strategy_Order=1;CPXPARAM_MIP_Strategy_PresolveNode=0;CPXPARAM_MIP_Strategy_Probe=3;CPXPARAM_MIP_Strategy_RINSHeur=0;CPXPARAM_MIP_Strategy_StartAlgorithm=0;CPXPARAM_MIP_Strategy_SubAlgorithm=0;CPXPARAM_MIP_Strategy_VariableSelect=0;CPXPARAM_Network_NetFind=2;CPXPARAM_Network_Pricing=0;CPXPARAM_Parallel=1;CPXPARAM_Preprocessing_Aggregator=-1;CPXPARAM_Preprocessing_BoundStrength=-1;CPXPARAM_Preprocessing_CoeffReduce=-1;CPXPARAM_Preprocessing_Dependency=-1;CPXPARAM_Preprocessing_Dual=0;CPXPARAM_Preprocessing_Fill=10;CPXPARAM_Preprocessing_NumPass=-1;CPXPARAM_Preprocessing_Presolve=1;CPXPARAM_Preprocessing_QPMakePSD=1;CPXPARAM_Preprocessing_Reduce=3;CPXPARAM_Preprocessing_Relax=-1;CPXPARAM_Preprocessing_RepeatPresolve=-1;CPXPARAM_Preprocessing_Symmetry=1;CPXPARAM_Read_Scale=0;CPXPARAM_Sifting_Algorithm=0;CPXPARAM_Simplex_Crash=1;CPXPARAM_Simplex_DGradient=0;CPXPARAM_Simplex_Limits_Perturbation=0;CPXPARAM_Simplex_Limits_Singularity=10;CPXPARAM_Simplex_PGradient=0;CPXPARAM_Simplex_Pricing=0;CPXPARAM_Simplex_Refactor=0
12952511744756206606,0,CPXPARAM_Advance=1;CPXPARAM_Barrier_Algorithm=0;CPXPARAM_Barrier_ColNonzeros=0;CPXPARAM_Barrier_Crossover=0;CPXPARAM_Barrier_Limits_Corrections=-1;CPXPARAM_Barrier_Ordering=0;CPXPARAM_Barrier_StartAlg=2;CPXPARAM_Emphasis_MIP=1;CPXPARAM_Emphasis_Memory=0;CPXPARAM_Emphasis_Numerical=0;CPXPARAM_Feasopt_Mode=0;CPXPARAM_LPMethod=0;CPXPARAM_MIP_Cuts_Cliques=0;CPXPARAM_MIP_Cuts_Covers=0;CPXPARAM_MIP_Cuts_Disjunctive=2;CPXPARAM_MIP_Cuts_FlowCovers=1;CPXPARAM_MIP_Cuts_GUBCovers=2;CPXPARAM_MIP_Cuts_Gomory=2;CPXPARAM_MIP_Cuts_Implied=1;CPXPARAM_MIP_Cuts_MIRCut=-1;CPXPARAM_MIP_Cuts_PathCut=2;CPXPARAM_MIP_Limits_AggForCut=3;CPXPARAM_MIP_Limits_CutPasses=0;CPXPARAM_MIP_Limits_CutsFactor=-1;CPXPARAM_MIP_Limits_GomoryCand=800;CPXPARAM_MIP_Limits_GomoryPass=0;CPXPARAM_MIP_Limits_Nodes=9223372036800000000;CPXPARAM_MIP_Limits_ProbeTime=0;CPXPARAM_MIP_Limits_RepairTries=0;CPXPARAM_MIP_Limits_StrongCand=10;CPXPARAM_MIP_Limits_StrongIt=0;CPXPARAM_MIP_OrderType=0;CPXPARAM_MIP_Strategy_BBInterval=7;CPXPARAM_MIP_Strategy_Branch=0;CPXPARAM_MIP_Strategy_Dive=0;CPXPARAM_MIP_Strategy_File=1;CPXPARAM_MIP_Strategy_HeuristicFreq=0;CPXPARAM_MIP_Strategy_LBHeur=0;CPXPARAM_MIP_Strategy_NodeSelect=1;CPXPARAM_MIP_Strategy_Order=1;CPXPARAM_MIP_Strategy_PresolveNode=0;CPXPARAM_MIP_Strategy_Probe=3;CPXPARAM_MIP_Strategy_RINSHeur=0;CPXPARAM_MIP_Strategy_StartAlgorithm=5;CPXPARAM_MIP_Strategy_SubAlgorithm=0;CPXPARAM_MIP_Strategy_VariableSelect=0;CPXPARAM_Network_NetFind=2;CPXPARAM_Network_Pricing=2;CPXPARAM_Parallel=1;CPXPARAM_Preprocessing_Aggregator=-1;CPXPARAM_Preprocessing_BoundStrength=-1;CPXPARAM_Preprocessing_CoeffReduce=-1;CPXPARAM_Preprocessing_Dependency=-1;CPXPARAM_Preprocessing_Dual=0;CPXPARAM_Preprocessing_Fill=10;CPXPARAM_Preprocessing_NumPass=-1;CPXPARAM_Preprocessing_Presolve=1;CPXPARAM_Preprocessing_QPMakePSD=1;CPXPARAM_Preprocessing_Reduce=3;CPXPARAM_Preprocessing_Relax=-1;CPXPARAM_Preprocessing_RepeatPresolve=-1;CPXPARAM_Preprocessing_Symmetry=4;CPXPARAM_Read_Scale=0;CPXPARAM_Sifting_Algorithm=0;CPXPARAM_Simplex_Crash=1;CPXPARAM_Simplex_DGradient=2;CPXPARAM_Simplex_Limits_Perturbation=0;CPXPARAM_Simplex_Limits_Singularity=10;CPXPARAM_Simplex_PGradient=0;CPXPARAM_Simplex_Pricing=0;CPXPARAM_Simplex_Refactor=0
16033408776425942481,0,CPXPARAM_Advance=1;CPXPARAM_Barrier_Algorithm=0;CPXPARAM_Barrier_ColNonzeros=0;CPXPARAM_Barrier_Crossover=0;CPXPARAM_Barrier_Limits_Corrections=-1;CPXPARAM_Barrier_Ordering=0;CPXPARAM_Barrier_StartAlg=1;CPXPARAM_Emphasis_MIP=1;CPXPARAM_Emphasis_Memory=0;CPXPARAM_Emphasis_Numerical=0;CPXPARAM_Feasopt_Mode=0;CPXPARAM_LPMethod=0;CPXPARAM_MIP_Cuts_Cliques=0;CPXPARAM_MIP_Cuts_Covers=0;CPXPARAM_MIP_Cuts_Disjunctive=2;CPXPARAM_MIP_Cuts_FlowCovers=1;CPXPARAM_MIP_Cuts_GUBCovers=2;CPXPARAM_MIP_Cuts_Gomory=2;CPXPARAM_MIP_Cuts_Implied=1;CPXPARAM_MIP_Cuts_MIRCut=-1;CPXPARAM_MIP_Cuts_PathCut=2;CPXPARAM_MIP_Limits_AggForCut=3;CPXPARAM_MIP_Limits_CutPasses=0;CPXPARAM_MIP_Limits_CutsFactor=-1;CPXPARAM_MIP_Limits_GomoryCand=800;CPXPARAM_MIP_Limits_GomoryPass=0;CPXPARAM_MIP_Limits_Nodes=9223372036800000000;CPXPARAM_MIP_Limits_ProbeTime=1e+75;CPXPARAM_MIP_Limits_RepairTries=0;CPXPARAM_MIP_Limits_StrongCand=10;CPXPARAM_MIP_Limits_StrongIt=0;CPXPARAM_MIP_OrderType=0;CPXPARAM_MIP_Strategy_BBInterval=7;CPXPARAM_MIP_Strategy_Branch=0;CPXPARAM_MIP_Strategy_Dive=0;CPXPARAM_MIP_Strategy_File=1;CPXPARAM_MIP_Strategy_HeuristicFreq=0;CPXPARAM_MIP_Strategy_LBHeur=0;CPXPARAM_MIP_Strategy_NodeSelect=1;CPXPARAM_MIP_Strategy_Order=1;CPXPARAM_MIP_Strategy_PresolveNode=0;CPXPARAM_MIP_Strategy_Probe=3;CPXPARAM_MIP_Strategy_RINSHeur=1000;CPXPARAM_MIP_Strategy_StartAlgorithm=0;CPXPARAM_MIP_Strategy_SubAlgorithm=0;CPXPARAM_MIP_Strategy_VariableSelect=0;CPXPARAM_Network_NetFind=2;CPXPARAM_Network_Pricing=0;CPXPARAM_Parallel=1;CPXPARAM_Preprocessing_Aggregator=-1;CPXPARAM_Preprocessing_BoundStrength=-1;CPXPARAM_Preprocessing_CoeffReduce=-1;CPXPARAM_Preprocessing_Dependency=-1;CPXPARAM_Preprocessing_Dual=0;CPXPARAM_Preprocessing_Fill=10;CPXPARAM_Preprocessing_NumPass=-1;CPXPARAM_Preprocessing_Presolve=1;CPXPARAM_Preprocessing_QPMakePSD=1;CPXPARAM_Preprocessing_Reduce=3;CPXPARAM_Preprocessing_Relax=-1;CPXPARAM_Preprocessing_RepeatPresolve=-1;CPXPARAM_Preprocessing_Symmetry=-1;CPXPARAM_Read_Scale=0;CPXPARAM_Sifting_Algorithm=0;CPXPARAM_Simplex_Crash=1;CPXPARAM_Simplex_DGradient=0;CPXPARAM_Simplex_Limits_Perturbation=0;CPXPARAM_Simplex_Limits_Singularity=10;CPXPARAM_Simplex_PGradient=0;CPXPARAM_Simplex_Pricing=0;CPXPARAM_Simplex_Refactor=0
9464931219320590624,0,CPXPARAM_Advance=1;CPXPARAM_Barrier_Algorithm=0;CPXPARAM_Barrier_ColNonzeros=0;CPXPARAM_Barrier_Crossover=0;CPXPARAM_Barrier_Limits_Corrections=-1;CPXPARAM_Barrier_Ordering=0;CPXPARAM_Barrier_StartAlg=1;CPXPARAM_Emphasis_MIP=1;CPXPARAM_Emphasis_Memory=0;CPXPARAM_Emphasis_Numerical=0;CPXPARAM_Feasopt_Mode=0;CPXPARAM_LPMethod=0;CPXPARAM_MIP_Cuts_Cliques=0;CPXPARAM_MIP_Cuts_Covers=0;CPXPARAM_MIP_Cuts_Disjunctive=2;CPXPARAM_MIP_Cuts_FlowCovers=1;CPXPARAM_MIP_Cuts_GUBCovers=2;CPXPARAM_MIP_Cuts_Gomory=2;CPXPARAM_MIP_Cuts_Implied=1;CPXPARAM_MIP_Cuts_MIRCut=-1;CPXPARAM_MIP_Cuts_PathCut=2;CPXPARAM_MIP_Limits_AggForCut=3;CPXPARAM_MIP_Limits_CutPasses=0;CPXPARAM_MIP_Limits_CutsFactor=-1;CPXPARAM_MIP_Limits_GomoryCand=10;CPXPARAM_MIP_Limits_GomoryPass=0;CPXPARAM_MIP_Limits_Nodes=9223372036800000000;CPXPARAM_MIP_Limits_ProbeTime=1e+75;CPXPARAM_MIP_Limits_RepairTries=0;CPXPARAM_MIP_Limits_StrongCand=10;CPXPARAM_MIP_Limits_StrongIt=0;CPXPARAM_MIP_OrderType=0;CPXPARAM_MIP_Strategy_BBInterval=7;CPXPARAM_MIP_Strategy_Branch=0;CPXPARAM_MIP_Strategy_Dive=0;CPXPARAM_MIP_Strategy_File=1;CPXPARAM_MIP_Strategy_HeuristicFreq=0;CPXPARAM_MIP_Strategy_LBHeur=0;CPXPARAM_MIP_Strategy_NodeSelect=1;CPXPARAM_MIP_Strategy_Order=1;CPXPARAM_MIP_Strategy_PresolveNode=0;CPXPARAM_MIP_Strategy_Probe=-1;CPXPARAM_MIP_Strategy_RINSHeur=0;CPXPARAM_MIP_Strategy_StartAlgorithm=0;CPXPARAM_MIP_Strategy_SubAlgorithm=0;CPXPARAM_MIP_Strategy_VariableSelect=0;CPXPARAM_Network_NetFind=2;CPXPARAM_Network_Pricing=0;CPXPARAM_Parallel=1;CPXPARAM_Preprocessing_Aggregator=-1;CPXPARAM_Preprocessing_BoundStrength=-1;CPXPARAM_Preprocessing_CoeffReduce=-1;CPXPARAM_Preprocessing_Dependency=-1;CPXPARAM_Preprocessing_Dual=0;CPXPARAM_Preprocessing_Fill=10;CPXPARAM_Preprocessing_NumPass=-1;CPXPARAM_Preprocessing_Presolve=1;CPXPARAM_Preprocessing_QPMakePSD=1;CPXPARAM_Preprocessing_Reduce=3;CPXPARAM_Preprocessing_Relax=-1;CPXPARAM_Preprocessing_RepeatPresolve=-1;CPXPARAM_Preprocessing_Symmetry=-1;CPXPARAM_Read_Scale=0;CPXPARAM_Sifting_Algorithm=0;CPXPARAM_Simplex_Crash=1;CPXPARAM_Simplex_DGradient=0;CPXPARAM_Simplex_Limits_Perturbation=0;CPXPARAM_Simplex_Limits_Singularity=10;CPXPARAM_Simplex_PGradient=0;CPXPARAM_Simplex_Pricing=0;CPXPARAM_Simplex_Refactor=0
13527620464973115035,0,CPXPARAM_Advance=1;CPXPARAM_Barrier_Algorithm=0;CPXPARAM_Barrier_ColNonzeros=0;CPXPARAM_Barrier_Crossover=0;CPXPARAM_Barrier_Limits_Corrections=-1;CPXPARAM_Barrier_Ordering=0;CPXPARAM_Barrier_StartAlg=1;CPXPARAM_Emphasis_MIP=1;CPXPARAM_Emphasis_Memory=0;CPXPARAM_Emphasis_Numerical=0;CPXPARAM_Feasopt_Mode=0;CPXPARAM_LPMethod=0;CPXPARAM_MIP_Cuts_Cliques=0;CPXPARAM_MIP_Cuts_Covers=0;CPXPARAM_MIP_Cuts_Disjunctive=2;CPXPARAM_MIP_Cuts_FlowCovers=1;CPXPARAM_MIP_Cuts_GUBCovers=2;CPXPARAM_MIP_Cuts_Gomory=2;CPXPARAM_MIP_Cuts_Implied=1;CPXPARAM_MIP_Cuts_MIRCut=-1;CPXPARAM_MIP_Cuts_PathCut=2;CPXPARAM_MIP_Limits_AggForCut=3;CPXPARAM_MIP_Limits_CutPasses=0;CPXPARAM_MIP_Limits_CutsFactor=-1;CPXPARAM_MIP_Limits_GomoryCand=800;CPXPARAM_MIP_Limits_GomoryPass=0;CPXPARAM_MIP_Limits_Nodes=9223372036800000000;CPXPARAM_MIP_Limits_ProbeTime=1e+75;CPXPARAM_MIP_Limits_RepairTries=0;CPXPARAM_MIP_Limits_StrongCand=10;CPXPARAM_MIP_Limits_StrongIt=0;CPXPARAM_MIP_OrderType=0;CPXPARAM_MIP_Strategy_BBInterval=30;CPXPARAM_MIP_Strategy_Branch=0;CPXPARAM_MIP_Strategy_Dive=0;CPXPARAM_MIP_Strategy_File=1;CPXPARAM_MIP_Strategy_HeuristicFreq=0;CPXPARAM_MIP_Strategy_LBHeur=0;CPXPARAM_MIP_Strategy_NodeSelect=1;CPXPARAM_MIP_Strategy_Order=1;CPXPARAM_MIP_Strategy_PresolveNode=0;CPXPARAM_MIP_Strategy_Probe=3;CPXPARAM_MIP_Strategy_RINSHeur=0;CPXPARAM_MIP_Strategy_StartAlgorithm=0;CPXPARAM_MIP_Strategy_SubAlgorithm=0;CPXPARAM_MIP_Strategy_VariableSelect=0;CPXPARAM_Network_NetFind=2;CPXPARAM_Network_Pricing=0;CPXPARAM_Parallel=1;CPXPARAM_Preprocessing_Aggregator=-1;CPXPARAM_Preprocessing_BoundStrength=-1;CPXPARAM_Preprocessing_CoeffReduce=-1;CPXPARAM_Preprocessing_Dependency=-1;CPXPARAM_Preprocessing_Dual=0;CPXPARAM_Preprocessing_Fill=10;CPXPARAM_Preprocessing_NumPass=-1;CPXPARAM_Preprocessing_Presolve=1;CPXPARAM_Preprocessing_QPMakePSD=1;CPXPARAM_Preprocessing_Reduce=3;CPXPARAM_Preprocessing_Relax=-1;CPXPARAM_Preprocessing_RepeatPresolve=-1;CPXPARAM_Preprocessing_Symmetry=-1;CPXPARAM_Read_Scale=0;CPXPARAM_Sifting_Algorithm=0;CPXPARAM_Simplex_Crash=1;CPXPARAM_Simplex_DGradient=0;CPXPARAM_Simplex_Limits_Perturbation=0;CPXPARAM_Simplex_Limits_Singularity=10;CPXPARAM_Simplex_PGradient=0;CPXPARAM_Simplex_Pricing=0;CPXPARAM_Simplex_Refactor=0
2548481258338496797,0,CPXPARAM_Advance=1;CPXPARAM_Barrier_Algorithm=0;CPXPARAM_Barrier_ColNonzeros=0;CPXPARAM_Barrier_Crossover=0;CPXPARAM_Barrier_Limits_Corrections=-1;CPXPARAM_Barrier_Ordering=0;CPXPARAM_Barrier_StartAlg=1;CPXPARAM_Emphasis_MIP=1;CPXPARAM_Emphasis_Memory=0;CPXPARAM_Emphasis_Numerical=0;CPXPARAM_Feasopt_Mode=0;CPXPARAM_LPMethod=0;CPXPARAM_MIP_Cuts_Cliques=2;CPXPARAM_MIP_Cuts_Covers=0;CPXPARAM_MIP_Cuts_Disjunctive=0;CPXPARAM_MIP_Cuts_FlowCovers=-1;CPXPARAM_MIP_Cuts_GUBCovers=2;CPXPARAM_MIP_Cuts_Gomory=2;CPXPARAM_MIP_Cuts_Implied=-1;CPXPARAM_MIP_Cuts_MIRCut=2;CPXPARAM_MIP_Cuts_PathCut=2;CPXPARAM_MIP_Limits_AggForCut=3;CPXPARAM_MIP_Limits_CutPasses=0;CPXPARAM_MIP_Limits_CutsFactor=-1;CPXPARAM_MIP_Limits_GomoryCand=150;CPXPARAM_MIP_Limits_GomoryPass=0;CPXPARAM_MIP_Limits_Nodes=9223372036800000000;CPXPARAM_MIP_Limits_ProbeTime=0;CPXPARAM_MIP_Limits_RepairTries=0;CPXPARAM_MIP_Limits_StrongCand=10;CPXPARAM_MIP_Limits_StrongIt=0;CPXPARAM_MIP_OrderType=0;CPXPARAM_MIP_Strategy_BBInterval=7;CPXPARAM_MIP_Strategy_Branch=0;CPXPARAM_MIP_Strategy_Dive=0;CPXPARAM_MIP_Strategy_File=1;CPXPARAM_MIP_Strategy_HeuristicFreq=0;CPXPARAM_MIP_Strategy_LBHeur=0;CPXPARAM_MIP_Strategy_NodeSelect=1;CPXPARAM_MIP_Strategy_Order=1;CPXPARAM_MIP_Strategy_PresolveNode=0;CPXPARAM_MIP_Strategy_Probe=0;CPXPARAM_MIP_Strategy_RINSHeur=0;CPXPARAM_MIP_Strategy_StartAlgorithm=1;CPXPARAM_MIP_Strategy_SubAlgorithm=5;CPXPARAM_MIP_Strategy_VariableSelect=0;CPXPARAM_Network_NetFind=2;CPXPARAM_Network_Pricing=0;CPXPARAM_Parallel=1;CPXPARAM_Preprocessing_Aggregator=-1;CPXPARAM_Preprocessing_BoundStrength=-1;CPXPARAM_Preprocessing_CoeffReduce=-1;CPXPARAM_Preprocessing_Dependency=-1;CPXPARAM_Preprocessing_Dual=0;CPXPARAM_Preprocessing_Fill=10;CPXPARAM_Preprocessing_NumPass=-1;CPXPARAM_Preprocessing_Presolve=1;CPXPARAM_Preprocessing_QPMakePSD=1;CPXPARAM_Preprocessing_Reduce=3;CPXPARAM_Preprocessing_Relax=-1;CPXPARAM_Preprocessing_RepeatPresolve=-1;CPXPARAM_Preprocessing_Symmetry=3;CPXPARAM_Read_Scale=0;CPXPARAM_Sifting_Algorithm=0;CPXPARAM_Simplex_Crash=1;CPXPARAM_Simplex_DGradient=0;CPXPARAM_Simplex_Limits_Perturbation=0;CPXPARAM_Simplex_Limits_Singularity=10;CPXPARAM_Simplex_PGradient=0;CPXPARAM_Simplex_Pricing=0;CPXPARAM_Simplex_Refactor=0
10584356098569303423,0,CPXPARAM_Advance=1;CPXPARAM_Barrier_Algorithm=0;CPXPARAM_Barrier_ColNonzeros=0;CPXPARAM_Barrier_Crossover=0;CPXPARAM_Barrier_Limits_Corrections=-1;CPXPARAM_Barrier_Ordering=0;CPXPARAM_Barrier_StartAlg=1;CPXPARAM_Emphasis_MIP=1;CPXPARAM_Emphasis_Memory=0;CPXPARAM_Emphasis_Numerical=0;CPXPARAM_Feasopt_Mode=0;CPXPARAM_LPMethod=0;CPXPARAM_MIP_Cuts_Cliques=3;CPXPARAM_MIP_Cuts_Covers=0;CPXPARAM_MIP_Cuts_Disjunctive=2;CPXPARAM_MIP_Cuts_FlowCovers=1;CPXPARAM_MIP_Cuts_GUBCovers=2;CPXPARAM_MIP_Cuts_Gomory=2;CPXPARAM_MIP_Cuts_Implied=1;CPXPARAM_MIP_Cuts_MIRCut=-1;CPXPARAM_MIP_Cuts_PathCut=2;CPXPARAM_MIP_Limits_AggForCut=3;CPXPARAM_MIP_Limits_CutPasses=0;CPXPARAM_MIP_Limits_CutsFactor=-1;CPXPARAM_MIP_Limits_GomoryCand=10;CPXPARAM_MIP_Limits_GomoryPass=0;CPXPARAM_MIP_Limits_Nodes=9223372036800000000;CPXPARAM_MIP_Limits_ProbeTime=1e+75;CPXPARAM_MIP_Limits_RepairTries=0;CPXPARAM_MIP_Limits_StrongCand=10;CPXPARAM_MIP_Limits_StrongIt=0;CPXPARAM_MIP_OrderType=0;CPXPARAM_MIP_Strategy_BBInterval=7;CPXPARAM_MIP_Strategy_Branch=0;CPXPARAM_MIP_Strategy_Dive=0;CPXPARAM_MIP_Strategy_File=1;CPXPARAM_MIP_Strategy_HeuristicFreq=0;CPXPARAM_MIP_Strategy_LBHeur=0;CPXPARAM_MIP_Strategy_NodeSelect=1;CPXPARAM_MIP_Strategy_Order=1;CPXPARAM_MIP_Strategy_PresolveNode=0;CPXPARAM_MIP_Strategy_Probe=0;CPXPARAM_MIP_Strategy_RINSHeur=0;CPXPARAM_MIP_Strategy_StartAlgorithm=0;CPXPARAM_MIP_Strategy_SubAlgorithm=0;CPXPARAM_MIP_Strategy_VariableSelect=0;CPXPARAM_Network_NetFind=2;CPXPARAM_Network_Pricing=0;CPXPARAM_Parallel=1;CPXPARAM_Preprocessing_Aggregator=-1;CPXPARAM_Preprocessing_BoundStrength=-1;CPXPARAM_Preprocessing_CoeffReduce=-1;CPXPARAM_Preprocessing_Dependency=-1;CPXPARAM_Preprocessing_Dual=0;CPXPARAM_Preprocessing_Fill=10;CPXPARAM_Preprocessing_NumPass=-1;CPXPARAM_Preprocessing_Presolve=1;CPXPARAM_Preprocessing_QPMakePSD=1;CPXPARAM_Preprocessing_Reduce=3;CPXPARAM_Preprocessing_Relax=-1;CPXPARAM_Preprocessing_RepeatPresolve=-1;CPXPARAM_Preprocessing_Symmetry=-1;CPXPARAM_Read_Scale=0;CPXPARAM_Sifting_Algorithm=0;CPXPARAM_Simplex_Crash=1;CPXPARAM_Simplex_DGradient=0;CPXPARAM_Simplex_Limits_Perturbation=0;CPXPARAM_Simplex_Limits_Singularity=10;CPXPARAM_Simplex_PGradient=0;CPXPARAM_Simplex_Pricing=0;CPXPARAM_Simplex_Refactor=0
14844203185469339643,0,CPXPARAM_Advance=1;CPXPARAM_Barrier_Algorithm=0;CPXPARAM_Barrier_ColNonzeros=0;CPXPARAM_Barrier_Crossover=0;CPXPARAM_Barrier_Limits_Corrections=-1;CPXPARAM_Barrier_Ordering=0;CPXPARAM_Barrier_StartAlg=1;CPXPARAM_Emphasis_MIP=1;CPXPARAM_Emphasis_Memory=0;CPXPARAM_Emphasis_Numerical=0;CPXPARAM_Feasopt_Mode=0;CPXPARAM_LPMethod=0;CPXPARAM_MIP_Cuts_Cliques=0;CPXPARAM_MIP_Cuts_Covers=0;CPXPARAM_MIP_Cuts_Disjunctive=2;CPXPARAM_MIP_Cuts_FlowCovers=1;CPXPARAM_MIP_Cuts_GUBCovers=2;CPXPARAM_MIP_Cuts_Gomory=2;CPXPARAM_MIP_Cuts_Implied=1;CPXPARAM_MIP_Cuts_MIRCut=-1;CPXPARAM_MIP_Cuts_PathCut=-1;CPXPARAM_MIP_Limits_AggForCut=3;CPXPARAM_MIP_Limits_CutPasses=0;CPXPARAM_MIP_Limits_CutsFactor=-1;CPXPARAM_MIP_Limits_GomoryCand=800;CPXPARAM_MIP_Limits_GomoryPass=0;CPXPARAM_MIP_Limits_Nodes=9223372036800000000;CPXPARAM_MIP_Limits_ProbeTime=0;CPXPARAM_MIP_Limits_RepairTries=0;CPXPARAM_MIP_Limits_StrongCand=10;CPXPARAM_MIP_Limits_StrongIt=0;CPXPARAM_MIP_OrderType=0;CPXPARAM_MIP_Strategy_BBInterval=7;CPXPARAM_MIP_Strategy_Branch=0;CPXPARAM_MIP_Strategy_Dive=0;CPXPARAM_MIP_Strategy_File=1;CPXPARAM_MIP_Strategy_HeuristicFreq=0;CPXPARAM_MIP_Strategy_LBHeur=0;CPXPARAM_MIP_Strategy_NodeSelect=1;CPXPARAM_MIP_Strategy_Order=1;CPXPARAM_MIP_Strategy_PresolveNode=0;CPXPARAM_MIP_Strategy_Probe=3;CPXPARAM_MIP_Strategy_RINSHeur=0;CPXPARAM_MIP_Strategy_StartAlgorithm=5;CPXPARAM_MIP_Strategy_SubAlgorithm=0;CPXPARAM_MIP_Strategy_VariableSelect=0;CPXPARAM_Network_NetFind=2;CPXPARAM_Network_Pricing=0;CPXPARAM_Parallel=1;CPXPARAM_Preprocessing_Aggregator=-1;CPXPARAM_Preprocessing_BoundStrength=-1;CPXPARAM_Preprocessing_CoeffReduce=-1;CPXPARAM_Preprocessing_Dependency=-1;CPXPARAM_Preprocessing_Dual=0;CPXPARAM_Preprocessing_Fill=10;CPXPARAM_Preprocessing_NumPass=-1;CPXPARAM_Preprocessing_Presolve=1;CPXPARAM_Preprocessing_QPMakePSD=1;CPXPARAM_Preprocessing_Reduce=3;CPXPARAM_Preprocessing_Relax=-1;CPXPARAM_Preprocessing_RepeatPresolve=-1;CPXPARAM_Preprocessing_Symmetry=4;CPXPARAM_Read_Scale=0;CPXPARAM_Sifting_Algorithm=0;CPXPARAM_Simplex_Crash=1;CPXPARAM_Simplex_DGradient=0;CPXPARAM_Simplex_Limits_Perturbation=0;CPXPARAM_Simplex_Limits_Singularity=10;CPXPARAM_Simplex_PGradient=0;CPXPARAM_Simplex_Pricing=0;CPXPARAM_Simplex_Refactor=0
8017012592669220322,0,CPXPARAM_Advance=1;CPXPARAM_Barrier_Algorithm=0;CPXPARAM_Barrier_ColNonzeros=0;CPXPARAM_Barrier_Crossover=0;CPXPARAM_Barrier_Limits_Corrections=-1;CPXPARAM_Barrier_Ordering=0;CPXPARAM_Barrier_StartAlg=2;CPXPARAM_Emphasis_MIP=1;CPXPARAM_Emphasis_Memory=0;CPXPARAM_Emphasis_Numerical=0;CPXPARAM_Feasopt_Mode=0;CPXPARAM_LPMethod=0;CPXPARAM_MIP_Cuts_Cliques=0;CPXPARAM_MIP_Cuts_Covers=0;CPXPARAM_MIP_Cuts_Disjunctive=2;CPXPARAM_MIP_Cuts_FlowCovers=1;CPXPARAM_MIP_Cuts_GUBCovers=2;CPXPARAM_MIP_Cuts_Gomory=2;CPXPARAM_MIP_Cuts_Implied=1;CPXPARAM_MIP_Cuts_MIRCut=-1;CPXPARAM_MIP_Cuts_PathCut=2;CPXPARAM_MIP_Limits_AggForCut=3;CPXPARAM_MIP_Limits_CutPasses=0;CPXPARAM_MIP_Limits_CutsFactor=-1;CPXPARAM_MIP_Limits_GomoryCand=800;CPXPARAM_MIP_Limits_GomoryPass=0;CPXPARAM_MIP_Limits_Nodes=9223372036800000000;CPXPARAM_MIP_Limits_ProbeTime=0;CPXPARAM_MIP_Limits_RepairTries=0;CPXPARAM_MIP_Limits_StrongCand=10;CPXPARAM_MIP_Limits_StrongIt=0;CPXPARAM_MIP_OrderType=0;CPXPARAM_MIP_Strategy_BBInterval=7;CPXPARAM_MIP_Strategy_Branch=0;CPXPARAM_MIP_Strategy_Dive=0;CPXPARAM_MIP_Strategy_File=1;CPXPARAM_MIP_Strategy_HeuristicFreq=0;CPXPARAM_MIP_Strategy_LBHeur=0;CPXPARAM_MIP_Strategy_NodeSelect=1;CPXPARAM_MIP_Strategy_Order=1;CPXPARAM_MIP_Strategy_PresolveNode=0;CPXPARAM_MIP_Strategy_Probe=3;CPXPARAM_MIP_Strategy_RINSHeur=0;CPXPARAM_MIP_Strategy_StartAlgorithm=5;CPXPARAM_MIP_Strategy_SubAlgorithm=0;CPXPARAM_MIP_Strategy_VariableSelect=0;CPXPARAM_Network_NetFind=3;CPXPARAM_Network_Pricing=0;CPXPARAM_Parallel=1;CPXPARAM_Preprocessing_Aggregator=-1;CPXPARAM_Preprocessing_BoundStrength=-1;CPXPARAM_Preprocessing_CoeffReduce=-1;CPXPARAM_Preprocessing_Dependency=-1;CPXPARAM_Preprocessing_Dual=0;CPXPARAM_Preprocessing_Fill=10;CPXPARAM_Preprocessing_NumPass=-1;CPXPARAM_Preprocessing_Presolve=1;CPXPARAM_Preprocessing_QPMakePSD=1;CPXPARAM_Preprocessing_Reduce=3;CPXPARAM_Preprocessing_Relax=-1;CPXPARAM_Preprocessing_RepeatPresolve=-1;CPXPARAM_Preprocessing_Symmetry=4;CPXPARAM_Read_Scale=0;CPXPARAM_Sifting_Algorithm=0;CPXPARAM_Simplex_Crash=1;CPXPARAM_Simplex_DGradient=2;CPXPARAM_Simplex_Limits_Perturbation=0;CPXPARAM_Simplex_Limits_Singularity=10;CPXPARAM_Simplex_PGradient=0;CPXPARAM_Simplex_Pricing=0;CPXPARAM_Simplex_Refactor=0
5640384790244750597,0,CPXPARAM_Advance=1;CPXPARAM_Barrier_Algorithm=0;CPXPARAM_Barrier_ColNonzeros=0;CPXPARAM_Barrier_Crossover=0;CPXPARAM_Barrier_Limits_Corrections=-1;CPXPARAM_Barrier_Ordering=0;CPXPARAM_Barrier_StartAlg=1;CPXPARAM_Emphasis_MIP=1;CPXPARAM_Emphasis_Memory=0;CPXPARAM_Emphasis_Numerical=0;CPXPARAM_Feasopt_Mode=0;CPXPARAM_LPMethod=0;CPXPARAM_MIP_Cuts_Cliques=0;CPXPARAM_MIP_Cuts_Covers=0;CPXPARAM_MIP_Cuts_Disjunctive=2;CPXPARAM_MIP_Cuts_FlowCovers=1;CPXPARAM_MIP_Cuts_GUBCovers=2;CPXPARAM_MIP_Cuts_Gomory=2;CPXPARAM_MIP_Cuts_Implied=1;CPXPARAM_MIP_Cuts_MIRCut=1;CPXPARAM_MIP_Cuts_PathCut=2;CPXPARAM_MIP_Limits_AggForCut=3;CPXPARAM_MIP_Limits_CutPasses=0;CPXPARAM_MIP_Limits_CutsFactor=-1;CPXPARAM_MIP_Limits_GomoryCand=800;CPXPARAM_MIP_Limits_GomoryPass=0;CPXPARAM_MIP_Limits_Nodes=9223372036800000000;CPXPARAM_MIP_Limits_ProbeTime=0;CPXPARAM_MIP_Limits_RepairTries=0;CPXPARAM_MIP_Limits_StrongCand=10;CPXPARAM_MIP_Limits_StrongIt=0;CPXPARAM_MIP_OrderType=0;CPXPARAM_MIP_Strategy_BBInterval=7;CPXPARAM_MIP_Strategy_Branch=0;CPXPARAM_MIP_Strategy_Dive=0;CPXPARAM_MIP_Strategy_File=1;CPXPARAM_MIP_Strategy_HeuristicFreq=0;CPXPARAM_MIP_Strategy_LBHeur=0;CPXPARAM_MIP_Strategy_NodeSelect=1;CPXPARAM_MIP_Strategy_Order=1;CPXPARAM_MIP_Strategy_PresolveNode=0;CPXPARAM_MIP_Strategy_Probe=3;CPXPARAM_MIP_Strategy_RINSHeur=0;CPXPARAM_MIP_Strategy_StartAlgorithm=5;CPXPARAM_MIP_Strategy_SubAlgorithm=0;CPXPARAM_MIP_Strategy_VariableSelect=0;CPXPARAM_Network_NetFind=2;CPXPARAM_Network_Pricing=0;CPXPARAM_Parallel=1;CPXPARAM_Preprocessing_Aggregator=-1;CPXPARAM_Preprocessing_BoundStrength=-1;CPXPARAM_Preprocessing_CoeffReduce=-1;CPXPARAM_Preprocessing_Dependency=-1;CPXPARAM_Preprocessing_Dual=0;CPXPARAM_Preprocessing_Fill=10;CPXPARAM_Preprocessing_NumPass=-1;CPXPARAM_Preprocessing_Presolve=1;CPXPARAM_Preprocessing_QPMakePSD=1;CPXPARAM_Preprocessing_Reduce=3;CPXPARAM_Preprocessing_Relax=-1;CPXPARAM_Preprocessing_RepeatPresolve=-1;CPXPARAM_Preprocessing_Symmetry=4;CPXPARAM_Read_Scale=0;CPXPARAM_Sifting_Algorithm=0;CPXPARAM_Simplex_Crash=1;CPXPARAM_Simplex_DGradient=0;CPXPARAM_Simplex_Limits_Perturbation=0;CPXPARAM_Simplex_Limits_Singularity=10;CPXPARAM_Simplex_PGradient=0;CPXPARAM_Simplex_Pricing=0;CPXPARAM_Simplex_Refactor=0
8223808130737911471,0,CPXPARAM_Advance=1;CPXPARAM_Barrier_Algorithm=0;CPXPARAM_Barrier_ColNonzeros=0;CPXPARAM_Barrier_Crossover=0;CPXPARAM_Barrier_Limits_Corrections=-1;CPXPARAM_Barrier_Ordering=0;CPXPARAM_Barrier_StartAlg=1;CPXPARAM_Emphasis_MIP=1;CPXPARAM_Emphasis_Memory=0;CPXPARAM_Emphasis_Numerical=0;CPXPARAM_Feasopt_Mode=0;CPXPARAM_LPMethod=0;CPXPARAM_MIP_Cuts_Cliques=0;CPXPARAM_MIP_Cuts_Covers=0;CPXPARAM_MIP_Cuts_Disjunctive=2;CPXPARAM_MIP_Cuts_FlowCovers=1;CPXPARAM_MIP_Cuts_GUBCovers=2;CPXPARAM_MIP_Cuts_Gomory=2;CPXPARAM_MIP_Cuts_Implied=1;CPXPARAM_MIP_Cuts_MIRCut=-1;CPXPARAM_MIP_Cuts_PathCut=2;CPXPARAM_MIP_Limits_AggForCut=3;CPXPARAM_MIP_Limits_CutPasses=0;CPXPARAM_MIP_Limits_CutsFactor=-1;CPXPARAM_MIP_Limits_GomoryCand=800;CPXPARAM_MIP_Limits_GomoryPass=0;CPXPARAM_MIP_Limits_Nodes=9223372036800000000;CPXPARAM_MIP_Limits_ProbeTime=1e+75;CPXPARAM_MIP_Limits_RepairTries=0;CPXPARAM_MIP_Limits_StrongCand=10;CPXPARAM_MIP_Limits_StrongIt=0;CPXPARAM_MIP_OrderType=0;CPXPARAM_MIP_Strategy_BBInterval=7;CPXPARAM_MIP_Strategy_Branch=0;CPXPARAM_MIP_Strategy_Dive=0;CPXPARAM_MIP_Strategy_File=1;CPXPARAM_MIP_Strategy_HeuristicFreq=0;CPXPARAM_MIP_Strategy_LBHeur=0;CPXPARAM_MIP_Strategy_NodeSelect=3;CPXPARAM_MIP_Strategy_Order=1;CPXPARAM_MIP_Strategy_PresolveNode=0;CPXPARAM_MIP_Strategy_Probe=3;CPXPARAM_MIP_Strategy_RINSHeur=0;CPXPARAM_MIP_Strategy_StartAlgorithm=0;CPXPARAM_MIP_Strategy_SubAlgorithm=0;CPXPARAM_MIP_Strategy_VariableSelect=0;CPXPARAM_Network_NetFind=2;CPXPARAM_Network_Pricing=0;CPXPARAM_Parallel=1;CPXPARAM_Preprocessing_Aggregator=-1;CPXPARAM_Preprocessing_BoundStrength=-1;CPXPARAM_Preprocessing_CoeffReduce=-1;CPXPARAM_Preprocessing_Dependency=-1;CPXPARAM_Preprocessing_Dual=0;CPXPARAM_Preprocessing_Fill=10;CPXPARAM_Preprocessing_NumPass=-1;CPXPARAM_Preprocessing_Presolve=1;CPXPARAM_Preprocessing_QPMakePSD=1;CPXPARAM_Preprocessing_Reduce=3;CPXPARAM_Preprocessing_Relax=-1;CPXPARAM_Preprocessing_RepeatPresolve=-1;CPXPARAM_Preprocessing_Symmetry=-1;CPXPARAM_Read_Scale=0;CPXPARAM_Sifting_Algorithm=0;CPXPARAM_Simplex_Crash=1;CPXPARAM_Simplex_DGradient=0;CPXPARAM_Simplex_Limits_Perturbation=0;CPXPARAM_Simplex_Limits_Singularity=10;CPXPARAM_Simplex_PGradient=0;CPXPARAM_Simplex_Pricing=0;CPXPARAM_Simplex_Refactor=0
14543632289110382716,0,CPXPARAM_Advance=1;CPXPARAM_Barrier_Algorithm=0;CPXPARAM_Barrier_ColNonzeros=0;CPXPARAM_Barrier_Crossover=0;CPXPARAM_Barrier_Limits_Corrections=-1;CPXPARAM_Barrier_Ordering=0;CPXPARAM_Barrier_StartAlg=1;CPXPARAM_Emphasis_MIP=1;CPXPARAM_Emphasis_Memory=0;CPXPARAM_Emphasis_Numerical=0;CPXPARAM_Feasopt_Mode=0;CPXPARAM_LPMethod=0;CPXPARAM_MIP_Cuts_Cliques=0;CPXPARAM_MIP_Cuts_Covers=0;CPXPARAM_MIP_Cuts_Disjunctive=2;CPXPARAM_MIP_Cuts_FlowCovers=1;CPXPARAM_MIP_Cuts_GUBCovers=2;CPXPARAM_MIP_Cuts_Gomory=2;CPXPARAM_MIP_Cuts_Implied=1;CPXPARAM_MIP_Cuts_MIRCut=-1;CPXPARAM_MIP_Cuts_PathCut=2;CPXPARAM_MIP_Limits_AggForCut=3;CPXPARAM_MIP_Limits_CutPasses=0;CPXPARAM_MIP_Limits_CutsFactor=-1;CPXPARAM_MIP_Limits_GomoryCand=800;CPXPARAM_MIP_Limits_GomoryPass=0;CPXPARAM_MIP_Limits_Nodes=9223372036800000000;CPXPARAM_MIP_Limits_ProbeTime=2;CPXPARAM_MIP_Limits_RepairTries=0;CPXPARAM_MIP_Limits_StrongCand=10;CPXPARAM_MIP_Limits_StrongIt=0;CPXPARAM_MIP_OrderType=0;CPXPARAM_MIP_Strategy_BBInterval=7;CPXPARAM_MIP_Strategy_Branch=0;CPXPARAM_MIP_Strategy_Dive=0;CPXPARAM_MIP_Strategy_File=1;CPXPARAM_MIP_Strategy_HeuristicFreq=0;CPXPARAM_MIP_Strategy_LBHeur=0;CPXPARAM_MIP_Strategy_NodeSelect=1;CPXPARAM_MIP_Strategy_Order=1;CPXPARAM_MIP_Strategy_PresolveNode=0;CPXPARAM_MIP_Strategy_Probe=3;CPXPARAM_MIP_Strategy_RINSHeur=0;CPXPARAM_MIP_Strategy_StartAlgorithm=0;CPXPARAM_MIP_Strategy_SubAlgorithm=0;CPXPARAM_MIP_Strategy_VariableSelect=0;CPXPARAM_Network_NetFind=2;CPXPARAM_Network_Pricing=0;CPXPARAM_Parallel=1;CPXPARAM_Preprocessing_Aggregator=-1;CPXPARAM_Preprocessing_BoundStrength=-1;CPXPARAM_Preprocessing_CoeffReduce=-1;CPXPARAM_Preprocessing_Dependency=-1;CPXPARAM_Preprocessing_Dual=0;CPXPARAM_Preprocessing_Fill=10;CPXPARAM_Preprocessing_NumPass=-1;CPXPARAM_Preprocessing_Presolve=1;CPXPARAM_Preprocessing_QPMakePSD=1;CPXPARAM_Preprocessing_Reduce=3;CPXPARAM_Preprocessing_Relax=-1;CPXPARAM_Preprocessing_RepeatPresolve=-1;CPXPARAM_Preprocessing_Symmetry=-1;CPXPARAM_Read_Scale=0;CPXPARAM_Sifting_Algorithm=0;CPXPARAM_Simplex_Crash=1;CPXPARAM_Simplex_DGradient=0;CPXPARAM_Simplex_Limits_Perturbation=0;CPXPARAM_Simplex_Limits_Singularity=10;CPXPARAM_Simplex_PGradient=0;CPXPARAM_Simplex_Pricing=0;CPXPARAM_Simplex_Refactor=0
4439430460140995008,0,CPXPARAM_Advance=1;CPXPARAM_Barrier_Algorithm=0;CPXPARAM_Barrier_ColNonzeros=0;CPXPARAM_Barrier_Crossover=0;CPXPARAM_Barrier_Limits_Corrections=-1;CPXPARAM_Barrier_Ordering=0;CPXPARAM_Barrier_StartAlg=1;CPXPARAM_Emphasis_MIP=1;CPXPARAM_Emphasis_Memory=0;CPXPARAM_Emphasis_Numerical=0;CPXPARAM_Feasopt_Mode=0;CPXPARAM_LPMethod=0;CPXPARAM_MIP_Cuts_Cliques=0;CPXPARAM_MIP_Cuts_Covers=0;CPXPARAM_MIP_Cuts_Disjunctive=2;CPXPARAM_MIP_Cuts_FlowCovers=1;CPXPARAM_MIP_Cuts_GUBCovers=2;CPXPARAM_MIP_Cuts_Gomory=2;CPXPARAM_MIP_Cuts_Implied=1;CPXPARAM_MIP_Cuts_MIRCut=-1;CPXPARAM_MIP_Cuts_PathCut=2;CPXPARAM_MIP_Limits_AggForCut=3;CPXPARAM_MIP_Limits_CutPasses=0;CPXPARAM_MIP_Limits_CutsFactor=-1;CPXPARAM_MIP_Limits_GomoryCand=800;CPXPARAM_MIP_Limits_GomoryPass=0;CPXPARAM_MIP_Limits_Nodes=9223372036800000000;CPXPARAM_MIP_Limits_ProbeTime=1e+75;CPXPARAM_MIP_Limits_RepairTries=0;CPXPARAM_MIP_Limits_StrongCand=10;CPXPARAM_MIP_Limits_StrongIt=0;CPXPARAM_MIP_OrderType=0;CPXPARAM_MIP_Strategy_BBInterval=7;CPXPARAM_MIP_Strategy_Branch=0;CPXPARAM_MIP_Strategy_Dive=0;CPXPARAM_MIP_Strategy_File=1;CPXPARAM_MIP_Strategy_HeuristicFreq=0;CPXPARAM_MIP_Strategy_LBHeur=0;CPXPARAM_MIP_Strategy_NodeSelect=1;CPXPARAM_MIP_Strategy_Order=0;CPXPARAM_MIP_Strategy_PresolveNode=0;CPXPARAM_MIP_Strategy_Probe=3;CPXPARAM_MIP_Strategy_RINSHeur=0;CPXPARAM_MIP_Strategy_StartAlgorithm=0;CPXPARAM_MIP_Strategy_SubAlgorithm=0;CPXPARAM_MIP_Strategy_VariableSelect=0;CPXPARAM_Network_NetFind=2;CPXPARAM_Network_Pricing=0;CPXPARAM_Parallel=1;CPXPARAM_Preprocessing_Aggregator=-1;CPXPARAM_Preprocessing_BoundStrength=-1;CPXPARAM_Preprocessing_CoeffReduce=-1;CPXPARAM_Preprocessing_Dependency=-1;CPXPARAM_Preprocessing_Dual=0;CPXPARAM_Preprocessing_Fill=10;CPXPARAM_Preprocessing_NumPass=-1;CPXPARAM_Preprocessing_Presolve=1;CPXPARAM_Preprocessing_QPMakePSD=1;CPXPARAM_Preprocessing_Reduce=3;CPXPARAM_Preprocessing_Relax=-1;CPXPARAM_Preprocessing_RepeatPresolve=-1;CPXPARAM_Preprocessing_Symmetry=-1;CPXPARAM_Read_Scale=0;CPXPARAM_Sifting_Algorithm=0;CPXPARAM_Simplex_Crash=1;CPXPARAM_Simplex_DGradient=0;CPXPARAM_Simplex_Limits_Perturbation=0;CPXPARAM_Simplex_Limits_Singularity=10;CPXPARAM_Simplex_PGradient=0;CPXPARAM_Simplex_Pricing=0;CPXPARAM_Simplex_Refactor=0
14326704970395342085,0,CPXPARAM_Advance=1;CPXPARAM_Barrier_Algorithm=0;CPXPARAM_Barrier_ColNonzeros=0;CPXPARAM_Barrier_Crossover=0;CPXPARAM_Barrier_Limits_Corrections=-1;CPXPARAM_Barrier_Ordering=0;CPXPARAM_Barrier_StartAlg=1;CPXPARAM_Emphasis_MIP=1;CPXPARAM_Emphasis_Memory=0;CPXPARAM_Emphasis_Numerical=0;CPXPARAM_Feasopt_Mode=0;CPXPARAM_LPMethod=0;CPXPARAM_MIP_Cuts_Cliques=0;CPXPARAM_MIP_Cuts_Covers=0;CPXPARAM_MIP_Cuts_Disjunctive=2;CPXPARAM_MIP_Cuts_FlowCovers=1;CPXPARAM_MIP_Cuts_GUBCovers=2;CPXPARAM_MIP_Cuts_Gomory=2;CPXPARAM_MIP_Cuts_Implied=1;CPXPARAM_MIP_Cuts_MIRCut=-1;CPXPARAM_MIP_Cuts_PathCut=2;CPXPARAM_MIP_Limits_AggForCut=3;CPXPARAM_MIP_Limits_CutPasses=0;CPXPARAM_MIP_Limits_CutsFactor=-1;CPXPARAM_MIP_Limits_GomoryCand=800;CPXPARAM_MIP_Limits_GomoryPass=0;CPXPARAM_MIP_Limits_Nodes=9223372036800000000;CPXPARAM_MIP_Limits_ProbeTime=1e+75;CPXPARAM_MIP_Limits_RepairTries=0;CPXPARAM_MIP_Limits_StrongCand=10;CPXPARAM_MIP_Limits_StrongIt=0;CPXPARAM_MIP_OrderType=0;CPXPARAM_MIP_Strategy_BBInterval=0;CPXPARAM_MIP_Strategy_Branch=0;CPXPARAM_MIP_Strategy_Dive=0;CPXPARAM_MIP_Strategy_File=1;CPXPARAM_MIP_Strategy_HeuristicFreq=0;CPXPARAM_MIP_Strategy_LBHeur=0;CPXPARAM_MIP_Strategy_NodeSelect=1;CPXPARAM_MIP_Strategy_Order=1;CPXPARAM_MIP_Strategy_PresolveNode=0;CPXPARAM_MIP_Strategy_Probe=3;CPXPARAM_MIP_Strategy_RINSHeur=0;CPXPARAM_MIP_Strategy_StartAlgorithm=0;CPXPARAM_MIP_Strategy_SubAlgorithm=0;CPXPARAM_MIP_Strategy_VariableSelect=0;CPXPARAM_Network_NetFind=2;CPXPARAM_Network_Pricing=0;CPXPARAM_Parallel=1;CPXPARAM_Preprocessing_Aggregator=-1;CPXPARAM_Preprocessing_BoundStrength=-1;CPXPARAM_Preprocessing_CoeffReduce=-1;CPXPARAM_Preprocessing_Dependency=-1;CPXPARAM_Preprocessing_Dual=0;CPXPARAM_Preprocessing_Fill=10;CPXPARAM_Preprocessing_NumPass=-1;CPXPARAM_Preprocessing_Presolve=1;CPXPARAM_Preprocessing_QPMakePSD=1;CPXPARAM_Preprocessing_Reduce=3;CPXPARAM_Preprocessing_Relax=-1;CPXPARAM_Preprocessing_RepeatPresolve=-1;CPXPARAM_Preprocessing_Symmetry=-1;CPXPARAM_Read_Scale=0;CPXPARAM_Sifting_Algorithm=0;CPXPARAM_Simplex_Crash=1;CPXPARAM_Simplex_DGradient=0;CPXPARAM_Simplex_Limits_Perturbation=0;CPXPARAM_Simplex_Limits_Singularity=10;CPXPARAM_Simplex_PGradient=0;CPXPARAM_Simplex_Pricing=0;CPXPARAM_Simplex_Refactor=0
3525267935989378728,0,CPXPARAM_Advance=1;CPXPARAM_Barrier_Algorithm=0;CPXPARAM_Barrier_ColNonzeros=0;CPXPARAM_Barrier_Crossover=0;CPXPARAM_Barrier_Limits_Corrections=-1;CPXPARAM_Barrier_Ordering=0;CPXPARAM_Barrier_StartAlg=2;CPXPARAM_Emphasis_MIP=1;CPXPARAM_Emphasis_Memory=0;CPXPARAM_Emphasis_Numerical=0;CPXPARAM_Feasopt_Mode=0;CPXPARAM_LPMethod=0;CPXPARAM_MIP_Cuts_Cliques=0;CPXPARAM_MIP_Cuts_Covers=0;CPXPARAM_MIP_Cuts_Disjunctive=2;CPXPARAM_MIP_Cuts_FlowCovers=1;CPXPARAM_MIP_Cuts_GUBCovers=2;CPXPARAM_MIP_Cuts_Gomory=2;CPXPARAM_MIP_Cuts_Implied=1;CPXPARAM_MIP_Cuts_MIRCut=-1;CPXPARAM_MIP_Cuts_PathCut=2;CPXPARAM_MIP_Limits_AggForCut=3;CPXPARAM_MIP_Limits_CutPasses=0;CPXPARAM_MIP_Limits_CutsFactor=-1;CPXPARAM_MIP_Limits_GomoryCand=800;CPXPARAM_MIP_Limits_GomoryPass=0;CPXPARAM_MIP_Limits_Nodes=9223372036800000000;CPXPARAM_MIP_Limits_ProbeTime=0;CPXPARAM_MIP_Limits_RepairTries=0;CPXPARAM_MIP_Limits_StrongCand=10;CPXPARAM_MIP_Limits_StrongIt=0;CPXPARAM_MIP_OrderType=0;CPXPARAM_MIP_Strategy_BBInterval=7;CPXPARAM_MIP_Strategy_Branch=0;CPXPARAM_MIP_Strategy_Dive=0;CPXPARAM_MIP_Strategy_File=1;CPXPARAM_MIP_Strategy_HeuristicFreq=0;CPXPARAM_MIP_Strategy_LBHeur=0;CPXPARAM_MIP_Strategy_NodeSelect=1;CPXPARAM_MIP_Strategy_Order=1;CPXPARAM_MIP_Strategy_PresolveNode=0;CPXPARAM_MIP_Strategy_Probe=3;CPXPARAM_MIP_Strategy_RINSHeur=0;CPXPARAM_MIP_Strategy_StartAlgorithm=5;CPXPARAM_MIP_Strategy_SubAlgorithm=0;CPXPARAM_MIP_Strategy_VariableSelect=0;CPXPARAM_Network_NetFind=2;CPXPARAM_Network_Pricing=0;CPXPARAM_Parallel=1;CPXPARAM_Preprocessing_Aggregator=-1;CPXPARAM_Preprocessing_BoundStrength=-1;CPXPARAM_Preprocessing_CoeffReduce=-1;CPXPARAM_Preprocessing_Dependency=-1;CPXPARAM_Preprocessing_Dual=0;CPXPARAM_Preprocessing_Fill=10;CPXPARAM_Preprocessing_NumPass=-1;CPXPARAM_Preprocessing_Presolve=1;CPXPARAM_Preprocessing_QPMakePSD=1;CPXPARAM_Preprocessing_Reduce=3;CPXPARAM_Preprocessing_Relax=-1;CPXPARAM_Preprocessing_RepeatPresolve=-1;CPXPARAM_Preprocessing_Symmetry=4;CPXPARAM_Read_Scale=0;CPXPARAM_Sifting_Algorithm=0;CPXPARAM_Simplex_Crash=1;CPXPARAM_Simplex_DGradient=5;CPXPARAM_Simplex_Limits_Perturbation=0;CPXPARAM_Simplex_Limits_Singularity=10;CPXPARAM_Simplex_PGradient=0;CPXPARAM_Simplex_Pricing=0;CPXPARAM_Simplex_Refactor=0
314921885178806829,0,CPXPARAM_Advance=1;CPXPARAM_Barrier_Algorithm=0;CPXPARAM_Barrier_ColNonzeros=0;CPXPARAM_Barrier_Crossover=2;CPXPARAM_Barrier_Limits_Corrections=-1;CPXPARAM_Barrier_Ordering=0;CPXPARAM_Barrier_StartAlg=2;CPXPARAM_Emphasis_MIP=4;CPXPARAM_Emphasis_Memory=0;CPXPARAM_Emphasis_Numerical=0;CPXPARAM_Feasopt_Mode=4;CPXPARAM_LPMethod=0;CPXPARAM_MIP_Cuts_Cliques=0;CPXPARAM_MIP_Cuts_Covers=0;CPXPARAM_MIP_Cuts_Disjunctive=-1;CPXPARAM_MIP_Cuts_FlowCovers=1;CPXPARAM_MIP_Cuts_GUBCovers=2;CPXPARAM_MIP_Cuts_Gomory=-1;CPXPARAM_MIP_Cuts_Implied=-1;CPXPARAM_MIP_Cuts_MIRCut=2;CPXPARAM_MIP_Cuts_PathCut=1;CPXPARAM_MIP_Limits_AggForCut=3;CPXPARAM_MIP_Limits_CutPasses=0;CPXPARAM_MIP_Limits_CutsFactor=-1;CPXPARAM_MIP_Limits_GomoryCand=100;CPXPARAM_MIP_Limits_GomoryPass=0;CPXPARAM_MIP_Limits_Nodes=9223372036800000000;CPXPARAM_MIP_Limits_ProbeTime=20;CPXPARAM_MIP_Limits_RepairTries=0;CPXPARAM_MIP_Limits_StrongCand=10;CPXPARAM_MIP_Limits_StrongIt=0;CPXPARAM_MIP_OrderType=0;CPXPARAM_MIP_Strategy_BBInterval=7;CPXPARAM_MIP_Strategy_Branch=-1;CPXPARAM_MIP_Strategy_Dive=0;CPXPARAM_MIP_Strategy_File=1;CPXPARAM_MIP_Strategy_HeuristicFreq=0;CPXPARAM_MIP_Strategy_LBHeur=0;CPXPARAM_MIP_Strategy_NodeSelect=1;CPXPARAM_MIP_Strategy_Order=1;CPXPARAM_MIP_Strategy_PresolveNode=0;CPXPARAM_MIP_Strategy_Probe=0;CPXPARAM_MIP_Strategy_RINSHeur=0;CPXPARAM_MIP_Strategy_StartAlgorithm=6;CPXPARAM_MIP_Strategy_SubAlgorithm=1;CPXPARAM_MIP_Strategy_VariableSelect=3;CPXPARAM_Network_NetFind=2;CPXPARAM_Network_Pricing=0;CPXPARAM_Parallel=1;CPXPARAM_Preprocessing_Aggregator=-1;CPXPARAM_Preprocessing_BoundStrength=-1;CPXPARAM_Preprocessing_CoeffReduce=-1;CPXPARAM_Preprocessing_Dependency=-1;CPXPARAM_Preprocessing_Dual=0;CPXPARAM_Preprocessing_Fill=10;CPXPARAM_Preprocessing_NumPass=-1;CPXPARAM_Preprocessing_Presolve=1;CPXPARAM_Preprocessing_QPMakePSD=1;CPXPARAM_Preprocessing_Reduce=3;CPXPARAM_Preprocessing_Relax=-1;CPXPARAM_Preprocessing_RepeatPresolve=-1;CPXPARAM_Preprocessing_Symmetry=4;CPXPARAM_Read_Scale=0;CPXPARAM_Sifting_Algorithm=0;CPXPARAM_Simplex_Crash=1;CPXPARAM_Simplex_DGradient=5;CPXPARAM_Simplex_Limits_Perturbation=0;CPXPARAM_Simplex_Limits_Singularity=10;CPXPARAM_Simplex_PGradient=0;CPXPARAM_Simplex_Pricing=0;CPXPARAM_Simplex_Refactor=0
12601035575634133411,0,CPXPARAM_Advance=1;CPXPARAM_Barrier_Algorithm=0;CPXPARAM_Barrier_ColNonzeros=0;CPXPARAM_Barrier_Crossover=0;CPXPARAM_Barrier_Limits_Corrections=-1;CPXPARAM_Barrier_Ordering=0;CPXPARAM_Barrier_StartAlg=1;CPXPARAM_Emphasis_MIP=1;CPXPARAM_Emphasis_Memory=0;CPXPARAM_Emphasis_Numerical=0;CPXPARAM_Feasopt_Mode=0;CPXPARAM_LPMethod=0;CPXPARAM_MIP_Cuts_Cliques=0;CPXPARAM_MIP_Cuts_Covers=0;CPXPARAM_MIP_Cuts_Disjunctive=0;CPXPARAM_MIP_Cuts_FlowCovers=1;CPXPARAM_MIP_Cuts_GUBCovers=2;CPXPARAM_MIP_Cuts_Gomory=2;CPXPARAM_MIP_Cuts_Implied=1;CPXPARAM_MIP_Cuts_MIRCut=-1;CPXPARAM_MIP_Cuts_PathCut=2;CPXPARAM_MIP_Limits_AggForCut=3;CPXPARAM_MIP_Limits_CutPasses=0;CPXPARAM_MIP_Limits_CutsFactor=-1;CPXPARAM_MIP_Limits_GomoryCand=10;CPXPARAM_MIP_Limits_GomoryPass=0;CPXPARAM_MIP_Limits_Nodes=9223372036800000000;CPXPARAM_MIP_Limits_ProbeTime=1e+75;CPXPARAM_MIP_Limits_RepairTries=0;CPXPARAM_MIP_Limits_StrongCand=10;CPXPARAM_MIP_Limits_StrongIt=0;CPXPARAM_MIP_OrderType=0;CPXPARAM_MIP_Strategy_BBInterval=7;CPXPARAM_MIP_Strategy_Branch=0;CPXPARAM_MIP_Strategy_Dive=0;CPXPARAM_MIP_Strategy_File=1;CPXPARAM_MIP_Strategy_HeuristicFreq=0;CPXPARAM_MIP_Strategy_LBHeur=0;CPXPARAM_MIP_Strategy_NodeSelect=1;CPXPARAM_MIP_Strategy_Order=1;CPXPARAM_MIP_Strategy_PresolveNode=0;CPXPARAM_MIP_Strategy_Probe=0;CPXPARAM_MIP_Strategy_RINSHeur=0;CPXPARAM_MIP_Strategy_StartAlgorithm=0;CPXPARAM_MIP_Strategy_SubAlgorithm=0;CPXPARAM_MIP_Strategy_VariableSelect=0;CPXPARAM_Network_NetFind=2;CPXPARAM_Network_Pricing=0;CPXPARAM_Parallel=1;CPXPARAM_Preprocessing_Aggregator=-1;CPXPARAM_Preprocessing_BoundStrength=-1;CPXPARAM_Preprocessing_CoeffReduce=-1;CPXPARAM_Preprocessing_Dependency=-1;CPXPARAM_Preprocessing_Dual=0;CPXPARAM_Preprocessing_Fill=10;CPXPARAM_Preprocessing_NumPass=-1;CPXPARAM_Preprocessing_Presolve=1;CPXPARAM_Preprocessing_QPMakePSD=1;CPXPARAM_Preprocessing_Reduce=3;CPXPARAM_Preprocessing_Relax=-1;CPXPARAM_Preprocessing_RepeatPresolve=-1;CPXPARAM_Preprocessing_Symmetry=-1;CPXPARAM_Read_Scale=0;CPXPARAM_Sifting_Algorithm=0;CPXPARAM_Simplex_Crash=1;CPXPARAM_Simplex_DGradient=0;CPXPARAM_Simplex_Limits_Perturbation=0;CPXPARAM_Simplex_Limits_Singularity=10;CPXPARAM_Simplex_PGradient=0;CPXPARAM_Simplex_Pricing=0;CPXPARAM_Simplex_Refactor=0
7857911464834416270,0,CPXPARAM_Advance=1;CPXPARAM_Barrier_Algorithm=3;CPXPARAM_Barrier_ColNonzeros=0;CPXPARAM_Barrier_Crossover=2;CPXPARAM_Barrier_Limits_Corrections=-1;CPXPARAM_Barrier_Ordering=0;CPXPARAM_Barrier_StartAlg=2;CPXPARAM_Emphasis_MIP=5;CPXPARAM_Emphasis_Memory=0;CPXPARAM_Emphasis_Numerical=0;CPXPARAM_Feasopt_Mode=5;CPXPARAM_LPMethod=0;CPXPARAM_MIP_Cuts_Cliques=3;CPXPARAM_MIP_Cuts_Covers=0;CPXPARAM_MIP_Cuts_Disjunctive=3;CPXPARAM_MIP_Cuts_FlowCovers=2;CPXPARAM_MIP_Cuts_GUBCovers=1;CPXPARAM_MIP_Cuts_Gomory=2;CPXPARAM_MIP_Cuts_Implied=2;CPXPARAM_MIP_Cuts_MIRCut=2;CPXPARAM_MIP_Cuts_PathCut=0;CPXPARAM_MIP_Limits_AggForCut=3;CPXPARAM_MIP_Limits_CutPasses=0;CPXPARAM_MIP_Limits_CutsFactor=-1;CPXPARAM_MIP_Limits_GomoryCand=25;CPXPARAM_MIP_Limits_GomoryPass=0;CPXPARAM_MIP_Limits_Nodes=9223372036800000000;CPXPARAM_MIP_Limits_ProbeTime=0;CPXPARAM_MIP_Limits_RepairTries=0;CPXPARAM_MIP_Limits_StrongCand=10;CPXPARAM_MIP_Limits_StrongIt=0;CPXPARAM_MIP_OrderType=0;CPXPARAM_MIP_Strategy_BBInterval=7;CPXPARAM_MIP_Strategy_Branch=0;CPXPARAM_MIP_Strategy_Dive=0;CPXPARAM_MIP_Strategy_File=1;CPXPARAM_MIP_Strategy_HeuristicFreq=0;CPXPARAM_MIP_Strategy_LBHeur=0;CPXPARAM_MIP_Strategy_NodeSelect=1;CPXPARAM_MIP_Strategy_Order=1;CPXPARAM_MIP_Strategy_PresolveNode=0;CPXPARAM_MIP_Strategy_Probe=3;CPXPARAM_MIP_Strategy_RINSHeur=0;CPXPARAM_MIP_Strategy_StartAlgorithm=2;CPXPARAM_MIP_Strategy_SubAlgorithm=3;CPXPARAM_MIP_Strategy_VariableSelect=4;CPXPARAM_Network_NetFind=2;CPXPARAM_Network_Pricing=0;CPXPARAM_Parallel=1;CPXPARAM_Preprocessing_Aggregator=-1;CPXPARAM_Preprocessing_BoundStrength=1;CPXPARAM_Preprocessing_CoeffReduce=-1;CPXPARAM_Preprocessing_Dependency=-1;CPXPARAM_Preprocessing_Dual=0;CPXPARAM_Preprocessing_Fill=10;CPXPARAM_Preprocessing_NumPass=-1;CPXPARAM_Preprocessing_Presolve=1;CPXPARAM_Preprocessing_QPMakePSD=1;CPXPARAM_Preprocessing_Reduce=2;CPXPARAM_Preprocessing_Relax=-1;CPXPARAM_Preprocessing_RepeatPresolve=-1;CPXPARAM_Preprocessing_Symmetry=4;CPXPARAM_Read_Scale=0;CPXPARAM_Sifting_Algorithm=0;CPXPARAM_Simplex_Crash=-1;CPXPARAM_Simplex_DGradient=1;CPXPARAM_Simplex_Limits_Perturbation=0;CPXPARAM_Simplex_Limits_Singularity=10;CPXPARAM_Simplex_PGradient=0;CPXPARAM_Simplex_Pricing=0;CPXPARAM_Simplex_Refactor=0
22590911929578361,0,CPXPARAM_Advance=1;CPXPARAM_Barrier_Algorithm=0;CPXPARAM_Barrier_ColNonzeros=0;CPXPARAM_Barrier_Crossover=0;CPXPARAM_Barrier_Limits_Corrections=-1;CPXPARAM_Barrier_Ordering=0;CPXPARAM_Barrier_StartAlg=1;CPXPARAM_Emphasis_MIP=1;CPXPARAM_Emphasis_Memory=0;CPXPARAM_Emphasis_Numerical=0;CPXPARAM_Feasopt_Mode=0;CPXPARAM_LPMethod=0;CPXPARAM_MIP_Cuts_Cliques=0;CPXPARAM_MIP_Cuts_Covers=0;CPXPARAM_MIP_Cuts_Disjunctive=2;CPXPARAM_MIP_Cuts_FlowCovers=0;CPXPARAM_MIP_Cuts_GUBCovers=2;CPXPARAM_MIP_Cuts_Gomory=2;CPXPARAM_MIP_Cuts_Implied=1;CPXPARAM_MIP_Cuts_MIRCut=-1;CPXPARAM_MIP_Cuts_PathCut=2;CPXPARAM_MIP_Limits_AggForCut=3;CPXPARAM_MIP_Limits_CutPasses=0;CPXPARAM_MIP_Limits_CutsFactor=-1;CPXPARAM_MIP_Limits_GomoryCand=10;CPXPARAM_MIP_Limits_GomoryPass=0;CPXPARAM_MIP_Limits_Nodes=9223372036800000000;CPXPARAM_MIP_Limits_ProbeTime=1e+75;CPXPARAM_MIP_Limits_RepairTries=0;CPXPARAM_MIP_Limits_StrongCand=10;CPXPARAM_MIP_Limits_StrongIt=0;CPXPARAM_MIP_OrderType=0;CPXPARAM_MIP_Strategy_BBInterval=7;CPXPARAM_MIP_Strategy_Branch=0;CPXPARAM_MIP_Strategy_Dive=0;CPXPARAM_MIP_Strategy_File=1;CPXPARAM_MIP_Strategy_HeuristicFreq=0;CPXPARAM_MIP_Strategy_LBHeur=0;CPXPARAM_MIP_Strategy_NodeSelect=1;CPXPARAM_MIP_Strategy_Order=1;CPXPARAM_MIP_Strategy_PresolveNode=0;CPXPARAM_MIP_Strategy_Probe=0;CPXPARAM_MIP_Strategy_RINSHeur=0;CPXPARAM_MIP_Strategy_StartAlgorithm=0;CPXPARAM_MIP_Strategy_SubAlgorithm=0;CPXPARAM_MIP_Strategy_VariableSelect=0;CPXPARAM_Network_NetFind=2;CPXPARAM_Network_Pricing=0;CPXPARAM_Parallel=1;CPXPARAM_Preprocessing_Aggregator=-1;CPXPARAM_Preprocessing_BoundStrength=-1;CPXPARAM_Preprocessing_CoeffReduce=-1;CPXPARAM_Preprocessing_Dependency=-1;CPXPARAM_Preprocessing_Dual=0;CPXPARAM_Preprocessing_Fill=10;CPXPARAM_Preprocessing_NumPass=-1;CPXPARAM_Preprocessing_Presolve=1;CPXPARAM_Preprocessing_QPMakePSD=1;CPXPARAM_Preprocessing_Reduce=3;CPXPARAM_Preprocessing_Relax=-1;CPXPARAM_Preprocessing_RepeatPresolve=-1;CPXPARAM_Preprocessing_Symmetry=-1;CPXPARAM_Read_Scale=0;CPXPARAM_Sifting_Algorithm=0;CPXPARAM_Simplex_Crash=1;CPXPARAM_Simplex_DGradient=0;CPXPARAM_Simplex_Limits_Perturbation=0;CPXPARAM_Simplex_Limits_Singularity=10;CPXPARAM_Simplex_PGradient=0;CPXPARAM_Simplex_Pricing=0;CPXPARAM_Simplex_Refactor=0
12494464034602892315,0,CPXPARAM_Advance=1;CPXPARAM_Barrier_Algorithm=0;CPXPARAM_Barrier_ColNonzeros=0;CPXPARAM_Barrier_Crossover=0;CPXPARAM_Barrier_Limits_Corrections=-1;CPXPARAM_Barrier_Ordering=0;CPXPARAM_Barrier_StartAlg=1;CPXPARAM_Emphasis_MIP=5;CPXPARAM_Emphasis_Memory=0;CPXPARAM_Emphasis_Numerical=0;CPXPARAM_Feasopt_Mode=0;CPXPARAM_LPMethod=0;CPXPARAM_MIP_Cuts_Cliques=-1;CPXPARAM_MIP_Cuts_Covers=0;CPXPARAM_MIP_Cuts_Disjunctive=1;CPXPARAM_MIP_Cuts_FlowCovers=-1;CPXPARAM_MIP_Cuts_GUBCovers=0;CPXPARAM_MIP_Cuts_Gomory=-1;CPXPARAM_MIP_Cuts_Implied=0;CPXPARAM_MIP_Cuts_MIRCut=2;CPXPARAM_MIP_Cuts_PathCut=-1;CPXPARAM_MIP_Limits_AggForCut=3;CPXPARAM_MIP_Limits_CutPasses=0;CPXPARAM_MIP_Limits_CutsFactor=-1;CPXPARAM_MIP_Limits_GomoryCand=200;CPXPARAM_MIP_Limits_GomoryPass=0;CPXPARAM_MIP_Limits_Nodes=9223372036800000000;CPXPARAM_MIP_Limits_ProbeTime=0;CPXPARAM_MIP_Limits_RepairTries=0;CPXPARAM_MIP_Limits_StrongCand=10;CPXPARAM_MIP_Limits_StrongIt=0;CPXPARAM_MIP_OrderType=0;CPXPARAM_MIP_Strategy_BBInterval=7;CPXPARAM_MIP_Strategy_Branch=0;CPXPARAM_MIP_Strategy_Dive=0;CPXPARAM_MIP_Strategy_File=1;CPXPARAM_MIP_Strategy_HeuristicFreq=0;CPXPARAM_MIP_Strategy_LBHeur=0;CPXPARAM_MIP_Strategy_NodeSelect=1;CPXPARAM_MIP_Strategy_Order=1;CPXPARAM_MIP_Strategy_PresolveNode=0;CPXPARAM_MIP_Strategy_Probe=3;CPXPARAM_MIP_Strategy_RINSHeur=0;CPXPARAM_MIP_Strategy_StartAlgorithm=0;CPXPARAM_MIP_Strategy_SubAlgorithm=0;CPXPARAM_MIP_Strategy_VariableSelect=0;CPXPARAM_Network_NetFind=2;CPXPARAM_Network_Pricing=0;CPXPARAM_Parallel=1;CPXPARAM_Preprocessing_Aggregator=-1;CPXPARAM_Preprocessing_BoundStrength=-1;CPXPARAM_Preprocessing_CoeffReduce=-1;CPXPARAM_Preprocessing_Dependency=-1;CPXPARAM_Preprocessing_Dual=0;CPXPARAM_Preprocessing_Fill=10;CPXPARAM_Preprocessing_NumPass=-1;CPXPARAM_Preprocessing_Presolve=1;CPXPARAM_Preprocessing_QPMakePSD=1;CPXPARAM_Preprocessing_Reduce=3;CPXPARAM_Preprocessing_Relax=-1;CPXPARAM_Preprocessing_RepeatPresolve=-1;CPXPARAM_Preprocessing_Symmetry=-1;CPXPARAM_Read_Scale=0;CPXPARAM_Sifting_Algorithm=0;CPXPARAM_Simplex_Crash=1;CPXPARAM_Simplex_DGradient=0;CPXPARAM_Simplex_Limits_Perturbation=0;CPXPARAM_Simplex_Limits_Singularity=10;CPXPARAM_Simplex_PGradient=0;CPXPARAM_Simplex_Pricing=0;CPXPARAM_Simplex_Refactor=0
9344596748291698788,0,CPXPARAM_Advance=1;CPXPARAM_Barrier_Algorithm=0;CPXPARAM_Barrier_ColNonzeros=0;CPXPARAM_Barrier_Crossover=0;CPXPARAM_Barrier_Limits_Corrections=-1;CPXPARAM_Barrier_Ordering=0;CPXPARAM_Barrier_StartAlg=1;CPXPARAM_Emphasis_MIP=1;CPXPARAM_Emphasis_Memory=0;CPXPARAM_Emphasis_Numerical=0;CPXPARAM_Feasopt_Mode=0;CPXPARAM_LPMethod=0;CPXPARAM_MIP_Cuts_Cliques=0;CPXPARAM_MIP_Cuts_Covers=0;CPXPARAM_MIP_Cuts_Disjunctive=2;CPXPARAM_MIP_Cuts_FlowCovers=1;CPXPARAM_MIP_Cuts_GUBCovers=2;CPXPARAM_MIP_Cuts_Gomory=2;CPXPARAM_MIP_Cuts_Implied=1;CPXPARAM_MIP_Cuts_MIRCut=-1;CPXPARAM_MIP_Cuts_PathCut=2;CPXPARAM_MIP_Limits_AggForCut=3;CPXPARAM_MIP_Limits_CutPasses=0;CPXPARAM_MIP_Limits_CutsFactor=-1;CPXPARAM_MIP_Limits_GomoryCand=800;CPXPARAM_MIP_Limits_GomoryPass=0;CPXPARAM_MIP_Limits_Nodes=9223372036800000000;CPXPARAM_MIP_Limits_ProbeTime=0;CPXPARAM_MIP_Limits_RepairTries=0;CPXPARAM_MIP_Limits_StrongCand=10;CPXPARAM_MIP_Limits_StrongIt=0;CPXPARAM_MIP_OrderType=0;CPXPARAM_MIP_Strategy_BBInterval=7;CPXPARAM_MIP_Strategy_Branch=0;CPXPARAM_MIP_Strategy_Dive=0;CPXPARAM_MIP_Strategy_File=1;CPXPARAM_MIP_Strategy_HeuristicFreq=40;CPXPARAM_MIP_Strategy_LBHeur=0;CPXPARAM_MIP_Strategy_NodeSelect=1;CPXPARAM_MIP_Strategy_Order=1;CPXPARAM_MIP_Strategy_PresolveNode=0;CPXPARAM_MIP_Strategy_Probe=3;CPXPARAM_MIP_Strategy_RINSHeur=0;CPXPARAM_MIP_Strategy_StartAlgorithm=5;CPXPARAM_MIP_Strategy_SubAlgorithm=0;CPXPARAM_MIP_Strategy_VariableSelect=0;CPXPARAM_Network_NetFind=2;CPXPARAM_Network_Pricing=0;CPXPARAM_Parallel=1;CPXPARAM_Preprocessing_Aggregator=-1;CPXPARAM_Preprocessing_BoundStrength=-1;CPXPARAM_Preprocessing_CoeffReduce=-1;CPXPARAM_Preprocessing_Dependency=-1;CPXPARAM_Preprocessing_Dual=0;CPXPARAM_Preprocessing_Fill=10;CPXPARAM_Preprocessing_NumPass=-1;CPXPARAM_Preprocessing_Presolve=1;CPXPARAM_Preprocessing_QPMakePSD=1;CPXPARAM_Preprocessing_Reduce=3;CPXPARAM_Preprocessing_Relax=-1;CPXPARAM_Preprocessing_RepeatPresolve=-1;CPXPARAM_Preprocessing_Symmetry=4;CPXPARAM_Read_Scale=0;CPXPARAM_Sifting_Algorithm=0;CPXPARAM_Simplex_Crash=1;CPXPARAM_Simplex_DGradient=0;CPXPARAM_Simplex_Limits_Perturbation=0;CPXPARAM_Simplex_Limits_Singularity=10;CPXPARAM_Simplex_PGradient=0;CPXPARAM_Simplex_Pricing=0;CPXPARAM_Simplex_Refactor=0
4383219853689154425,0,CPXPARAM_Advance=1;CPXPARAM_Barrier_Algorithm=0;CPXPARAM_Barrier_ColNonzeros=0;CPXPARAM_Barrier_Crossover=0;CPXPARAM_Barrier_Limits_Corrections=-1;CPXPARAM_Barrier_Ordering=0;CPXPARAM_Barrier_StartAlg=3;CPXPARAM_Emphasis_MIP=5;CPXPARAM_Emphasis_Memory=0;CPXPARAM_Emphasis_Numerical=0;CPXPARAM_Feasopt_Mode=0;CPXPARAM_LPMethod=0;CPXPARAM_MIP_Cuts_Cliques=1;CPXPARAM_MIP_Cuts_Covers=0;CPXPARAM_MIP_Cuts_Disjunctive=3;CPXPARAM_MIP_Cuts_FlowCovers=1;CPXPARAM_MIP_Cuts_GUBCovers=0;CPXPARAM_MIP_Cuts_Gomory=1;CPXPARAM_MIP_Cuts_Implied=2;CPXPARAM_MIP_Cuts_MIRCut=0;CPXPARAM_MIP_Cuts_PathCut=-1;CPXPARAM_MIP_Limits_AggForCut=3;CPXPARAM_MIP_Limits_CutPasses=0;CPXPARAM_MIP_Limits_CutsFactor=-1;CPXPARAM_MIP_Limits_GomoryCand=150;CPXPARAM_MIP_Limits_GomoryPass=0;CPXPARAM_MIP_Limits_Nodes=9223372036800000000;CPXPARAM_MIP_Limits_ProbeTime=20;CPXPARAM_MIP_Limits_RepairTries=0;CPXPARAM_MIP_Limits_StrongCand=10;CPXPARAM_MIP_Limits_StrongIt=0;CPXPARAM_MIP_OrderType=0;CPXPARAM_MIP_Strategy_BBInterval=7;CPXPARAM_MIP_Strategy_Branch=1;CPXPARAM_MIP_Strategy_Dive=0;CPXPARAM_MIP_Strategy_File=1;CPXPARAM_MIP_Strategy_HeuristicFreq=0;CPXPARAM_MIP_Strategy_LBHeur=0;CPXPARAM_MIP_Strategy_NodeSelect=1;CPXPARAM_MIP_Strategy_Order=1;CPXPARAM_MIP_Strategy_PresolveNode=0;CPXPARAM_MIP_Strategy_Probe=3;CPXPARAM_MIP_Strategy_RINSHeur=0;CPXPARAM_MIP_Strategy_StartAlgorithm=1;CPXPARAM_MIP_Strategy_SubAlgorithm=4;CPXPARAM_MIP_Strategy_VariableSelect=0;CPXPARAM_Network_NetFind=2;CPXPARAM_Network_Pricing=0;CPXPARAM_Parallel=1;CPXPARAM_Preprocessing_Aggregator=-1;CPXPARAM_Preprocessing_BoundStrength=-1;CPXPARAM_Preprocessing_CoeffReduce=-1;CPXPARAM_Preprocessing_Dependency=-1;CPXPARAM_Preprocessing_Dual=0;CPXPARAM_Preprocessing_Fill=10;CPXPARAM_Preprocessing_NumPass=-1;CPXPARAM_Preprocessing_Presolve=1;CPXPARAM_Preprocessing_QPMakePSD=1;CPXPARAM_Preprocessing_Reduce=3;CPXPARAM_Preprocessing_Relax=-1;CPXPARAM_Preprocessing_RepeatPresolve=-1;CPXPARAM_Preprocessing_Symmetry=1;CPXPARAM_Read_Scale=0;CPXPARAM_Sifting_Algorithm=0;CPXPARAM_Simplex_Crash=0;CPXPARAM_Simplex_DGradient=0;CPXPARAM_Simplex_Limits_Perturbation=0;CPXPARAM_Simplex_Limits_Singularity=10;CPXPARAM_Simplex_PGradient=0;CPXPARAM_Simplex_Pricing=0;CPXPARAM_Simplex_Refactor=0
16391363567187071286,0,CPXPARAM_Advance=1;CPXPARAM_Barrier_Algorithm=0;CPXPARAM_Barrier_ColNonzeros=0;CPXPARAM_Barrier_Crossover=0;CPXPARAM_Barrier_Limits_Corrections=-1;CPXPARAM_Barrier_Ordering=0;CPXPARAM_Barrier_StartAlg=1;CPXPARAM_Emphasis_MIP=1;CPXPARAM_Emphasis_Memory=0;CPXPARAM_Emphasis_Numerical=0;CPXPARAM_Feasopt_Mode=0;CPXPARAM_LPMethod=0;CPXPARAM_MIP_Cuts_Cliques=0;CPXPARAM_MIP_Cuts_Covers=0;CPXPARAM_MIP_Cuts_Disjunctive=2;CPXPARAM_MIP_Cuts_FlowCovers=1;CPXPARAM_MIP_Cuts_GUBCovers=2;CPXPARAM_MIP_Cuts_Gomory=2;CPXPARAM_MIP_Cuts_Implied=1;CPXPARAM_MIP_Cuts_MIRCut=-1;CPXPARAM_MIP_Cuts_PathCut=2;CPXPARAM_MIP_Limits_AggForCut=3;CPXPARAM_MIP_Limits_CutPasses=0;CPXPARAM_MIP_Limits_CutsFactor=-1;CPXPARAM_MIP_Limits_GomoryCand=800;CPXPARAM_MIP_Limits_GomoryPass=0;CPXPARAM_MIP_Limits_Nodes=9223372036800000000;CPXPARAM_MIP_Limits_ProbeTime=1e+75;CPXPARAM_MIP_Limits_RepairTries=0;CPXPARAM_MIP_Limits_StrongCand=10;CPXPARAM_MIP_Limits_StrongIt=0;CPXPARAM_MIP_OrderType=0;CPXPARAM_MIP_Strategy_BBInterval=7;CPXPARAM_MIP_Strategy_Branch=0;CPXPARAM_MIP_Strategy_Dive=0;CPXPARAM_MIP_Strategy_File=1;CPXPARAM_MIP_Strategy_HeuristicFreq=0;CPXPARAM_MIP_Strategy_LBHeur=0;CPXPARAM_MIP_Strategy_NodeSelect=1;CPXPARAM_MIP_Strategy_Order=1;CPXPARAM_MIP_Strategy_PresolveNode=0;CPXPARAM_MIP_Strategy_Probe=3;CPXPARAM_MIP_Strategy_RINSHeur=0;CPXPARAM_MIP_Strategy_StartAlgorithm=0;CPXPARAM_MIP_Strategy_SubAlgorithm=0;CPXPARAM_MIP_Strategy_VariableSelect=0;CPXPARAM_Network_NetFind=2;CPXPARAM_Network_Pricing=0;CPXPARAM_Parallel=1;CPXPARAM_Preprocessing_Aggregator=-1;CPXPARAM_Preprocessing_BoundStrength=-1;CPXPARAM_Preprocessing_CoeffReduce=-1;CPXPARAM_Preprocessing_Dependency=-1;CPXPARAM_Preprocessing_Dual=0;CPXPARAM_Preprocessing_Fill=10;CPXPARAM_Preprocessing_NumPass=-1;CPXPARAM_Preprocessing_Presolve=0;CPXPARAM_Preprocessing_QPMakePSD=1;CPXPARAM_Preprocessing_Reduce=3;CPXPARAM_Preprocessing_Relax=-1;CPXPARAM_Preprocessing_RepeatPresolve=-1;CPXPARAM_Preprocessing_Symmetry=-1;CPXPARAM_Read_Scale=0;CPXPARAM_Sifting_Algorithm=0;CPXPARAM_Simplex_Crash=1;CPXPARAM_Simplex_DGradient=0;CPXPARAM_Simplex_Limits_Perturbation=0;CPXPARAM_Simplex_Limits_Singularity=10;CPXPARAM_Simplex_PGradient=0;CPXPARAM_Simplex_Pricing=0;CPXPARAM_Simplex_Refactor=0
2940324770949020721,0,CPXPARAM_Advance=1;CPXPARAM_Barrier_Algorithm=0;CPXPARAM_Barrier_ColNonzeros=0;CPXPARAM_Barrier_Crossover=0;CPXPARAM_Barrier_Limits_Corrections=-1;CPXPARAM_Barrier_Ordering=0;CPXPARAM_Barrier_StartAlg=1;CPXPARAM_Emphasis_MIP=2;CPXPARAM_Emphasis_Memory=0;CPXPARAM_Emphasis_Numerical=0;CPXPARAM_Feasopt_Mode=0;CPXPARAM_LPMethod=0;CPXPARAM_MIP_Cuts_Cliques=2;CPXPARAM_MIP_Cuts_Covers=0;CPXPARAM_MIP_Cuts_Disjunctive=0;CPXPARAM_MIP_Cuts_FlowCovers=-1;CPXPARAM_MIP_Cuts_GUBCovers=2;CPXPARAM_MIP_Cuts_Gomory=2;CPXPARAM_MIP_Cuts_Implied=-1;CPXPARAM_MIP_Cuts_MIRCut=2;CPXPARAM_MIP_Cuts_PathCut=2;CPXPARAM_MIP_Limits_AggForCut=3;CPXPARAM_MIP_Limits_CutPasses=0;CPXPARAM_MIP_Limits_CutsFactor=-1;CPXPARAM_MIP_Limits_GomoryCand=150;CPXPARAM_MIP_Limits_GomoryPass=0;CPXPARAM_MIP_Limits_Nodes=9223372036800000000;CPXPARAM_MIP_Limits_ProbeTime=30;CPXPARAM_MIP_Limits_RepairTries=0;CPXPARAM_MIP_Limits_StrongCand=10;CPXPARAM_MIP_Limits_StrongIt=0;CPXPARAM_MIP_OrderType=0;CPXPARAM_MIP_Strategy_BBInterval=7;CPXPARAM_MIP_Strategy_Branch=0;CPXPARAM_MIP_Strategy_Dive=0;CPXPARAM_MIP_Strategy_File=1;CPXPARAM_MIP_Strategy_HeuristicFreq=0;CPXPARAM_MIP_Strategy_LBHeur=0;CPXPARAM_MIP_Strategy_NodeSelect=1;CPXPARAM_MIP_Strategy_Order=1;CPXPARAM_MIP_Strategy_PresolveNode=0;CPXPARAM_MIP_Strategy_Probe=0;CPXPARAM_MIP_Strategy_RINSHeur=0;CPXPARAM_MIP_Strategy_StartAlgorithm=1;CPXPARAM_MIP_Strategy_SubAlgorithm=5;CPXPARAM_MIP_Strategy_VariableSelect=0;CPXPARAM_Network_NetFind=2;CPXPARAM_Network_Pricing=0;CPXPARAM_Parallel=1;CPXPARAM_Preprocessing_Aggregator=-1;CPXPARAM_Preprocessing_BoundStrength=-1;CPXPARAM_Preprocessing_CoeffReduce=-1;CPXPARAM_Preprocessing_Dependency=-1;CPXPARAM_Preprocessing_Dual=0;CPXPARAM_Preprocessing_Fill=10;CPXPARAM_Preprocessing_NumPass=-1;CPXPARAM_Preprocessing_Presolve=1;CPXPARAM_Preprocessing_QPMakePSD=1;CPXPARAM_Preprocessing_Reduce=3;CPXPARAM_Preprocessing_Relax=-1;CPXPARAM_Preprocessing_RepeatPresolve=-1;CPXPARAM_Preprocessing_Symmetry=3;CPXPARAM_Read_Scale=0;CPXPARAM_Sifting_Algorithm=0;CPXPARAM_Simplex_Crash=1;CPXPARAM_Simplex_DGradient=0;CPXPARAM_Simplex_Limits_Perturbation=0;CPXPARAM_Simplex_Limits_Singularity=10;CPXPARAM_Simplex_PGradient=0;CPXPARAM_Simplex_Pricing=0;CPXPARAM_Simplex_Refactor=0
9121711486576644457,0,CPXPARAM_Advance=1;CPXPARAM_Barrier_Algorithm=0;CPXPARAM_Barrier_ColNonzeros=0;CPXPARAM_Barrier_Crossover=2;CPXPARAM_Barrier_Limits_Corrections=-1;CPXPARAM_Barrier_Ordering=0;CPXPARAM_Barrier_StartAlg=1;CPXPARAM_Emphasis_MIP=1;CPXPARAM_Emphasis_Memory=0;CPXPARAM_Emphasis_Numerical=0;CPXPARAM_Feasopt_Mode=0;CPXPARAM_LPMethod=0;CPXPARAM_MIP_Cuts_Cliques=1;CPXPARAM_MIP_Cuts_Covers=0;CPXPARAM_MIP_Cuts_Disjunctive=-1;CPXPARAM_MIP_Cuts_FlowCovers=-1;CPXPARAM_MIP_Cuts_GUBCovers=1;CPXPARAM_MIP_Cuts_Gomory=1;CPXPARAM_MIP_Cuts_Implied=1;CPXPARAM_MIP_Cuts_MIRCut=2;CPXPARAM_MIP_Cuts_PathCut=-1;CPXPARAM_MIP_Limits_AggForCut=3;CPXPARAM_MIP_Limits_CutPasses=0;CPXPARAM_MIP_Limits_CutsFactor=-1;CPXPARAM_MIP_Limits_GomoryCand=10;CPXPARAM_MIP_Limits_GomoryPass=0;CPXPARAM_MIP_Limits_Nodes=9223372036800000000;CPXPARAM_MIP_Limits_ProbeTime=10;CPXPARAM_MIP_Limits_RepairTries=0;CPXPARAM_MIP_Limits_StrongCand=10;CPXPARAM_MIP_Limits_StrongIt=0;CPXPARAM_MIP_OrderType=0;CPXPARAM_MIP_Strategy_BBInterval=7;CPXPARAM_MIP_Strategy_Branch=0;CPXPARAM_MIP_Strategy_Dive=0;CPXPARAM_MIP_Strategy_File=1;CPXPARAM_MIP_Strategy_HeuristicFreq=0;CPXPARAM_MIP_Strategy_LBHeur=0;CPXPARAM_MIP_Strategy_NodeSelect=1;CPXPARAM_MIP_Strategy_Order=1;CPXPARAM_MIP_Strategy_PresolveNode=0;CPXPARAM_MIP_Strategy_Probe=0;CPXPARAM_MIP_Strategy_RINSHeur=0;CPXPARAM_MIP_Strategy_StartAlgorithm=2;CPXPARAM_MIP_Strategy_SubAlgorithm=3;CPXPARAM_MIP_Strategy_VariableSelect=-1;CPXPARAM_Network_NetFind=2;CPXPARAM_Network_Pricing=0;CPXPARAM_Parallel=1;CPXPARAM_Preprocessing_Aggregator=-1;CPXPARAM_Preprocessing_BoundStrength=-1;CPXPARAM_Preprocessing_CoeffReduce=-1;CPXPARAM_Preprocessing_Dependency=-1;CPXPARAM_Preprocessing_Dual=0;CPXPARAM_Preprocessing_Fill=10;CPXPARAM_Preprocessing_NumPass=-1;CPXPARAM_Preprocessing_Presolve=1;CPXPARAM_Preprocessing_QPMakePSD=1;CPXPARAM_Preprocessing_Reduce=3;CPXPARAM_Preprocessing_Relax=-1;CPXPARAM_Preprocessing_RepeatPresolve=-1;CPXPARAM_Preprocessing_Symmetry=0;CPXPARAM_Read_Scale=0;CPXPARAM_Sifting_Algorithm=0;CPXPARAM_Simplex_Crash=1;CPXPARAM_Simplex_DGradient=4;CPXPARAM_Simplex_Limits_Perturbation=0;CPXPARAM_Simplex_Limits_Singularity=10;CPXPARAM_Simplex_PGradient=0;CPXPARAM_Simplex_Pricing=0;CPXPARAM_Simplex_Refactor=0
14921508010286178949,0,CPXPARAM_Advance=1;CPXPARAM_Barrier_Algorithm=0;CPXPARAM_Barrier_ColNonzeros=0;CPXPARAM_Barrier_Crossover=0;CPXPARAM_Barrier_Limits_Corrections=-1;CPXPARAM_Barrier_Ordering=0;CPXPARAM_Barrier_StartAlg=1;CPXPARAM_Emphasis_MIP=0;CPXPARAM_Emphasis_Memory=0;CPXPARAM_Emphasis_Numerical=0;CPXPARAM_Feasopt_Mode=0;CPXPARAM_LPMethod=0;CPXPARAM_MIP_Cuts_Cliques=0;CPXPARAM_MIP_Cuts_Covers=0;CPXPARAM_MIP_Cuts_Disjunctive=0;CPXPARAM_MIP_Cuts_FlowCovers=0;CPXPARAM_MIP_Cuts_GUBCovers=0;CPXPARAM_MIP_Cuts_Gomory=0;CPXPARAM_MIP_Cuts_Implied=0;CPXPARAM_MIP_Cuts_MIRCut=0;CPXPARAM_MIP_Cuts_PathCut=0;CPXPARAM_MIP_Limits_AggForCut=3;CPXPARAM_MIP_Limits_CutPasses=0;CPXPARAM_MIP_Limits_CutsFactor=-1;CPXPARAM_MIP_Limits_GomoryCand=200;CPXPARAM_MIP_Limits_GomoryPass=0;CPXPARAM_MIP_Limits_Nodes=9223372036800000000;CPXPARAM_MIP_Limits_ProbeTime=1e+75;CPXPARAM_MIP_Limits_RepairTries=0;CPXPARAM_MIP_Limits_StrongCand=10;CPXPARAM_MIP_Limits_StrongIt=0;CPXPARAM_MIP_OrderType=0;CPXPARAM_MIP_Strategy_BBInterval=7;CPXPARAM_MIP_Strategy_Branch=0;CPXPARAM_MIP_Strategy_Dive=0;CPXPARAM_MIP_Strategy_File=1;CPXPARAM_MIP_Strategy_HeuristicFreq=0;CPXPARAM_MIP_Strategy_LBHeur=0;CPXPARAM_MIP_Strategy_NodeSelect=1;CPXPARAM_MIP_Strategy_Order=1;CPXPARAM_MIP_Strategy_PresolveNode=0;CPXPARAM_MIP_Strategy_Probe=0;CPXPARAM_MIP_Strategy_RINSHeur=0;CPXPARAM_MIP_Strategy_StartAlgorithm=0;CPXPARAM_MIP_Strategy_SubAlgorithm=0;CPXPARAM_MIP_Strategy_VariableSelect=0;CPXPARAM_Network_NetFind=2;CPXPARAM_Network_Pricing=0;CPXPARAM_Parallel=1;CPXPARAM_Preprocessing_Aggregator=-1;CPXPARAM_Preprocessing_BoundStrength=-1;CPXPARAM_Preprocessing_CoeffReduce=-1;CPXPARAM_Preprocessing_Dependency=-1;CPXPARAM_Preprocessing_Dual=0;CPXPARAM_Preprocessing_Fill=10;CPXPARAM_Preprocessing_NumPass=-1;CPXPARAM_Preprocessing_Presolve=1;CPXPARAM_Preprocessing_QPMakePSD=1;CPXPARAM_Preprocessing_Reduce=3;CPXPARAM_Preprocessing_Relax=-1;CPXPARAM_Preprocessing_RepeatPresolve=-1;CPXPARAM_Preprocessing_Symmetry=-1;CPXPARAM_Read_Scale=0;CPXPARAM_Sifting_Algorithm=0;CPXPARAM_Simplex_Crash=1;CPXPARAM_Simplex_DGradient=0;CPXPARAM_Simplex_Limits_Perturbation=0;CPXPARAM_Simplex_Limits_Singularity=10;CPXPARAM_Simplex_PGradient=0;CPXPARAM_Simplex_Pricing=0;CPXPARAM_Simplex_Refactor=0
16517190061438241639,0,CPXPARAM_Advance=1;CPXPARAM_Barrier_Algorithm=0;CPXPARAM_Barrier_ColNonzeros=0;CPXPARAM_Barrier_Crossover=0;CPXPARAM_Barrier_Limits_Corrections=-1;CPXPARAM_Barrier_Ordering=0;CPXPARAM_Barrier_StartAlg=1;CPXPARAM_Emphasis_MIP=1;CPXPARAM_Emphasis_Memory=0;CPXPARAM_Emphasis_Numerical=0;CPXPARAM_Feasopt_Mode=0;CPXPARAM_LPMethod=0;CPXPARAM_MIP_Cuts_Cliques=0;CPXPARAM_MIP_Cuts_Covers=0;CPXPARAM_MIP_Cuts_Disjunctive=2;CPXPARAM_MIP_Cuts_FlowCovers=1;CPXPARAM_MIP_Cuts_GUBCovers=2;CPXPARAM_MIP_Cuts_Gomory=2;CPXPARAM_MIP_Cuts_Implied=1;CPXPARAM_MIP_Cuts_MIRCut=-1;CPXPARAM_MIP_Cuts_PathCut=2;CPXPARAM_MIP_Limits_AggForCut=10;CPXPARAM_MIP_Limits_CutPasses=0;CPXPARAM_MIP_Limits_CutsFactor=-1;CPXPARAM_MIP_Limits_GomoryCand=800;CPXPARAM_MIP_Limits_GomoryPass=0;CPXPARAM_MIP_Limits_Nodes=9223372036800000000;CPXPARAM_MIP_Limits_ProbeTime=0;CPXPARAM_MIP_Limits_RepairTries=0;CPXPARAM_MIP_Limits_StrongCand=10;CPXPARAM_MIP_Limits_StrongIt=0;CPXPARAM_MIP_OrderType=0;CPXPARAM_MIP_Strategy_BBInterval=7;CPXPARAM_MIP_Strategy_Branch=0;CPXPARAM_MIP_Strategy_Dive=0;CPXPARAM_MIP_Strategy_File=1;CPXPARAM_MIP_Strategy_HeuristicFreq=0;CPXPARAM_MIP_Strategy_LBHeur=0;CPXPARAM_MIP_Strategy_NodeSelect=1;CPXPARAM_MIP_Strategy_Order=1;CPXPARAM_MIP_Strategy_PresolveNode=0;CPXPARAM_MIP_Strategy_Probe=3;CPXPARAM_MIP_Strategy_RINSHeur=0;CPXPARAM_MIP_Strategy_StartAlgorithm=5;CPXPARAM_MIP_Strategy_SubAlgorithm=0;CPXPARAM_MIP_Strategy_VariableSelect=0;CPXPARAM_Network_NetFind=2;CPXPARAM_Network_Pricing=0;CPXPARAM_Parallel=1;CPXPARAM_Preprocessing_Aggregator=-1;CPXPARAM_Preprocessing_BoundStrength=-1;CPXPARAM_Preprocessing_CoeffReduce=-1;CPXPARAM_Preprocessing_Dependency=-1;CPXPARAM_Preprocessing_Dual=0;CPXPARAM_Preprocessing_Fill=10;CPXPARAM_Preprocessing_NumPass=-1;CPXPARAM_Preprocessing_Presolve=1;CPXPARAM_Preprocessing_QPMakePSD=1;CPXPARAM_Preprocessing_Reduce=3;CPXPARAM_Preprocessing_Relax=-1;CPXPARAM_Preprocessing_RepeatPresolve=-1;CPXPARAM_Preprocessing_Symmetry=4;CPXPARAM_Read_Scale=0;CPXPARAM_Sifting_Algorithm=0;CPXPARAM_Simplex_Crash=1;CPXPARAM_Simplex_DGradient=0;CPXPARAM_Simplex_Limits_Perturbation=0;CPXPARAM_Simplex_Limits_Singularity=10;CPXPARAM_Simplex_PGradient=0;CPXPARAM_Simplex_Pricing=0;CPXPARAM_Simplex_Refactor=0
2003148409259712268,0,CPXPARAM_Advance=1;CPXPARAM_Barrier_Algorithm=0;CPXPARAM_Barrier_ColNonzeros=0;CPXPARAM_Barrier_Crossover=1;CPXPARAM_Barrier_Limits_Corrections=-1;CPXPARAM_Barrier_Ordering=0;CPXPARAM_Barrier_StartAlg=1;CPXPARAM_Emphasis_MIP=1;CPXPARAM_Emphasis_Memory=0;CPXPARAM_Emphasis_Numerical=0;CPXPARAM_Feasopt_Mode=0;CPXPARAM_LPMethod=0;CPXPARAM_MIP_Cuts_Cliques=0;CPXPARAM_MIP_Cuts_Covers=0;CPXPARAM_MIP_Cuts_Disjunctive=2;CPXPARAM_MIP_Cuts_FlowCovers=1;CPXPARAM_MIP_Cuts_GUBCovers=2;CPXPARAM_MIP_Cuts_Gomory=2;CPXPARAM_MIP_Cuts_Implied=1;CPXPARAM_MIP_Cuts_MIRCut=-1;CPXPARAM_MIP_Cuts_PathCut=2;CPXPARAM_MIP_Limits_AggForCut=3;CPXPARAM_MIP_Limits_CutPasses=0;CPXPARAM_MIP_Limits_CutsFactor=-1;CPXPARAM_MIP_Limits_GomoryCand=800;CPXPARAM_MIP_Limits_GomoryPass=0;CPXPARAM_MIP_Limits_Nodes=9223372036800000000;CPXPARAM_MIP_Limits_ProbeTime=0;CPXPARAM_MIP_Limits_RepairTries=0;CPXPARAM_MIP_Limits_StrongCand=10;CPXPARAM_MIP_Limits_StrongIt=0;CPXPARAM_MIP_OrderType=0;CPXPARAM_MIP_Strategy_BBInterval=7;CPXPARAM_MIP_Strategy_Branch=0;CPXPARAM_MIP_Strategy_Dive=0;CPXPARAM_MIP_Strategy_File=1;CPXPARAM_MIP_Strategy_HeuristicFreq=0;CPXPARAM_MIP_Strategy_LBHeur=0;CPXPARAM_MIP_Strategy_NodeSelect=1;CPXPARAM_MIP_Strategy_Order=1;CPXPARAM_MIP_Strategy_PresolveNode=0;CPXPARAM_MIP_Strategy_Probe=3;CPXPARAM_MIP_Strategy_RINSHeur=0;CPXPARAM_MIP_Strategy_StartAlgorithm=5;CPXPARAM_MIP_Strategy_SubAlgorithm=0;CPXPARAM_MIP_Strategy_VariableSelect=0;CPXPARAM_Network_NetFind=2;CPXPARAM_Network_Pricing=0;CPXPARAM_Parallel=1;CPXPARAM_Preprocessing_Aggregator=-1;CPXPARAM_Preprocessing_BoundStrength=-1;CPXPARAM_Preprocessing_CoeffReduce=-1;CPXPARAM_Preprocessing_Dependency=-1;CPXPARAM_Preprocessing_Dual=0;CPXPARAM_Preprocessing_Fill=10;CPXPARAM_Preprocessing_NumPass=-1;CPXPARAM_Preprocessing_Presolve=1;CPXPARAM_Preprocessing_QPMakePSD=1;CPXPARAM_Preprocessing_Reduce=3;CPXPARAM_Preprocessing_Relax=-1;CPXPARAM_Preprocessing_RepeatPresolve=-1;CPXPARAM_Preprocessing_Symmetry=4;CPXPARAM_Read_Scale=0;CPXPARAM_Sifting_Algorithm=0;CPXPARAM_Simplex_Crash=1;CPXPARAM_Simplex_DGradient=0;CPXPARAM_Simplex_Limits_Perturbation=0;CPXPARAM_Simplex_Limits_Singularity=10;CPXPARAM_Simplex_PGradient=0;CPXPARAM_Simplex_Pricing=0;CPXPARAM_Simplex_Refactor=0
15548960703901587335,0,CPXPARAM_Advance=1;CPXPARAM_Barrier_Algorithm=0;CPXPARAM_Barrier_ColNonzeros=0;CPXPARAM_Barrier_Crossover=0;CPXPARAM_Barrier_Limits_Corrections=-1;CPXPARAM_Barrier_Ordering=0;CPXPARAM_Barrier_StartAlg=1;CPXPARAM_Emphasis_MIP=1;CPXPARAM_Emphasis_Memory=0;CPXPARAM_Emphasis_Numerical=0;CPXPARAM_Feasopt_Mode=0;CPXPARAM_LPMethod=0;CPXPARAM_MIP_Cuts_Cliques=0;CPXPARAM_MIP_Cuts_Covers=0;CPXPARAM_MIP_Cuts_Disjunctive=2;CPXPARAM_MIP_Cuts_FlowCovers=1;CPXPARAM_MIP_Cuts_GUBCovers=2;CPXPARAM_MIP_Cuts_Gomory=2;CPXPARAM_MIP_Cuts_Implied=1;CPXPARAM_MIP_Cuts_MIRCut=-1;CPXPARAM_MIP_Cuts_PathCut=2;CPXPARAM_MIP_Limits_AggForCut=3;CPXPARAM_MIP_Limits_CutPasses=0;CPXPARAM_MIP_Limits_CutsFactor=-1;CPXPARAM_MIP_Limits_GomoryCand=10;CPXPARAM_MIP_Limits_GomoryPass=0;CPXPARAM_MIP_Limits_Nodes=9223372036800000000;CPXPARAM_MIP_Limits_ProbeTime=1e+75;CPXPARAM_MIP_Limits_RepairTries=0;CPXPARAM_MIP_Limits_StrongCand=10;CPXPARAM_MIP_Limits_StrongIt=0;CPXPARAM_MIP_OrderType=0;CPXPARAM_MIP_Strategy_BBInterval=7;CPXPARAM_MIP_Strategy_Branch=0;CPXPARAM_MIP_Strategy_Dive=0;CPXPARAM_MIP_Strategy_File=1;CPXPARAM_MIP_Strategy_HeuristicFreq=0;CPXPARAM_MIP_Strategy_LBHeur=0;CPXPARAM_MIP_Strategy_NodeSelect=1;CPXPARAM_MIP_Strategy_Order=1;CPXPARAM_MIP_Strategy_PresolveNode=0;CPXPARAM_MIP_Strategy_Probe=3;CPXPARAM_MIP_Strategy_RINSHeur=0;CPXPARAM_MIP_Strategy_StartAlgorithm=0;CPXPARAM_MIP_Strategy_SubAlgorithm=0;CPXPARAM_MIP_Strategy_VariableSelect=0;CPXPARAM_Network_NetFind=2;CPXPARAM_Network_Pricing=0;CPXPARAM_Parallel=1;CPXPARAM_Preprocessing_Aggregator=-1;CPXPARAM_Preprocessing_BoundStrength=-1;CPXPARAM_Preprocessing_CoeffReduce=-1;CPXPARAM_Preprocessing_Dependency=-1;CPXPARAM_Preprocessing_Dual=0;CPXPARAM_Preprocessing_Fill=10;CPXPARAM_Preprocessing_NumPass=-1;CPXPARAM_Preprocessing_Presolve=1;CPXPARAM_Preprocessing_QPMakePSD=1;CPXPARAM_Preprocessing_Reduce=3;CPXPARAM_Preprocessing_Relax=-1;CPXPARAM_Preprocessing_RepeatPresolve=-1;CPXPARAM_Preprocessing_Symmetry=-1;CPXPARAM_Read_Scale=0;CPXPARAM_Sifting_Algorithm=0;CPXPARAM_Simplex_Crash=1;CPXPARAM_Simplex_DGradient=0;CPXPARAM_Simplex_Limits_Perturbation=0;CPXPARAM_Simplex_Limits_Singularity=10;CPXPARAM_Simplex_PGradient=0;CPXPARAM_Simplex_Pricing=0;CPXPARAM_Simplex_Refactor=0
9587682784009024282,0,CPXPARAM_Advance=1;CPXPARAM_Barrier_Algorithm=0;CPXPARAM_Barrier_ColNonzeros=0;CPXPARAM_Barrier_Crossover=0;CPXPARAM_Barrier_Limits_Corrections=-1;CPXPARAM_Barrier_Ordering=0;CPXPARAM_Barrier_StartAlg=1;CPXPARAM_Emphasis_MIP=1;CPXPARAM_Emphasis_Memory=0;CPXPARAM_Emphasis_Numerical=0;CPXPARAM_Feasopt_Mode=0;CPXPARAM_LPMethod=0;CPXPARAM_MIP_Cuts_Cliques=0;CPXPARAM_MIP_Cuts_Covers=0;CPXPARAM_MIP_Cuts_Disjunctive=2;CPXPARAM_MIP_Cuts_FlowCovers=1;CPXPARAM_MIP_Cuts_GUBCovers=2;CPXPARAM_MIP_Cuts_Gomory=2;CPXPARAM_MIP_Cuts_Implied=1;CPXPARAM_MIP_Cuts_MIRCut=-1;CPXPARAM_MIP_Cuts_PathCut=2;CPXPARAM_MIP_Limits_AggForCut=3;CPXPARAM_MIP_Limits_CutPasses=0;CPXPARAM_MIP_Limits_CutsFactor=-1;CPXPARAM_MIP_Limits_GomoryCand=800;CPXPARAM_MIP_Limits_GomoryPass=0;CPXPARAM_MIP_Limits_Nodes=9223372036800000000;CPXPARAM_MIP_Limits_ProbeTime=1e+75;CPXPARAM_MIP_Limits_RepairTries=0;CPXPARAM_MIP_Limits_StrongCand=10;CPXPARAM_MIP_Limits_StrongIt=0;CPXPARAM_MIP_OrderType=0;CPXPARAM_MIP_Strategy_BBInterval=7;CPXPARAM_MIP_Strategy_Branch=0;CPXPARAM_MIP_Strategy_Dive=3;CPXPARAM_MIP_Strategy_File=1;CPXPARAM_MIP_Strategy_HeuristicFreq=0;CPXPARAM_MIP_Strategy_LBHeur=0;CPXPARAM_MIP_Strategy_NodeSelect=1;CPXPARAM_MIP_Strategy_Order=1;CPXPARAM_MIP_Strategy_PresolveNode=0;CPXPARAM_MIP_Strategy_Probe=3;CPXPARAM_MIP_Strategy_RINSHeur=0;CPXPARAM_MIP_Strategy_StartAlgorithm=0;CPXPARAM_MIP_Strategy_SubAlgorithm=0;CPXPARAM_MIP_Strategy_VariableSelect=0;CPXPARAM_Network_NetFind=2;CPXPARAM_Network_Pricing=0;CPXPARAM_Parallel=1;CPXPARAM_Preprocessing_Aggregator=-1;CPXPARAM_Preprocessing_BoundStrength=-1;CPXPARAM_Preprocessing_CoeffReduce=-1;CPXPARAM_Preprocessing_Dependency=-1;CPXPARAM_Preprocessing_Dual=0;CPXPARAM_Preprocessing_Fill=10;CPXPARAM_Preprocessing_NumPass=-1;CPXPARAM_Preprocessing_Presolve=1;CPXPARAM_Preprocessing_QPMakePSD=1;CPXPARAM_Preprocessing_Reduce=3;CPXPARAM_Preprocessing_Relax=-1;CPXPARAM_Preprocessing_RepeatPresolve=-1;CPXPARAM_Preprocessing_Symmetry=-1;CPXPARAM_Read_Scale=0;CPXPARAM_Sifting_Algorithm=0;CPXPARAM_Simplex_Crash=1;CPXPARAM_Simplex_DGradient=0;CPXPARAM_Simplex_Limits_Perturbation=0;CPXPARAM_Simplex_Limits_Singularity=10;CPXPARAM_Simplex_PGradient=0;CPXPARAM_Simplex_Pricing=0;CPXPARAM_Simplex_Refactor=0
11180985499678578165,0,CPXPARAM_Advance=1;CPXPARAM_Barrier_Algorithm=0;CPXPARAM_Barrier_ColNonzeros=0;CPXPARAM_Barrier_Crossover=0;CPXPARAM_Barrier_Limits_Corrections=-1;CPXPARAM_Barrier_Ordering=0;CPXPARAM_Barrier_StartAlg=1;CPXPARAM_Emphasis_MIP=1;CPXPARAM_Emphasis_Memory=0;CPXPARAM_Emphasis_Numerical=0;CPXPARAM_Feasopt_Mode=0;CPXPARAM_LPMethod=0;CPXPARAM_MIP_Cuts_Cliques=2;CPXPARAM_MIP_Cuts_Covers=0;CPXPARAM_MIP_Cuts_Disjunctive=0;CPXPARAM_MIP_Cuts_FlowCovers=-1;CPXPARAM_MIP_Cuts_GUBCovers=2;CPXPARAM_MIP_Cuts_Gomory=2;CPXPARAM_MIP_Cuts_Implied=-1;CPXPARAM_MIP_Cuts_MIRCut=2;CPXPARAM_MIP_Cuts_PathCut=-1;CPXPARAM_MIP_Limits_AggForCut=3;CPXPARAM_MIP_Limits_CutPasses=0;CPXPARAM_MIP_Limits_CutsFactor=-1;CPXPARAM_MIP_Limits_GomoryCand=150;CPXPARAM_MIP_Limits_GomoryPass=0;CPXPARAM_MIP_Limits_Nodes=9223372036800000000;CPXPARAM_MIP_Limits_ProbeTime=30;CPXPARAM_MIP_Limits_RepairTries=0;CPXPARAM_MIP_Limits_StrongCand=10;CPXPARAM_MIP_Limits_StrongIt=0;CPXPARAM_MIP_OrderType=0;CPXPARAM_MIP_Strategy_BBInterval=7;CPXPARAM_MIP_Strategy_Branch=0;CPXPARAM_MIP_Strategy_Dive=0;CPXPARAM_MIP_Strategy_File=1;CPXPARAM_MIP_Strategy_HeuristicFreq=0;CPXPARAM_MIP_Strategy_LBHeur=0;CPXPARAM_MIP_Strategy_NodeSelect=1;CPXPARAM_MIP_Strategy_Order=1;CPXPARAM_MIP_Strategy_PresolveNode=0;CPXPARAM_MIP_Strategy_Probe=0;CPXPARAM_MIP_Strategy_RINSHeur=0;CPXPARAM_MIP_Strategy_StartAlgorithm=1;CPXPARAM_MIP_Strategy_SubAlgorithm=5;CPXPARAM_MIP_Strategy_VariableSelect=0;CPXPARAM_Network_NetFind=2;CPXPARAM_Network_Pricing=0;CPXPARAM_Parallel=1;CPXPARAM_Preprocessing_Aggregator=-1;CPXPARAM_Preprocessing_BoundStrength=-1;CPXPARAM_Preprocessing_CoeffReduce=-1;CPXPARAM_Preprocessing_Dependency=-1;CPXPARAM_Preprocessing_Dual=0;CPXPARAM_Preprocessing_Fill=10;CPXPARAM_Preprocessing_NumPass=-1;CPXPARAM_Preprocessing_Presolve=1;CPXPARAM_Preprocessing_QPMakePSD=1;CPXPARAM_Preprocessing_Reduce=3;CPXPARAM_Preprocessing_Relax=-1;CPXPARAM_Preprocessing_RepeatPresolve=-1;CPXPARAM_Preprocessing_Symmetry=3;CPXPARAM_Read_Scale=0;CPXPARAM_Sifting_Algorithm=0;CPXPARAM_Simplex_Crash=1;CPXPARAM_Simplex_DGradient=0;CPXPARAM_Simplex_Limits_Perturbation=0;CPXPARAM_Simplex_Limits_Singularity=10;CPXPARAM_Simplex_PGradient=0;CPXPARAM_Simplex_Pricing=0;CPXPARAM_Simplex_Refactor=0
17736209735020924176,0,CPXPARAM_Advance=1;CPXPARAM_Barrier_Algorithm=0;CPXPARAM_Barrier_ColNonzeros=0;CPXPARAM_Barrier_Crossover=0;CPXPARAM_Barrier_Limits_Corrections=-1;CPXPARAM_Barrier_Ordering=0;CPXPARAM_Barrier_StartAlg=1;CPXPARAM_Emphasis_MIP=1;CPXPARAM_Emphasis_Memory=0;CPXPARAM_Emphasis_Numerical=0;CPXPARAM_Feasopt_Mode=0;CPXPARAM_LPMethod=0;CPXPARAM_MIP_Cuts_Cliques=0;CPXPARAM_MIP_Cuts_Covers=0;CPXPARAM_MIP_Cuts_Disjunctive=2;CPXPARAM_MIP_Cuts_FlowCovers=1;CPXPARAM_MIP_Cuts_GUBCovers=2;CPXPARAM_MIP_Cuts_Gomory=0;CPXPARAM_MIP_Cuts_Implied=1;CPXPARAM_MIP_Cuts_MIRCut=-1;CPXPARAM_MIP_Cuts_PathCut=2;CPXPARAM_MIP_Limits_AggForCut=3;CPXPARAM_MIP_Limits_CutPasses=0;CPXPARAM_MIP_Limits_CutsFactor=-1;CPXPARAM_MIP_Limits_GomoryCand=10;CPXPARAM_MIP_Limits_GomoryPass=0;CPXPARAM_MIP_Limits_Nodes=9223372036800000000;CPXPARAM_MIP_Limits_ProbeTime=1e+75;CPXPARAM_MIP_Limits_RepairTries=0;CPXPARAM_MIP_Limits_StrongCand=10;CPXPARAM_MIP_Limits_StrongIt=0;CPXPARAM_MIP_OrderType=0;CPXPARAM_MIP_Strategy_BBInterval=7;CPXPARAM_MIP_Strategy_Branch=0;CPXPARAM_MIP_Strategy_Dive=0;CPXPARAM_MIP_Strategy_File=1;CPXPARAM_MIP_Strategy_HeuristicFreq=0;CPXPARAM_MIP_Strategy_LBHeur=0;CPXPARAM_MIP_Strategy_NodeSelect=1;CPXPARAM_MIP_Strategy_Order=1;CPXPARAM_MIP_Strategy_PresolveNode=0;CPXPARAM_MIP_Strategy_Probe=3;CPXPARAM_MIP_Strategy_RINSHeur=0;CPXPARAM_MIP_Strategy_StartAlgorithm=0;CPXPARAM_MIP_Strategy_SubAlgorithm=0;CPXPARAM_MIP_Strategy_VariableSelect=0;CPXPARAM_Network_NetFind=2;CPXPARAM_Network_Pricing=0;CPXPARAM_Parallel=1;CPXPARAM_Preprocessing_Aggregator=-1;CPXPARAM_Preprocessing_BoundStrength=-1;CPXPARAM_Preprocessing_CoeffReduce=-1;CPXPARAM_Preprocessing_Dependency=-1;CPXPARAM_Preprocessing_Dual=0;CPXPARAM_Preprocessing_Fill=10;CPXPARAM_Preprocessing_NumPass=-1;CPXPARAM_Preprocessing_Presolve=1;CPXPARAM_Preprocessing_QPMakePSD=1;CPXPARAM_Preprocessing_Reduce=3;CPXPARAM_Preprocessing_Relax=-1;CPXPARAM_Preprocessing_RepeatPresolve=-1;CPXPARAM_Preprocessing_Symmetry=-1;CPXPARAM_Read_Scale=0;CPXPARAM_Sifting_Algorithm=0;CPXPARAM_Simplex_Crash=1;CPXPARAM_Simplex_DGradient=0;CPXPARAM_Simplex_Limits_Perturbation=0;CPXPARAM_Simplex_Limits_Singularity=10;CPXPARAM_Simplex_PGradient=0;CPXPARAM_Simplex_Pricing=0;CPXPARAM_Simplex_Refactor=0
11830920749918909969,0,CPXPARAM_Advance=1;CPXPARAM_Barrier_Algorithm=3;CPXPARAM_Barrier_ColNonzeros=0;CPXPARAM_Barrier_Crossover=2;CPXPARAM_Barrier_Limits_Corrections=-1;CPXPARAM_Barrier_Ordering=0;CPXPARAM_Barrier_StartAlg=2;CPXPARAM_Emphasis_MIP=5;CPXPARAM_Emphasis_Memory=0;CPXPARAM_Emphasis_Numerical=0;CPXPARAM_Feasopt_Mode=5;CPXPARAM_LPMethod=0;CPXPARAM_MIP_Cuts_Cliques=3;CPXPARAM_MIP_Cuts_Covers=0;CPXPARAM_MIP_Cuts_Disjunctive=3;CPXPARAM_MIP_Cuts_FlowCovers=2;CPXPARAM_MIP_Cuts_GUBCovers=1;CPXPARAM_MIP_Cuts_Gomory=2;CPXPARAM_MIP_Cuts_Implied=2;CPXPARAM_MIP_Cuts_MIRCut=2;CPXPARAM_MIP_Cuts_PathCut=0;CPXPARAM_MIP_Limits_AggForCut=3;CPXPARAM_MIP_Limits_CutPasses=0;CPXPARAM_MIP_Limits_CutsFactor=-1;CPXPARAM_MIP_Limits_GomoryCand=25;CPXPARAM_MIP_Limits_GomoryPass=0;CPXPARAM_MIP_Limits_Nodes=9223372036800000000;CPXPARAM_MIP_Limits_ProbeTime=2;CPXPARAM_MIP_Limits_RepairTries=0;CPXPARAM_MIP_Limits_StrongCand=10;CPXPARAM_MIP_Limits_StrongIt=0;CPXPARAM_MIP_OrderType=0;CPXPARAM_MIP_Strategy_BBInterval=7;CPXPARAM_MIP_Strategy_Branch=0;CPXPARAM_MIP_Strategy_Dive=0;CPXPARAM_MIP_Strategy_File=1;CPXPARAM_MIP_Strategy_HeuristicFreq=0;CPXPARAM_MIP_Strategy_LBHeur=0;CPXPARAM_MIP_Strategy_NodeSelect=1;CPXPARAM_MIP_Strategy_Order=1;CPXPARAM_MIP_Strategy_PresolveNode=0;CPXPARAM_MIP_Strategy_Probe=3;CPXPARAM_MIP_Strategy_RINSHeur=0;CPXPARAM_MIP_Strategy_StartAlgorithm=2;CPXPARAM_MIP_Strategy_SubAlgorithm=3;CPXPARAM_MIP_Strategy_VariableSelect=-1;CPXPARAM_Network_NetFind=2;CPXPARAM_Network_Pricing=0;CPXPARAM_Parallel=1;CPXPARAM_Preprocessing_Aggregator=-1;CPXPARAM_Preprocessing_BoundStrength=1;CPXPARAM_Preprocessing_CoeffReduce=-1;CPXPARAM_Preprocessing_Dependency=-1;CPXPARAM_Preprocessing_Dual=0;CPXPARAM_Preprocessing_Fill=10;CPXPARAM_Preprocessing_NumPass=-1;CPXPARAM_Preprocessing_Presolve=1;CPXPARAM_Preprocessing_QPMakePSD=1;CPXPARAM_Preprocessing_Reduce=1;CPXPARAM_Preprocessing_Relax=-1;CPXPARAM_Preprocessing_RepeatPresolve=-1;CPXPARAM_Preprocessing_Symmetry=4;CPXPARAM_Read_Scale=0;CPXPARAM_Sifting_Algorithm=0;CPXPARAM_Simplex_Crash=-1;CPXPARAM_Simplex_DGradient=1;CPXPARAM_Simplex_Limits_Perturbation=0;CPXPARAM_Simplex_Limits_Singularity=10;CPXPARAM_Simplex_PGradient=0;CPXPARAM_Simplex_Pricing=0;CPXPARAM_Simplex_Refactor=0
12149081682624181834,0,CPXPARAM_Advance=1;CPXPARAM_Barrier_Algorithm=0;CPXPARAM_Barrier_ColNonzeros=0;CPXPARAM_Barrier_Crossover=2;CPXPARAM_Barrier_Limits_Corrections=-1;CPXPARAM_Barrier_Ordering=0;CPXPARAM_Barrier_StartAlg=1;CPXPARAM_Emphasis_MIP=1;CPXPARAM_Emphasis_Memory=0;CPXPARAM_Emphasis_Numerical=0;CPXPARAM_Feasopt_Mode=0;CPXPARAM_LPMethod=0;CPXPARAM_MIP_Cuts_Cliques=1;CPXPARAM_MIP_Cuts_Covers=0;CPXPARAM_MIP_Cuts_Disjunctive=-1;CPXPARAM_MIP_Cuts_FlowCovers=-1;CPXPARAM_MIP_Cuts_GUBCovers=1;CPXPARAM_MIP_Cuts_Gomory=1;CPXPARAM_MIP_Cuts_Implied=1;CPXPARAM_MIP_Cuts_MIRCut=2;CPXPARAM_MIP_Cuts_PathCut=-1;CPXPARAM_MIP_Limits_AggForCut=3;CPXPARAM_MIP_Limits_CutPasses=0;CPXPARAM_MIP_Limits_CutsFactor=-1;CPXPARAM_MIP_Limits_GomoryCand=10;CPXPARAM_MIP_Limits_GomoryPass=0;CPXPARAM_MIP_Limits_Nodes=9223372036800000000;CPXPARAM_MIP_Limits_ProbeTime=10;CPXPARAM_MIP_Limits_RepairTries=0;CPXPARAM_MIP_Limits_StrongCand=10;CPXPARAM_MIP_Limits_StrongIt=0;CPXPARAM_MIP_OrderType=0;CPXPARAM_MIP_Strategy_BBInterval=7;CPXPARAM_MIP_Strategy_Branch=0;CPXPARAM_MIP_Strategy_Dive=0;CPXPARAM_MIP_Strategy_File=1;CPXPARAM_MIP_Strategy_HeuristicFreq=0;CPXPARAM_MIP_Strategy_LBHeur=0;CPXPARAM_MIP_Strategy_NodeSelect=1;CPXPARAM_MIP_Strategy_Order=1;CPXPARAM_MIP_Strategy_PresolveNode=0;CPXPARAM_MIP_Strategy_Probe=0;CPXPARAM_MIP_Strategy_RINSHeur=0;CPXPARAM_MIP_Strategy_StartAlgorithm=2;CPXPARAM_MIP_Strategy_SubAlgorithm=3;CPXPARAM_MIP_Strategy_VariableSelect=3;CPXPARAM_Network_NetFind=2;CPXPARAM_Network_Pricing=0;CPXPARAM_Parallel=1;CPXPARAM_Preprocessing_Aggregator=-1;CPXPARAM_Preprocessing_BoundStrength=-1;CPXPARAM_Preprocessing_CoeffReduce=-1;CPXPARAM_Preprocessing_Dependency=-1;CPXPARAM_Preprocessing_Dual=0;CPXPARAM_Preprocessing_Fill=10;CPXPARAM_Preprocessing_NumPass=-1;CPXPARAM_Preprocessing_Presolve=1;CPXPARAM_Preprocessing_QPMakePSD=1;CPXPARAM_Preprocessing_Reduce=3;CPXPARAM_Preprocessing_Relax=-1;CPXPARAM_Preprocessing_RepeatPresolve=-1;CPXPARAM_Preprocessing_Symmetry=0;CPXPARAM_Read_Scale=0;CPXPARAM_Sifting_Algorithm=0;CPXPARAM_Simplex_Crash=1;CPXPARAM_Simplex_DGradient=4;CPXPARAM_Simplex_Limits_Perturbation=0;CPXPARAM_Simplex_Limits_Singularity=10;CPXPARAM_Simplex_PGradient=0;CPXPARAM_Simplex_Pricing=0;CPXPARAM_Simplex_Refactor=0
4947696655382491272,0,CPXPARAM_Advance=1;CPXPARAM_Barrier_Algorithm=0;CPXPARAM_Barrier_ColNonzeros=0;CPXPARAM_Barrier_Crossover=0;CPXPARAM_Barrier_Limits_Corrections=-1;CPXPARAM_Barrier_Ordering=0;CPXPARAM_Barrier_StartAlg=1;CPXPARAM_Emphasis_MIP=1;CPXPARAM_Emphasis_Memory=0;CPXPARAM_Emphasis_Numerical=0;CPXPARAM_Feasopt_Mode=0;CPXPARAM_LPMethod=0;CPXPARAM_MIP_Cuts_Cliques=0;CPXPARAM_MIP_Cuts_Covers=0;CPXPARAM_MIP_Cuts_Disjunctive=2;CPXPARAM_MIP_Cuts_FlowCovers=1;CPXPARAM_MIP_Cuts_GUBCovers=2;CPXPARAM_MIP_Cuts_Gomory=2;CPXPARAM_MIP_Cuts_Implied=1;CPXPARAM_MIP_Cuts_MIRCut=-1;CPXPARAM_MIP_Cuts_PathCut=2;CPXPARAM_MIP_Limits_AggForCut=3;CPXPARAM_MIP_Limits_CutPasses=0;CPXPARAM_MIP_Limits_CutsFactor=-1;CPXPARAM_MIP_Limits_GomoryCand=800;CPXPARAM_MIP_Limits_GomoryPass=0;CPXPARAM_MIP_Limits_Nodes=9223372036800000000;CPXPARAM_MIP_Limits_ProbeTime=1e+75;CPXPARAM_MIP_Limits_RepairTries=0;CPXPARAM_MIP_Limits_StrongCand=10;CPXPARAM_MIP_Limits_StrongIt=0;CPXPARAM_MIP_OrderType=0;CPXPARAM_MIP_Strategy_BBInterval=7;CPXPARAM_MIP_Strategy_Branch=0;CPXPARAM_MIP_Strategy_Dive=0;CPXPARAM_MIP_Strategy_File=1;CPXPARAM_MIP_Strategy_HeuristicFreq=0;CPXPARAM_MIP_Strategy_LBHeur=0;CPXPARAM_MIP_Strategy_NodeSelect=1;CPXPARAM_MIP_Strategy_Order=1;CPXPARAM_MIP_Strategy_PresolveNode=0;CPXPARAM_MIP_Strategy_Probe=3;CPXPARAM_MIP_Strategy_RINSHeur=0;CPXPARAM_MIP_Strategy_StartAlgorithm=0;CPXPARAM_MIP_Strategy_SubAlgorithm=0;CPXPARAM_MIP_Strategy_VariableSelect=0;CPXPARAM_Network_NetFind=2;CPXPARAM_Network_Pricing=0;CPXPARAM_Parallel=1;CPXPARAM_Preprocessing_Aggregator=-1;CPXPARAM_Preprocessing_BoundStrength=-1;CPXPARAM_Preprocessing_CoeffReduce=-1;CPXPARAM_Preprocessing_Dependency=-1;CPXPARAM_Preprocessing_Dual=0;CPXPARAM_Preprocessing_Fill=10;CPXPARAM_Preprocessing_NumPass=-1;CPXPARAM_Preprocessing_Presolve=1;CPXPARAM_Preprocessing_QPMakePSD=1;CPXPARAM_Preprocessing_Reduce=3;CPXPARAM_Preprocessing_Relax=-1;CPXPARAM_Preprocessing_RepeatPresolve=-1;CPXPARAM_Preprocessing_Symmetry=-1;CPXPARAM_Read_Scale=0;CPXPARAM_Sifting_Algorithm=0;CPXPARAM_Simplex_Crash=1;CPXPARAM_Simplex_DGradient=0;CPXPARAM_Simplex_Limits_Perturbation=0;CPXPARAM_Simplex_Limits_Singularity=10;CPXPARAM_Simplex_PGradient=0;CPXPARAM_Simplex_Pricing=0;CPXPARAM_Simplex_Refactor=0
4397452241691825707,0,CPXPARAM_Advance=1;CPXPARAM_Barrier_Algorithm=0;CPXPARAM_Barrier_ColNonzeros=0;CPXPARAM_Barrier_Crossover=0;CPXPARAM_Barrier_Limits_Corrections=-1;CPXPARAM_Barrier_Ordering=0;CPXPARAM_Barrier_StartAlg=1;CPXPARAM_Emphasis_MIP=1;CPXPARAM_Emphasis_Memory=0;CPXPARAM_Emphasis_Numerical=0;CPXPARAM_Feasopt_Mode=0;CPXPARAM_LPMethod=0;CPXPARAM_MIP_Cuts_Cliques=0;CPXPARAM_MIP_Cuts_Covers=0;CPXPARAM_MIP_Cuts_Disjunctive=2;CPXPARAM_MIP_Cuts_FlowCovers=1;CPXPARAM_MIP_Cuts_GUBCovers=2;CPXPARAM_MIP_Cuts_Gomory=2;CPXPARAM_MIP_Cuts_Implied=1;CPXPARAM_MIP_Cuts_MIRCut=-1;CPXPARAM_MIP_Cuts_PathCut=2;CPXPARAM_MIP_Limits_AggForCut=3;CPXPARAM_MIP_Limits_CutPasses=0;CPXPARAM_MIP_Limits_CutsFactor=-1;CPXPARAM_MIP_Limits_GomoryCand=10;CPXPARAM_MIP_Limits_GomoryPass=0;CPXPARAM_MIP_Limits_Nodes=9223372036800000000;CPXPARAM_MIP_Limits_ProbeTime=50;CPXPARAM_MIP_Limits_RepairTries=0;CPXPARAM_MIP_Limits_StrongCand=10;CPXPARAM_MIP_Limits_StrongIt=0;CPXPARAM_MIP_OrderType=0;CPXPARAM_MIP_Strategy_BBInterval=7;CPXPARAM_MIP_Strategy_Branch=0;CPXPARAM_MIP_Strategy_Dive=0;CPXPARAM_MIP_Strategy_File=1;CPXPARAM_MIP_Strategy_HeuristicFreq=0;CPXPARAM_MIP_Strategy_LBHeur=0;CPXPARAM_MIP_Strategy_NodeSelect=1;CPXPARAM_MIP_Strategy_Order=1;CPXPARAM_MIP_Strategy_PresolveNode=0;CPXPARAM_MIP_Strategy_Probe=0;CPXPARAM_MIP_Strategy_RINSHeur=0;CPXPARAM_MIP_Strategy_StartAlgorithm=0;CPXPARAM_MIP_Strategy_SubAlgorithm=0;CPXPARAM_MIP_Strategy_VariableSelect=0;CPXPARAM_Network_NetFind=2;CPXPARAM_Network_Pricing=0;CPXPARAM_Parallel=1;CPXPARAM_Preprocessing_Aggregator=-1;CPXPARAM_Preprocessing_BoundStrength=-1;CPXPARAM_Preprocessing_CoeffReduce=-1;CPXPARAM_Preprocessing_Dependency=-1;CPXPARAM_Preprocessing_Dual=0;CPXPARAM_Preprocessing_Fill=10;CPXPARAM_Preprocessing_NumPass=-1;CPXPARAM_Preprocessing_Presolve=1;CPXPARAM_Preprocessing_QPMakePSD=1;CPXPARAM_Preprocessing_Reduce=3;CPXPARAM_Preprocessing_Relax=-1;CPXPARAM_Preprocessing_RepeatPresolve=-1;CPXPARAM_Preprocessing_Symmetry=-1;CPXPARAM_Read_Scale=0;CPXPARAM_Sifting_Algorithm=0;CPXPARAM_Simplex_Crash=1;CPXPARAM_Simplex_DGradient=0;CPXPARAM_Simplex_Limits_Perturbation=0;CPXPARAM_Simplex_Limits_Singularity=10;CPXPARAM_Simplex_PGradient=0;CPXPARAM_Simplex_Pricing=0;CPXPARAM_Simplex_Refactor=0
3795690205622754262,0,CPXPARAM_Advance=1;CPXPARAM_Barrier_Algorithm=0;CPXPARAM_Barrier_ColNonzeros=0;CPXPARAM_Barrier_Crossover=0;CPXPARAM_Barrier_Limits_Corrections=-1;CPXPARAM_Barrier_Ordering=0;CPXPARAM_Barrier_StartAlg=2;CPXPARAM_Emphasis_MIP=1;CPXPARAM_Emphasis_Memory=0;CPXPARAM_Emphasis_Numerical=0;CPXPARAM_Feasopt_Mode=0;CPXPARAM_LPMethod=0;CPXPARAM_MIP_Cuts_Cliques=0;CPXPARAM_MIP_Cuts_Covers=0;CPXPARAM_MIP_Cuts_Disjunctive=2;CPXPARAM_MIP_Cuts_FlowCovers=1;CPXPARAM_MIP_Cuts_GUBCovers=-1;CPXPARAM_MIP_Cuts_Gomory=2;CPXPARAM_MIP_Cuts_Implied=1;CPXPARAM_MIP_Cuts_MIRCut=-1;CPXPARAM_MIP_Cuts_PathCut=2;CPXPARAM_MIP_Limits_AggForCut=3;CPXPARAM_MIP_Limits_CutPasses=0;CPXPARAM_MIP_Limits_CutsFactor=-1;CPXPARAM_MIP_Limits_GomoryCand=800;CPXPARAM_MIP_Limits_GomoryPass=0;CPXPARAM_MIP_Limits_Nodes=9223372036800000000;CPXPARAM_MIP_Limits_ProbeTime=0;CPXPARAM_MIP_Limits_RepairTries=0;CPXPARAM_MIP_Limits_StrongCand=10;CPXPARAM_MIP_Limits_StrongIt=0;CPXPARAM_MIP_OrderType=0;CPXPARAM_MIP_Strategy_BBInterval=7;CPXPARAM_MIP_Strategy_Branch=0;CPXPARAM_MIP_Strategy_Dive=0;CPXPARAM_MIP_Strategy_File=1;CPXPARAM_MIP_Strategy_HeuristicFreq=0;CPXPARAM_MIP_Strategy_LBHeur=0;CPXPARAM_MIP_Strategy_NodeSelect=1;CPXPARAM_MIP_Strategy_Order=1;CPXPARAM_MIP_Strategy_PresolveNode=0;CPXPARAM_MIP_Strategy_Probe=3;CPXPARAM_MIP_Strategy_RINSHeur=0;CPXPARAM_MIP_Strategy_StartAlgorithm=5;CPXPARAM_MIP_Strategy_SubAlgorithm=0;CPXPARAM_MIP_Strategy_VariableSelect=0;CPXPARAM_Network_NetFind=2;CPXPARAM_Network_Pricing=0;CPXPARAM_Parallel=1;CPXPARAM_Preprocessing_Aggregator=-1;CPXPARAM_Preprocessing_BoundStrength=-1;CPXPARAM_Preprocessing_CoeffReduce=-1;CPXPARAM_Preprocessing_Dependency=-1;CPXPARAM_Preprocessing_Dual=0;CPXPARAM_Preprocessing_Fill=10;CPXPARAM_Preprocessing_NumPass=-1;CPXPARAM_Preprocessing_Presolve=1;CPXPARAM_Preprocessing_QPMakePSD=1;CPXPARAM_Preprocessing_Reduce=3;CPXPARAM_Preprocessing_Relax=-1;CPXPARAM_Preprocessing_RepeatPresolve=-1;CPXPARAM_Preprocessing_Symmetry=4;CPXPARAM_Read_Scale=0;CPXPARAM_Sifting_Algorithm=0;CPXPARAM_Simplex_Crash=1;CPXPARAM_Simplex_DGradient=0;CPXPARAM_Simplex_Limits_Perturbation=0;CPXPARAM_Simplex_Limits_Singularity=10;CPXPARAM_Simplex_PGradient=0;CPXPARAM_Simplex_Pricing=0;CPXPARAM_Simplex_Refactor=0
12891189264099448760,0,CPXPARAM_Advance=1;CPXPARAM_Barrier_Algorithm=0;CPXPARAM_Barrier_ColNonzeros=0;CPXPARAM_Barrier_Crossover=0;CPXPARAM_Barrier_Limits_Corrections=-1;CPXPARAM_Barrier_Ordering=0;CPXPARAM_Barrier_StartAlg=1;CPXPARAM_Emphasis_MIP=1;CPXPARAM_Emphasis_Memory=0;CPXPARAM_Emphasis_Numerical=0;CPXPARAM_Feasopt_Mode=0;CPXPARAM_LPMethod=0;CPXPARAM_MIP_Cuts_Cliques=0;CPXPARAM_MIP_Cuts_Covers=0;CPXPARAM_MIP_Cuts_Disjunctive=2;CPXPARAM_MIP_Cuts_FlowCovers=1;CPXPARAM_MIP_Cuts_GUBCovers=2;CPXPARAM_MIP_Cuts_Gomory=2;CPXPARAM_MIP_Cuts_Implied=1;CPXPARAM_MIP_Cuts_MIRCut=-1;CPXPARAM_MIP_Cuts_PathCut=-1;CPXPARAM_MIP_Limits_AggForCut=3;CPXPARAM_MIP_Limits_CutPasses=0;CPXPARAM_MIP_Limits_CutsFactor=-1;CPXPARAM_MIP_Limits_GomoryCand=800;CPXPARAM_MIP_Limits_GomoryPass=0;CPXPARAM_MIP_Limits_Nodes=9223372036800000000;CPXPARAM_MIP_Limits_ProbeTime=1e+75;CPXPARAM_MIP_Limits_RepairTries=0;CPXPARAM_MIP_Limits_StrongCand=10;CPXPARAM_MIP_Limits_StrongIt=0;CPXPARAM_MIP_OrderType=0;CPXPARAM_MIP_Strategy_BBInterval=7;CPXPARAM_MIP_Strategy_Branch=0;CPXPARAM_MIP_Strategy_Dive=0;CPXPARAM_MIP_Strategy_File=1;CPXPARAM_MIP_Strategy_HeuristicFreq=0;CPXPARAM_MIP_Strategy_LBHeur=0;CPXPARAM_MIP_Strategy_NodeSelect=1;CPXPARAM_MIP_Strategy_Order=1;CPXPARAM_MIP_Strategy_PresolveNode=0;CPXPARAM_MIP_Strategy_Probe=3;CPXPARAM_MIP_Strategy_RINSHeur=0;CPXPARAM_MIP_Strategy_StartAlgorithm=0;CPXPARAM_MIP_Strategy_SubAlgorithm=0;CPXPARAM_MIP_Strategy_VariableSelect=0;CPXPARAM_Network_NetFind=2;CPXPARAM_Network_Pricing=0;CPXPARAM_Parallel=1;CPXPARAM_Preprocessing_Aggregator=-1;CPXPARAM_Preprocessing_BoundStrength=-1;CPXPARAM_Preprocessing_CoeffReduce=-1;CPXPARAM_Preprocessing_Dependency=-1;CPXPARAM_Preprocessing_Dual=0;CPXPARAM_Preprocessing_Fill=10;CPXPARAM_Preprocessing_NumPass=-1;CPXPARAM_Preprocessing_Presolve=1;CPXPARAM_Preprocessing_QPMakePSD=1;CPXPARAM_Preprocessing_Reduce=3;CPXPARAM_Preprocessing_Relax=-1;CPXPARAM_Preprocessing_RepeatPresolve=-1;CPXPARAM_Preprocessing_Symmetry=-1;CPXPARAM_Read_Scale=0;CPXPARAM_Sifting_Algorithm=0;CPXPARAM_Simplex_Crash=1;CPXPARAM_Simplex_DGradient=0;CPXPARAM_Simplex_Limits_Perturbation=0;CPXPARAM_Simplex_Limits_Singularity=10;CPXPARAM_Simplex_PGradient=0;CPXPARAM_Simplex_Pricing=0;CPXPARAM_Simplex_Refactor=0
16162213151765494663,0,CPXPARAM_Advance=1;CPXPARAM_Barrier_Algorithm=0;CPXPARAM_Barrier_ColNonzeros=0;CPXPARAM_Barrier_Crossover=0;CPXPARAM_Barrier_Limits_Corrections=-1;CPXPARAM_Barrier_Ordering=0;CPXPARAM_Barrier_StartAlg=1;CPXPARAM_Emphasis_MIP=1;CPXPARAM_Emphasis_Memory=0;CPXPARAM_Emphasis_Numerical=0;CPXPARAM_Feasopt_Mode=0;CPXPARAM_LPMethod=0;CPXPARAM_MIP_Cuts_Cliques=2;CPXPARAM_MIP_Cuts_Covers=0;CPXPARAM_MIP_Cuts_Disjunctive=0;CPXPARAM_MIP_Cuts_FlowCovers=-1;CPXPARAM_MIP_Cuts_GUBCovers=2;CPXPARAM_MIP_Cuts_Gomory=2;CPXPARAM_MIP_Cuts_Implied=-1;CPXPARAM_MIP_Cuts_MIRCut=2;CPXPARAM_MIP_Cuts_PathCut=2;CPXPARAM_MIP_Limits_AggForCut=3;CPXPARAM_MIP_Limits_CutPasses=0;CPXPARAM_MIP_Limits_CutsFactor=-1;CPXPARAM_MIP_Limits_GomoryCand=150;CPXPARAM_MIP_Limits_GomoryPass=0;CPXPARAM_MIP_Limits_Nodes=9223372036800000000;CPXPARAM_MIP_Limits_ProbeTime=30;CPXPARAM_MIP_Limits_RepairTries=0;CPXPARAM_MIP_Limits_StrongCand=10;CPXPARAM_MIP_Limits_StrongIt=0;CPXPARAM_MIP_OrderType=0;CPXPARAM_MIP_Strategy_BBInterval=7;CPXPARAM_MIP_Strategy_Branch=0;CPXPARAM_MIP_Strategy_Dive=0;CPXPARAM_MIP_Strategy_File=1;CPXPARAM_MIP_Strategy_HeuristicFreq=0;CPXPARAM_MIP_Strategy_LBHeur=0;CPXPARAM_MIP_Strategy_NodeSelect=1;CPXPARAM_MIP_Strategy_Order=1;CPXPARAM_MIP_Strategy_PresolveNode=0;CPXPARAM_MIP_Strategy_Probe=0;CPXPARAM_MIP_Strategy_RINSHeur=0;CPXPARAM_MIP_Strategy_StartAlgorithm=1;CPXPARAM_MIP_Strategy_SubAlgorithm=4;CPXPARAM_MIP_Strategy_VariableSelect=0;CPXPARAM_Network_NetFind=2;CPXPARAM_Network_Pricing=0;CPXPARAM_Parallel=1;CPXPARAM_Preprocessing_Aggregator=-1;CPXPARAM_Preprocessing_BoundStrength=-1;CPXPARAM_Preprocessing_CoeffReduce=-1;CPXPARAM_Preprocessing_Dependency=-1;CPXPARAM_Preprocessing_Dual=0;CPXPARAM_Preprocessing_Fill=10;CPXPARAM_Preprocessing_NumPass=-1;CPXPARAM_Preprocessing_Presolve=1;CPXPARAM_Preprocessing_QPMakePSD=1;CPXPARAM_Preprocessing_Reduce=3;CPXPARAM_Preprocessing_Relax=-1;CPXPARAM_Preprocessing_RepeatPresolve=-1;CPXPARAM_Preprocessing_Symmetry=3;CPXPARAM_Read_Scale=0;CPXPARAM_Sifting_Algorithm=0;CPXPARAM_Simplex_Crash=1;CPXPARAM_Simplex_DGradient=0;CPXPARAM_Simplex_Limits_Perturbation=0;CPXPARAM_Simplex_Limits_Singularity=10;CPXPARAM_Simplex_PGradient=0;CPXPARAM_Simplex_Pricing=0;CPXPARAM_Simplex_Refactor=0
5510793594234971981,0,CPXPARAM_Advance=1;CPXPARAM_Barrier_Algorithm=0;CPXPARAM_Barrier_ColNonzeros=0;CPXPARAM_Barrier_Crossover=0;CPXPARAM_Barrier_Limits_Corrections=-1;CPXPARAM_Barrier_Ordering=0;CPXPARAM_Barrier_StartAlg=2;CPXPARAM_Emphasis_MIP=1;CPXPARAM_Emphasis_Memory=1;CPXPARAM_Emphasis_Numerical=0;CPXPARAM_Feasopt_Mode=0;CPXPARAM_LPMethod=0;CPXPARAM_MIP_Cuts_Cliques=0;CPXPARAM_MIP_Cuts_Covers=0;CPXPARAM_MIP_Cuts_Disjunctive=2;CPXPARAM_MIP_Cuts_FlowCovers=1;CPXPARAM_MIP_Cuts_GUBCovers=2;CPXPARAM_MIP_Cuts_Gomory=2;CPXPARAM_MIP_Cuts_Implied=1;CPXPARAM_MIP_Cuts_MIRCut=-1;CPXPARAM_MIP_Cuts_PathCut=2;CPXPARAM_MIP_Limits_AggForCut=3;CPXPARAM_MIP_Limits_CutPasses=0;CPXPARAM_MIP_Limits_CutsFactor=-1;CPXPARAM_MIP_Limits_GomoryCand=800;CPXPARAM_MIP_Limits_GomoryPass=0;CPXPARAM_MIP_Limits_Nodes=9223372036800000000;CPXPARAM_MIP_Limits_ProbeTime=0;CPXPARAM_MIP_Limits_RepairTries=0;CPXPARAM_MIP_Limits_StrongCand=10;CPXPARAM_MIP_Limits_StrongIt=0;CPXPARAM_MIP_OrderType=0;CPXPARAM_MIP_Strategy_BBInterval=7;CPXPARAM_MIP_Strategy_Branch=0;CPXPARAM_MIP_Strategy_Dive=0;CPXPARAM_MIP_Strategy_File=1;CPXPARAM_MIP_Strategy_HeuristicFreq=0;CPXPARAM_MIP_Strategy_LBHeur=0;CPXPARAM_MIP_Strategy_NodeSelect=1;CPXPARAM_MIP_Strategy_Order=1;CPXPARAM_MIP_Strategy_PresolveNode=0;CPXPARAM_MIP_Strategy_Probe=3;CPXPARAM_MIP_Strategy_RINSHeur=0;CPXPARAM_MIP_Strategy_StartAlgorithm=5;CPXPARAM_MIP_Strategy_SubAlgorithm=0;CPXPARAM_MIP_Strategy_VariableSelect=0;CPXPARAM_Network_NetFind=2;CPXPARAM_Network_Pricing=0;CPXPARAM_Parallel=1;CPXPARAM_Preprocessing_Aggregator=-1;CPXPARAM_Preprocessing_BoundStrength=-1;CPXPARAM_Preprocessing_CoeffReduce=-1;CPXPARAM_Preprocessing_Dependency=-1;CPXPARAM_Preprocessing_Dual=0;CPXPARAM_Preprocessing_Fill=10;CPXPARAM_Preprocessing_NumPass=-1;CPXPARAM_Preprocessing_Presolve=1;CPXPARAM_Preprocessing_QPMakePSD=1;CPXPARAM_Preprocessing_Reduce=3;CPXPARAM_Preprocessing_Relax=-1;CPXPARAM_Preprocessing_RepeatPresolve=-1;CPXPARAM_Preprocessing_Symmetry=4;CPXPARAM_Read_Scale=0;CPXPARAM_Sifting_Algorithm=0;CPXPARAM_Simplex_Crash=1;CPXPARAM_Simplex_DGradient=2;CPXPARAM_Simplex_Limits_Perturbation=0;CPXPARAM_Simplex_Limits_Singularity=10;CPXPARAM_Simplex_PGradient=0;CPXPARAM_Simplex_Pricing=0;CPXPARAM_Simplex_Refactor=0
15786642848505587350,0,CPXPARAM_Advance=1;CPXPARAM_Barrier_Algorithm=0;CPXPARAM_Barrier_ColNonzeros=0;CPXPARAM_Barrier_Crossover=0;CPXPARAM_Barrier_Limits_Corrections=-1;CPXPARAM_Barrier_Ordering=0;CPXPARAM_Barrier_StartAlg=1;CPXPARAM_Emphasis_MIP=5;CPXPARAM_Emphasis_Memory=0;CPXPARAM_Emphasis_Numerical=0;CPXPARAM_Feasopt_Mode=0;CPXPARAM_LPMethod=0;CPXPARAM_MIP_Cuts_Cliques=-1;CPXPARAM_MIP_Cuts_Covers=0;CPXPARAM_MIP_Cuts_Disjunctive=1;CPXPARAM_MIP_Cuts_FlowCovers=-1;CPXPARAM_MIP_Cuts_GUBCovers=0;CPXPARAM_MIP_Cuts_Gomory=-1;CPXPARAM_MIP_Cuts_Implied=0;CPXPARAM_MIP_Cuts_MIRCut=2;CPXPARAM_MIP_Cuts_PathCut=-1;CPXPARAM_MIP_Limits_AggForCut=3;CPXPARAM_MIP_Limits_CutPasses=0;CPXPARAM_MIP_Limits_CutsFactor=-1;CPXPARAM_MIP_Limits_GomoryCand=200;CPXPARAM_MIP_Limits_GomoryPass=0;CPXPARAM_MIP_Limits_Nodes=9223372036800000000;CPXPARAM_MIP_Limits_ProbeTime=20;CPXPARAM_MIP_Limits_RepairTries=0;CPXPARAM_MIP_Limits_StrongCand=10;CPXPARAM_MIP_Limits_StrongIt=0;CPXPARAM_MIP_OrderType=0;CPXPARAM_MIP_Strategy_BBInterval=7;CPXPARAM_MIP_Strategy_Branch=0;CPXPARAM_MIP_Strategy_Dive=0;CPXPARAM_MIP_Strategy_File=1;CPXPARAM_MIP_Strategy_HeuristicFreq=0;CPXPARAM_MIP_Strategy_LBHeur=0;CPXPARAM_MIP_Strategy_NodeSelect=1;CPXPARAM_MIP_Strategy_Order=1;CPXPARAM_MIP_Strategy_PresolveNode=0;CPXPARAM_MIP_Strategy_Probe=3;CPXPARAM_MIP_Strategy_RINSHeur=0;CPXPARAM_MIP_Strategy_StartAlgorithm=0;CPXPARAM_MIP_Strategy_SubAlgorithm=0;CPXPARAM_MIP_Strategy_VariableSelect=0;CPXPARAM_Network_NetFind=2;CPXPARAM_Network_Pricing=0;CPXPARAM_Parallel=1;CPXPARAM_Preprocessing_Aggregator=-1;CPXPARAM_Preprocessing_BoundStrength=-1;CPXPARAM_Preprocessing_CoeffReduce=-1;CPXPARAM_Preprocessing_Dependency=-1;CPXPARAM_Preprocessing_Dual=0;CPXPARAM_Preprocessing_Fill=10;CPXPARAM_Preprocessing_NumPass=-1;CPXPARAM_Preprocessing_Presolve=1;CPXPARAM_Preprocessing_QPMakePSD=1;CPXPARAM_Preprocessing_Reduce=3;CPXPARAM_Preprocessing_Relax=-1;CPXPARAM_Preprocessing_RepeatPresolve=-1;CPXPARAM_Preprocessing_Symmetry=-1;CPXPARAM_Read_Scale=0;CPXPARAM_Sifting_Algorithm=0;CPXPARAM_Simplex_Crash=1;CPXPARAM_Simplex_DGradient=0;CPXPARAM_Simplex_Limits_Perturbation=0;CPXPARAM_Simplex_Limits_Singularity=10;CPXPARAM_Simplex_PGradient=0;CPXPARAM_Simplex_Pricing=0;CPXPARAM_Simplex_Refactor=0
6869954238118213648,0,CPXPARAM_Advance=1;CPXPARAM_Barrier_Algorithm=0;CPXPARAM_Barrier_ColNonzeros=0;CPXPARAM_Barrier_Crossover=0;CPXPARAM_Barrier_Limits_Corrections=-1;CPXPARAM_Barrier_Ordering=0;CPXPARAM_Barrier_StartAlg=2;CPXPARAM_Emphasis_MIP=1;CPXPARAM_Emphasis_Memory=0;CPXPARAM_Emphasis_Numerical=0;CPXPARAM_Feasopt_Mode=0;CPXPARAM_LPMethod=0;CPXPARAM_MIP_Cuts_Cliques=0;CPXPARAM_MIP_Cuts_Covers=0;CPXPARAM_MIP_Cuts_Disjunctive=2;CPXPARAM_MIP_Cuts_FlowCovers=1;CPXPARAM_MIP_Cuts_GUBCovers=2;CPXPARAM_MIP_Cuts_Gomory=2;CPXPARAM_MIP_Cuts_Implied=1;CPXPARAM_MIP_Cuts_MIRCut=-1;CPXPARAM_MIP_Cuts_PathCut=2;CPXPARAM_MIP_Limits_AggForCut=3;CPXPARAM_MIP_Limits_CutPasses=0;CPXPARAM_MIP_Limits_CutsFactor=-1;CPXPARAM_MIP_Limits_GomoryCand=800;CPXPARAM_MIP_Limits_GomoryPass=0;CPXPARAM_MIP_Limits_Nodes=9223372036800000000;CPXPARAM_MIP_Limits_ProbeTime=0;CPXPARAM_MIP_Limits_RepairTries=0;CPXPARAM_MIP_Limits_StrongCand=10;CPXPARAM_MIP_Limits_StrongIt=0;CPXPARAM_MIP_OrderType=0;CPXPARAM_MIP_Strategy_BBInterval=7;CPXPARAM_MIP_Strategy_Branch=0;CPXPARAM_MIP_Strategy_Dive=0;CPXPARAM_MIP_Strategy_File=1;CPXPARAM_MIP_Strategy_HeuristicFreq=0;CPXPARAM_MIP_Strategy_LBHeur=0;CPXPARAM_MIP_Strategy_NodeSelect=1;CPXPARAM_MIP_Strategy_Order=1;CPXPARAM_MIP_Strategy_PresolveNode=0;CPXPARAM_MIP_Strategy_Probe=3;CPXPARAM_MIP_Strategy_RINSHeur=0;CPXPARAM_MIP_Strategy_StartAlgorithm=5;CPXPARAM_MIP_Strategy_SubAlgorithm=0;CPXPARAM_MIP_Strategy_VariableSelect=0;CPXPARAM_Network_NetFind=2;CPXPARAM_Network_Pricing=0;CPXPARAM_Parallel=1;CPXPARAM_Preprocessing_Aggregator=-1;CPXPARAM_Preprocessing_BoundStrength=-1;CPXPARAM_Preprocessing_CoeffReduce=0;CPXPARAM_Preprocessing_Dependency=-1;CPXPARAM_Preprocessing_Dual=0;CPXPARAM_Preprocessing_Fill=10;CPXPARAM_Preprocessing_NumPass=-1;CPXPARAM_Preprocessing_Presolve=1;CPXPARAM_Preprocessing_QPMakePSD=1;CPXPARAM_Preprocessing_Reduce=3;CPXPARAM_Preprocessing_Relax=-1;CPXPARAM_Preprocessing_RepeatPresolve=-1;CPXPARAM_Preprocessing_Symmetry=4;CPXPARAM_Read_Scale=0;CPXPARAM_Sifting_Algorithm=0;CPXPARAM_Simplex_Crash=1;CPXPARAM_Simplex_DGradient=2;CPXPARAM_Simplex_Limits_Perturbation=0;CPXPARAM_Simplex_Limits_Singularity=10;CPXPARAM_Simplex_PGradient=0;CPXPARAM_Simplex_Pricing=0;CPXPARAM_Simplex_Refactor=0
17896234127081535393,0,CPXPARAM_Advance=1;CPXPARAM_Barrier_Algorithm=0;CPXPARAM_Barrier_ColNonzeros=0;CPXPARAM_Barrier_Crossover=0;CPXPARAM_Barrier_Limits_Corrections=-1;CPXPARAM_Barrier_Ordering=0;CPXPARAM_Barrier_StartAlg=1;CPXPARAM_Emphasis_MIP=1;CPXPARAM_Emphasis_Memory=0;CPXPARAM_Emphasis_Numerical=0;CPXPARAM_Feasopt_Mode=0;CPXPARAM_LPMethod=0;CPXPARAM_MIP_Cuts_Cliques=0;CPXPARAM_MIP_Cuts_Covers=0;CPXPARAM_MIP_Cuts_Disjunctive=2;CPXPARAM_MIP_Cuts_FlowCovers=1;CPXPARAM_MIP_Cuts_GUBCovers=2;CPXPARAM_MIP_Cuts_Gomory=2;CPXPARAM_MIP_Cuts_Implied=1;CPXPARAM_MIP_Cuts_MIRCut=-1;CPXPARAM_MIP_Cuts_PathCut=2;CPXPARAM_MIP_Limits_AggForCut=3;CPXPARAM_MIP_Limits_CutPasses=0;CPXPARAM_MIP_Limits_CutsFactor=-1;CPXPARAM_MIP_Limits_GomoryCand=800;CPXPARAM_MIP_Limits_GomoryPass=0;CPXPARAM_MIP_Limits_Nodes=9223372036800000000;CPXPARAM_MIP_Limits_ProbeTime=30;CPXPARAM_MIP_Limits_RepairTries=0;CPXPARAM_MIP_Limits_StrongCand=10;CPXPARAM_MIP_Limits_StrongIt=0;CPXPARAM_MIP_OrderType=0;CPXPARAM_MIP_Strategy_BBInterval=7;CPXPARAM_MIP_Strategy_Branch=0;CPXPARAM_MIP_Strategy_Dive=0;CPXPARAM_MIP_Strategy_File=1;CPXPARAM_MIP_Strategy_HeuristicFreq=0;CPXPARAM_MIP_Strategy_LBHeur=0;CPXPARAM_MIP_Strategy_NodeSelect=1;CPXPARAM_MIP_Strategy_Order=1;CPXPARAM_MIP_Strategy_PresolveNode=0;CPXPARAM_MIP_Strategy_Probe=3;CPXPARAM_MIP_Strategy_RINSHeur=0;CPXPARAM_MIP_Strategy_StartAlgorithm=5;CPXPARAM_MIP_Strategy_SubAlgorithm=0;CPXPARAM_MIP_Strategy_VariableSelect=0;CPXPARAM_Network_NetFind=2;CPXPARAM_Network_Pricing=0;CPXPARAM_Parallel=1;CPXPARAM_Preprocessing_Aggregator=-1;CPXPARAM_Preprocessing_BoundStrength=-1;CPXPARAM_Preprocessing_CoeffReduce=-1;CPXPARAM_Preprocessing_Dependency=-1;CPXPARAM_Preprocessing_Dual=0;CPXPARAM_Preprocessing_Fill=10;CPXPARAM_Preprocessing_NumPass=-1;CPXPARAM_Preprocessing_Presolve=1;CPXPARAM_Preprocessing_QPMakePSD=1;CPXPARAM_Preprocessing_Reduce=3;CPXPARAM_Preprocessing_Relax=-1;CPXPARAM_Preprocessing_RepeatPresolve=-1;CPXPARAM_Preprocessing_Symmetry=4;CPXPARAM_Read_Scale=0;CPXPARAM_Sifting_Algorithm=0;CPXPARAM_Simplex_Crash=1;CPXPARAM_Simplex_DGradient=0;CPXPARAM_Simplex_Limits_Perturbation=0;CPXPARAM_Simplex_Limits_Singularity=10;CPXPARAM_Simplex_PGradient=0;CPXPARAM_Simplex_Pricing=0;CPXPARAM_Simplex_Refactor=0
13493827061269889155,0,CPXPARAM_Advance=1;CPXPARAM_Barrier_Algorithm=0;CPXPARAM_Barrier_ColNonzeros=0;CPXPARAM_Barrier_Crossover=0;CPXPARAM_Barrier_Limits_Corrections=-1;CPXPARAM_Barrier_Ordering=0;CPXPARAM_Barrier_StartAlg=1;CPXPARAM_Emphasis_MIP=1;CPXPARAM_Emphasis_Memory=0;CPXPARAM_Emphasis_Numerical=0;CPXPARAM_Feasopt_Mode=0;CPXPARAM_LPMethod=0;CPXPARAM_MIP_Cuts_Cliques=0;CPXPARAM_MIP_Cuts_Covers=2;CPXPARAM_MIP_Cuts_Disjunctive=2;CPXPARAM_MIP_Cuts_FlowCovers=1;CPXPARAM_MIP_Cuts_GUBCovers=2;CPXPARAM_MIP_Cuts_Gomory=2;CPXPARAM_MIP_Cuts_Implied=1;CPXPARAM_MIP_Cuts_MIRCut=-1;CPXPARAM_MIP_Cuts_PathCut=2;CPXPARAM_MIP_Limits_AggForCut=3;CPXPARAM_MIP_Limits_CutPasses=0;CPXPARAM_MIP_Limits_CutsFactor=-1;CPXPARAM_MIP_Limits_GomoryCand=800;CPXPARAM_MIP_Limits_GomoryPass=0;CPXPARAM_MIP_Limits_Nodes=9223372036800000000;CPXPARAM_MIP_Limits_ProbeTime=1e+75;CPXPARAM_MIP_Limits_RepairTries=0;CPXPARAM_MIP_Limits_StrongCand=10;CPXPARAM_MIP_Limits_StrongIt=0;CPXPARAM_MIP_OrderType=0;CPXPARAM_MIP_Strategy_BBInterval=7;CPXPARAM_MIP_Strategy_Branch=0;CPXPARAM_MIP_Strategy_Dive=0;CPXPARAM_MIP_Strategy_File=1;CPXPARAM_MIP_Strategy_HeuristicFreq=0;CPXPARAM_MIP_Strategy_LBHeur=0;CPXPARAM_MIP_Strategy_NodeSelect=1;CPXPARAM_MIP_Strategy_Order=1;CPXPARAM_MIP_Strategy_PresolveNode=0;CPXPARAM_MIP_Strategy_Probe=3;CPXPARAM_MIP_Strategy_RINSHeur=0;CPXPARAM_MIP_Strategy_StartAlgorithm=0;CPXPARAM_MIP_Strategy_SubAlgorithm=0;CPXPARAM_MIP_Strategy_VariableSelect=0;CPXPARAM_Network_NetFind=2;CPXPARAM_Network_Pricing=0;CPXPARAM_Parallel=1;CPXPARAM_Preprocessing_Aggregator=-1;CPXPARAM_Preprocessing_BoundStrength=-1;CPXPARAM_Preprocessing_CoeffReduce=-1;CPXPARAM_Preprocessing_Dependency=-1;CPXPARAM_Preprocessing_Dual=0;CPXPARAM_Preprocessing_Fill=10;CPXPARAM_Preprocessing_NumPass=-1;CPXPARAM_Preprocessing_Presolve=1;CPXPARAM_Preprocessing_QPMakePSD=1;CPXPARAM_Preprocessing_Reduce=3;CPXPARAM_Preprocessing_Relax=-1;CPXPARAM_Preprocessing_RepeatPresolve=-1;CPXPARAM_Preprocessing_Symmetry=-1;CPXPARAM_Read_Scale=0;CPXPARAM_Sifting_Algorithm=0;CPXPARAM_Simplex_Crash=1;CPXPARAM_Simplex_DGradient=0;CPXPARAM_Simplex_Limits_Perturbation=0;CPXPARAM_Simplex_Limits_Singularity=10;CPXPARAM_Simplex_PGradient=0;CPXPARAM_Simplex_Pricing=0;CPXPARAM_Simplex_Refactor=0
4742023368992659407,0,CPXPARAM_Advance=1;CPXPARAM_Barrier_Algorithm=0;CPXPARAM_Barrier_ColNonzeros=0;CPXPARAM_Barrier_Crossover=0;CPXPARAM_Barrier_Limits_Corrections=-1;CPXPARAM_Barrier_Ordering=0;CPXPARAM_Barrier_StartAlg=1;CPXPARAM_Emphasis_MIP=1;CPXPARAM_Emphasis_Memory=0;CPXPARAM_Emphasis_Numerical=0;CPXPARAM_Feasopt_Mode=0;CPXPARAM_LPMethod=0;CPXPARAM_MIP_Cuts_Cliques=0;CPXPARAM_MIP_Cuts_Covers=0;CPXPARAM_MIP_Cuts_Disjunctive=2;CPXPARAM_MIP_Cuts_FlowCovers=1;CPXPARAM_MIP_Cuts_GUBCovers=2;CPXPARAM_MIP_Cuts_Gomory=0;CPXPARAM_MIP_Cuts_Implied=1;CPXPARAM_MIP_Cuts_MIRCut=-1;CPXPARAM_MIP_Cuts_PathCut=2;CPXPARAM_MIP_Limits_AggForCut=3;CPXPARAM_MIP_Limits_CutPasses=0;CPXPARAM_MIP_Limits_CutsFactor=-1;CPXPARAM_MIP_Limits_GomoryCand=400;CPXPARAM_MIP_Limits_GomoryPass=0;CPXPARAM_MIP_Limits_Nodes=9223372036800000000;CPXPARAM_MIP_Limits_ProbeTime=1e+75;CPXPARAM_MIP_Limits_RepairTries=0;CPXPARAM_MIP_Limits_StrongCand=10;CPXPARAM_MIP_Limits_StrongIt=0;CPXPARAM_MIP_OrderType=0;CPXPARAM_MIP_Strategy_BBInterval=7;CPXPARAM_MIP_Strategy_Branch=0;CPXPARAM_MIP_Strategy_Dive=0;CPXPARAM_MIP_Strategy_File=1;CPXPARAM_MIP_Strategy_HeuristicFreq=0;CPXPARAM_MIP_Strategy_LBHeur=0;CPXPARAM_MIP_Strategy_NodeSelect=1;CPXPARAM_MIP_Strategy_Order=1;CPXPARAM_MIP_Strategy_PresolveNode=0;CPXPARAM_MIP_Strategy_Probe=0;CPXPARAM_MIP_Strategy_RINSHeur=0;CPXPARAM_MIP_Strategy_StartAlgorithm=0;CPXPARAM_MIP_Strategy_SubAlgorithm=0;CPXPARAM_MIP_Strategy_VariableSelect=0;CPXPARAM_Network_NetFind=2;CPXPARAM_Network_Pricing=0;CPXPARAM_Parallel=1;CPXPARAM_Preprocessing_Aggregator=-1;CPXPARAM_Preprocessing_BoundStrength=-1;CPXPARAM_Preprocessing_CoeffReduce=-1;CPXPARAM_Preprocessing_Dependency=-1;CPXPARAM_Preprocessing_Dual=0;CPXPARAM_Preprocessing_Fill=10;CPXPARAM_Preprocessing_NumPass=-1;CPXPARAM_Preprocessing_Presolve=1;CPXPARAM_Preprocessing_QPMakePSD=1;CPXPARAM_Preprocessing_Reduce=3;CPXPARAM_Preprocessing_Relax=-1;CPXPARAM_Preprocessing_RepeatPresolve=-1;CPXPARAM_Preprocessing_Symmetry=-1;CPXPARAM_Read_Scale=0;CPXPARAM_Sifting_Algorithm=0;CPXPARAM_Simplex_Crash=1;CPXPARAM_Simplex_DGradient=0;CPXPARAM_Simplex_Limits_Perturbation=0;CPXPARAM_Simplex_Limits_Singularity=10;CPXPARAM_Simplex_PGradient=0;CPXPARAM_Simplex_Pricing=0;CPXPARAM_Simplex_Refactor=0
4117653135076694525,0,CPXPARAM_Advance=1;CPXPARAM_Barrier_Algorithm=0;CPXPARAM_Barrier_ColNonzeros=0;CPXPARAM_Barrier_Crossover=0;CPXPARAM_Barrier_Limits_Corrections=-1;CPXPARAM_Barrier_Ordering=0;CPXPARAM_Barrier_StartAlg=1;CPXPARAM_Emphasis_MIP=1;CPXPARAM_Emphasis_Memory=0;CPXPARAM_Emphasis_Numerical=0;CPXPARAM_Feasopt_Mode=0;CPXPARAM_LPMethod=0;CPXPARAM_MIP_Cuts_Cliques=0;CPXPARAM_MIP_Cuts_Covers=0;CPXPARAM_MIP_Cuts_Disjunctive=2;CPXPARAM_MIP_Cuts_FlowCovers=1;CPXPARAM_MIP_Cuts_GUBCovers=2;CPXPARAM_MIP_Cuts_Gomory=2;CPXPARAM_MIP_Cuts_Implied=1;CPXPARAM_MIP_Cuts_MIRCut=-1;CPXPARAM_MIP_Cuts_PathCut=2;CPXPARAM_MIP_Limits_AggForCut=3;CPXPARAM_MIP_Limits_CutPasses=0;CPXPARAM_MIP_Limits_CutsFactor=-1;CPXPARAM_MIP_Limits_GomoryCand=800;CPXPARAM_MIP_Limits_GomoryPass=0;CPXPARAM_MIP_Limits_Nodes=9223372036800000000;CPXPARAM_MIP_Limits_ProbeTime=1e+75;CPXPARAM_MIP_Limits_RepairTries=0;CPXPARAM_MIP_Limits_StrongCand=10;CPXPARAM_MIP_Limits_StrongIt=0;CPXPARAM_MIP_OrderType=0;CPXPARAM_MIP_Strategy_BBInterval=7;CPXPARAM_MIP_Strategy_Branch=0;CPXPARAM_MIP_Strategy_Dive=0;CPXPARAM_MIP_Strategy_File=1;CPXPARAM_MIP_Strategy_HeuristicFreq=0;CPXPARAM_MIP_Strategy_LBHeur=0;CPXPARAM_MIP_Strategy_NodeSelect=1;CPXPARAM_MIP_Strategy_Order=1;CPXPARAM_MIP_Strategy_PresolveNode=0;CPXPARAM_MIP_Strategy_Probe=3;CPXPARAM_MIP_Strategy_RINSHeur=0;CPXPARAM_MIP_Strategy_StartAlgorithm=0;CPXPARAM_MIP_Strategy_SubAlgorithm=0;CPXPARAM_MIP_Strategy_VariableSelect=0;CPXPARAM_Network_NetFind=2;CPXPARAM_Network_Pricing=0;CPXPARAM_Parallel=1;CPXPARAM_Preprocessing_Aggregator=-1;CPXPARAM_Preprocessing_BoundStrength=-1;CPXPARAM_Preprocessing_CoeffReduce=-1;CPXPARAM_Preprocessing_Dependency=-1;CPXPARAM_Preprocessing_Dual=0;CPXPARAM_Preprocessing_Fill=10;CPXPARAM_Preprocessing_NumPass=-1;CPXPARAM_Preprocessing_Presolve=1;CPXPARAM_Preprocessing_QPMakePSD=1;CPXPARAM_Preprocessing_Reduce=3;CPXPARAM_Preprocessing_Relax=-1;CPXPARAM_Preprocessing_RepeatPresolve=-1;CPXPARAM_Preprocessing_Symmetry=5;CPXPARAM_Read_Scale=0;CPXPARAM_Sifting_Algorithm=0;CPXPARAM_Simplex_Crash=1;CPXPARAM_Simplex_DGradient=0;CPXPARAM_Simplex_Limits_Perturbation=0;CPXPARAM_Simplex_Limits_Singularity=10;CPXPARAM_Simplex_PGradient=0;CPXPARAM_Simplex_Pricing=0;CPXPARAM_Simplex_Refactor=0
6384858897738641641,0,CPXPARAM_Advance=1;CPXPARAM_Barrier_Algorithm=0;CPXPARAM_Barrier_ColNonzeros=0;CPXPARAM_Barrier_Crossover=0;CPXPARAM_Barrier_Limits_Corrections=-1;CPXPARAM_Barrier_Ordering=0;CPXPARAM_Barrier_StartAlg=1;CPXPARAM_Emphasis_MIP=1;CPXPARAM_Emphasis_Memory=0;CPXPARAM_Emphasis_Numerical=0;CPXPARAM_Feasopt_Mode=0;CPXPARAM_LPMethod=0;CPXPARAM_MIP_Cuts_Cliques=0;CPXPARAM_MIP_Cuts_Covers=0;CPXPARAM_MIP_Cuts_Disjunctive=2;CPXPARAM_MIP_Cuts_FlowCovers=1;CPXPARAM_MIP_Cuts_GUBCovers=2;CPXPARAM_MIP_Cuts_Gomory=2;CPXPARAM_MIP_Cuts_Implied=1;CPXPARAM_MIP_Cuts_MIRCut=-1;CPXPARAM_MIP_Cuts_PathCut=2;CPXPARAM_MIP_Limits_AggForCut=3;CPXPARAM_MIP_Limits_CutPasses=0;CPXPARAM_MIP_Limits_CutsFactor=-1;CPXPARAM_MIP_Limits_GomoryCand=50;CPXPARAM_MIP_Limits_GomoryPass=0;CPXPARAM_MIP_Limits_Nodes=9223372036800000000;CPXPARAM_MIP_Limits_ProbeTime=1e+75;CPXPARAM_MIP_Limits_RepairTries=0;CPXPARAM_MIP_Limits_StrongCand=10;CPXPARAM_MIP_Limits_StrongIt=0;CPXPARAM_MIP_OrderType=0;CPXPARAM_MIP_Strategy_BBInterval=7;CPXPARAM_MIP_Strategy_Branch=0;CPXPARAM_MIP_Strategy_Dive=0;CPXPARAM_MIP_Strategy_File=1;CPXPARAM_MIP_Strategy_HeuristicFreq=0;CPXPARAM_MIP_Strategy_LBHeur=0;CPXPARAM_MIP_Strategy_NodeSelect=1;CPXPARAM_MIP_Strategy_Order=1;CPXPARAM_MIP_Strategy_PresolveNode=0;CPXPARAM_MIP_Strategy_Probe=0;CPXPARAM_MIP_Strategy_RINSHeur=0;CPXPARAM_MIP_Strategy_StartAlgorithm=0;CPXPARAM_MIP_Strategy_SubAlgorithm=0;CPXPARAM_MIP_Strategy_VariableSelect=0;CPXPARAM_Network_NetFind=2;CPXPARAM_Network_Pricing=0;CPXPARAM_Parallel=1;CPXPARAM_Preprocessing_Aggregator=-1;CPXPARAM_Preprocessing_BoundStrength=-1;CPXPARAM_Preprocessing_CoeffReduce=-1;CPXPARAM_Preprocessing_Dependency=-1;CPXPARAM_Preprocessing_Dual=0;CPXPARAM_Preprocessing_Fill=10;CPXPARAM_Preprocessing_NumPass=-1;CPXPARAM_Preprocessing_Presolve=1;CPXPARAM_Preprocessing_QPMakePSD=1;CPXPARAM_Preprocessing_Reduce=3;CPXPARAM_Preprocessing_Relax=-1;CPXPARAM_Preprocessing_RepeatPresolve=-1;CPXPARAM_Preprocessing_Symmetry=-1;CPXPARAM_Read_Scale=0;CPXPARAM_Sifting_Algorithm=0;CPXPARAM_Simplex_Crash=1;CPXPARAM_Simplex_DGradient=0;CPXPARAM_Simplex_Limits_Perturbation=0;CPXPARAM_Simplex_Limits_Singularity=10;CPXPARAM_Simplex_PGradient=0;CPXPARAM_Simplex_Pricing=0;CPXPARAM_Simplex_Refactor=0
5951738096986556500,0,CPXPARAM_Advance=1;CPXPARAM_Barrier_Algorithm=0;CPXPARAM_Barrier_ColNonzeros=0;CPXPARAM_Barrier_Crossover=0;CPXPARAM_Barrier_Limits_Corrections=-1;CPXPARAM_Barrier_Ordering=0;CPXPARAM_Barrier_StartAlg=1;CPXPARAM_Emphasis_MIP=1;CPXPARAM_Emphasis_Memory=0;CPXPARAM_Emphasis_Numerical=0;CPXPARAM_Feasopt_Mode=0;CPXPARAM_LPMethod=0;CPXPARAM_MIP_Cuts_Cliques=0;CPXPARAM_MIP_Cuts_Covers=0;CPXPARAM_MIP_Cuts_Disjunctive=2;CPXPARAM_MIP_Cuts_FlowCovers=1;CPXPARAM_MIP_Cuts_GUBCovers=2;CPXPARAM_MIP_Cuts_Gomory=2;CPXPARAM_MIP_Cuts_Implied=1;CPXPARAM_MIP_Cuts_MIRCut=-1;CPXPARAM_MIP_Cuts_PathCut=2;CPXPARAM_MIP_Limits_AggForCut=3;CPXPARAM_MIP_Limits_CutPasses=0;CPXPARAM_MIP_Limits_CutsFactor=-1;CPXPARAM_MIP_Limits_GomoryCand=800;CPXPARAM_MIP_Limits_GomoryPass=0;CPXPARAM_MIP_Limits_Nodes=9223372036800000000;CPXPARAM_MIP_Limits_ProbeTime=0;CPXPARAM_MIP_Limits_RepairTries=0;CPXPARAM_MIP_Limits_StrongCand=10;CPXPARAM_MIP_Limits_StrongIt=0;CPXPARAM_MIP_OrderType=0;CPXPARAM_MIP_Strategy_BBInterval=7;CPXPARAM_MIP_Strategy_Branch=0;CPXPARAM_MIP_Strategy_Dive=0;CPXPARAM_MIP_Strategy_File=1;CPXPARAM_MIP_Strategy_HeuristicFreq=0;CPXPARAM_MIP_Strategy_LBHeur=0;CPXPARAM_MIP_Strategy_NodeSelect=1;CPXPARAM_MIP_Strategy_Order=1;CPXPARAM_MIP_Strategy_PresolveNode=0;CPXPARAM_MIP_Strategy_Probe=3;CPXPARAM_MIP_Strategy_RINSHeur=0;CPXPARAM_MIP_Strategy_StartAlgorithm=1;CPXPARAM_MIP_Strategy_SubAlgorithm=0;CPXPARAM_MIP_Strategy_VariableSelect=0;CPXPARAM_Network_NetFind=2;CPXPARAM_Network_Pricing=0;CPXPARAM_Parallel=1;CPXPARAM_Preprocessing_Aggregator=-1;CPXPARAM_Preprocessing_BoundStrength=-1;CPXPARAM_Preprocessing_CoeffReduce=-1;CPXPARAM_Preprocessing_Dependency=-1;CPXPARAM_Preprocessing_Dual=0;CPXPARAM_Preprocessing_Fill=10;CPXPARAM_Preprocessing_NumPass=-1;CPXPARAM_Preprocessing_Presolve=1;CPXPARAM_Preprocessing_QPMakePSD=1;CPXPARAM_Preprocessing_Reduce=3;CPXPARAM_Preprocessing_Relax=-1;CPXPARAM_Preprocessing_RepeatPresolve=-1;CPXPARAM_Preprocessing_Symmetry=4;CPXPARAM_Read_Scale=0;CPXPARAM_Sifting_Algorithm=0;CPXPARAM_Simplex_Crash=1;CPXPARAM_Simplex_DGradient=0;CPXPARAM_Simplex_Limits_Perturbation=0;CPXPARAM_Simplex_Limits_Singularity=10;CPXPARAM_Simplex_PGradient=0;CPXPARAM_Simplex_Pricing=0;CPXPARAM_Simplex_Refactor=0
10862787959900700268,0,CPXPARAM_Advance=1;CPXPARAM_Barrier_Algorithm=0;CPXPARAM_Barrier_ColNonzeros=0;CPXPARAM_Barrier_Crossover=0;CPXPARAM_Barrier_Limits_Corrections=-1;CPXPARAM_Barrier_Ordering=0;CPXPARAM_Barrier_StartAlg=2;CPXPARAM_Emphasis_MIP=1;CPXPARAM_Emphasis_Memory=0;CPXPARAM_Emphasis_Numerical=0;CPXPARAM_Feasopt_Mode=0;CPXPARAM_LPMethod=0;CPXPARAM_MIP_Cuts_Cliques=0;CPXPARAM_MIP_Cuts_Covers=0;CPXPARAM_MIP_Cuts_Disjunctive=2;CPXPARAM_MIP_Cuts_FlowCovers=1;CPXPARAM_MIP_Cuts_GUBCovers=2;CPXPARAM_MIP_Cuts_Gomory=2;CPXPARAM_MIP_Cuts_Implied=1;CPXPARAM_MIP_Cuts_MIRCut=-1;CPXPARAM_MIP_Cuts_PathCut=2;CPXPARAM_MIP_Limits_AggForCut=3;CPXPARAM_MIP_Limits_CutPasses=0;CPXPARAM_MIP_Limits_CutsFactor=-1;CPXPARAM_MIP_Limits_GomoryCand=800;CPXPARAM_MIP_Limits_GomoryPass=0;CPXPARAM_MIP_Limits_Nodes=9223372036800000000;CPXPARAM_MIP_Limits_ProbeTime=0;CPXPARAM_MIP_Limits_RepairTries=0;CPXPARAM_MIP_Limits_StrongCand=10;CPXPARAM_MIP_Limits_StrongIt=0;CPXPARAM_MIP_OrderType=0;CPXPARAM_MIP_Strategy_BBInterval=7;CPXPARAM_MIP_Strategy_Branch=0;CPXPARAM_MIP_Strategy_Dive=0;CPXPARAM_MIP_Strategy_File=1;CPXPARAM_MIP_Strategy_HeuristicFreq=0;CPXPARAM_MIP_Strategy_LBHeur=0;CPXPARAM_MIP_Strategy_NodeSelect=1;CPXPARAM_MIP_Strategy_Order=1;CPXPARAM_MIP_Strategy_PresolveNode=0;CPXPARAM_MIP_Strategy_Probe=3;CPXPARAM_MIP_Strategy_RINSHeur=0;CPXPARAM_MIP_Strategy_StartAlgorithm=5;CPXPARAM_MIP_Strategy_SubAlgorithm=0;CPXPARAM_MIP_Strategy_VariableSelect=0;CPXPARAM_Network_NetFind=2;CPXPARAM_Network_Pricing=0;CPXPARAM_Parallel=1;CPXPARAM_Preprocessing_Aggregator=-1;CPXPARAM_Preprocessing_BoundStrength=-1;CPXPARAM_Preprocessing_CoeffReduce=-1;CPXPARAM_Preprocessing_Dependency=-1;CPXPARAM_Preprocessing_Dual=0;CPXPARAM_Preprocessing_Fill=10;CPXPARAM_Preprocessing_NumPass=-1;CPXPARAM_Preprocessing_Presolve=1;CPXPARAM_Preprocessing_QPMakePSD=1;CPXPARAM_Preprocessing_Reduce=3;CPXPARAM_Preprocessing_Relax=-1;CPXPARAM_Preprocessing_RepeatPresolve=-1;CPXPARAM_Preprocessing_Symmetry=4;CPXPARAM_Read_Scale=0;CPXPARAM_Sifting_Algorithm=4;CPXPARAM_Simplex_Crash=1;CPXPARAM_Simplex_DGradient=2;CPXPARAM_Simplex_Limits_Perturbation=0;CPXPARAM_Simplex_Limits_Singularity=10;CPXPARAM_Simplex_PGradient=0;CPXPARAM_Simplex_Pricing=0;CPXPARAM_Simplex_Refactor=0
10062900323938359783,0,CPXPARAM_Advance=1;CPXPARAM_Barrier_Algorithm=0;CPXPARAM_Barrier_ColNonzeros=0;CPXPARAM_Barrier_Crossover=0;CPXPARAM_Barrier_Limits_Corrections=-1;CPXPARAM_Barrier_Ordering=0;CPXPARAM_Barrier_StartAlg=1;CPXPARAM_Emphasis_MIP=1;CPXPARAM_Emphasis_Memory=0;CPXPARAM_Emphasis_Numerical=0;CPXPARAM_Feasopt_Mode=0;CPXPARAM_LPMethod=0;CPXPARAM_MIP_Cuts_Cliques=0;CPXPARAM_MIP_Cuts_Covers=0;CPXPARAM_MIP_Cuts_Disjunctive=2;CPXPARAM_MIP_Cuts_FlowCovers=1;CPXPARAM_MIP_Cuts_GUBCovers=2;CPXPARAM_MIP_Cuts_Gomory=2;CPXPARAM_MIP_Cuts_Implied=1;CPXPARAM_MIP_Cuts_MIRCut=-1;CPXPARAM_MIP_Cuts_PathCut=2;CPXPARAM_MIP_Limits_AggForCut=3;CPXPARAM_MIP_Limits_CutPasses=0;CPXPARAM_MIP_Limits_CutsFactor=-1;CPXPARAM_MIP_Limits_GomoryCand=800;CPXPARAM_MIP_Limits_GomoryPass=0;CPXPARAM_MIP_Limits_Nodes=9223372036800000000;CPXPARAM_MIP_Limits_ProbeTime=0;CPXPARAM_MIP_Limits_RepairTries=0;CPXPARAM_MIP_Limits_StrongCand=10;CPXPARAM_MIP_Limits_StrongIt=0;CPXPARAM_MIP_OrderType=0;CPXPARAM_MIP_Strategy_BBInterval=7;CPXPARAM_MIP_Strategy_Branch=0;CPXPARAM_MIP_Strategy_Dive=0;CPXPARAM_MIP_Strategy_File=1;CPXPARAM_MIP_Strategy_HeuristicFreq=0;CPXPARAM_MIP_Strategy_LBHeur=0;CPXPARAM_MIP_Strategy_NodeSelect=1;CPXPARAM_MIP_Strategy_Order=1;CPXPARAM_MIP_Strategy_PresolveNode=0;CPXPARAM_MIP_Strategy_Probe=3;CPXPARAM_MIP_Strategy_RINSHeur=0;CPXPARAM_MIP_Strategy_StartAlgorithm=5;CPXPARAM_MIP_Strategy_SubAlgorithm=0;CPXPARAM_MIP_Strategy_VariableSelect=0;CPXPARAM_Network_NetFind=2;CPXPARAM_Network_Pricing=0;CPXPARAM_Parallel=1;CPXPARAM_Preprocessing_Aggregator=-1;CPXPARAM_Preprocessing_BoundStrength=-1;CPXPARAM_Preprocessing_CoeffReduce=-1;CPXPARAM_Preprocessing_Dependency=-1;CPXPARAM_Preprocessing_Dual=0;CPXPARAM_Preprocessing_Fill=10;CPXPARAM_Preprocessing_NumPass=-1;CPXPARAM_Preprocessing_Presolve=1;CPXPARAM_Preprocessing_QPMakePSD=1;CPXPARAM_Preprocessing_Reduce=3;CPXPARAM_Preprocessing_Relax=-1;CPXPARAM_Preprocessing_RepeatPresolve=-1;CPXPARAM_Preprocessing_Symmetry=4;CPXPARAM_Read_Scale=0;CPXPARAM_Sifting_Algorithm=0;CPXPARAM_Simplex_Crash=1;CPXPARAM_Simplex_DGradient=0;CPXPARAM_Simplex_Limits_Perturbation=0;CPXPARAM_Simplex_Limits_Singularity=10;CPXPARAM_Simplex_PGradient=0;CPXPARAM_Simplex_Pricing=0;CPXPARAM_Simplex_Refactor=0
14415484088945541164,0,CPXPARAM_Advance=1;CPXPARAM_Barrier_Algorithm=0;CPXPARAM_Barrier_ColNonzeros=0;CPXPARAM_Barrier_Crossover=0;CPXPARAM_Barrier_Limits_Corrections=-1;CPXPARAM_Barrier_Ordering=0;CPXPARAM_Barrier_StartAlg=1;CPXPARAM_Emphasis_MIP=1;CPXPARAM_Emphasis_Memory=0;CPXPARAM_Emphasis_Numerical=0;CPXPARAM_Feasopt_Mode=0;CPXPARAM_LPMethod=0;CPXPARAM_MIP_Cuts_Cliques=0;CPXPARAM_MIP_Cuts_Covers=0;CPXPARAM_MIP_Cuts_Disjunctive=2;CPXPARAM_MIP_Cuts_FlowCovers=1;CPXPARAM_MIP_Cuts_GUBCovers=2;CPXPARAM_MIP_Cuts_Gomory=2;CPXPARAM_MIP_Cuts_Implied=1;CPXPARAM_MIP_Cuts_MIRCut=-1;CPXPARAM_MIP_Cuts_PathCut=2;CPXPARAM_MIP_Limits_AggForCut=3;CPXPARAM_MIP_Limits_CutPasses=0;CPXPARAM_MIP_Limits_CutsFactor=-1;CPXPARAM_MIP_Limits_GomoryCand=800;CPXPARAM_MIP_Limits_GomoryPass=0;CPXPARAM_MIP_Limits_Nodes=9223372036800000000;CPXPARAM_MIP_Limits_ProbeTime=0;CPXPARAM_MIP_Limits_RepairTries=0;CPXPARAM_MIP_Limits_StrongCand=10;CPXPARAM_MIP_Limits_StrongIt=0;CPXPARAM_MIP_OrderType=0;CPXPARAM_MIP_Strategy_BBInterval=7;CPXPARAM_MIP_Strategy_Branch=0;CPXPARAM_MIP_Strategy_Dive=0;CPXPARAM_MIP_Strategy_File=1;CPXPARAM_MIP_Strategy_HeuristicFreq=0;CPXPARAM_MIP_Strategy_LBHeur=0;CPXPARAM_MIP_Strategy_NodeSelect=1;CPXPARAM_MIP_Strategy_Order=1;CPXPARAM_MIP_Strategy_PresolveNode=0;CPXPARAM_MIP_Strategy_Probe=3;CPXPARAM_MIP_Strategy_RINSHeur=0;CPXPARAM_MIP_Strategy_StartAlgorithm=5;CPXPARAM_MIP_Strategy_SubAlgorithm=0;CPXPARAM_MIP_Strategy_VariableSelect=0;CPXPARAM_Network_NetFind=2;CPXPARAM_Network_Pricing=0;CPXPARAM_Parallel=1;CPXPARAM_Preprocessing_Aggregator=-1;CPXPARAM_Preprocessing_BoundStrength=-1;CPXPARAM_Preprocessing_CoeffReduce=-1;CPXPARAM_Preprocessing_Dependency=-1;CPXPARAM_Preprocessing_Dual=0;CPXPARAM_Preprocessing_Fill=10;CPXPARAM_Preprocessing_NumPass=-1;CPXPARAM_Preprocessing_Presolve=1;CPXPARAM_Preprocessing_QPMakePSD=1;CPXPARAM_Preprocessing_Reduce=3;CPXPARAM_Preprocessing_Relax=-1;CPXPARAM_Preprocessing_RepeatPresolve=-1;CPXPARAM_Preprocessing_Symmetry=4;CPXPARAM_Read_Scale=0;CPXPARAM_Sifting_Algorithm=0;CPXPARAM_Simplex_Crash=1;CPXPARAM_Simplex_DGradient=1;CPXPARAM_Simplex_Limits_Perturbation=0;CPXPARAM_Simplex_Limits_Singularity=10;CPXPARAM_Simplex_PGradient=0;CPXPARAM_Simplex_Pricing=0;CPXPARAM_Simplex_Refactor=0
12740728633673194049,0,CPXPARAM_Advance=1;CPXPARAM_Barrier_Algorithm=0;CPXPARAM_Barrier_ColNonzeros=0;CPXPARAM_Barrier_Crossover=0;CPXPARAM_Barrier_Limits_Corrections=-1;CPXPARAM_Barrier_Ordering=0;CPXPARAM_Barrier_StartAlg=1;CPXPARAM_Emphasis_MIP=1;CPXPARAM_Emphasis_Memory=0;CPXPARAM_Emphasis_Numerical=0;CPXPARAM_Feasopt_Mode=0;CPXPARAM_LPMethod=0;CPXPARAM_MIP_Cuts_Cliques=0;CPXPARAM_MIP_Cuts_Covers=0;CPXPARAM_MIP_Cuts_Disjunctive=2;CPXPARAM_MIP_Cuts_FlowCovers=1;CPXPARAM_MIP_Cuts_GUBCovers=2;CPXPARAM_MIP_Cuts_Gomory=2;CPXPARAM_MIP_Cuts_Implied=1;CPXPARAM_MIP_Cuts_MIRCut=-1;CPXPARAM_MIP_Cuts_PathCut=2;CPXPARAM_MIP_Limits_AggForCut=3;CPXPARAM_MIP_Limits_CutPasses=0;CPXPARAM_MIP_Limits_CutsFactor=-1;CPXPARAM_MIP_Limits_GomoryCand=800;CPXPARAM_MIP_Limits_GomoryPass=0;CPXPARAM_MIP_Limits_Nodes=9223372036800000000;CPXPARAM_MIP_Limits_ProbeTime=0;CPXPARAM_MIP_Limits_RepairTries=0;CPXPARAM_MIP_Limits_StrongCand=10;CPXPARAM_MIP_Limits_StrongIt=0;CPXPARAM_MIP_OrderType=0;CPXPARAM_MIP_Strategy_BBInterval=7;CPXPARAM_MIP_Strategy_Branch=0;CPXPARAM_MIP_Strategy_Dive=0;CPXPARAM_MIP_Strategy_File=1;CPXPARAM_MIP_Strategy_HeuristicFreq=0;CPXPARAM_MIP_Strategy_LBHeur=0;CPXPARAM_MIP_Strategy_NodeSelect=1;CPXPARAM_MIP_Strategy_Order=1;CPXPARAM_MIP_Strategy_PresolveNode=0;CPXPARAM_MIP_Strategy_Probe=3;CPXPARAM_MIP_Strategy_RINSHeur=0;CPXPARAM_MIP_Strategy_StartAlgorithm=5;CPXPARAM_MIP_Strategy_SubAlgorithm=0;CPXPARAM_MIP_Strategy_VariableSelect=0;CPXPARAM_Network_NetFind=2;CPXPARAM_Network_Pricing=0;CPXPARAM_Parallel=1;CPXPARAM_Preprocessing_Aggregator=-1;CPXPARAM_Preprocessing_BoundStrength=-1;CPXPARAM_Preprocessing_CoeffReduce=-1;CPXPARAM_Preprocessing_Dependency=-1;CPXPARAM_Preprocessing_Dual=0;CPXPARAM_Preprocessing_Fill=10;CPXPARAM_Preprocessing_NumPass=-1;CPXPARAM_Preprocessing_Presolve=1;CPXPARAM_Preprocessing_QPMakePSD=1;CPXPARAM_Preprocessing_Reduce=3;CPXPARAM_Preprocessing_Relax=-1;CPXPARAM_Preprocessing_RepeatPresolve=-1;CPXPARAM_Preprocessing_Symmetry=4;CPXPARAM_Read_Scale=0;CPXPARAM_Sifting_Algorithm=0;CPXPARAM_Simplex_Crash=1;CPXPARAM_Simplex_DGradient=0;CPXPARAM_Simplex_Limits_Perturbation=0;CPXPARAM_Simplex_Limits_Singularity=10;CPXPARAM_Simplex_PGradient=2;CPXPARAM_Simplex_Pricing=0;CPXPARAM_Simplex_Refactor=0
65552812368125910,0,CPXPARAM_Advance=1;CPXPARAM_Barrier_Algorithm=0;CPXPARAM_Barrier_ColNonzeros=0;CPXPARAM_Barrier_Crossover=0;CPXPARAM_Barrier_Limits_Corrections=-1;CPXPARAM_Barrier_Ordering=0;CPXPARAM_Barrier_StartAlg=1;CPXPARAM_Emphasis_MIP=1;CPXPARAM_Emphasis_Memory=0;CPXPARAM_Emphasis_Numerical=0;CPXPARAM_Feasopt_Mode=0;CPXPARAM_LPMethod=0;CPXPARAM_MIP_Cuts_Cliques=0;CPXPARAM_MIP_Cuts_Covers=0;CPXPARAM_MIP_Cuts_Disjunctive=2;CPXPARAM_MIP_Cuts_FlowCovers=1;CPXPARAM_MIP_Cuts_GUBCovers=2;CPXPARAM_MIP_Cuts_Gomory=2;CPXPARAM_MIP_Cuts_Implied=1;CPXPARAM_MIP_Cuts_MIRCut=-1;CPXPARAM_MIP_Cuts_PathCut=2;CPXPARAM_MIP_Limits_AggForCut=2;CPXPARAM_MIP_Limits_CutPasses=0;CPXPARAM_MIP_Limits_CutsFactor=-1;CPXPARAM_MIP_Limits_GomoryCand=800;CPXPARAM_MIP_Limits_GomoryPass=0;CPXPARAM_MIP_Limits_Nodes=9223372036800000000;CPXPARAM_MIP_Limits_ProbeTime=0;CPXPARAM_MIP_Limits_RepairTries=0;CPXPARAM_MIP_Limits_StrongCand=10;CPXPARAM_MIP_Limits_StrongIt=0;CPXPARAM_MIP_OrderType=0;CPXPARAM_MIP_Strategy_BBInterval=7;CPXPARAM_MIP_Strategy_Branch=0;CPXPARAM_MIP_Strategy_Dive=0;CPXPARAM_MIP_Strategy_File=1;CPXPARAM_MIP_Strategy_HeuristicFreq=0;CPXPARAM_MIP_Strategy_LBHeur=0;CPXPARAM_MIP_Strategy_NodeSelect=1;CPXPARAM_MIP_Strategy_Order=1;CPXPARAM_MIP_Strategy_PresolveNode=0;CPXPARAM_MIP_Strategy_Probe=3;CPXPARAM_MIP_Strategy_RINSHeur=0;CPXPARAM_MIP_Strategy_StartAlgorithm=5;CPXPARAM_MIP_Strategy_SubAlgorithm=0;CPXPARAM_MIP_Strategy_VariableSelect=0;CPXPARAM_Network_NetFind=2;CPXPARAM_Network_Pricing=0;CPXPARAM_Parallel=1;CPXPARAM_Preprocessing_Aggregator=-1;CPXPARAM_Preprocessing_BoundStrength=-1;CPXPARAM_Preprocessing_CoeffReduce=-1;CPXPARAM_Preprocessing_Dependency=-1;CPXPARAM_Preprocessing_Dual=0;CPXPARAM_Preprocessing_Fill=10;CPXPARAM_Preprocessing_NumPass=-1;CPXPARAM_Preprocessing_Presolve=1;CPXPARAM_Preprocessing_QPMakePSD=1;CPXPARAM_Preprocessing_Reduce=3;CPXPARAM_Preprocessing_Relax=-1;CPXPARAM_Preprocessing_RepeatPresolve=-1;CPXPARAM_Preprocessing_Symmetry=4;CPXPARAM_Read_Scale=0;CPXPARAM_Sifting_Algorithm=0;CPXPARAM_Simplex_Crash=1;CPXPARAM_Simplex_DGradient=0;CPXPARAM_Simplex_Limits_Perturbation=0;CPXPARAM_Simplex_Limits_Singularity=10;CPXPARAM_Simplex_PGradient=0;CPXPARAM_Simplex_Pricing=0;CPXPARAM_Simplex_Refactor=0
13785059908228703227,0,CPXPARAM_Advance=1;CPXPARAM_Barrier_Algorithm=0;CPXPARAM_Barrier_ColNonzeros=0;CPXPARAM_Barrier_Crossover=0;CPXPARAM_Barrier_Limits_Corrections=-1;CPXPARAM_Barrier_Ordering=0;CPXPARAM_Barrier_StartAlg=2;CPXPARAM_Emphasis_MIP=1;CPXPARAM_Emphasis_Memory=0;CPXPARAM_Emphasis_Numerical=0;CPXPARAM_Feasopt_Mode=0;CPXPARAM_LPMethod=0;CPXPARAM_MIP_Cuts_Cliques=0;CPXPARAM_MIP_Cuts_Covers=0;CPXPARAM_MIP_Cuts_Disjunctive=2;CPXPARAM_MIP_Cuts_FlowCovers=1;CPXPARAM_MIP_Cuts_GUBCovers=2;CPXPARAM_MIP_Cuts_Gomory=2;CPXPARAM_MIP_Cuts_Implied=1;CPXPARAM_MIP_Cuts_MIRCut=-1;CPXPARAM_MIP_Cuts_PathCut=2;CPXPARAM_MIP_Limits_AggForCut=3;CPXPARAM_MIP_Limits_CutPasses=0;CPXPARAM_MIP_Limits_CutsFactor=-1;CPXPARAM_MIP_Limits_GomoryCand=800;CPXPARAM_MIP_Limits_GomoryPass=0;CPXPARAM_MIP_Limits_Nodes=9223372036800000000;CPXPARAM_MIP_Limits_ProbeTime=0;CPXPARAM_MIP_Limits_RepairTries=0;CPXPARAM_MIP_Limits_StrongCand=10;CPXPARAM_MIP_Limits_StrongIt=0;CPXPARAM_MIP_OrderType=0;CPXPARAM_MIP_Strategy_BBInterval=7;CPXPARAM_MIP_Strategy_Branch=0;CPXPARAM_MIP_Strategy_Dive=0;CPXPARAM_MIP_Strategy_File=1;CPXPARAM_MIP_Strategy_HeuristicFreq=0;CPXPARAM_MIP_Strategy_LBHeur=0;CPXPARAM_MIP_Strategy_NodeSelect=1;CPXPARAM_MIP_Strategy_Order=1;CPXPARAM_MIP_Strategy_PresolveNode=0;CPXPARAM_MIP_Strategy_Probe=3;CPXPARAM_MIP_Strategy_RINSHeur=0;CPXPARAM_MIP_Strategy_StartAlgorithm=0;CPXPARAM_MIP_Strategy_SubAlgorithm=0;CPXPARAM_MIP_Strategy_VariableSelect=0;CPXPARAM_Network_NetFind=2;CPXPARAM_Network_Pricing=0;CPXPARAM_Parallel=1;CPXPARAM_Preprocessing_Aggregator=-1;CPXPARAM_Preprocessing_BoundStrength=-1;CPXPARAM_Preprocessing_CoeffReduce=-1;CPXPARAM_Preprocessing_Dependency=-1;CPXPARAM_Preprocessing_Dual=0;CPXPARAM_Preprocessing_Fill=10;CPXPARAM_Preprocessing_NumPass=-1;CPXPARAM_Preprocessing_Presolve=1;CPXPARAM_Preprocessing_QPMakePSD=1;CPXPARAM_Preprocessing_Reduce=3;CPXPARAM_Preprocessing_Relax=-1;CPXPARAM_Preprocessing_RepeatPresolve=-1;CPXPARAM_Preprocessing_Symmetry=4;CPXPARAM_Read_Scale=0;CPXPARAM_Sifting_Algorithm=0;CPXPARAM_Simplex_Crash=1;CPXPARAM_Simplex_DGradient=2;CPXPARAM_Simplex_Limits_Perturbation=0;CPXPARAM_Simplex_Limits_Singularity=10;CPXPARAM_Simplex_PGradient=0;CPXPARAM_Simplex_Pricing=0;CPXPARAM_Simplex_Refactor=0
12549935620416633052,0,CPXPARAM_Advance=1;CPXPARAM_Barrier_Algorithm=0;CPXPARAM_Barrier_ColNonzeros=0;CPXPARAM_Barrier_Crossover=0;CPXPARAM_Barrier_Limits_Corrections=-1;CPXPARAM_Barrier_Ordering=0;CPXPARAM_Barrier_StartAlg=1;CPXPARAM_Emphasis_MIP=1;CPXPARAM_Emphasis_Memory=0;CPXPARAM_Emphasis_Numerical=0;CPXPARAM_Feasopt_Mode=0;CPXPARAM_LPMethod=0;CPXPARAM_MIP_Cuts_Cliques=0;CPXPARAM_MIP_Cuts_Covers=0;CPXPARAM_MIP_Cuts_Disjunctive=2;CPXPARAM_MIP_Cuts_FlowCovers=1;CPXPARAM_MIP_Cuts_GUBCovers=2;CPXPARAM_MIP_Cuts_Gomory=2;CPXPARAM_MIP_Cuts_Implied=1;CPXPARAM_MIP_Cuts_MIRCut=-1;CPXPARAM_MIP_Cuts_PathCut=2;CPXPARAM_MIP_Limits_AggForCut=3;CPXPARAM_MIP_Limits_CutPasses=0;CPXPARAM_MIP_Limits_CutsFactor=-1;CPXPARAM_MIP_Limits_GomoryCand=800;CPXPARAM_MIP_Limits_GomoryPass=0;CPXPARAM_MIP_Limits_Nodes=9223372036800000000;CPXPARAM_MIP_Limits_ProbeTime=0;CPXPARAM_MIP_Limits_RepairTries=0;CPXPARAM_MIP_Limits_StrongCand=10;CPXPARAM_MIP_Limits_StrongIt=0;CPXPARAM_MIP_OrderType=0;CPXPARAM_MIP_Strategy_BBInterval=7;CPXPARAM_MIP_Strategy_Branch=0;CPXPARAM_MIP_Strategy_Dive=0;CPXPARAM_MIP_Strategy_File=1;CPXPARAM_MIP_Strategy_HeuristicFreq=0;CPXPARAM_MIP_Strategy_LBHeur=0;CPXPARAM_MIP_Strategy_NodeSelect=1;CPXPARAM_MIP_Strategy_Order=1;CPXPARAM_MIP_Strategy_PresolveNode=0;CPXPARAM_MIP_Strategy_Probe=3;CPXPARAM_MIP_Strategy_RINSHeur=0;CPXPARAM_MIP_Strategy_StartAlgorithm=4;CPXPARAM_MIP_Strategy_SubAlgorithm=0;CPXPARAM_MIP_Strategy_VariableSelect=0;CPXPARAM_Network_NetFind=2;CPXPARAM_Network_Pricing=0;CPXPARAM_Parallel=1;CPXPARAM_Preprocessing_Aggregator=-1;CPXPARAM_Preprocessing_BoundStrength=-1;CPXPARAM_Preprocessing_CoeffReduce=-1;CPXPARAM_Preprocessing_Dependency=-1;CPXPARAM_Preprocessing_Dual=0;CPXPARAM_Preprocessing_Fill=10;CPXPARAM_Preprocessing_NumPass=-1;CPXPARAM_Preprocessing_Presolve=1;CPXPARAM_Preprocessing_QPMakePSD=1;CPXPARAM_Preprocessing_Reduce=3;CPXPARAM_Preprocessing_Relax=-1;CPXPARAM_Preprocessing_RepeatPresolve=-1;CPXPARAM_Preprocessing_Symmetry=4;CPXPARAM_Read_Scale=0;CPXPARAM_Sifting_Algorithm=0;CPXPARAM_Simplex_Crash=1;CPXPARAM_Simplex_DGradient=0;CPXPARAM_Simplex_Limits_Perturbation=0;CPXPARAM_Simplex_Limits_Singularity=10;CPXPARAM_Simplex_PGradient=0;CPXPARAM_Simplex_Pricing=0;CPXPARAM_Simplex_Refactor=0
4768072618217452720,0,CPXPARAM_Advance=1;CPXPARAM_Barrier_Algorithm=0;CPXPARAM_Barrier_ColNonzeros=0;CPXPARAM_Barrier_Crossover=0;CPXPARAM_Barrier_Limits_Corrections=-1;CPXPARAM_Barrier_Ordering=0;CPXPARAM_Barrier_StartAlg=2;CPXPARAM_Emphasis_MIP=1;CPXPARAM_Emphasis_Memory=0;CPXPARAM_Emphasis_Numerical=0;CPXPARAM_Feasopt_Mode=0;CPXPARAM_LPMethod=0;CPXPARAM_MIP_Cuts_Cliques=0;CPXPARAM_MIP_Cuts_Covers=0;CPXPARAM_MIP_Cuts_Disjunctive=2;CPXPARAM_MIP_Cuts_FlowCovers=1;CPXPARAM_MIP_Cuts_GUBCovers=2;CPXPARAM_MIP_Cuts_Gomory=2;CPXPARAM_MIP_Cuts_Implied=1;CPXPARAM_MIP_Cuts_MIRCut=-1;CPXPARAM_MIP_Cuts_PathCut=2;CPXPARAM_MIP_Limits_AggForCut=3;CPXPARAM_MIP_Limits_CutPasses=0;CPXPARAM_MIP_Limits_CutsFactor=-1;CPXPARAM_MIP_Limits_GomoryCand=800;CPXPARAM_MIP_Limits_GomoryPass=0;CPXPARAM_MIP_Limits_Nodes=9223372036800000000;CPXPARAM_MIP_Limits_ProbeTime=0;CPXPARAM_MIP_Limits_RepairTries=0;CPXPARAM_MIP_Limits_StrongCand=10;CPXPARAM_MIP_Limits_StrongIt=0;CPXPARAM_MIP_OrderType=0;CPXPARAM_MIP_Strategy_BBInterval=7;CPXPARAM_MIP_Strategy_Branch=0;CPXPARAM_MIP_Strategy_Dive=0;CPXPARAM_MIP_Strategy_File=1;CPXPARAM_MIP_Strategy_HeuristicFreq=0;CPXPARAM_MIP_Strategy_LBHeur=0;CPXPARAM_MIP_Strategy_NodeSelect=1;CPXPARAM_MIP_Strategy_Order=1;CPXPARAM_MIP_Strategy_PresolveNode=0;CPXPARAM_MIP_Strategy_Probe=3;CPXPARAM_MIP_Strategy_RINSHeur=0;CPXPARAM_MIP_Strategy_StartAlgorithm=5;CPXPARAM_MIP_Strategy_SubAlgorithm=0;CPXPARAM_MIP_Strategy_VariableSelect=0;CPXPARAM_Network_NetFind=2;CPXPARAM_Network_Pricing=0;CPXPARAM_Parallel=1;CPXPARAM_Preprocessing_Aggregator=-1;CPXPARAM_Preprocessing_BoundStrength=-1;CPXPARAM_Preprocessing_CoeffReduce=-1;CPXPARAM_Preprocessing_Dependency=-1;CPXPARAM_Preprocessing_Dual=0;CPXPARAM_Preprocessing_Fill=10;CPXPARAM_Preprocessing_NumPass=-1;CPXPARAM_Preprocessing_Presolve=1;CPXPARAM_Preprocessing_QPMakePSD=1;CPXPARAM_Preprocessing_Reduce=3;CPXPARAM_Preprocessing_Relax=1;CPXPARAM_Preprocessing_RepeatPresolve=-1;CPXPARAM_Preprocessing_Symmetry=4;CPXPARAM_Read_Scale=0;CPXPARAM_Sifting_Algorithm=0;CPXPARAM_Simplex_Crash=1;CPXPARAM_Simplex_DGradient=2;CPXPARAM_Simplex_Limits_Perturbation=0;CPXPARAM_Simplex_Limits_Singularity=10;CPXPARAM_Simplex_PGradient=0;CPXPARAM_Simplex_Pricing=0;CPXPARAM_Simplex_Refactor=0
8412726704001466589,0,CPXPARAM_Advance=1;CPXPARAM_Barrier_Algorithm=0;CPXPARAM_Barrier_ColNonzeros=0;CPXPARAM_Barrier_Crossover=0;CPXPARAM_Barrier_Limits_Corrections=-1;CPXPARAM_Barrier_Ordering=0;CPXPARAM_Barrier_StartAlg=1;CPXPARAM_Emphasis_MIP=1;CPXPARAM_Emphasis_Memory=0;CPXPARAM_Emphasis_Numerical=0;CPXPARAM_Feasopt_Mode=0;CPXPARAM_LPMethod=0;CPXPARAM_MIP_Cuts_Cliques=0;CPXPARAM_MIP_Cuts_Covers=0;CPXPARAM_MIP_Cuts_Disjunctive=2;CPXPARAM_MIP_Cuts_FlowCovers=1;CPXPARAM_MIP_Cuts_GUBCovers=2;CPXPARAM_MIP_Cuts_Gomory=2;CPXPARAM_MIP_Cuts_Implied=1;CPXPARAM_MIP_Cuts_MIRCut=-1;CPXPARAM_MIP_Cuts_PathCut=2;CPXPARAM_MIP_Limits_AggForCut=3;CPXPARAM_MIP_Limits_CutPasses=0;CPXPARAM_MIP_Limits_CutsFactor=-1;CPXPARAM_MIP_Limits_GomoryCand=800;CPXPARAM_MIP_Limits_GomoryPass=0;CPXPARAM_MIP_Limits_Nodes=9223372036800000000;CPXPARAM_MIP_Limits_ProbeTime=0;CPXPARAM_MIP_Limits_RepairTries=0;CPXPARAM_MIP_Limits_StrongCand=10;CPXPARAM_MIP_Limits_StrongIt=0;CPXPARAM_MIP_OrderType=0;CPXPARAM_MIP_Strategy_BBInterval=7;CPXPARAM_MIP_Strategy_Branch=0;CPXPARAM_MIP_Strategy_Dive=0;CPXPARAM_MIP_Strategy_File=1;CPXPARAM_MIP_Strategy_HeuristicFreq=0;CPXPARAM_MIP_Strategy_LBHeur=0;CPXPARAM_MIP_Strategy_NodeSelect=1;CPXPARAM_MIP_Strategy_Order=1;CPXPARAM_MIP_Strategy_PresolveNode=0;CPXPARAM_MIP_Strategy_Probe=3;CPXPARAM_MIP_Strategy_RINSHeur=0;CPXPARAM_MIP_Strategy_StartAlgorithm=5;CPXPARAM_MIP_Strategy_SubAlgorithm=0;CPXPARAM_MIP_Strategy_VariableSelect=3;CPXPARAM_Network_NetFind=2;CPXPARAM_Network_Pricing=0;CPXPARAM_Parallel=1;CPXPARAM_Preprocessing_Aggregator=-1;CPXPARAM_Preprocessing_BoundStrength=-1;CPXPARAM_Preprocessing_CoeffReduce=-1;CPXPARAM_Preprocessing_Dependency=-1;CPXPARAM_Preprocessing_Dual=0;CPXPARAM_Preprocessing_Fill=10;CPXPARAM_Preprocessing_NumPass=-1;CPXPARAM_Preprocessing_Presolve=1;CPXPARAM_Preprocessing_QPMakePSD=1;CPXPARAM_Preprocessing_Reduce=3;CPXPARAM_Preprocessing_Relax=-1;CPXPARAM_Preprocessing_RepeatPresolve=-1;CPXPARAM_Preprocessing_Symmetry=4;CPXPARAM_Read_Scale=0;CPXPARAM_Sifting_Algorithm=0;CPXPARAM_Simplex_Crash=1;CPXPARAM_Simplex_DGradient=0;CPXPARAM_Simplex_Limits_Perturbation=0;CPXPARAM_Simplex_Limits_Singularity=10;CPXPARAM_Simplex_PGradient=0;CPXPARAM_Simplex_Pricing=0;CPXPARAM_Simplex_Refactor=0
13629348250393759182,0,CPXPARAM_Advance=1;CPXPARAM_Barrier_Algorithm=0;CPXPARAM_Barrier_ColNonzeros=0;CPXPARAM_Barrier_Crossover=0;CPXPARAM_Barrier_Limits_Corrections=-1;CPXPARAM_Barrier_Ordering=0;CPXPARAM_Barrier_StartAlg=1;CPXPARAM_Emphasis_MIP=1;CPXPARAM_Emphasis_Memory=0;CPXPARAM_Emphasis_Numerical=0;CPXPARAM_Feasopt_Mode=0;CPXPARAM_LPMethod=0;CPXPARAM_MIP_Cuts_Cliques=0;CPXPARAM_MIP_Cuts_Covers=0;CPXPARAM_MIP_Cuts_Disjunctive=2;CPXPARAM_MIP_Cuts_FlowCovers=1;CPXPARAM_MIP_Cuts_GUBCovers=2;CPXPARAM_MIP_Cuts_Gomory=2;CPXPARAM_MIP_Cuts_Implied=1;CPXPARAM_MIP_Cuts_MIRCut=-1;CPXPARAM_MIP_Cuts_PathCut=2;CPXPARAM_MIP_Limits_AggForCut=3;CPXPARAM_MIP_Limits_CutPasses=0;CPXPARAM_MIP_Limits_CutsFactor=-1;CPXPARAM_MIP_Limits_GomoryCand=800;CPXPARAM_MIP_Limits_GomoryPass=0;CPXPARAM_MIP_Limits_Nodes=9223372036800000000;CPXPARAM_MIP_Limits_ProbeTime=1e+75;CPXPARAM_MIP_Limits_RepairTries=0;CPXPARAM_MIP_Limits_StrongCand=10;CPXPARAM_MIP_Limits_StrongIt=0;CPXPARAM_MIP_OrderType=0;CPXPARAM_MIP_Strategy_BBInterval=7;CPXPARAM_MIP_Strategy_Branch=0;CPXPARAM_MIP_Strategy_Dive=0;CPXPARAM_MIP_Strategy_File=1;CPXPARAM_MIP_Strategy_HeuristicFreq=0;CPXPARAM_MIP_Strategy_LBHeur=0;CPXPARAM_MIP_Strategy_NodeSelect=1;CPXPARAM_MIP_Strategy_Order=1;CPXPARAM_MIP_Strategy_PresolveNode=0;CPXPARAM_MIP_Strategy_Probe=3;CPXPARAM_MIP_Strategy_RINSHeur=0;CPXPARAM_MIP_Strategy_StartAlgorithm=0;CPXPARAM_MIP_Strategy_SubAlgorithm=0;CPXPARAM_MIP_Strategy_VariableSelect=0;CPXPARAM_Network_NetFind=2;CPXPARAM_Network_Pricing=0;CPXPARAM_Parallel=1;CPXPARAM_Preprocessing_Aggregator=-1;CPXPARAM_Preprocessing_BoundStrength=-1;CPXPARAM_Preprocessing_CoeffReduce=-1;CPXPARAM_Preprocessing_Dependency=-1;CPXPARAM_Preprocessing_Dual=0;CPXPARAM_Preprocessing_Fill=10;CPXPARAM_Preprocessing_NumPass=-1;CPXPARAM_Preprocessing_Presolve=1;CPXPARAM_Preprocessing_QPMakePSD=1;CPXPARAM_Preprocessing_Reduce=3;CPXPARAM_Preprocessing_Relax=-1;CPXPARAM_Preprocessing_RepeatPresolve=-1;CPXPARAM_Preprocessing_Symmetry=3;CPXPARAM_Read_Scale=0;CPXPARAM_Sifting_Algorithm=0;CPXPARAM_Simplex_Crash=1;CPXPARAM_Simplex_DGradient=0;CPXPARAM_Simplex_Limits_Perturbation=0;CPXPARAM_Simplex_Limits_Singularity=10;CPXPARAM_Simplex_PGradient=0;CPXPARAM_Simplex_Pricing=0;CPXPARAM_Simplex_Refactor=0
1303692289802224665,0,CPXPARAM_Advance=1;CPXPARAM_Barrier_Algorithm=0;CPXPARAM_Barrier_ColNonzeros=0;CPXPARAM_Barrier_Crossover=0;CPXPARAM_Barrier_Limits_Corrections=-1;CPXPARAM_Barrier_Ordering=0;CPXPARAM_Barrier_StartAlg=1;CPXPARAM_Emphasis_MIP=1;CPXPARAM_Emphasis_Memory=0;CPXPARAM_Emphasis_Numerical=0;CPXPARAM_Feasopt_Mode=0;CPXPARAM_LPMethod=0;CPXPARAM_MIP_Cuts_Cliques=0;CPXPARAM_MIP_Cuts_Covers=0;CPXPARAM_MIP_Cuts_Disjunctive=2;CPXPARAM_MIP_Cuts_FlowCovers=1;CPXPARAM_MIP_Cuts_GUBCovers=2;CPXPARAM_MIP_Cuts_Gomory=2;CPXPARAM_MIP_Cuts_Implied=1;CPXPARAM_MIP_Cuts_MIRCut=-1;CPXPARAM_MIP_Cuts_PathCut=2;CPXPARAM_MIP_Limits_AggForCut=3;CPXPARAM_MIP_Limits_CutPasses=0;CPXPARAM_MIP_Limits_CutsFactor=-1;CPXPARAM_MIP_Limits_GomoryCand=800;CPXPARAM_MIP_Limits_GomoryPass=0;CPXPARAM_MIP_Limits_Nodes=9223372036800000000;CPXPARAM_MIP_Limits_ProbeTime=0;CPXPARAM_MIP_Limits_RepairTries=0;CPXPARAM_MIP_Limits_StrongCand=10;CPXPARAM_MIP_Limits_StrongIt=0;CPXPARAM_MIP_OrderType=0;CPXPARAM_MIP_Strategy_BBInterval=7;CPXPARAM_MIP_Strategy_Branch=-1;CPXPARAM_MIP_Strategy_Dive=0;CPXPARAM_MIP_Strategy_File=1;CPXPARAM_MIP_Strategy_HeuristicFreq=0;CPXPARAM_MIP_Strategy_LBHeur=0;CPXPARAM_MIP_Strategy_NodeSelect=1;CPXPARAM_MIP_Strategy_Order=1;CPXPARAM_MIP_Strategy_PresolveNode=0;CPXPARAM_MIP_Strategy_Probe=3;CPXPARAM_MIP_Strategy_RINSHeur=0;CPXPARAM_MIP_Strategy_StartAlgorithm=5;CPXPARAM_MIP_Strategy_SubAlgorithm=0;CPXPARAM_MIP_Strategy_VariableSelect=0;CPXPARAM_Network_NetFind=2;CPXPARAM_Network_Pricing=0;CPXPARAM_Parallel=1;CPXPARAM_Preprocessing_Aggregator=-1;CPXPARAM_Preprocessing_BoundStrength=-1;CPXPARAM_Preprocessing_CoeffReduce=-1;CPXPARAM_Preprocessing_Dependency=-1;CPXPARAM_Preprocessing_Dual=0;CPXPARAM_Preprocessing_Fill=10;CPXPARAM_Preprocessing_NumPass=-1;CPXPARAM_Preprocessing_Presolve=1;CPXPARAM_Preprocessing_QPMakePSD=1;CPXPARAM_Preprocessing_Reduce=3;CPXPARAM_Preprocessing_Relax=-1;CPXPARAM_Preprocessing_RepeatPresolve=-1;CPXPARAM_Preprocessing_Symmetry=4;CPXPARAM_Read_Scale=0;CPXPARAM_Sifting_Algorithm=0;CPXPARAM_Simplex_Crash=1;CPXPARAM_Simplex_DGradient=0;CPXPARAM_Simplex_Limits_Perturbation=0;CPXPARAM_Simplex_Limits_Singularity=10;CPXPARAM_Simplex_PGradient=0;CPXPARAM_Simplex_Pricing=0;CPXPARAM_Simplex_Refactor=0
15656571629409894900,0,CPXPARAM_Advance=1;CPXPARAM_Barrier_Algorithm=0;CPXPARAM_Barrier_ColNonzeros=0;CPXPARAM_Barrier_Crossover=0;CPXPARAM_Barrier_Limits_Corrections=-1;CPXPARAM_Barrier_Ordering=0;CPXPARAM_Barrier_StartAlg=1;CPXPARAM_Emphasis_MIP=1;CPXPARAM_Emphasis_Memory=0;CPXPARAM_Emphasis_Numerical=0;CPXPARAM_Feasopt_Mode=0;CPXPARAM_LPMethod=0;CPXPARAM_MIP_Cuts_Cliques=2;CPXPARAM_MIP_Cuts_Covers=0;CPXPARAM_MIP_Cuts_Disjunctive=0;CPXPARAM_MIP_Cuts_FlowCovers=-1;CPXPARAM_MIP_Cuts_GUBCovers=2;CPXPARAM_MIP_Cuts_Gomory=-1;CPXPARAM_MIP_Cuts_Implied=-1;CPXPARAM_MIP_Cuts_MIRCut=2;CPXPARAM_MIP_Cuts_PathCut=2;CPXPARAM_MIP_Limits_AggForCut=3;CPXPARAM_MIP_Limits_CutPasses=0;CPXPARAM_MIP_Limits_CutsFactor=-1;CPXPARAM_MIP_Limits_GomoryCand=150;CPXPARAM_MIP_Limits_GomoryPass=0;CPXPARAM_MIP_Limits_Nodes=9223372036800000000;CPXPARAM_MIP_Limits_ProbeTime=30;CPXPARAM_MIP_Limits_RepairTries=0;CPXPARAM_MIP_Limits_StrongCand=10;CPXPARAM_MIP_Limits_StrongIt=0;CPXPARAM_MIP_OrderType=0;CPXPARAM_MIP_Strategy_BBInterval=7;CPXPARAM_MIP_Strategy_Branch=0;CPXPARAM_MIP_Strategy_Dive=0;CPXPARAM_MIP_Strategy_File=1;CPXPARAM_MIP_Strategy_HeuristicFreq=0;CPXPARAM_MIP_Strategy_LBHeur=0;CPXPARAM_MIP_Strategy_NodeSelect=1;CPXPARAM_MIP_Strategy_Order=1;CPXPARAM_MIP_Strategy_PresolveNode=0;CPXPARAM_MIP_Strategy_Probe=0;CPXPARAM_MIP_Strategy_RINSHeur=0;CPXPARAM_MIP_Strategy_StartAlgorithm=1;CPXPARAM_MIP_Strategy_SubAlgorithm=5;CPXPARAM_MIP_Strategy_VariableSelect=0;CPXPARAM_Network_NetFind=2;CPXPARAM_Network_Pricing=0;CPXPARAM_Parallel=1;CPXPARAM_Preprocessing_Aggregator=-1;CPXPARAM_Preprocessing_BoundStrength=-1;CPXPARAM_Preprocessing_CoeffReduce=-1;CPXPARAM_Preprocessing_Dependency=-1;CPXPARAM_Preprocessing_Dual=0;CPXPARAM_Preprocessing_Fill=10;CPXPARAM_Preprocessing_NumPass=-1;CPXPARAM_Preprocessing_Presolve=1;CPXPARAM_Preprocessing_QPMakePSD=1;CPXPARAM_Preprocessing_Reduce=3;CPXPARAM_Preprocessing_Relax=-1;CPXPARAM_Preprocessing_RepeatPresolve=-1;CPXPARAM_Preprocessing_Symmetry=3;CPXPARAM_Read_Scale=0;CPXPARAM_Sifting_Algorithm=0;CPXPARAM_Simplex_Crash=1;CPXPARAM_Simplex_DGradient=0;CPXPARAM_Simplex_Limits_Perturbation=0;CPXPARAM_Simplex_Limits_Singularity=10;CPXPARAM_Simplex_PGradient=0;CPXPARAM_Simplex_Pricing=0;CPXPARAM_Simplex_Refactor=0
2773135564295412407,0,CPXPARAM_Advance=1;CPXPARAM_Barrier_Algorithm=2;CPXPARAM_Barrier_ColNonzeros=0;CPXPARAM_Barrier_Crossover=0;CPXPARAM_Barrier_Limits_Corrections=-1;CPXPARAM_Barrier_Ordering=0;CPXPARAM_Barrier_StartAlg=2;CPXPARAM_Emphasis_MIP=1;CPXPARAM_Emphasis_Memory=0;CPXPARAM_Emphasis_Numerical=0;CPXPARAM_Feasopt_Mode=0;CPXPARAM_LPMethod=0;CPXPARAM_MIP_Cuts_Cliques=0;CPXPARAM_MIP_Cuts_Covers=0;CPXPARAM_MIP_Cuts_Disjunctive=2;CPXPARAM_MIP_Cuts_FlowCovers=1;CPXPARAM_MIP_Cuts_GUBCovers=2;CPXPARAM_MIP_Cuts_Gomory=2;CPXPARAM_MIP_Cuts_Implied=1;CPXPARAM_MIP_Cuts_MIRCut=-1;CPXPARAM_MIP_Cuts_PathCut=2;CPXPARAM_MIP_Limits_AggForCut=3;CPXPARAM_MIP_Limits_CutPasses=0;CPXPARAM_MIP_Limits_CutsFactor=-1;CPXPARAM_MIP_Limits_GomoryCand=800;CPXPARAM_MIP_Limits_GomoryPass=0;CPXPARAM_MIP_Limits_Nodes=9223372036800000000;CPXPARAM_MIP_Limits_ProbeTime=0;CPXPARAM_MIP_Limits_RepairTries=0;CPXPARAM_MIP_Limits_StrongCand=10;CPXPARAM_MIP_Limits_StrongIt=0;CPXPARAM_MIP_OrderType=0;CPXPARAM_MIP_Strategy_BBInterval=7;CPXPARAM_MIP_Strategy_Branch=0;CPXPARAM_MIP_Strategy_Dive=0;CPXPARAM_MIP_Strategy_File=1;CPXPARAM_MIP_Strategy_HeuristicFreq=0;CPXPARAM_MIP_Strategy_LBHeur=0;CPXPARAM_MIP_Strategy_NodeSelect=1;CPXPARAM_MIP_Strategy_Order=1;CPXPARAM_MIP_Strategy_PresolveNode=0;CPXPARAM_MIP_Strategy_Probe=3;CPXPARAM_MIP_Strategy_RINSHeur=0;CPXPARAM_MIP_Strategy_StartAlgorithm=5;CPXPARAM_MIP_Strategy_SubAlgorithm=0;CPXPARAM_MIP_Strategy_VariableSelect=0;CPXPARAM_Network_NetFind=2;CPXPARAM_Network_Pricing=0;CPXPARAM_Parallel=1;CPXPARAM_Preprocessing_Aggregator=-1;CPXPARAM_Preprocessing_BoundStrength=-1;CPXPARAM_Preprocessing_CoeffReduce=-1;CPXPARAM_Preprocessing_Dependency=-1;CPXPARAM_Preprocessing_Dual=0;CPXPARAM_Preprocessing_Fill=10;CPXPARAM_Preprocessing_NumPass=-1;CPXPARAM_Preprocessing_Presolve=1;CPXPARAM_Preprocessing_QPMakePSD=1;CPXPARAM_Preprocessing_Reduce=3;CPXPARAM_Preprocessing_Relax=-1;CPXPARAM_Preprocessing_RepeatPresolve=-1;CPXPARAM_Preprocessing_Symmetry=4;CPXPARAM_Read_Scale=0;CPXPARAM_Sifting_Algorithm=0;CPXPARAM_Simplex_Crash=1;CPXPARAM_Simplex_DGradient=2;CPXPARAM_Simplex_Limits_Perturbation=0;CPXPARAM_Simplex_Limits_Singularity=10;CPXPARAM_Simplex_PGradient=0;CPXPARAM_Simplex_Pricing=0;CPXPARAM_Simplex_Refactor=0
1512904333567621176,0,CPXPARAM_Advance=1;CPXPARAM_Barrier_Algorithm=0;CPXPARAM_Barrier_ColNonzeros=0;CPXPARAM_Barrier_Crossover=0;CPXPARAM_Barrier_Limits_Corrections=-1;CPXPARAM_Barrier_Ordering=0;CPXPARAM_Barrier_StartAlg=2;CPXPARAM_Emphasis_MIP=1;CPXPARAM_Emphasis_Memory=0;CPXPARAM_Emphasis_Numerical=0;CPXPARAM_Feasopt_Mode=0;CPXPARAM_LPMethod=0;CPXPARAM_MIP_Cuts_Cliques=0;CPXPARAM_MIP_Cuts_Covers=0;CPXPARAM_MIP_Cuts_Disjunctive=2;CPXPARAM_MIP_Cuts_FlowCovers=1;CPXPARAM_MIP_Cuts_GUBCovers=2;CPXPARAM_MIP_Cuts_Gomory=2;CPXPARAM_MIP_Cuts_Implied=1;CPXPARAM_MIP_Cuts_MIRCut=-1;CPXPARAM_MIP_Cuts_PathCut=2;CPXPARAM_MIP_Limits_AggForCut=3;CPXPARAM_MIP_Limits_CutPasses=0;CPXPARAM_MIP_Limits_CutsFactor=-1;CPXPARAM_MIP_Limits_GomoryCand=800;CPXPARAM_MIP_Limits_GomoryPass=0;CPXPARAM_MIP_Limits_Nodes=9223372036800000000;CPXPARAM_MIP_Limits_ProbeTime=0;CPXPARAM_MIP_Limits_RepairTries=0;CPXPARAM_MIP_Limits_StrongCand=10;CPXPARAM_MIP_Limits_StrongIt=0;CPXPARAM_MIP_OrderType=0;CPXPARAM_MIP_Strategy_BBInterval=7;CPXPARAM_MIP_Strategy_Branch=0;CPXPARAM_MIP_Strategy_Dive=0;CPXPARAM_MIP_Strategy_File=1;CPXPARAM_MIP_Strategy_HeuristicFreq=0;CPXPARAM_MIP_Strategy_LBHeur=0;CPXPARAM_MIP_Strategy_NodeSelect=1;CPXPARAM_MIP_Strategy_Order=1;CPXPARAM_MIP_Strategy_PresolveNode=0;CPXPARAM_MIP_Strategy_Probe=3;CPXPARAM_MIP_Strategy_RINSHeur=0;CPXPARAM_MIP_Strategy_StartAlgorithm=5;CPXPARAM_MIP_Strategy_SubAlgorithm=0;CPXPARAM_MIP_Strategy_VariableSelect=0;CPXPARAM_Network_NetFind=2;CPXPARAM_Network_Pricing=0;CPXPARAM_Parallel=1;CPXPARAM_Preprocessing_Aggregator=-1;CPXPARAM_Preprocessing_BoundStrength=-1;CPXPARAM_Preprocessing_CoeffReduce=1;CPXPARAM_Preprocessing_Dependency=-1;CPXPARAM_Preprocessing_Dual=0;CPXPARAM_Preprocessing_Fill=10;CPXPARAM_Preprocessing_NumPass=-1;CPXPARAM_Preprocessing_Presolve=1;CPXPARAM_Preprocessing_QPMakePSD=1;CPXPARAM_Preprocessing_Reduce=3;CPXPARAM_Preprocessing_Relax=-1;CPXPARAM_Preprocessing_RepeatPresolve=-1;CPXPARAM_Preprocessing_Symmetry=4;CPXPARAM_Read_Scale=0;CPXPARAM_Sifting_Algorithm=0;CPXPARAM_Simplex_Crash=1;CPXPARAM_Simplex_DGradient=2;CPXPARAM_Simplex_Limits_Perturbation=0;CPXPARAM_Simplex_Limits_Singularity=10;CPXPARAM_Simplex_PGradient=0;CPXPARAM_Simplex_Pricing=0;CPXPARAM_Simplex_Refactor=0
10307606256045400058,0,CPXPARAM_Advance=1;CPXPARAM_Barrier_Algorithm=0;CPXPARAM_Barrier_ColNonzeros=0;CPXPARAM_Barrier_Crossover=0;CPXPARAM_Barrier_Limits_Corrections=-1;CPXPARAM_Barrier_Ordering=0;CPXPARAM_Barrier_StartAlg=1;CPXPARAM_Emphasis_MIP=1;CPXPARAM_Emphasis_Memory=0;CPXPARAM_Emphasis_Numerical=0;CPXPARAM_Feasopt_Mode=0;CPXPARAM_LPMethod=0;CPXPARAM_MIP_Cuts_Cliques=0;CPXPARAM_MIP_Cuts_Covers=0;CPXPARAM_MIP_Cuts_Disjunctive=2;CPXPARAM_MIP_Cuts_FlowCovers=1;CPXPARAM_MIP_Cuts_GUBCovers=2;CPXPARAM_MIP_Cuts_Gomory=2;CPXPARAM_MIP_Cuts_Implied=1;CPXPARAM_MIP_Cuts_MIRCut=-1;CPXPARAM_MIP_Cuts_PathCut=2;CPXPARAM_MIP_Limits_AggForCut=3;CPXPARAM_MIP_Limits_CutPasses=0;CPXPARAM_MIP_Limits_CutsFactor=-1;CPXPARAM_MIP_Limits_GomoryCand=800;CPXPARAM_MIP_Limits_GomoryPass=0;CPXPARAM_MIP_Limits_Nodes=9223372036800000000;CPXPARAM_MIP_Limits_ProbeTime=0;CPXPARAM_MIP_Limits_RepairTries=0;CPXPARAM_MIP_Limits_StrongCand=10;CPXPARAM_MIP_Limits_StrongIt=0;CPXPARAM_MIP_OrderType=0;CPXPARAM_MIP_Strategy_BBInterval=7;CPXPARAM_MIP_Strategy_Branch=0;CPXPARAM_MIP_Strategy_Dive=0;CPXPARAM_MIP_Strategy_File=1;CPXPARAM_MIP_Strategy_HeuristicFreq=0;CPXPARAM_MIP_Strategy_LBHeur=0;CPXPARAM_MIP_Strategy_NodeSelect=1;CPXPARAM_MIP_Strategy_Order=1;CPXPARAM_MIP_Strategy_PresolveNode=0;CPXPARAM_MIP_Strategy_Probe=3;CPXPARAM_MIP_Strategy_RINSHeur=0;CPXPARAM_MIP_Strategy_StartAlgorithm=5;CPXPARAM_MIP_Strategy_SubAlgorithm=0;CPXPARAM_MIP_Strategy_VariableSelect=0;CPXPARAM_Network_NetFind=2;CPXPARAM_Network_Pricing=0;CPXPARAM_Parallel=1;CPXPARAM_Preprocessing_Aggregator=-1;CPXPARAM_Preprocessing_BoundStrength=-1;CPXPARAM_Preprocessing_CoeffReduce=-1;CPXPARAM_Preprocessing_Dependency=-1;CPXPARAM_Preprocessing_Dual=0;CPXPARAM_Preprocessing_Fill=10;CPXPARAM_Preprocessing_NumPass=-1;CPXPARAM_Preprocessing_Presolve=1;CPXPARAM_Preprocessing_QPMakePSD=1;CPXPARAM_Preprocessing_Reduce=3;CPXPARAM_Preprocessing_Relax=-1;CPXPARAM_Preprocessing_RepeatPresolve=-1;CPXPARAM_Preprocessing_Symmetry=3;CPXPARAM_Read_Scale=0;CPXPARAM_Sifting_Algorithm=0;CPXPARAM_Simplex_Crash=1;CPXPARAM_Simplex_DGradient=0;CPXPARAM_Simplex_Limits_Perturbation=0;CPXPARAM_Simplex_Limits_Singularity=10;CPXPARAM_Simplex_PGradient=0;CPXPARAM_Simplex_Pricing=0;CPXPARAM_Simplex_Refactor=0
16535205862223792990,0,CPXPARAM_Advance=1;CPXPARAM_Barrier_Algorithm=0;CPXPARAM_Barrier_ColNonzeros=0;CPXPARAM_Barrier_Crossover=0;CPXPARAM_Barrier_Limits_Corrections=-1;CPXPARAM_Barrier_Ordering=0;CPXPARAM_Barrier_StartAlg=1;CPXPARAM_Emphasis_MIP=1;CPXPARAM_Emphasis_Memory=0;CPXPARAM_Emphasis_Numerical=0;CPXPARAM_Feasopt_Mode=0;CPXPARAM_LPMethod=0;CPXPARAM_MIP_Cuts_Cliques=3;CPXPARAM_MIP_Cuts_Covers=0;CPXPARAM_MIP_Cuts_Disjunctive=2;CPXPARAM_MIP_Cuts_FlowCovers=1;CPXPARAM_MIP_Cuts_GUBCovers=2;CPXPARAM_MIP_Cuts_Gomory=2;CPXPARAM_MIP_Cuts_Implied=1;CPXPARAM_MIP_Cuts_MIRCut=-1;CPXPARAM_MIP_Cuts_PathCut=2;CPXPARAM_MIP_Limits_AggForCut=3;CPXPARAM_MIP_Limits_CutPasses=0;CPXPARAM_MIP_Limits_CutsFactor=-1;CPXPARAM_MIP_Limits_GomoryCand=800;CPXPARAM_MIP_Limits_GomoryPass=0;CPXPARAM_MIP_Limits_Nodes=9223372036800000000;CPXPARAM_MIP_Limits_ProbeTime=0;CPXPARAM_MIP_Limits_RepairTries=0;CPXPARAM_MIP_Limits_StrongCand=10;CPXPARAM_MIP_Limits_StrongIt=0;CPXPARAM_MIP_OrderType=0;CPXPARAM_MIP_Strategy_BBInterval=7;CPXPARAM_MIP_Strategy_Branch=0;CPXPARAM_MIP_Strategy_Dive=0;CPXPARAM_MIP_Strategy_File=1;CPXPARAM_MIP_Strategy_HeuristicFreq=0;CPXPARAM_MIP_Strategy_LBHeur=0;CPXPARAM_MIP_Strategy_NodeSelect=1;CPXPARAM_MIP_Strategy_Order=1;CPXPARAM_MIP_Strategy_PresolveNode=0;CPXPARAM_MIP_Strategy_Probe=3;CPXPARAM_MIP_Strategy_RINSHeur=0;CPXPARAM_MIP_Strategy_StartAlgorithm=5;CPXPARAM_MIP_Strategy_SubAlgorithm=0;CPXPARAM_MIP_Strategy_VariableSelect=0;CPXPARAM_Network_NetFind=2;CPXPARAM_Network_Pricing=0;CPXPARAM_Parallel=1;CPXPARAM_Preprocessing_Aggregator=-1;CPXPARAM_Preprocessing_BoundStrength=-1;CPXPARAM_Preprocessing_CoeffReduce=-1;CPXPARAM_Preprocessing_Dependency=-1;CPXPARAM_Preprocessing_Dual=0;CPXPARAM_Preprocessing_Fill=10;CPXPARAM_Preprocessing_NumPass=-1;CPXPARAM_Preprocessing_Presolve=1;CPXPARAM_Preprocessing_QPMakePSD=1;CPXPARAM_Preprocessing_Reduce=3;CPXPARAM_Preprocessing_Relax=-1;CPXPARAM_Preprocessing_RepeatPresolve=-1;CPXPARAM_Preprocessing_Symmetry=4;CPXPARAM_Read_Scale=0;CPXPARAM_Sifting_Algorithm=0;CPXPARAM_Simplex_Crash=1;CPXPARAM_Simplex_DGradient=0;CPXPARAM_Simplex_Limits_Perturbation=0;CPXPARAM_Simplex_Limits_Singularity=10;CPXPARAM_Simplex_PGradient=0;CPXPARAM_Simplex_Pricing=0;CPXPARAM_Simplex_Refactor=0
4273365513670457925,0,CPXPARAM_Advance=1;CPXPARAM_Barrier_Algorithm=0;CPXPARAM_Barrier_ColNonzeros=0;CPXPARAM_Barrier_Crossover=0;CPXPARAM_Barrier_Limits_Corrections=-1;CPXPARAM_Barrier_Ordering=0;CPXPARAM_Barrier_StartAlg=1;CPXPARAM_Emphasis_MIP=1;CPXPARAM_Emphasis_Memory=0;CPXPARAM_Emphasis_Numerical=0;CPXPARAM_Feasopt_Mode=0;CPXPARAM_LPMethod=0;CPXPARAM_MIP_Cuts_Cliques=0;CPXPARAM_MIP_Cuts_Covers=0;CPXPARAM_MIP_Cuts_Disjunctive=2;CPXPARAM_MIP_Cuts_FlowCovers=1;CPXPARAM_MIP_Cuts_GUBCovers=2;CPXPARAM_MIP_Cuts_Gomory=2;CPXPARAM_MIP_Cuts_Implied=1;CPXPARAM_MIP_Cuts_MIRCut=-1;CPXPARAM_MIP_Cuts_PathCut=2;CPXPARAM_MIP_Limits_AggForCut=3;CPXPARAM_MIP_Limits_CutPasses=0;CPXPARAM_MIP_Limits_CutsFactor=-1;CPXPARAM_MIP_Limits_GomoryCand=800;CPXPARAM_MIP_Limits_GomoryPass=0;CPXPARAM_MIP_Limits_Nodes=9223372036800000000;CPXPARAM_MIP_Limits_ProbeTime=0;CPXPARAM_MIP_Limits_RepairTries=0;CPXPARAM_MIP_Limits_StrongCand=10;CPXPARAM_MIP_Limits_StrongIt=0;CPXPARAM_MIP_OrderType=0;CPXPARAM_MIP_Strategy_BBInterval=7;CPXPARAM_MIP_Strategy_Branch=0;CPXPARAM_MIP_Strategy_Dive=0;CPXPARAM_MIP_Strategy_File=1;CPXPARAM_MIP_Strategy_HeuristicFreq=0;CPXPARAM_MIP_Strategy_LBHeur=0;CPXPARAM_MIP_Strategy_NodeSelect=1;CPXPARAM_MIP_Strategy_Order=1;CPXPARAM_MIP_Strategy_PresolveNode=0;CPXPARAM_MIP_Strategy_Probe=-1;CPXPARAM_MIP_Strategy_RINSHeur=0;CPXPARAM_MIP_Strategy_StartAlgorithm=5;CPXPARAM_MIP_Strategy_SubAlgorithm=0;CPXPARAM_MIP_Strategy_VariableSelect=0;CPXPARAM_Network_NetFind=2;CPXPARAM_Network_Pricing=0;CPXPARAM_Parallel=1;CPXPARAM_Preprocessing_Aggregator=-1;CPXPARAM_Preprocessing_BoundStrength=-1;CPXPARAM_Preprocessing_CoeffReduce=-1;CPXPARAM_Preprocessing_Dependency=-1;CPXPARAM_Preprocessing_Dual=0;CPXPARAM_Preprocessing_Fill=10;CPXPARAM_Preprocessing_NumPass=-1;CPXPARAM_Preprocessing_Presolve=1;CPXPARAM_Preprocessing_QPMakePSD=1;CPXPARAM_Preprocessing_Reduce=3;CPXPARAM_Preprocessing_Relax=-1;CPXPARAM_Preprocessing_RepeatPresolve=-1;CPXPARAM_Preprocessing_Symmetry=4;CPXPARAM_Read_Scale=0;CPXPARAM_Sifting_Algorithm=0;CPXPARAM_Simplex_Crash=1;CPXPARAM_Simplex_DGradient=0;CPXPARAM_Simplex_Limits_Perturbation=0;CPXPARAM_Simplex_Limits_Singularity=10;CPXPARAM_Simplex_PGradient=0;CPXPARAM_Simplex_Pricing=0;CPXPARAM_Simplex_Refactor=0
2600254905610415296,0,CPXPARAM_Advance=1;CPXPARAM_Barrier_Algorithm=0;CPXPARAM_Barrier_ColNonzeros=0;CPXPARAM_Barrier_Crossover=0;CPXPARAM_Barrier_Limits_Corrections=-1;CPXPARAM_Barrier_Ordering=0;CPXPARAM_Barrier_StartAlg=1;CPXPARAM_Emphasis_MIP=1;CPXPARAM_Emphasis_Memory=0;CPXPARAM_Emphasis_Numerical=0;CPXPARAM_Feasopt_Mode=0;CPXPARAM_LPMethod=0;CPXPARAM_MIP_Cuts_Cliques=0;CPXPARAM_MIP_Cuts_Covers=0;CPXPARAM_MIP_Cuts_Disjunctive=2;CPXPARAM_MIP_Cuts_FlowCovers=1;CPXPARAM_MIP_Cuts_GUBCovers=2;CPXPARAM_MIP_Cuts_Gomory=2;CPXPARAM_MIP_Cuts_Implied=1;CPXPARAM_MIP_Cuts_MIRCut=-1;CPXPARAM_MIP_Cuts_PathCut=2;CPXPARAM_MIP_Limits_AggForCut=3;CPXPARAM_MIP_Limits_CutPasses=0;CPXPARAM_MIP_Limits_CutsFactor=-1;CPXPARAM_MIP_Limits_GomoryCand=800;CPXPARAM_MIP_Limits_GomoryPass=0;CPXPARAM_MIP_Limits_Nodes=9223372036800000000;CPXPARAM_MIP_Limits_ProbeTime=1e+75;CPXPARAM_MIP_Limits_RepairTries=0;CPXPARAM_MIP_Limits_StrongCand=10;CPXPARAM_MIP_Limits_StrongIt=0;CPXPARAM_MIP_OrderType=0;CPXPARAM_MIP_Strategy_BBInterval=7;CPXPARAM_MIP_Strategy_Branch=-1;CPXPARAM_MIP_Strategy_Dive=0;CPXPARAM_MIP_Strategy_File=1;CPXPARAM_MIP_Strategy_HeuristicFreq=0;CPXPARAM_MIP_Strategy_LBHeur=0;CPXPARAM_MIP_Strategy_NodeSelect=1;CPXPARAM_MIP_Strategy_Order=1;CPXPARAM_MIP_Strategy_PresolveNode=0;CPXPARAM_MIP_Strategy_Probe=3;CPXPARAM_MIP_Strategy_RINSHeur=0;CPXPARAM_MIP_Strategy_StartAlgorithm=0;CPXPARAM_MIP_Strategy_SubAlgorithm=0;CPXPARAM_MIP_Strategy_VariableSelect=0;CPXPARAM_Network_NetFind=2;CPXPARAM_Network_Pricing=0;CPXPARAM_Parallel=1;CPXPARAM_Preprocessing_Aggregator=-1;CPXPARAM_Preprocessing_BoundStrength=-1;CPXPARAM_Preprocessing_CoeffReduce=-1;CPXPARAM_Preprocessing_Dependency=-1;CPXPARAM_Preprocessing_Dual=0;CPXPARAM_Preprocessing_Fill=10;CPXPARAM_Preprocessing_NumPass=-1;CPXPARAM_Preprocessing_Presolve=1;CPXPARAM_Preprocessing_QPMakePSD=1;CPXPARAM_Preprocessing_Reduce=3;CPXPARAM_Preprocessing_Relax=-1;CPXPARAM_Preprocessing_RepeatPresolve=-1;CPXPARAM_Preprocessing_Symmetry=-1;CPXPARAM_Read_Scale=0;CPXPARAM_Sifting_Algorithm=0;CPXPARAM_Simplex_Crash=1;CPXPARAM_Simplex_DGradient=0;CPXPARAM_Simplex_Limits_Perturbation=0;CPXPARAM_Simplex_Limits_Singularity=10;CPXPARAM_Simplex_PGradient=0;CPXPARAM_Simplex_Pricing=0;CPXPARAM_Simplex_Refactor=0
2192425117408130922,0,CPXPARAM_Advance=1;CPXPARAM_Barrier_Algorithm=0;CPXPARAM_Barrier_ColNonzeros=0;CPXPARAM_Barrier_Crossover=2;CPXPARAM_Barrier_Limits_Corrections=-1;CPXPARAM_Barrier_Ordering=0;CPXPARAM_Barrier_StartAlg=1;CPXPARAM_Emphasis_MIP=1;CPXPARAM_Emphasis_Memory=0;CPXPARAM_Emphasis_Numerical=0;CPXPARAM_Feasopt_Mode=0;CPXPARAM_LPMethod=0;CPXPARAM_MIP_Cuts_Cliques=1;CPXPARAM_MIP_Cuts_Covers=0;CPXPARAM_MIP_Cuts_Disjunctive=-1;CPXPARAM_MIP_Cuts_FlowCovers=-1;CPXPARAM_MIP_Cuts_GUBCovers=1;CPXPARAM_MIP_Cuts_Gomory=1;CPXPARAM_MIP_Cuts_Implied=1;CPXPARAM_MIP_Cuts_MIRCut=2;CPXPARAM_MIP_Cuts_PathCut=-1;CPXPARAM_MIP_Limits_AggForCut=3;CPXPARAM_MIP_Limits_CutPasses=0;CPXPARAM_MIP_Limits_CutsFactor=-1;CPXPARAM_MIP_Limits_GomoryCand=10;CPXPARAM_MIP_Limits_GomoryPass=0;CPXPARAM_MIP_Limits_Nodes=9223372036800000000;CPXPARAM_MIP_Limits_ProbeTime=240;CPXPARAM_MIP_Limits_RepairTries=0;CPXPARAM_MIP_Limits_StrongCand=10;CPXPARAM_MIP_Limits_StrongIt=0;CPXPARAM_MIP_OrderType=0;CPXPARAM_MIP_Strategy_BBInterval=7;CPXPARAM_MIP_Strategy_Branch=0;CPXPARAM_MIP_Strategy_Dive=0;CPXPARAM_MIP_Strategy_File=1;CPXPARAM_MIP_Strategy_HeuristicFreq=0;CPXPARAM_MIP_Strategy_LBHeur=0;CPXPARAM_MIP_Strategy_NodeSelect=1;CPXPARAM_MIP_Strategy_Order=1;CPXPARAM_MIP_Strategy_PresolveNode=0;CPXPARAM_MIP_Strategy_Probe=0;CPXPARAM_MIP_Strategy_RINSHeur=0;CPXPARAM_MIP_Strategy_StartAlgorithm=2;CPXPARAM_MIP_Strategy_SubAlgorithm=3;CPXPARAM_MIP_Strategy_VariableSelect=3;CPXPARAM_Network_NetFind=2;CPXPARAM_Network_Pricing=0;CPXPARAM_Parallel=1;CPXPARAM_Preprocessing_Aggregator=-1;CPXPARAM_Preprocessing_BoundStrength=-1;CPXPARAM_Preprocessing_CoeffReduce=-1;CPXPARAM_Preprocessing_Dependency=-1;CPXPARAM_Preprocessing_Dual=0;CPXPARAM_Preprocessing_Fill=10;CPXPARAM_Preprocessing_NumPass=-1;CPXPARAM_Preprocessing_Presolve=1;CPXPARAM_Preprocessing_QPMakePSD=1;CPXPARAM_Preprocessing_Reduce=3;CPXPARAM_Preprocessing_Relax=-1;CPXPARAM_Preprocessing_RepeatPresolve=-1;CPXPARAM_Preprocessing_Symmetry=0;CPXPARAM_Read_Scale=0;CPXPARAM_Sifting_Algorithm=0;CPXPARAM_Simplex_Crash=1;CPXPARAM_Simplex_DGradient=4;CPXPARAM_Simplex_Limits_Perturbation=0;CPXPARAM_Simplex_Limits_Singularity=10;CPXPARAM_Simplex_PGradient=0;CPXPARAM_Simplex_Pricing=0;CPXPARAM_Simplex_Refactor=0
227130730553967323,0,CPXPARAM_Advance=1;CPXPARAM_Barrier_Algorithm=0;CPXPARAM_Barrier_ColNonzeros=0;CPXPARAM_Barrier_Crossover=0;CPXPARAM_Barrier_Limits_Corrections=-1;CPXPARAM_Barrier_Ordering=0;CPXPARAM_Barrier_StartAlg=1;CPXPARAM_Emphasis_MIP=1;CPXPARAM_Emphasis_Memory=0;CPXPARAM_Emphasis_Numerical=0;CPXPARAM_Feasopt_Mode=0;CPXPARAM_LPMethod=0;CPXPARAM_MIP_Cuts_Cliques=0;CPXPARAM_MIP_Cuts_Covers=0;CPXPARAM_MIP_Cuts_Disjunctive=2;CPXPARAM_MIP_Cuts_FlowCovers=1;CPXPARAM_MIP_Cuts_GUBCovers=2;CPXPARAM_MIP_Cuts_Gomory=2;CPXPARAM_MIP_Cuts_Implied=1;CPXPARAM_MIP_Cuts_MIRCut=-1;CPXPARAM_MIP_Cuts_PathCut=2;CPXPARAM_MIP_Limits_AggForCut=3;CPXPARAM_MIP_Limits_CutPasses=0;CPXPARAM_MIP_Limits_CutsFactor=-1;CPXPARAM_MIP_Limits_GomoryCand=800;CPXPARAM_MIP_Limits_GomoryPass=0;CPXPARAM_MIP_Limits_Nodes=9223372036800000000;CPXPARAM_MIP_Limits_ProbeTime=0;CPXPARAM_MIP_Limits_RepairTries=0;CPXPARAM_MIP_Limits_StrongCand=10;CPXPARAM_MIP_Limits_StrongIt=0;CPXPARAM_MIP_OrderType=0;CPXPARAM_MIP_Strategy_BBInterval=7;CPXPARAM_MIP_Strategy_Branch=0;CPXPARAM_MIP_Strategy_Dive=0;CPXPARAM_MIP_Strategy_File=1;CPXPARAM_MIP_Strategy_HeuristicFreq=0;CPXPARAM_MIP_Strategy_LBHeur=0;CPXPARAM_MIP_Strategy_NodeSelect=1;CPXPARAM_MIP_Strategy_Order=1;CPXPARAM_MIP_Strategy_PresolveNode=0;CPXPARAM_MIP_Strategy_Probe=2;CPXPARAM_MIP_Strategy_RINSHeur=0;CPXPARAM_MIP_Strategy_StartAlgorithm=5;CPXPARAM_MIP_Strategy_SubAlgorithm=0;CPXPARAM_MIP_Strategy_VariableSelect=0;CPXPARAM_Network_NetFind=2;CPXPARAM_Network_Pricing=0;CPXPARAM_Parallel=1;CPXPARAM_Preprocessing_Aggregator=-1;CPXPARAM_Preprocessing_BoundStrength=-1;CPXPARAM_Preprocessing_CoeffReduce=-1;CPXPARAM_Preprocessing_Dependency=-1;CPXPARAM_Preprocessing_Dual=0;CPXPARAM_Preprocessing_Fill=10;CPXPARAM_Preprocessing_NumPass=-1;CPXPARAM_Preprocessing_Presolve=1;CPXPARAM_Preprocessing_QPMakePSD=1;CPXPARAM_Preprocessing_Reduce=3;CPXPARAM_Preprocessing_Relax=-1;CPXPARAM_Preprocessing_RepeatPresolve=-1;CPXPARAM_Preprocessing_Symmetry=4;CPXPARAM_Read_Scale=0;CPXPARAM_Sifting_Algorithm=0;CPXPARAM_Simplex_Crash=1;CPXPARAM_Simplex_DGradient=0;CPXPARAM_Simplex_Limits_Perturbation=0;CPXPARAM_Simplex_Limits_Singularity=10;CPXPARAM_Simplex_PGradient=0;CPXPARAM_Simplex_Pricing=0;CPXPARAM_Simplex_Refactor=0
3807446076217041396,0,CPXPARAM_Advance=1;CPXPARAM_Barrier_Algorithm=0;CPXPARAM_Barrier_ColNonzeros=0;CPXPARAM_Barrier_Crossover=0;CPXPARAM_Barrier_Limits_Corrections=-1;CPXPARAM_Barrier_Ordering=0;CPXPARAM_Barrier_StartAlg=1;CPXPARAM_Emphasis_MIP=1;CPXPARAM_Emphasis_Memory=0;CPXPARAM_Emphasis_Numerical=0;CPXPARAM_Feasopt_Mode=0;CPXPARAM_LPMethod=0;CPXPARAM_MIP_Cuts_Cliques=0;CPXPARAM_MIP_Cuts_Covers=0;CPXPARAM_MIP_Cuts_Disjunctive=2;CPXPARAM_MIP_Cuts_FlowCovers=1;CPXPARAM_MIP_Cuts_GUBCovers=2;CPXPARAM_MIP_Cuts_Gomory=2;CPXPARAM_MIP_Cuts_Implied=1;CPXPARAM_MIP_Cuts_MIRCut=-1;CPXPARAM_MIP_Cuts_PathCut=2;CPXPARAM_MIP_Limits_AggForCut=3;CPXPARAM_MIP_Limits_CutPasses=0;CPXPARAM_MIP_Limits_CutsFactor=-1;CPXPARAM_MIP_Limits_GomoryCand=800;CPXPARAM_MIP_Limits_GomoryPass=0;CPXPARAM_MIP_Limits_Nodes=9223372036800000000;CPXPARAM_MIP_Limits_ProbeTime=0;CPXPARAM_MIP_Limits_RepairTries=0;CPXPARAM_MIP_Limits_StrongCand=10;CPXPARAM_MIP_Limits_StrongIt=0;CPXPARAM_MIP_OrderType=0;CPXPARAM_MIP_Strategy_BBInterval=7;CPXPARAM_MIP_Strategy_Branch=0;CPXPARAM_MIP_Strategy_Dive=0;CPXPARAM_MIP_Strategy_File=1;CPXPARAM_MIP_Strategy_HeuristicFreq=0;CPXPARAM_MIP_Strategy_LBHeur=0;CPXPARAM_MIP_Strategy_NodeSelect=1;CPXPARAM_MIP_Strategy_Order=1;CPXPARAM_MIP_Strategy_PresolveNode=0;CPXPARAM_MIP_Strategy_Probe=3;CPXPARAM_MIP_Strategy_RINSHeur=0;CPXPARAM_MIP_Strategy_StartAlgorithm=5;CPXPARAM_MIP_Strategy_SubAlgorithm=4;CPXPARAM_MIP_Strategy_VariableSelect=0;CPXPARAM_Network_NetFind=2;CPXPARAM_Network_Pricing=0;CPXPARAM_Parallel=1;CPXPARAM_Preprocessing_Aggregator=-1;CPXPARAM_Preprocessing_BoundStrength=-1;CPXPARAM_Preprocessing_CoeffReduce=-1;CPXPARAM_Preprocessing_Dependency=-1;CPXPARAM_Preprocessing_Dual=0;CPXPARAM_Preprocessing_Fill=10;CPXPARAM_Preprocessing_NumPass=-1;CPXPARAM_Preprocessing_Presolve=1;CPXPARAM_Preprocessing_QPMakePSD=1;CPXPARAM_Preprocessing_Reduce=3;CPXPARAM_Preprocessing_Relax=-1;CPXPARAM_Preprocessing_RepeatPresolve=-1;CPXPARAM_Preprocessing_Symmetry=4;CPXPARAM_Read_Scale=0;CPXPARAM_Sifting_Algorithm=0;CPXPARAM_Simplex_Crash=1;CPXPARAM_Simplex_DGradient=0;CPXPARAM_Simplex_Limits_Perturbation=0;CPXPARAM_Simplex_Limits_Singularity=10;CPXPARAM_Simplex_PGradient=0;CPXPARAM_Simplex_Pricing=0;CPXPARAM_Simplex_Refactor=0
3947721923668847140,0,CPXPARAM_Advance=1;CPXPARAM_Barrier_Algorithm=0;CPXPARAM_Barrier_ColNonzeros=0;CPXPARAM_Barrier_Crossover=0;CPXPARAM_Barrier_Limits_Corrections=-1;CPXPARAM_Barrier_Ordering=0;CPXPARAM_Barrier_StartAlg=1;CPXPARAM_Emphasis_MIP=1;CPXPARAM_Emphasis_Memory=0;CPXPARAM_Emphasis_Numerical=0;CPXPARAM_Feasopt_Mode=0;CPXPARAM_LPMethod=0;CPXPARAM_MIP_Cuts_Cliques=0;CPXPARAM_MIP_Cuts_Covers=0;CPXPARAM_MIP_Cuts_Disjunctive=2;CPXPARAM_MIP_Cuts_FlowCovers=-1;CPXPARAM_MIP_Cuts_GUBCovers=2;CPXPARAM_MIP_Cuts_Gomory=2;CPXPARAM_MIP_Cuts_Implied=1;CPXPARAM_MIP_Cuts_MIRCut=-1;CPXPARAM_MIP_Cuts_PathCut=2;CPXPARAM_MIP_Limits_AggForCut=3;CPXPARAM_MIP_Limits_CutPasses=0;CPXPARAM_MIP_Limits_CutsFactor=-1;CPXPARAM_MIP_Limits_GomoryCand=800;CPXPARAM_MIP_Limits_GomoryPass=0;CPXPARAM_MIP_Limits_Nodes=9223372036800000000;CPXPARAM_MIP_Limits_ProbeTime=0;CPXPARAM_MIP_Limits_RepairTries=0;CPXPARAM_MIP_Limits_StrongCand=10;CPXPARAM_MIP_Limits_StrongIt=0;CPXPARAM_MIP_OrderType=0;CPXPARAM_MIP_Strategy_BBInterval=7;CPXPARAM_MIP_Strategy_Branch=0;CPXPARAM_MIP_Strategy_Dive=0;CPXPARAM_MIP_Strategy_File=1;CPXPARAM_MIP_Strategy_HeuristicFreq=0;CPXPARAM_MIP_Strategy_LBHeur=0;CPXPARAM_MIP_Strategy_NodeSelect=1;CPXPARAM_MIP_Strategy_Order=1;CPXPARAM_MIP_Strategy_PresolveNode=0;CPXPARAM_MIP_Strategy_Probe=3;CPXPARAM_MIP_Strategy_RINSHeur=0;CPXPARAM_MIP_Strategy_StartAlgorithm=5;CPXPARAM_MIP_Strategy_SubAlgorithm=0;CPXPARAM_MIP_Strategy_VariableSelect=0;CPXPARAM_Network_NetFind=2;CPXPARAM_Network_Pricing=0;CPXPARAM_Parallel=1;CPXPARAM_Preprocessing_Aggregator=-1;CPXPARAM_Preprocessing_BoundStrength=-1;CPXPARAM_Preprocessing_CoeffReduce=-1;CPXPARAM_Preprocessing_Dependency=-1;CPXPARAM_Preprocessing_Dual=0;CPXPARAM_Preprocessing_Fill=10;CPXPARAM_Preprocessing_NumPass=-1;CPXPARAM_Preprocessing_Presolve=1;CPXPARAM_Preprocessing_QPMakePSD=1;CPXPARAM_Preprocessing_Reduce=3;CPXPARAM_Preprocessing_Relax=-1;CPXPARAM_Preprocessing_RepeatPresolve=-1;CPXPARAM_Preprocessing_Symmetry=4;CPXPARAM_Read_Scale=0;CPXPARAM_Sifting_Algorithm=0;CPXPARAM_Simplex_Crash=1;CPXPARAM_Simplex_DGradient=0;CPXPARAM_Simplex_Limits_Perturbation=0;CPXPARAM_Simplex_Limits_Singularity=10;CPXPARAM_Simplex_PGradient=0;CPXPARAM_Simplex_Pricing=0;CPXPARAM_Simplex_Refactor=0
1449934453417574162,0,CPXPARAM_Advance=1;CPXPARAM_Barrier_Algorithm=0;CPXPARAM_Barrier_ColNonzeros=0;CPXPARAM_Barrier_Crossover=0;CPXPARAM_Barrier_Limits_Corrections=-1;CPXPARAM_Barrier_Ordering=0;CPXPARAM_Barrier_StartAlg=1;CPXPARAM_Emphasis_MIP=1;CPXPARAM_Emphasis_Memory=0;CPXPARAM_Emphasis_Numerical=0;CPXPARAM_Feasopt_Mode=0;CPXPARAM_LPMethod=0;CPXPARAM_MIP_Cuts_Cliques=2;CPXPARAM_MIP_Cuts_Covers=0;CPXPARAM_MIP_Cuts_Disjunctive=0;CPXPARAM_MIP_Cuts_FlowCovers=-1;CPXPARAM_MIP_Cuts_GUBCovers=2;CPXPARAM_MIP_Cuts_Gomory=2;CPXPARAM_MIP_Cuts_Implied=-1;CPXPARAM_MIP_Cuts_MIRCut=2;CPXPARAM_MIP_Cuts_PathCut=2;CPXPARAM_MIP_Limits_AggForCut=3;CPXPARAM_MIP_Limits_CutPasses=0;CPXPARAM_MIP_Limits_CutsFactor=-1;CPXPARAM_MIP_Limits_GomoryCand=150;CPXPARAM_MIP_Limits_GomoryPass=0;CPXPARAM_MIP_Limits_Nodes=9223372036800000000;CPXPARAM_MIP_Limits_ProbeTime=5;CPXPARAM_MIP_Limits_RepairTries=0;CPXPARAM_MIP_Limits_StrongCand=10;CPXPARAM_MIP_Limits_StrongIt=0;CPXPARAM_MIP_OrderType=0;CPXPARAM_MIP_Strategy_BBInterval=7;CPXPARAM_MIP_Strategy_Branch=0;CPXPARAM_MIP_Strategy_Dive=0;CPXPARAM_MIP_Strategy_File=1;CPXPARAM_MIP_Strategy_HeuristicFreq=0;CPXPARAM_MIP_Strategy_LBHeur=0;CPXPARAM_MIP_Strategy_NodeSelect=1;CPXPARAM_MIP_Strategy_Order=1;CPXPARAM_MIP_Strategy_PresolveNode=0;CPXPARAM_MIP_Strategy_Probe=0;CPXPARAM_MIP_Strategy_RINSHeur=0;CPXPARAM_MIP_Strategy_StartAlgorithm=1;CPXPARAM_MIP_Strategy_SubAlgorithm=5;CPXPARAM_MIP_Strategy_VariableSelect=0;CPXPARAM_Network_NetFind=2;CPXPARAM_Network_Pricing=0;CPXPARAM_Parallel=1;CPXPARAM_Preprocessing_Aggregator=-1;CPXPARAM_Preprocessing_BoundStrength=-1;CPXPARAM_Preprocessing_CoeffReduce=-1;CPXPARAM_Preprocessing_Dependency=-1;CPXPARAM_Preprocessing_Dual=0;CPXPARAM_Preprocessing_Fill=10;CPXPARAM_Preprocessing_NumPass=-1;CPXPARAM_Preprocessing_Presolve=1;CPXPARAM_Preprocessing_QPMakePSD=1;CPXPARAM_Preprocessing_Reduce=3;CPXPARAM_Preprocessing_Relax=-1;CPXPARAM_Preprocessing_RepeatPresolve=-1;CPXPARAM_Preprocessing_Symmetry=3;CPXPARAM_Read_Scale=0;CPXPARAM_Sifting_Algorithm=0;CPXPARAM_Simplex_Crash=1;CPXPARAM_Simplex_DGradient=0;CPXPARAM_Simplex_Limits_Perturbation=0;CPXPARAM_Simplex_Limits_Singularity=10;CPXPARAM_Simplex_PGradient=0;CPXPARAM_Simplex_Pricing=0;CPXPARAM_Simplex_Refactor=0
5386081676662129350,0,CPXPARAM_Advance=1;CPXPARAM_Barrier_Algorithm=0;CPXPARAM_Barrier_ColNonzeros=0;CPXPARAM_Barrier_Crossover=0;CPXPARAM_Barrier_Limits_Corrections=-1;CPXPARAM_Barrier_Ordering=2;CPXPARAM_Barrier_StartAlg=1;CPXPARAM_Emphasis_MIP=1;CPXPARAM_Emphasis_Memory=0;CPXPARAM_Emphasis_Numerical=0;CPXPARAM_Feasopt_Mode=0;CPXPARAM_LPMethod=0;CPXPARAM_MIP_Cuts_Cliques=0;CPXPARAM_MIP_Cuts_Covers=0;CPXPARAM_MIP_Cuts_Disjunctive=2;CPXPARAM_MIP_Cuts_FlowCovers=1;CPXPARAM_MIP_Cuts_GUBCovers=2;CPXPARAM_MIP_Cuts_Gomory=2;CPXPARAM_MIP_Cuts_Implied=1;CPXPARAM_MIP_Cuts_MIRCut=-1;CPXPARAM_MIP_Cuts_PathCut=2;CPXPARAM_MIP_Limits_AggForCut=3;CPXPARAM_MIP_Limits_CutPasses=0;CPXPARAM_MIP_Limits_CutsFactor=-1;CPXPARAM_MIP_Limits_GomoryCand=800;CPXPARAM_MIP_Limits_GomoryPass=0;CPXPARAM_MIP_Limits_Nodes=9223372036800000000;CPXPARAM_MIP_Limits_ProbeTime=0;CPXPARAM_MIP_Limits_RepairTries=0;CPXPARAM_MIP_Limits_StrongCand=10;CPXPARAM_MIP_Limits_StrongIt=0;CPXPARAM_MIP_OrderType=0;CPXPARAM_MIP_Strategy_BBInterval=7;CPXPARAM_MIP_Strategy_Branch=0;CPXPARAM_MIP_Strategy_Dive=0;CPXPARAM_MIP_Strategy_File=1;CPXPARAM_MIP_Strategy_HeuristicFreq=0;CPXPARAM_MIP_Strategy_LBHeur=0;CPXPARAM_MIP_Strategy_NodeSelect=1;CPXPARAM_MIP_Strategy_Order=1;CPXPARAM_MIP_Strategy_PresolveNode=0;CPXPARAM_MIP_Strategy_Probe=3;CPXPARAM_MIP_Strategy_RINSHeur=0;CPXPARAM_MIP_Strategy_StartAlgorithm=5;CPXPARAM_MIP_Strategy_SubAlgorithm=0;CPXPARAM_MIP_Strategy_VariableSelect=0;CPXPARAM_Network_NetFind=2;CPXPARAM_Network_Pricing=0;CPXPARAM_Parallel=1;CPXPARAM_Preprocessing_Aggregator=-1;CPXPARAM_Preprocessing_BoundStrength=-1;CPXPARAM_Preprocessing_CoeffReduce=-1;CPXPARAM_Preprocessing_Dependency=-1;CPXPARAM_Preprocessing_Dual=0;CPXPARAM_Preprocessing_Fill=10;CPXPARAM_Preprocessing_NumPass=-1;CPXPARAM_Preprocessing_Presolve=1;CPXPARAM_Preprocessing_QPMakePSD=1;CPXPARAM_Preprocessing_Reduce=3;CPXPARAM_Preprocessing_Relax=-1;CPXPARAM_Preprocessing_RepeatPresolve=-1;CPXPARAM_Preprocessing_Symmetry=4;CPXPARAM_Read_Scale=0;CPXPARAM_Sifting_Algorithm=0;CPXPARAM_Simplex_Crash=1;CPXPARAM_Simplex_DGradient=0;CPXPARAM_Simplex_Limits_Perturbation=0;CPXPARAM_Simplex_Limits_Singularity=10;CPXPARAM_Simplex_PGradient=0;CPXPARAM_Simplex_Pricing=0;CPXPARAM_Simplex_Refactor=0
12367583087462349883,0,CPXPARAM_Advance=1;CPXPARAM_Barrier_Algorithm=0;CPXPARAM_Barrier_ColNonzeros=0;CPXPARAM_Barrier_Crossover=0;CPXPARAM_Barrier_Limits_Corrections=-1;CPXPARAM_Barrier_Ordering=0;CPXPARAM_Barrier_StartAlg=2;CPXPARAM_Emphasis_MIP=1;CPXPARAM_Emphasis_Memory=0;CPXPARAM_Emphasis_Numerical=0;CPXPARAM_Feasopt_Mode=0;CPXPARAM_LPMethod=0;CPXPARAM_MIP_Cuts_Cliques=0;CPXPARAM_MIP_Cuts_Covers=0;CPXPARAM_MIP_Cuts_Disjunctive=2;CPXPARAM_MIP_Cuts_FlowCovers=1;CPXPARAM_MIP_Cuts_GUBCovers=2;CPXPARAM_MIP_Cuts_Gomory=2;CPXPARAM_MIP_Cuts_Implied=1;CPXPARAM_MIP_Cuts_MIRCut=-1;CPXPARAM_MIP_Cuts_PathCut=2;CPXPARAM_MIP_Limits_AggForCut=3;CPXPARAM_MIP_Limits_CutPasses=0;CPXPARAM_MIP_Limits_CutsFactor=-1;CPXPARAM_MIP_Limits_GomoryCand=800;CPXPARAM_MIP_Limits_GomoryPass=0;CPXPARAM_MIP_Limits_Nodes=9223372036800000000;CPXPARAM_MIP_Limits_ProbeTime=0;CPXPARAM_MIP_Limits_RepairTries=0;CPXPARAM_MIP_Limits_StrongCand=10;CPXPARAM_MIP_Limits_StrongIt=0;CPXPARAM_MIP_OrderType=0;CPXPARAM_MIP_Strategy_BBInterval=7;CPXPARAM_MIP_Strategy_Branch=0;CPXPARAM_MIP_Strategy_Dive=0;CPXPARAM_MIP_Strategy_File=1;CPXPARAM_MIP_Strategy_HeuristicFreq=0;CPXPARAM_MIP_Strategy_LBHeur=0;CPXPARAM_MIP_Strategy_NodeSelect=1;CPXPARAM_MIP_Strategy_Order=1;CPXPARAM_MIP_Strategy_PresolveNode=0;CPXPARAM_MIP_Strategy_Probe=3;CPXPARAM_MIP_Strategy_RINSHeur=0;CPXPARAM_MIP_Strategy_StartAlgorithm=5;CPXPARAM_MIP_Strategy_SubAlgorithm=0;CPXPARAM_MIP_Strategy_VariableSelect=2;CPXPARAM_Network_NetFind=2;CPXPARAM_Network_Pricing=0;CPXPARAM_Parallel=1;CPXPARAM_Preprocessing_Aggregator=-1;CPXPARAM_Preprocessing_BoundStrength=-1;CPXPARAM_Preprocessing_CoeffReduce=-1;CPXPARAM_Preprocessing_Dependency=-1;CPXPARAM_Preprocessing_Dual=0;CPXPARAM_Preprocessing_Fill=10;CPXPARAM_Preprocessing_NumPass=-1;CPXPARAM_Preprocessing_Presolve=1;CPXPARAM_Preprocessing_QPMakePSD=1;CPXPARAM_Preprocessing_Reduce=3;CPXPARAM_Preprocessing_Relax=-1;CPXPARAM_Preprocessing_RepeatPresolve=-1;CPXPARAM_Preprocessing_Symmetry=4;CPXPARAM_Read_Scale=0;CPXPARAM_Sifting_Algorithm=0;CPXPARAM_Simplex_Crash=1;CPXPARAM_Simplex_DGradient=0;CPXPARAM_Simplex_Limits_Perturbation=0;CPXPARAM_Simplex_Limits_Singularity=10;CPXPARAM_Simplex_PGradient=0;CPXPARAM_Simplex_Pricing=0;CPXPARAM_Simplex_Refactor=0
3834542985229474764,0,CPXPARAM_Advance=1;CPXPARAM_Barrier_Algorithm=0;CPXPARAM_Barrier_ColNonzeros=0;CPXPARAM_Barrier_Crossover=0;CPXPARAM_Barrier_Limits_Corrections=-1;CPXPARAM_Barrier_Ordering=0;CPXPARAM_Barrier_StartAlg=3;CPXPARAM_Emphasis_MIP=5;CPXPARAM_Emphasis_Memory=0;CPXPARAM_Emphasis_Numerical=0;CPXPARAM_Feasopt_Mode=4;CPXPARAM_LPMethod=0;CPXPARAM_MIP_Cuts_Cliques=1;CPXPARAM_MIP_Cuts_Covers=0;CPXPARAM_MIP_Cuts_Disjunctive=3;CPXPARAM_MIP_Cuts_FlowCovers=1;CPXPARAM_MIP_Cuts_GUBCovers=0;CPXPARAM_MIP_Cuts_Gomory=1;CPXPARAM_MIP_Cuts_Implied=2;CPXPARAM_MIP_Cuts_MIRCut=0;CPXPARAM_MIP_Cuts_PathCut=-1;CPXPARAM_MIP_Limits_AggForCut=3;CPXPARAM_MIP_Limits_CutPasses=0;CPXPARAM_MIP_Limits_CutsFactor=-1;CPXPARAM_MIP_Limits_GomoryCand=150;CPXPARAM_MIP_Limits_GomoryPass=0;CPXPARAM_MIP_Limits_Nodes=9223372036800000000;CPXPARAM_MIP_Limits_ProbeTime=20;CPXPARAM_MIP_Limits_RepairTries=0;CPXPARAM_MIP_Limits_StrongCand=10;CPXPARAM_MIP_Limits_StrongIt=0;CPXPARAM_MIP_OrderType=0;CPXPARAM_MIP_Strategy_BBInterval=7;CPXPARAM_MIP_Strategy_Branch=1;CPXPARAM_MIP_Strategy_Dive=0;CPXPARAM_MIP_Strategy_File=1;CPXPARAM_MIP_Strategy_HeuristicFreq=0;CPXPARAM_MIP_Strategy_LBHeur=0;CPXPARAM_MIP_Strategy_NodeSelect=1;CPXPARAM_MIP_Strategy_Order=1;CPXPARAM_MIP_Strategy_PresolveNode=0;CPXPARAM_MIP_Strategy_Probe=3;CPXPARAM_MIP_Strategy_RINSHeur=0;CPXPARAM_MIP_Strategy_StartAlgorithm=1;CPXPARAM_MIP_Strategy_SubAlgorithm=4;CPXPARAM_MIP_Strategy_VariableSelect=0;CPXPARAM_Network_NetFind=2;CPXPARAM_Network_Pricing=0;CPXPARAM_Parallel=1;CPXPARAM_Preprocessing_Aggregator=-1;CPXPARAM_Preprocessing_BoundStrength=-1;CPXPARAM_Preprocessing_CoeffReduce=-1;CPXPARAM_Preprocessing_Dependency=-1;CPXPARAM_Preprocessing_Dual=0;CPXPARAM_Preprocessing_Fill=10;CPXPARAM_Preprocessing_NumPass=-1;CPXPARAM_Preprocessing_Presolve=1;CPXPARAM_Preprocessing_QPMakePSD=1;CPXPARAM_Preprocessing_Reduce=3;CPXPARAM_Preprocessing_Relax=-1;CPXPARAM_Preprocessing_RepeatPresolve=-1;CPXPARAM_Preprocessing_Symmetry=1;CPXPARAM_Read_Scale=0;CPXPARAM_Sifting_Algorithm=0;CPXPARAM_Simplex_Crash=0;CPXPARAM_Simplex_DGradient=0;CPXPARAM_Simplex_Limits_Perturbation=0;CPXPARAM_Simplex_Limits_Singularity=10;CPXPARAM_Simplex_PGradient=0;CPXPARAM_Simplex_Pricing=0;CPXPARAM_Simplex_Refactor=0
10142894756585293329,0,CPXPARAM_Advance=1;CPXPARAM_Barrier_Algorithm=0;CPXPARAM_Barrier_ColNonzeros=0;CPXPARAM_Barrier_Crossover=0;CPXPARAM_Barrier_Limits_Corrections=-1;CPXPARAM_Barrier_Ordering=0;CPXPARAM_Barrier_StartAlg=1;CPXPARAM_Emphasis_MIP=1;CPXPARAM_Emphasis_Memory=0;CPXPARAM_Emphasis_Numerical=0;CPXPARAM_Feasopt_Mode=0;CPXPARAM_LPMethod=0;CPXPARAM_MIP_Cuts_Cliques=0;CPXPARAM_MIP_Cuts_Covers=0;CPXPARAM_MIP_Cuts_Disjunctive=2;CPXPARAM_MIP_Cuts_FlowCovers=1;CPXPARAM_MIP_Cuts_GUBCovers=2;CPXPARAM_MIP_Cuts_Gomory=2;CPXPARAM_MIP_Cuts_Implied=1;CPXPARAM_MIP_Cuts_MIRCut=-1;CPXPARAM_MIP_Cuts_PathCut=2;CPXPARAM_MIP_Limits_AggForCut=3;CPXPARAM_MIP_Limits_CutPasses=0;CPXPARAM_MIP_Limits_CutsFactor=-1;CPXPARAM_MIP_Limits_GomoryCand=800;CPXPARAM_MIP_Limits_GomoryPass=0;CPXPARAM_MIP_Limits_Nodes=9223372036800000000;CPXPARAM_MIP_Limits_ProbeTime=1e+75;CPXPARAM_MIP_Limits_RepairTries=0;CPXPARAM_MIP_Limits_StrongCand=10;CPXPARAM_MIP_Limits_StrongIt=0;CPXPARAM_MIP_OrderType=0;CPXPARAM_MIP_Strategy_BBInterval=10;CPXPARAM_MIP_Strategy_Branch=0;CPXPARAM_MIP_Strategy_Dive=0;CPXPARAM_MIP_Strategy_File=1;CPXPARAM_MIP_Strategy_HeuristicFreq=0;CPXPARAM_MIP_Strategy_LBHeur=0;CPXPARAM_MIP_Strategy_NodeSelect=1;CPXPARAM_MIP_Strategy_Order=1;CPXPARAM_MIP_Strategy_PresolveNode=0;CPXPARAM_MIP_Strategy_Probe=3;CPXPARAM_MIP_Strategy_RINSHeur=0;CPXPARAM_MIP_Strategy_StartAlgorithm=0;CPXPARAM_MIP_Strategy_SubAlgorithm=0;CPXPARAM_MIP_Strategy_VariableSelect=0;CPXPARAM_Network_NetFind=2;CPXPARAM_Network_Pricing=0;CPXPARAM_Parallel=1;CPXPARAM_Preprocessing_Aggregator=-1;CPXPARAM_Preprocessing_BoundStrength=-1;CPXPARAM_Preprocessing_CoeffReduce=-1;CPXPARAM_Preprocessing_Dependency=-1;CPXPARAM_Preprocessing_Dual=0;CPXPARAM_Preprocessing_Fill=10;CPXPARAM_Preprocessing_NumPass=-1;CPXPARAM_Preprocessing_Presolve=1;CPXPARAM_Preprocessing_QPMakePSD=1;CPXPARAM_Preprocessing_Reduce=3;CPXPARAM_Preprocessing_Relax=-1;CPXPARAM_Preprocessing_RepeatPresolve=-1;CPXPARAM_Preprocessing_Symmetry=-1;CPXPARAM_Read_Scale=0;CPXPARAM_Sifting_Algorithm=0;CPXPARAM_Simplex_Crash=1;CPXPARAM_Simplex_DGradient=0;CPXPARAM_Simplex_Limits_Perturbation=0;CPXPARAM_Simplex_Limits_Singularity=10;CPXPARAM_Simplex_PGradient=0;CPXPARAM_Simplex_Pricing=0;CPXPARAM_Simplex_Refactor=0
11315105364709175366,0,CPXPARAM_Advance=1;CPXPARAM_Barrier_Algorithm=0;CPXPARAM_Barrier_ColNonzeros=0;CPXPARAM_Barrier_Crossover=0;CPXPARAM_Barrier_Limits_Corrections=-1;CPXPARAM_Barrier_Ordering=0;CPXPARAM_Barrier_StartAlg=1;CPXPARAM_Emphasis_MIP=1;CPXPARAM_Emphasis_Memory=0;CPXPARAM_Emphasis_Numerical=0;CPXPARAM_Feasopt_Mode=0;CPXPARAM_LPMethod=0;CPXPARAM_MIP_Cuts_Cliques=2;CPXPARAM_MIP_Cuts_Covers=0;CPXPARAM_MIP_Cuts_Disjunctive=0;CPXPARAM_MIP_Cuts_FlowCovers=-1;CPXPARAM_MIP_Cuts_GUBCovers=2;CPXPARAM_MIP_Cuts_Gomory=2;CPXPARAM_MIP_Cuts_Implied=-1;CPXPARAM_MIP_Cuts_MIRCut=2;CPXPARAM_MIP_Cuts_PathCut=2;CPXPARAM_MIP_Limits_AggForCut=3;CPXPARAM_MIP_Limits_CutPasses=0;CPXPARAM_MIP_Limits_CutsFactor=-1;CPXPARAM_MIP_Limits_GomoryCand=150;CPXPARAM_MIP_Limits_GomoryPass=0;CPXPARAM_MIP_Limits_Nodes=9223372036800000000;CPXPARAM_MIP_Limits_ProbeTime=30;CPXPARAM_MIP_Limits_RepairTries=0;CPXPARAM_MIP_Limits_StrongCand=10;CPXPARAM_MIP_Limits_StrongIt=0;CPXPARAM_MIP_OrderType=0;CPXPARAM_MIP_Strategy_BBInterval=7;CPXPARAM_MIP_Strategy_Branch=0;CPXPARAM_MIP_Strategy_Dive=0;CPXPARAM_MIP_Strategy_File=1;CPXPARAM_MIP_Strategy_HeuristicFreq=0;CPXPARAM_MIP_Strategy_LBHeur=0;CPXPARAM_MIP_Strategy_NodeSelect=1;CPXPARAM_MIP_Strategy_Order=1;CPXPARAM_MIP_Strategy_PresolveNode=0;CPXPARAM_MIP_Strategy_Probe=0;CPXPARAM_MIP_Strategy_RINSHeur=0;CPXPARAM_MIP_Strategy_StartAlgorithm=1;CPXPARAM_MIP_Strategy_SubAlgorithm=5;CPXPARAM_MIP_Strategy_VariableSelect=3;CPXPARAM_Network_NetFind=2;CPXPARAM_Network_Pricing=0;CPXPARAM_Parallel=1;CPXPARAM_Preprocessing_Aggregator=-1;CPXPARAM_Preprocessing_BoundStrength=-1;CPXPARAM_Preprocessing_CoeffReduce=-1;CPXPARAM_Preprocessing_Dependency=-1;CPXPARAM_Preprocessing_Dual=0;CPXPARAM_Preprocessing_Fill=10;CPXPARAM_Preprocessing_NumPass=-1;CPXPARAM_Preprocessing_Presolve=1;CPXPARAM_Preprocessing_QPMakePSD=1;CPXPARAM_Preprocessing_Reduce=3;CPXPARAM_Preprocessing_Relax=-1;CPXPARAM_Preprocessing_RepeatPresolve=-1;CPXPARAM_Preprocessing_Symmetry=3;CPXPARAM_Read_Scale=0;CPXPARAM_Sifting_Algorithm=0;CPXPARAM_Simplex_Crash=1;CPXPARAM_Simplex_DGradient=0;CPXPARAM_Simplex_Limits_Perturbation=0;CPXPARAM_Simplex_Limits_Singularity=10;CPXPARAM_Simplex_PGradient=0;CPXPARAM_Simplex_Pricing=0;CPXPARAM_Simplex_Refactor=0
17078130961352473133,0,CPXPARAM_Advance=1;CPXPARAM_Barrier_Algorithm=0;CPXPARAM_Barrier_ColNonzeros=0;CPXPARAM_Barrier_Crossover=0;CPXPARAM_Barrier_Limits_Corrections=-1;CPXPARAM_Barrier_Ordering=0;CPXPARAM_Barrier_StartAlg=1;CPXPARAM_Emphasis_MIP=1;CPXPARAM_Emphasis_Memory=0;CPXPARAM_Emphasis_Numerical=0;CPXPARAM_Feasopt_Mode=0;CPXPARAM_LPMethod=0;CPXPARAM_MIP_Cuts_Cliques=0;CPXPARAM_MIP_Cuts_Covers=0;CPXPARAM_MIP_Cuts_Disjunctive=2;CPXPARAM_MIP_Cuts_FlowCovers=1;CPXPARAM_MIP_Cuts_GUBCovers=2;CPXPARAM_MIP_Cuts_Gomory=2;CPXPARAM_MIP_Cuts_Implied=1;CPXPARAM_MIP_Cuts_MIRCut=-1;CPXPARAM_MIP_Cuts_PathCut=2;CPXPARAM_MIP_Limits_AggForCut=3;CPXPARAM_MIP_Limits_CutPasses=0;CPXPARAM_MIP_Limits_CutsFactor=-1;CPXPARAM_MIP_Limits_GomoryCand=800;CPXPARAM_MIP_Limits_GomoryPass=0;CPXPARAM_MIP_Limits_Nodes=9223372036800000000;CPXPARAM_MIP_Limits_ProbeTime=1e+75;CPXPARAM_MIP_Limits_RepairTries=0;CPXPARAM_MIP_Limits_StrongCand=10;CPXPARAM_MIP_Limits_StrongIt=0;CPXPARAM_MIP_OrderType=0;CPXPARAM_MIP_Strategy_BBInterval=4;CPXPARAM_MIP_Strategy_Branch=0;CPXPARAM_MIP_Strategy_Dive=0;CPXPARAM_MIP_Strategy_File=1;CPXPARAM_MIP_Strategy_HeuristicFreq=0;CPXPARAM_MIP_Strategy_LBHeur=0;CPXPARAM_MIP_Strategy_NodeSelect=1;CPXPARAM_MIP_Strategy_Order=1;CPXPARAM_MIP_Strategy_PresolveNode=0;CPXPARAM_MIP_Strategy_Probe=3;CPXPARAM_MIP_Strategy_RINSHeur=0;CPXPARAM_MIP_Strategy_StartAlgorithm=0;CPXPARAM_MIP_Strategy_SubAlgorithm=0;CPXPARAM_MIP_Strategy_VariableSelect=0;CPXPARAM_Network_NetFind=2;CPXPARAM_Network_Pricing=0;CPXPARAM_Parallel=1;CPXPARAM_Preprocessing_Aggregator=-1;CPXPARAM_Preprocessing_BoundStrength=-1;CPXPARAM_Preprocessing_CoeffReduce=-1;CPXPARAM_Preprocessing_Dependency=-1;CPXPARAM_Preprocessing_Dual=0;CPXPARAM_Preprocessing_Fill=10;CPXPARAM_Preprocessing_NumPass=-1;CPXPARAM_Preprocessing_Presolve=1;CPXPARAM_Preprocessing_QPMakePSD=1;CPXPARAM_Preprocessing_Reduce=3;CPXPARAM_Preprocessing_Relax=-1;CPXPARAM_Preprocessing_RepeatPresolve=-1;CPXPARAM_Preprocessing_Symmetry=-1;CPXPARAM_Read_Scale=0;CPXPARAM_Sifting_Algorithm=0;CPXPARAM_Simplex_Crash=1;CPXPARAM_Simplex_DGradient=0;CPXPARAM_Simplex_Limits_Perturbation=0;CPXPARAM_Simplex_Limits_Singularity=10;CPXPARAM_Simplex_PGradient=0;CPXPARAM_Simplex_Pricing=0;CPXPARAM_Simplex_Refactor=0
16986649129310773177,0,CPXPARAM_Advance=1;CPXPARAM_Barrier_Algorithm=0;CPXPARAM_Barrier_ColNonzeros=0;CPXPARAM_Barrier_Crossover=0;CPXPARAM_Barrier_Limits_Corrections=-1;CPXPARAM_Barrier_Ordering=0;CPXPARAM_Barrier_StartAlg=1;CPXPARAM_Emphasis_MIP=1;CPXPARAM_Emphasis_Memory=0;CPXPARAM_Emphasis_Numerical=0;CPXPARAM_Feasopt_Mode=0;CPXPARAM_LPMethod=0;CPXPARAM_MIP_Cuts_Cliques=2;CPXPARAM_MIP_Cuts_Covers=0;CPXPARAM_MIP_Cuts_Disjunctive=0;CPXPARAM_MIP_Cuts_FlowCovers=-1;CPXPARAM_MIP_Cuts_GUBCovers=2;CPXPARAM_MIP_Cuts_Gomory=2;CPXPARAM_MIP_Cuts_Implied=-1;CPXPARAM_MIP_Cuts_MIRCut=2;CPXPARAM_MIP_Cuts_PathCut=2;CPXPARAM_MIP_Limits_AggForCut=3;CPXPARAM_MIP_Limits_CutPasses=0;CPXPARAM_MIP_Limits_CutsFactor=-1;CPXPARAM_MIP_Limits_GomoryCand=150;CPXPARAM_MIP_Limits_GomoryPass=0;CPXPARAM_MIP_Limits_Nodes=9223372036800000000;CPXPARAM_MIP_Limits_ProbeTime=30;CPXPARAM_MIP_Limits_RepairTries=0;CPXPARAM_MIP_Limits_StrongCand=10;CPXPARAM_MIP_Limits_StrongIt=0;CPXPARAM_MIP_OrderType=0;CPXPARAM_MIP_Strategy_BBInterval=7;CPXPARAM_MIP_Strategy_Branch=-1;CPXPARAM_MIP_Strategy_Dive=0;CPXPARAM_MIP_Strategy_File=1;CPXPARAM_MIP_Strategy_HeuristicFreq=0;CPXPARAM_MIP_Strategy_LBHeur=0;CPXPARAM_MIP_Strategy_NodeSelect=1;CPXPARAM_MIP_Strategy_Order=1;CPXPARAM_MIP_Strategy_PresolveNode=0;CPXPARAM_MIP_Strategy_Probe=0;CPXPARAM_MIP_Strategy_RINSHeur=0;CPXPARAM_MIP_Strategy_StartAlgorithm=1;CPXPARAM_MIP_Strategy_SubAlgorithm=5;CPXPARAM_MIP_Strategy_VariableSelect=0;CPXPARAM_Network_NetFind=2;CPXPARAM_Network_Pricing=0;CPXPARAM_Parallel=1;CPXPARAM_Preprocessing_Aggregator=-1;CPXPARAM_Preprocessing_BoundStrength=-1;CPXPARAM_Preprocessing_CoeffReduce=-1;CPXPARAM_Preprocessing_Dependency=-1;CPXPARAM_Preprocessing_Dual=0;CPXPARAM_Preprocessing_Fill=10;CPXPARAM_Preprocessing_NumPass=-1;CPXPARAM_Preprocessing_Presolve=1;CPXPARAM_Preprocessing_QPMakePSD=1;CPXPARAM_Preprocessing_Reduce=3;CPXPARAM_Preprocessing_Relax=-1;CPXPARAM_Preprocessing_RepeatPresolve=-1;CPXPARAM_Preprocessing_Symmetry=3;CPXPARAM_Read_Scale=0;CPXPARAM_Sifting_Algorithm=0;CPXPARAM_Simplex_Crash=1;CPXPARAM_Simplex_DGradient=0;CPXPARAM_Simplex_Limits_Perturbation=0;CPXPARAM_Simplex_Limits_Singularity=10;CPXPARAM_Simplex_PGradient=0;CPXPARAM_Simplex_Pricing=0;CPXPARAM_Simplex_Refactor=0
13290681019215308220,0,CPXPARAM_Advance=1;CPXPARAM_Barrier_Algorithm=0;CPXPARAM_Barrier_ColNonzeros=0;CPXPARAM_Barrier_Crossover=0;CPXPARAM_Barrier_Limits_Corrections=-1;CPXPARAM_Barrier_Ordering=0;CPXPARAM_Barrier_StartAlg=1;CPXPARAM_Emphasis_MIP=0;CPXPARAM_Emphasis_Memory=0;CPXPARAM_Emphasis_Numerical=0;CPXPARAM_Feasopt_Mode=0;CPXPARAM_LPMethod=0;CPXPARAM_MIP_Cuts_Cliques=0;CPXPARAM_MIP_Cuts_Covers=0;CPXPARAM_MIP_Cuts_Disjunctive=0;CPXPARAM_MIP_Cuts_FlowCovers=0;CPXPARAM_MIP_Cuts_GUBCovers=0;CPXPARAM_MIP_Cuts_Gomory=0;CPXPARAM_MIP_Cuts_Implied=0;CPXPARAM_MIP_Cuts_MIRCut=0;CPXPARAM_MIP_Cuts_PathCut=2;CPXPARAM_MIP_Limits_AggForCut=3;CPXPARAM_MIP_Limits_CutPasses=0;CPXPARAM_MIP_Limits_CutsFactor=-1;CPXPARAM_MIP_Limits_GomoryCand=200;CPXPARAM_MIP_Limits_GomoryPass=0;CPXPARAM_MIP_Limits_Nodes=9223372036800000000;CPXPARAM_MIP_Limits_ProbeTime=1e+75;CPXPARAM_MIP_Limits_RepairTries=0;CPXPARAM_MIP_Limits_StrongCand=10;CPXPARAM_MIP_Limits_StrongIt=0;CPXPARAM_MIP_OrderType=0;CPXPARAM_MIP_Strategy_BBInterval=7;CPXPARAM_MIP_Strategy_Branch=0;CPXPARAM_MIP_Strategy_Dive=0;CPXPARAM_MIP_Strategy_File=1;CPXPARAM_MIP_Strategy_HeuristicFreq=0;CPXPARAM_MIP_Strategy_LBHeur=0;CPXPARAM_MIP_Strategy_NodeSelect=1;CPXPARAM_MIP_Strategy_Order=1;CPXPARAM_MIP_Strategy_PresolveNode=0;CPXPARAM_MIP_Strategy_Probe=0;CPXPARAM_MIP_Strategy_RINSHeur=0;CPXPARAM_MIP_Strategy_StartAlgorithm=0;CPXPARAM_MIP_Strategy_SubAlgorithm=0;CPXPARAM_MIP_Strategy_VariableSelect=0;CPXPARAM_Network_NetFind=2;CPXPARAM_Network_Pricing=0;CPXPARAM_Parallel=1;CPXPARAM_Preprocessing_Aggregator=-1;CPXPARAM_Preprocessing_BoundStrength=-1;CPXPARAM_Preprocessing_CoeffReduce=-1;CPXPARAM_Preprocessing_Dependency=-1;CPXPARAM_Preprocessing_Dual=0;CPXPARAM_Preprocessing_Fill=10;CPXPARAM_Preprocessing_NumPass=-1;CPXPARAM_Preprocessing_Presolve=1;CPXPARAM_Preprocessing_QPMakePSD=1;CPXPARAM_Preprocessing_Reduce=3;CPXPARAM_Preprocessing_Relax=-1;CPXPARAM_Preprocessing_RepeatPresolve=-1;CPXPARAM_Preprocessing_Symmetry=-1;CPXPARAM_Read_Scale=0;CPXPARAM_Sifting_Algorithm=0;CPXPARAM_Simplex_Crash=1;CPXPARAM_Simplex_DGradient=0;CPXPARAM_Simplex_Limits_Perturbation=0;CPXPARAM_Simplex_Limits_Singularity=10;CPXPARAM_Simplex_PGradient=0;CPXPARAM_Simplex_Pricing=0;CPXPARAM_Simplex_Refactor=0
9090196280513109677,0,CPXPARAM_Advance=1;CPXPARAM_Barrier_Algorithm=0;CPXPARAM_Barrier_ColNonzeros=0;CPXPARAM_Barrier_Crossover=0;CPXPARAM_Barrier_Limits_Corrections=-1;CPXPARAM_Barrier_Ordering=0;CPXPARAM_Barrier_StartAlg=1;CPXPARAM_Emphasis_MIP=1;CPXPARAM_Emphasis_Memory=0;CPXPARAM_Emphasis_Numerical=0;CPXPARAM_Feasopt_Mode=0;CPXPARAM_LPMethod=0;CPXPARAM_MIP_Cuts_Cliques=2;CPXPARAM_MIP_Cuts_Covers=0;CPXPARAM_MIP_Cuts_Disjunctive=0;CPXPARAM_MIP_Cuts_FlowCovers=-1;CPXPARAM_MIP_Cuts_GUBCovers=2;CPXPARAM_MIP_Cuts_Gomory=2;CPXPARAM_MIP_Cuts_Implied=-1;CPXPARAM_MIP_Cuts_MIRCut=2;CPXPARAM_MIP_Cuts_PathCut=2;CPXPARAM_MIP_Limits_AggForCut=3;CPXPARAM_MIP_Limits_CutPasses=0;CPXPARAM_MIP_Limits_CutsFactor=-1;CPXPARAM_MIP_Limits_GomoryCand=150;CPXPARAM_MIP_Limits_GomoryPass=0;CPXPARAM_MIP_Limits_Nodes=9223372036800000000;CPXPARAM_MIP_Limits_ProbeTime=30;CPXPARAM_MIP_Limits_RepairTries=0;CPXPARAM_MIP_Limits_StrongCand=10;CPXPARAM_MIP_Limits_StrongIt=0;CPXPARAM_MIP_OrderType=0;CPXPARAM_MIP_Strategy_BBInterval=7;CPXPARAM_MIP_Strategy_Branch=0;CPXPARAM_MIP_Strategy_Dive=0;CPXPARAM_MIP_Strategy_File=1;CPXPARAM_MIP_Strategy_HeuristicFreq=0;CPXPARAM_MIP_Strategy_LBHeur=0;CPXPARAM_MIP_Strategy_NodeSelect=1;CPXPARAM_MIP_Strategy_Order=1;CPXPARAM_MIP_Strategy_PresolveNode=0;CPXPARAM_MIP_Strategy_Probe=0;CPXPARAM_MIP_Strategy_RINSHeur=0;CPXPARAM_MIP_Strategy_StartAlgorithm=5;CPXPARAM_MIP_Strategy_SubAlgorithm=5;CPXPARAM_MIP_Strategy_VariableSelect=0;CPXPARAM_Network_NetFind=2;CPXPARAM_Network_Pricing=0;CPXPARAM_Parallel=1;CPXPARAM_Preprocessing_Aggregator=-1;CPXPARAM_Preprocessing_BoundStrength=-1;CPXPARAM_Preprocessing_CoeffReduce=-1;CPXPARAM_Preprocessing_Dependency=-1;CPXPARAM_Preprocessing_Dual=0;CPXPARAM_Preprocessing_Fill=10;CPXPARAM_Preprocessing_NumPass=-1;CPXPARAM_Preprocessing_Presolve=1;CPXPARAM_Preprocessing_QPMakePSD=1;CPXPARAM_Preprocessing_Reduce=3;CPXPARAM_Preprocessing_Relax=-1;CPXPARAM_Preprocessing_RepeatPresolve=-1;CPXPARAM_Preprocessing_Symmetry=3;CPXPARAM_Read_Scale=0;CPXPARAM_Sifting_Algorithm=0;CPXPARAM_Simplex_Crash=1;CPXPARAM_Simplex_DGradient=0;CPXPARAM_Simplex_Limits_Perturbation=0;CPXPARAM_Simplex_Limits_Singularity=10;CPXPARAM_Simplex_PGradient=0;CPXPARAM_Simplex_Pricing=0;CPXPARAM_Simplex_Refactor=0
14023808970227429172,0,CPXPARAM_Advance=1;CPXPARAM_Barrier_Algorithm=0;CPXPARAM_Barrier_ColNonzeros=0;CPXPARAM_Barrier_Crossover=0;CPXPARAM_Barrier_Limits_Corrections=-1;CPXPARAM_Barrier_Ordering=0;CPXPARAM_Barrier_StartAlg=3;CPXPARAM_Emphasis_MIP=5;CPXPARAM_Emphasis_Memory=0;CPXPARAM_Emphasis_Numerical=0;CPXPARAM_Feasopt_Mode=1;CPXPARAM_LPMethod=0;CPXPARAM_MIP_Cuts_Cliques=1;CPXPARAM_MIP_Cuts_Covers=0;CPXPARAM_MIP_Cuts_Disjunctive=3;CPXPARAM_MIP_Cuts_FlowCovers=1;CPXPARAM_MIP_Cuts_GUBCovers=0;CPXPARAM_MIP_Cuts_Gomory=1;CPXPARAM_MIP_Cuts_Implied=2;CPXPARAM_MIP_Cuts_MIRCut=0;CPXPARAM_MIP_Cuts_PathCut=-1;CPXPARAM_MIP_Limits_AggForCut=3;CPXPARAM_MIP_Limits_CutPasses=0;CPXPARAM_MIP_Limits_CutsFactor=-1;CPXPARAM_MIP_Limits_GomoryCand=150;CPXPARAM_MIP_Limits_GomoryPass=0;CPXPARAM_MIP_Limits_Nodes=9223372036800000000;CPXPARAM_MIP_Limits_ProbeTime=0;CPXPARAM_MIP_Limits_RepairTries=0;CPXPARAM_MIP_Limits_StrongCand=10;CPXPARAM_MIP_Limits_StrongIt=0;CPXPARAM_MIP_OrderType=0;CPXPARAM_MIP_Strategy_BBInterval=7;CPXPARAM_MIP_Strategy_Branch=1;CPXPARAM_MIP_Strategy_Dive=0;CPXPARAM_MIP_Strategy_File=1;CPXPARAM_MIP_Strategy_HeuristicFreq=0;CPXPARAM_MIP_Strategy_LBHeur=0;CPXPARAM_MIP_Strategy_NodeSelect=1;CPXPARAM_MIP_Strategy_Order=1;CPXPARAM_MIP_Strategy_PresolveNode=0;CPXPARAM_MIP_Strategy_Probe=3;CPXPARAM_MIP_Strategy_RINSHeur=0;CPXPARAM_MIP_Strategy_StartAlgorithm=1;CPXPARAM_MIP_Strategy_SubAlgorithm=4;CPXPARAM_MIP_Strategy_VariableSelect=0;CPXPARAM_Network_NetFind=2;CPXPARAM_Network_Pricing=0;CPXPARAM_Parallel=1;CPXPARAM_Preprocessing_Aggregator=-1;CPXPARAM_Preprocessing_BoundStrength=-1;CPXPARAM_Preprocessing_CoeffReduce=-1;CPXPARAM_Preprocessing_Dependency=-1;CPXPARAM_Preprocessing_Dual=0;CPXPARAM_Preprocessing_Fill=10;CPXPARAM_Preprocessing_NumPass=-1;CPXPARAM_Preprocessing_Presolve=1;CPXPARAM_Preprocessing_QPMakePSD=1;CPXPARAM_Preprocessing_Reduce=3;CPXPARAM_Preprocessing_Relax=-1;CPXPARAM_Preprocessing_RepeatPresolve=-1;CPXPARAM_Preprocessing_Symmetry=1;CPXPARAM_Read_Scale=0;CPXPARAM_Sifting_Algorithm=0;CPXPARAM_Simplex_Crash=0;CPXPARAM_Simplex_DGradient=0;CPXPARAM_Simplex_Limits_Perturbation=0;CPXPARAM_Simplex_Limits_Singularity=10;CPXPARAM_Simplex_PGradient=0;CPXPARAM_Simplex_Pricing=0;CPXPARAM_Simplex_Refactor=0
17751866206025772552,0,CPXPARAM_Advance=1;CPXPARAM_Barrier_Algorithm=0;CPXPARAM_Barrier_ColNonzeros=0;CPXPARAM_Barrier_Crossover=0;CPXPARAM_Barrier_Limits_Corrections=-1;CPXPARAM_Barrier_Ordering=0;CPXPARAM_Barrier_StartAlg=1;CPXPARAM_Emphasis_MIP=1;CPXPARAM_Emphasis_Memory=0;CPXPARAM_Emphasis_Numerical=0;CPXPARAM_Feasopt_Mode=0;CPXPARAM_LPMethod=0;CPXPARAM_MIP_Cuts_Cliques=2;CPXPARAM_MIP_Cuts_Covers=0;CPXPARAM_MIP_Cuts_Disjunctive=0;CPXPARAM_MIP_Cuts_FlowCovers=-1;CPXPARAM_MIP_Cuts_GUBCovers=2;CPXPARAM_MIP_Cuts_Gomory=2;CPXPARAM_MIP_Cuts_Implied=-1;CPXPARAM_MIP_Cuts_MIRCut=2;CPXPARAM_MIP_Cuts_PathCut=2;CPXPARAM_MIP_Limits_AggForCut=3;CPXPARAM_MIP_Limits_CutPasses=0;CPXPARAM_MIP_Limits_CutsFactor=-1;CPXPARAM_MIP_Limits_GomoryCand=150;CPXPARAM_MIP_Limits_GomoryPass=0;CPXPARAM_MIP_Limits_Nodes=9223372036800000000;CPXPARAM_MIP_Limits_ProbeTime=30;CPXPARAM_MIP_Limits_RepairTries=0;CPXPARAM_MIP_Limits_StrongCand=10;CPXPARAM_MIP_Limits_StrongIt=0;CPXPARAM_MIP_OrderType=0;CPXPARAM_MIP_Strategy_BBInterval=7;CPXPARAM_MIP_Strategy_Branch=0;CPXPARAM_MIP_Strategy_Dive=0;CPXPARAM_MIP_Strategy_File=1;CPXPARAM_MIP_Strategy_HeuristicFreq=0;CPXPARAM_MIP_Strategy_LBHeur=0;CPXPARAM_MIP_Strategy_NodeSelect=1;CPXPARAM_MIP_Strategy_Order=1;CPXPARAM_MIP_Strategy_PresolveNode=0;CPXPARAM_MIP_Strategy_Probe=0;CPXPARAM_MIP_Strategy_RINSHeur=0;CPXPARAM_MIP_Strategy_StartAlgorithm=2;CPXPARAM_MIP_Strategy_SubAlgorithm=5;CPXPARAM_MIP_Strategy_VariableSelect=0;CPXPARAM_Network_NetFind=2;CPXPARAM_Network_Pricing=0;CPXPARAM_Parallel=1;CPXPARAM_Preprocessing_Aggregator=-1;CPXPARAM_Preprocessing_BoundStrength=-1;CPXPARAM_Preprocessing_CoeffReduce=-1;CPXPARAM_Preprocessing_Dependency=-1;CPXPARAM_Preprocessing_Dual=0;CPXPARAM_Preprocessing_Fill=10;CPXPARAM_Preprocessing_NumPass=-1;CPXPARAM_Preprocessing_Presolve=1;CPXPARAM_Preprocessing_QPMakePSD=1;CPXPARAM_Preprocessing_Reduce=3;CPXPARAM_Preprocessing_Relax=-1;CPXPARAM_Preprocessing_RepeatPresolve=-1;CPXPARAM_Preprocessing_Symmetry=3;CPXPARAM_Read_Scale=0;CPXPARAM_Sifting_Algorithm=0;CPXPARAM_Simplex_Crash=1;CPXPARAM_Simplex_DGradient=0;CPXPARAM_Simplex_Limits_Perturbation=0;CPXPARAM_Simplex_Limits_Singularity=10;CPXPARAM_Simplex_PGradient=0;CPXPARAM_Simplex_Pricing=0;CPXPARAM_Simplex_Refactor=0
13737041051698531292,0,CPXPARAM_Advance=1;CPXPARAM_Barrier_Algorithm=0;CPXPARAM_Barrier_ColNonzeros=0;CPXPARAM_Barrier_Crossover=0;CPXPARAM_Barrier_Limits_Corrections=-1;CPXPARAM_Barrier_Ordering=0;CPXPARAM_Barrier_StartAlg=1;CPXPARAM_Emphasis_MIP=1;CPXPARAM_Emphasis_Memory=0;CPXPARAM_Emphasis_Numerical=0;CPXPARAM_Feasopt_Mode=0;CPXPARAM_LPMethod=0;CPXPARAM_MIP_Cuts_Cliques=2;CPXPARAM_MIP_Cuts_Covers=0;CPXPARAM_MIP_Cuts_Disjunctive=0;CPXPARAM_MIP_Cuts_FlowCovers=-1;CPXPARAM_MIP_Cuts_GUBCovers=0;CPXPARAM_MIP_Cuts_Gomory=2;CPXPARAM_MIP_Cuts_Implied=-1;CPXPARAM_MIP_Cuts_MIRCut=2;CPXPARAM_MIP_Cuts_PathCut=2;CPXPARAM_MIP_Limits_AggForCut=3;CPXPARAM_MIP_Limits_CutPasses=0;CPXPARAM_MIP_Limits_CutsFactor=-1;CPXPARAM_MIP_Limits_GomoryCand=150;CPXPARAM_MIP_Limits_GomoryPass=0;CPXPARAM_MIP_Limits_Nodes=9223372036800000000;CPXPARAM_MIP_Limits_ProbeTime=30;CPXPARAM_MIP_Limits_RepairTries=0;CPXPARAM_MIP_Limits_StrongCand=10;CPXPARAM_MIP_Limits_StrongIt=0;CPXPARAM_MIP_OrderType=0;CPXPARAM_MIP_Strategy_BBInterval=7;CPXPARAM_MIP_Strategy_Branch=0;CPXPARAM_MIP_Strategy_Dive=0;CPXPARAM_MIP_Strategy_File=1;CPXPARAM_MIP_Strategy_HeuristicFreq=0;CPXPARAM_MIP_Strategy_LBHeur=0;CPXPARAM_MIP_Strategy_NodeSelect=1;CPXPARAM_MIP_Strategy_Order=1;CPXPARAM_MIP_Strategy_PresolveNode=0;CPXPARAM_MIP_Strategy_Probe=0;CPXPARAM_MIP_Strategy_RINSHeur=0;CPXPARAM_MIP_Strategy_StartAlgorithm=1;CPXPARAM_MIP_Strategy_SubAlgorithm=5;CPXPARAM_MIP_Strategy_VariableSelect=0;CPXPARAM_Network_NetFind=2;CPXPARAM_Network_Pricing=0;CPXPARAM_Parallel=1;CPXPARAM_Preprocessing_Aggregator=-1;CPXPARAM_Preprocessing_BoundStrength=-1;CPXPARAM_Preprocessing_CoeffReduce=-1;CPXPARAM_Preprocessing_Dependency=-1;CPXPARAM_Preprocessing_Dual=0;CPXPARAM_Preprocessing_Fill=10;CPXPARAM_Preprocessing_NumPass=-1;CPXPARAM_Preprocessing_Presolve=1;CPXPARAM_Preprocessing_QPMakePSD=1;CPXPARAM_Preprocessing_Reduce=3;CPXPARAM_Preprocessing_Relax=-1;CPXPARAM_Preprocessing_RepeatPresolve=-1;CPXPARAM_Preprocessing_Symmetry=3;CPXPARAM_Read_Scale=0;CPXPARAM_Sifting_Algorithm=0;CPXPARAM_Simplex_Crash=1;CPXPARAM_Simplex_DGradient=0;CPXPARAM_Simplex_Limits_Perturbation=0;CPXPARAM_Simplex_Limits_Singularity=10;CPXPARAM_Simplex_PGradient=0;CPXPARAM_Simplex_Pricing=0;CPXPARAM_Simplex_Refactor=0
11315106660025224672,0,CPXPARAM_Advance=1;CPXPARAM_Barrier_Algorithm=0;CPXPARAM_Barrier_ColNonzeros=0;CPXPARAM_Barrier_Crossover=0;CPXPARAM_Barrier_Limits_Corrections=-1;CPXPARAM_Barrier_Ordering=0;CPXPARAM_Barrier_StartAlg=1;CPXPARAM_Emphasis_MIP=1;CPXPARAM_Emphasis_Memory=0;CPXPARAM_Emphasis_Numerical=0;CPXPARAM_Feasopt_Mode=0;CPXPARAM_LPMethod=0;CPXPARAM_MIP_Cuts_Cliques=0;CPXPARAM_MIP_Cuts_Covers=0;CPXPARAM_MIP_Cuts_Disjunctive=2;CPXPARAM_MIP_Cuts_FlowCovers=1;CPXPARAM_MIP_Cuts_GUBCovers=2;CPXPARAM_MIP_Cuts_Gomory=2;CPXPARAM_MIP_Cuts_Implied=1;CPXPARAM_MIP_Cuts_MIRCut=-1;CPXPARAM_MIP_Cuts_PathCut=2;CPXPARAM_MIP_Limits_AggForCut=3;CPXPARAM_MIP_Limits_CutPasses=0;CPXPARAM_MIP_Limits_CutsFactor=-1;CPXPARAM_MIP_Limits_GomoryCand=800;CPXPARAM_MIP_Limits_GomoryPass=0;CPXPARAM_MIP_Limits_Nodes=9223372036800000000;CPXPARAM_MIP_Limits_ProbeTime=0;CPXPARAM_MIP_Limits_RepairTries=0;CPXPARAM_MIP_Limits_StrongCand=10;CPXPARAM_MIP_Limits_StrongIt=0;CPXPARAM_MIP_OrderType=0;CPXPARAM_MIP_Strategy_BBInterval=7;CPXPARAM_MIP_Strategy_Branch=0;CPXPARAM_MIP_Strategy_Dive=0;CPXPARAM_MIP_Strategy_File=1;CPXPARAM_MIP_Strategy_HeuristicFreq=0;CPXPARAM_MIP_Strategy_LBHeur=1;CPXPARAM_MIP_Strategy_NodeSelect=1;CPXPARAM_MIP_Strategy_Order=1;CPXPARAM_MIP_Strategy_PresolveNode=0;CPXPARAM_MIP_Strategy_Probe=3;CPXPARAM_MIP_Strategy_RINSHeur=0;CPXPARAM_MIP_Strategy_StartAlgorithm=5;CPXPARAM_MIP_Strategy_SubAlgorithm=0;CPXPARAM_MIP_Strategy_VariableSelect=0;CPXPARAM_Network_NetFind=2;CPXPARAM_Network_Pricing=0;CPXPARAM_Parallel=1;CPXPARAM_Preprocessing_Aggregator=-1;CPXPARAM_Preprocessing_BoundStrength=-1;CPXPARAM_Preprocessing_CoeffReduce=-1;CPXPARAM_Preprocessing_Dependency=-1;CPXPARAM_Preprocessing_Dual=0;CPXPARAM_Preprocessing_Fill=10;CPXPARAM_Preprocessing_NumPass=-1;CPXPARAM_Preprocessing_Presolve=1;CPXPARAM_Preprocessing_QPMakePSD=1;CPXPARAM_Preprocessing_Reduce=3;CPXPARAM_Preprocessing_Relax=-1;CPXPARAM_Preprocessing_RepeatPresolve=-1;CPXPARAM_Preprocessing_Symmetry=4;CPXPARAM_Read_Scale=0;CPXPARAM_Sifting_Algorithm=0;CPXPARAM_Simplex_Crash=1;CPXPARAM_Simplex_DGradient=0;CPXPARAM_Simplex_Limits_Perturbation=0;CPXPARAM_Simplex_Limits_Singularity=10;CPXPARAM_Simplex_PGradient=0;CPXPARAM_Simplex_Pricing=0;CPXPARAM_Simplex_Refactor=0
16231760795603714502,0,CPXPARAM_Advance=1;CPXPARAM_Barrier_Algorithm=0;CPXPARAM_Barrier_ColNonzeros=0;CPXPARAM_Barrier_Crossover=0;CPXPARAM_Barrier_Limits_Corrections=-1;CPXPARAM_Barrier_Ordering=0;CPXPARAM_Barrier_StartAlg=1;CPXPARAM_Emphasis_MIP=1;CPXPARAM_Emphasis_Memory=0;CPXPARAM_Emphasis_Numerical=0;CPXPARAM_Feasopt_Mode=0;CPXPARAM_LPMethod=0;CPXPARAM_MIP_Cuts_Cliques=0;CPXPARAM_MIP_Cuts_Covers=0;CPXPARAM_MIP_Cuts_Disjunctive=2;CPXPARAM_MIP_Cuts_FlowCovers=1;CPXPARAM_MIP_Cuts_GUBCovers=2;CPXPARAM_MIP_Cuts_Gomory=2;CPXPARAM_MIP_Cuts_Implied=1;CPXPARAM_MIP_Cuts_MIRCut=-1;CPXPARAM_MIP_Cuts_PathCut=2;CPXPARAM_MIP_Limits_AggForCut=3;CPXPARAM_MIP_Limits_CutPasses=0;CPXPARAM_MIP_Limits_CutsFactor=-1;CPXPARAM_MIP_Limits_GomoryCand=800;CPXPARAM_MIP_Limits_GomoryPass=0;CPXPARAM_MIP_Limits_Nodes=9223372036800000000;CPXPARAM_MIP_Limits_ProbeTime=0;CPXPARAM_MIP_Limits_RepairTries=0;CPXPARAM_MIP_Limits_StrongCand=10;CPXPARAM_MIP_Limits_StrongIt=0;CPXPARAM_MIP_OrderType=0;CPXPARAM_MIP_Strategy_BBInterval=7;CPXPARAM_MIP_Strategy_Branch=0;CPXPARAM_MIP_Strategy_Dive=0;CPXPARAM_MIP_Strategy_File=1;CPXPARAM_MIP_Strategy_HeuristicFreq=-1;CPXPARAM_MIP_Strategy_LBHeur=0;CPXPARAM_MIP_Strategy_NodeSelect=1;CPXPARAM_MIP_Strategy_Order=1;CPXPARAM_MIP_Strategy_PresolveNode=0;CPXPARAM_MIP_Strategy_Probe=3;CPXPARAM_MIP_Strategy_RINSHeur=0;CPXPARAM_MIP_Strategy_StartAlgorithm=5;CPXPARAM_MIP_Strategy_SubAlgorithm=0;CPXPARAM_MIP_Strategy_VariableSelect=0;CPXPARAM_Network_NetFind=2;CPXPARAM_Network_Pricing=0;CPXPARAM_Parallel=1;CPXPARAM_Preprocessing_Aggregator=-1;CPXPARAM_Preprocessing_BoundStrength=-1;CPXPARAM_Preprocessing_CoeffReduce=-1;CPXPARAM_Preprocessing_Dependency=-1;CPXPARAM_Preprocessing_Dual=0;CPXPARAM_Preprocessing_Fill=10;CPXPARAM_Preprocessing_NumPass=-1;CPXPARAM_Preprocessing_Presolve=1;CPXPARAM_Preprocessing_QPMakePSD=1;CPXPARAM_Preprocessing_Reduce=3;CPXPARAM_Preprocessing_Relax=-1;CPXPARAM_Preprocessing_RepeatPresolve=-1;CPXPARAM_Preprocessing_Symmetry=4;CPXPARAM_Read_Scale=0;CPXPARAM_Sifting_Algorithm=0;CPXPARAM_Simplex_Crash=1;CPXPARAM_Simplex_DGradient=0;CPXPARAM_Simplex_Limits_Perturbation=0;CPXPARAM_Simplex_Limits_Singularity=10;CPXPARAM_Simplex_PGradient=0;CPXPARAM_Simplex_Pricing=0;CPXPARAM_Simplex_Refactor=0
12567623753663507054,0,CPXPARAM_Advance=1;CPXPARAM_Barrier_Algorithm=0;CPXPARAM_Barrier_ColNonzeros=0;CPXPARAM_Barrier_Crossover=0;CPXPARAM_Barrier_Limits_Corrections=-1;CPXPARAM_Barrier_Ordering=0;CPXPARAM_Barrier_StartAlg=1;CPXPARAM_Emphasis_MIP=1;CPXPARAM_Emphasis_Memory=0;CPXPARAM_Emphasis_Numerical=0;CPXPARAM_Feasopt_Mode=0;CPXPARAM_LPMethod=0;CPXPARAM_MIP_Cuts_Cliques=0;CPXPARAM_MIP_Cuts_Covers=0;CPXPARAM_MIP_Cuts_Disjunctive=2;CPXPARAM_MIP_Cuts_FlowCovers=1;CPXPARAM_MIP_Cuts_GUBCovers=2;CPXPARAM_MIP_Cuts_Gomory=2;CPXPARAM_MIP_Cuts_Implied=1;CPXPARAM_MIP_Cuts_MIRCut=-1;CPXPARAM_MIP_Cuts_PathCut=2;CPXPARAM_MIP_Limits_AggForCut=3;CPXPARAM_MIP_Limits_CutPasses=0;CPXPARAM_MIP_Limits_CutsFactor=-1;CPXPARAM_MIP_Limits_GomoryCand=800;CPXPARAM_MIP_Limits_GomoryPass=0;CPXPARAM_MIP_Limits_Nodes=9223372036800000000;CPXPARAM_MIP_Limits_ProbeTime=0;CPXPARAM_MIP_Limits_RepairTries=0;CPXPARAM_MIP_Limits_StrongCand=10;CPXPARAM_MIP_Limits_StrongIt=0;CPXPARAM_MIP_OrderType=0;CPXPARAM_MIP_Strategy_BBInterval=7;CPXPARAM_MIP_Strategy_Branch=0;CPXPARAM_MIP_Strategy_Dive=0;CPXPARAM_MIP_Strategy_File=1;CPXPARAM_MIP_Strategy_HeuristicFreq=20;CPXPARAM_MIP_Strategy_LBHeur=0;CPXPARAM_MIP_Strategy_NodeSelect=1;CPXPARAM_MIP_Strategy_Order=1;CPXPARAM_MIP_Strategy_PresolveNode=0;CPXPARAM_MIP_Strategy_Probe=3;CPXPARAM_MIP_Strategy_RINSHeur=0;CPXPARAM_MIP_Strategy_StartAlgorithm=5;CPXPARAM_MIP_Strategy_SubAlgorithm=0;CPXPARAM_MIP_Strategy_VariableSelect=0;CPXPARAM_Network_NetFind=2;CPXPARAM_Network_Pricing=0;CPXPARAM_Parallel=1;CPXPARAM_Preprocessing_Aggregator=-1;CPXPARAM_Preprocessing_BoundStrength=-1;CPXPARAM_Preprocessing_CoeffReduce=-1;CPXPARAM_Preprocessing_Dependency=-1;CPXPARAM_Preprocessing_Dual=0;CPXPARAM_Preprocessing_Fill=10;CPXPARAM_Preprocessing_NumPass=-1;CPXPARAM_Preprocessing_Presolve=1;CPXPARAM_Preprocessing_QPMakePSD=1;CPXPARAM_Preprocessing_Reduce=3;CPXPARAM_Preprocessing_Relax=-1;CPXPARAM_Preprocessing_RepeatPresolve=-1;CPXPARAM_Preprocessing_Symmetry=4;CPXPARAM_Read_Scale=0;CPXPARAM_Sifting_Algorithm=0;CPXPARAM_Simplex_Crash=1;CPXPARAM_Simplex_DGradient=0;CPXPARAM_Simplex_Limits_Perturbation=0;CPXPARAM_Simplex_Limits_Singularity=10;CPXPARAM_Simplex_PGradient=0;CPXPARAM_Simplex_Pricing=0;CPXPARAM_Simplex_Refactor=0
5197574257415252489,0,CPXPARAM_Advance=1;CPXPARAM_Barrier_Algorithm=0;CPXPARAM_Barrier_ColNonzeros=0;CPXPARAM_Barrier_Crossover=0;CPXPARAM_Barrier_Limits_Corrections=-1;CPXPARAM_Barrier_Ordering=0;CPXPARAM_Barrier_StartAlg=1;CPXPARAM_Emphasis_MIP=1;CPXPARAM_Emphasis_Memory=0;CPXPARAM_Emphasis_Numerical=0;CPXPARAM_Feasopt_Mode=0;CPXPARAM_LPMethod=0;CPXPARAM_MIP_Cuts_Cliques=0;CPXPARAM_MIP_Cuts_Covers=0;CPXPARAM_MIP_Cuts_Disjunctive=2;CPXPARAM_MIP_Cuts_FlowCovers=1;CPXPARAM_MIP_Cuts_GUBCovers=2;CPXPARAM_MIP_Cuts_Gomory=2;CPXPARAM_MIP_Cuts_Implied=1;CPXPARAM_MIP_Cuts_MIRCut=-1;CPXPARAM_MIP_Cuts_PathCut=2;CPXPARAM_MIP_Limits_AggForCut=3;CPXPARAM_MIP_Limits_CutPasses=0;CPXPARAM_MIP_Limits_CutsFactor=-1;CPXPARAM_MIP_Limits_GomoryCand=800;CPXPARAM_MIP_Limits_GomoryPass=0;CPXPARAM_MIP_Limits_Nodes=9223372036800000000;CPXPARAM_MIP_Limits_ProbeTime=0;CPXPARAM_MIP_Limits_RepairTries=0;CPXPARAM_MIP_Limits_StrongCand=10;CPXPARAM_MIP_Limits_StrongIt=0;CPXPARAM_MIP_OrderType=0;CPXPARAM_MIP_Strategy_BBInterval=7;CPXPARAM_MIP_Strategy_Branch=0;CPXPARAM_MIP_Strategy_Dive=0;CPXPARAM_MIP_Strategy_File=1;CPXPARAM_MIP_Strategy_HeuristicFreq=100;CPXPARAM_MIP_Strategy_LBHeur=0;CPXPARAM_MIP_Strategy_NodeSelect=1;CPXPARAM_MIP_Strategy_Order=1;CPXPARAM_MIP_Strategy_PresolveNode=0;CPXPARAM_MIP_Strategy_Probe=3;CPXPARAM_MIP_Strategy_RINSHeur=0;CPXPARAM_MIP_Strategy_StartAlgorithm=5;CPXPARAM_MIP_Strategy_SubAlgorithm=0;CPXPARAM_MIP_Strategy_VariableSelect=0;CPXPARAM_Network_NetFind=2;CPXPARAM_Network_Pricing=0;CPXPARAM_Parallel=1;CPXPARAM_Preprocessing_Aggregator=-1;CPXPARAM_Preprocessing_BoundStrength=-1;CPXPARAM_Preprocessing_CoeffReduce=-1;CPXPARAM_Preprocessing_Dependency=-1;CPXPARAM_Preprocessing_Dual=0;CPXPARAM_Preprocessing_Fill=10;CPXPARAM_Preprocessing_NumPass=-1;CPXPARAM_Preprocessing_Presolve=1;CPXPARAM_Preprocessing_QPMakePSD=1;CPXPARAM_Preprocessing_Reduce=3;CPXPARAM_Preprocessing_Relax=-1;CPXPARAM_Preprocessing_RepeatPresolve=-1;CPXPARAM_Preprocessing_Symmetry=4;CPXPARAM_Read_Scale=0;CPXPARAM_Sifting_Algorithm=0;CPXPARAM_Simplex_Crash=1;CPXPARAM_Simplex_DGradient=0;CPXPARAM_Simplex_Limits_Perturbation=0;CPXPARAM_Simplex_Limits_Singularity=10;CPXPARAM_Simplex_PGradient=0;CPXPARAM_Simplex_Pricing=0;CPXPARAM_Simplex_Refactor=0
2512597212642605887,0,CPXPARAM_Advance=1;CPXPARAM_Barrier_Algorithm=0;CPXPARAM_Barrier_ColNonzeros=0;CPXPARAM_Barrier_Crossover=0;CPXPARAM_Barrier_Limits_Corrections=-1;CPXPARAM_Barrier_Ordering=0;CPXPARAM_Barrier_StartAlg=2;CPXPARAM_Emphasis_MIP=1;CPXPARAM_Emphasis_Memory=0;CPXPARAM_Emphasis_Numerical=0;CPXPARAM_Feasopt_Mode=0;CPXPARAM_LPMethod=0;CPXPARAM_MIP_Cuts_Cliques=0;CPXPARAM_MIP_Cuts_Covers=0;CPXPARAM_MIP_Cuts_Disjunctive=2;CPXPARAM_MIP_Cuts_FlowCovers=1;CPXPARAM_MIP_Cuts_GUBCovers=2;CPXPARAM_MIP_Cuts_Gomory=2;CPXPARAM_MIP_Cuts_Implied=1;CPXPARAM_MIP_Cuts_MIRCut=-1;CPXPARAM_MIP_Cuts_PathCut=2;CPXPARAM_MIP_Limits_AggForCut=3;CPXPARAM_MIP_Limits_CutPasses=0;CPXPARAM_MIP_Limits_CutsFactor=-1;CPXPARAM_MIP_Limits_GomoryCand=800;CPXPARAM_MIP_Limits_GomoryPass=0;CPXPARAM_MIP_Limits_Nodes=9223372036800000000;CPXPARAM_MIP_Limits_ProbeTime=0;CPXPARAM_MIP_Limits_RepairTries=0;CPXPARAM_MIP_Limits_StrongCand=10;CPXPARAM_MIP_Limits_StrongIt=0;CPXPARAM_MIP_OrderType=0;CPXPARAM_MIP_Strategy_BBInterval=7;CPXPARAM_MIP_Strategy_Branch=0;CPXPARAM_MIP_Strategy_Dive=0;CPXPARAM_MIP_Strategy_File=1;CPXPARAM_MIP_Strategy_HeuristicFreq=0;CPXPARAM_MIP_Strategy_LBHeur=0;CPXPARAM_MIP_Strategy_NodeSelect=1;CPXPARAM_MIP_Strategy_Order=1;CPXPARAM_MIP_Strategy_PresolveNode=0;CPXPARAM_MIP_Strategy_Probe=3;CPXPARAM_MIP_Strategy_RINSHeur=0;CPXPARAM_MIP_Strategy_StartAlgorithm=5;CPXPARAM_MIP_Strategy_SubAlgorithm=0;CPXPARAM_MIP_Strategy_VariableSelect=0;CPXPARAM_Network_NetFind=2;CPXPARAM_Network_Pricing=0;CPXPARAM_Parallel=1;CPXPARAM_Preprocessing_Aggregator=-1;CPXPARAM_Preprocessing_BoundStrength=-1;CPXPARAM_Preprocessing_CoeffReduce=-1;CPXPARAM_Preprocessing_Dependency=-1;CPXPARAM_Preprocessing_Dual=0;CPXPARAM_Preprocessing_Fill=10;CPXPARAM_Preprocessing_NumPass=-1;CPXPARAM_Preprocessing_Presolve=1;CPXPARAM_Preprocessing_QPMakePSD=1;CPXPARAM_Preprocessing_Reduce=3;CPXPARAM_Preprocessing_Relax=-1;CPXPARAM_Preprocessing_RepeatPresolve=-1;CPXPARAM_Preprocessing_Symmetry=4;CPXPARAM_Read_Scale=-1;CPXPARAM_Sifting_Algorithm=0;CPXPARAM_Simplex_Crash=1;CPXPARAM_Simplex_DGradient=2;CPXPARAM_Simplex_Limits_Perturbation=0;CPXPARAM_Simplex_Limits_Singularity=10;CPXPARAM_Simplex_PGradient=0;CPXPARAM_Simplex_Pricing=0;CPXPARAM_Simplex_Refactor=0
3322367965432260915,0,CPXPARAM_Advance=1;CPXPARAM_Barrier_Algorithm=0;CPXPARAM_Barrier_ColNonzeros=0;CPXPARAM_Barrier_Crossover=0;CPXPARAM_Barrier_Limits_Corrections=-1;CPXPARAM_Barrier_Ordering=0;CPXPARAM_Barrier_StartAlg=1;CPXPARAM_Emphasis_MIP=1;CPXPARAM_Emphasis_Memory=0;CPXPARAM_Emphasis_Numerical=0;CPXPARAM_Feasopt_Mode=0;CPXPARAM_LPMethod=0;CPXPARAM_MIP_Cuts_Cliques=0;CPXPARAM_MIP_Cuts_Covers=0;CPXPARAM_MIP_Cuts_Disjunctive=2;CPXPARAM_MIP_Cuts_FlowCovers=1;CPXPARAM_MIP_Cuts_GUBCovers=2;CPXPARAM_MIP_Cuts_Gomory=2;CPXPARAM_MIP_Cuts_Implied=1;CPXPARAM_MIP_Cuts_MIRCut=-1;CPXPARAM_MIP_Cuts_PathCut=2;CPXPARAM_MIP_Limits_AggForCut=3;CPXPARAM_MIP_Limits_CutPasses=0;CPXPARAM_MIP_Limits_CutsFactor=-1;CPXPARAM_MIP_Limits_GomoryCand=800;CPXPARAM_MIP_Limits_GomoryPass=0;CPXPARAM_MIP_Limits_Nodes=9223372036800000000;CPXPARAM_MIP_Limits_ProbeTime=1e+75;CPXPARAM_MIP_Limits_RepairTries=0;CPXPARAM_MIP_Limits_StrongCand=10;CPXPARAM_MIP_Limits_StrongIt=0;CPXPARAM_MIP_OrderType=0;CPXPARAM_MIP_Strategy_BBInterval=15;CPXPARAM_MIP_Strategy_Branch=0;CPXPARAM_MIP_Strategy_Dive=0;CPXPARAM_MIP_Strategy_File=1;CPXPARAM_MIP_Strategy_HeuristicFreq=0;CPXPARAM_MIP_Strategy_LBHeur=0;CPXPARAM_MIP_Strategy_NodeSelect=1;CPXPARAM_MIP_Strategy_Order=1;CPXPARAM_MIP_Strategy_PresolveNode=0;CPXPARAM_MIP_Strategy_Probe=3;CPXPARAM_MIP_Strategy_RINSHeur=0;CPXPARAM_MIP_Strategy_StartAlgorithm=0;CPXPARAM_MIP_Strategy_SubAlgorithm=0;CPXPARAM_MIP_Strategy_VariableSelect=0;CPXPARAM_Network_NetFind=2;CPXPARAM_Network_Pricing=0;CPXPARAM_Parallel=1;CPXPARAM_Preprocessing_Aggregator=-1;CPXPARAM_Preprocessing_BoundStrength=-1;CPXPARAM_Preprocessing_CoeffReduce=-1;CPXPARAM_Preprocessing_Dependency=-1;CPXPARAM_Preprocessing_Dual=0;CPXPARAM_Preprocessing_Fill=10;CPXPARAM_Preprocessing_NumPass=-1;CPXPARAM_Preprocessing_Presolve=1;CPXPARAM_Preprocessing_QPMakePSD=1;CPXPARAM_Preprocessing_Reduce=3;CPXPARAM_Preprocessing_Relax=-1;CPXPARAM_Preprocessing_RepeatPresolve=-1;CPXPARAM_Preprocessing_Symmetry=-1;CPXPARAM_Read_Scale=0;CPXPARAM_Sifting_Algorithm=0;CPXPARAM_Simplex_Crash=1;CPXPARAM_Simplex_DGradient=0;CPXPARAM_Simplex_Limits_Perturbation=0;CPXPARAM_Simplex_Limits_Singularity=10;CPXPARAM_Simplex_PGradient=0;CPXPARAM_Simplex_Pricing=0;CPXPARAM_Simplex_Refactor=0
2086138192683215335,0,CPXPARAM_Advance=1;CPXPARAM_Barrier_Algorithm=0;CPXPARAM_Barrier_ColNonzeros=0;CPXPARAM_Barrier_Crossover=0;CPXPARAM_Barrier_Limits_Corrections=-1;CPXPARAM_Barrier_Ordering=0;CPXPARAM_Barrier_StartAlg=1;CPXPARAM_Emphasis_MIP=1;CPXPARAM_Emphasis_Memory=0;CPXPARAM_Emphasis_Numerical=0;CPXPARAM_Feasopt_Mode=0;CPXPARAM_LPMethod=0;CPXPARAM_MIP_Cuts_Cliques=0;CPXPARAM_MIP_Cuts_Covers=0;CPXPARAM_MIP_Cuts_Disjunctive=2;CPXPARAM_MIP_Cuts_FlowCovers=1;CPXPARAM_MIP_Cuts_GUBCovers=2;CPXPARAM_MIP_Cuts_Gomory=2;CPXPARAM_MIP_Cuts_Implied=1;CPXPARAM_MIP_Cuts_MIRCut=-1;CPXPARAM_MIP_Cuts_PathCut=2;CPXPARAM_MIP_Limits_AggForCut=3;CPXPARAM_MIP_Limits_CutPasses=0;CPXPARAM_MIP_Limits_CutsFactor=-1;CPXPARAM_MIP_Limits_GomoryCand=800;CPXPARAM_MIP_Limits_GomoryPass=0;CPXPARAM_MIP_Limits_Nodes=9223372036800000000;CPXPARAM_MIP_Limits_ProbeTime=10;CPXPARAM_MIP_Limits_RepairTries=0;CPXPARAM_MIP_Limits_StrongCand=10;CPXPARAM_MIP_Limits_StrongIt=0;CPXPARAM_MIP_OrderType=0;CPXPARAM_MIP_Strategy_BBInterval=7;CPXPARAM_MIP_Strategy_Branch=0;CPXPARAM_MIP_Strategy_Dive=0;CPXPARAM_MIP_Strategy_File=1;CPXPARAM_MIP_Strategy_HeuristicFreq=0;CPXPARAM_MIP_Strategy_LBHeur=0;CPXPARAM_MIP_Strategy_NodeSelect=1;CPXPARAM_MIP_Strategy_Order=1;CPXPARAM_MIP_Strategy_PresolveNode=0;CPXPARAM_MIP_Strategy_Probe=3;CPXPARAM_MIP_Strategy_RINSHeur=0;CPXPARAM_MIP_Strategy_StartAlgorithm=0;CPXPARAM_MIP_Strategy_SubAlgorithm=0;CPXPARAM_MIP_Strategy_VariableSelect=0;CPXPARAM_Network_NetFind=2;CPXPARAM_Network_Pricing=0;CPXPARAM_Parallel=1;CPXPARAM_Preprocessing_Aggregator=-1;CPXPARAM_Preprocessing_BoundStrength=-1;CPXPARAM_Preprocessing_CoeffReduce=-1;CPXPARAM_Preprocessing_Dependency=-1;CPXPARAM_Preprocessing_Dual=0;CPXPARAM_Preprocessing_Fill=10;CPXPARAM_Preprocessing_NumPass=-1;CPXPARAM_Preprocessing_Presolve=1;CPXPARAM_Preprocessing_QPMakePSD=1;CPXPARAM_Preprocessing_Reduce=3;CPXPARAM_Preprocessing_Relax=-1;CPXPARAM_Preprocessing_RepeatPresolve=-1;CPXPARAM_Preprocessing_Symmetry=-1;CPXPARAM_Read_Scale=0;CPXPARAM_Sifting_Algorithm=0;CPXPARAM_Simplex_Crash=1;CPXPARAM_Simplex_DGradient=0;CPXPARAM_Simplex_Limits_Perturbation=0;CPXPARAM_Simplex_Limits_Singularity=10;CPXPARAM_Simplex_PGradient=0;CPXPARAM_Simplex_Pricing=0;CPXPARAM_Simplex_Refactor=0
11859308742348532194,0,CPXPARAM_Advance=1;CPXPARAM_Barrier_Algorithm=0;CPXPARAM_Barrier_ColNonzeros=0;CPXPARAM_Barrier_Crossover=0;CPXPARAM_Barrier_Limits_Corrections=-1;CPXPARAM_Barrier_Ordering=0;CPXPARAM_Barrier_StartAlg=1;CPXPARAM_Emphasis_MIP=1;CPXPARAM_Emphasis_Memory=0;CPXPARAM_Emphasis_Numerical=0;CPXPARAM_Feasopt_Mode=0;CPXPARAM_LPMethod=0;CPXPARAM_MIP_Cuts_Cliques=0;CPXPARAM_MIP_Cuts_Covers=0;CPXPARAM_MIP_Cuts_Disjunctive=2;CPXPARAM_MIP_Cuts_FlowCovers=1;CPXPARAM_MIP_Cuts_GUBCovers=2;CPXPARAM_MIP_Cuts_Gomory=2;CPXPARAM_MIP_Cuts_Implied=1;CPXPARAM_MIP_Cuts_MIRCut=-1;CPXPARAM_MIP_Cuts_PathCut=2;CPXPARAM_MIP_Limits_AggForCut=3;CPXPARAM_MIP_Limits_CutPasses=0;CPXPARAM_MIP_Limits_CutsFactor=-1;CPXPARAM_MIP_Limits_GomoryCand=800;CPXPARAM_MIP_Limits_GomoryPass=0;CPXPARAM_MIP_Limits_Nodes=9223372036800000000;CPXPARAM_MIP_Limits_ProbeTime=0;CPXPARAM_MIP_Limits_RepairTries=0;CPXPARAM_MIP_Limits_StrongCand=10;CPXPARAM_MIP_Limits_StrongIt=0;CPXPARAM_MIP_OrderType=0;CPXPARAM_MIP_Strategy_BBInterval=7;CPXPARAM_MIP_Strategy_Branch=0;CPXPARAM_MIP_Strategy_Dive=0;CPXPARAM_MIP_Strategy_File=1;CPXPARAM_MIP_Strategy_HeuristicFreq=500;CPXPARAM_MIP_Strategy_LBHeur=0;CPXPARAM_MIP_Strategy_NodeSelect=1;CPXPARAM_MIP_Strategy_Order=1;CPXPARAM_MIP_Strategy_PresolveNode=0;CPXPARAM_MIP_Strategy_Probe=3;CPXPARAM_MIP_Strategy_RINSHeur=0;CPXPARAM_MIP_Strategy_StartAlgorithm=5;CPXPARAM_MIP_Strategy_SubAlgorithm=0;CPXPARAM_MIP_Strategy_VariableSelect=0;CPXPARAM_Network_NetFind=2;CPXPARAM_Network_Pricing=0;CPXPARAM_Parallel=1;CPXPARAM_Preprocessing_Aggregator=-1;CPXPARAM_Preprocessing_BoundStrength=-1;CPXPARAM_Preprocessing_CoeffReduce=-1;CPXPARAM_Preprocessing_Dependency=-1;CPXPARAM_Preprocessing_Dual=0;CPXPARAM_Preprocessing_Fill=10;CPXPARAM_Preprocessing_NumPass=-1;CPXPARAM_Preprocessing_Presolve=1;CPXPARAM_Preprocessing_QPMakePSD=1;CPXPARAM_Preprocessing_Reduce=3;CPXPARAM_Preprocessing_Relax=-1;CPXPARAM_Preprocessing_RepeatPresolve=-1;CPXPARAM_Preprocessing_Symmetry=4;CPXPARAM_Read_Scale=0;CPXPARAM_Sifting_Algorithm=0;CPXPARAM_Simplex_Crash=1;CPXPARAM_Simplex_DGradient=0;CPXPARAM_Simplex_Limits_Perturbation=0;CPXPARAM_Simplex_Limits_Singularity=10;CPXPARAM_Simplex_PGradient=0;CPXPARAM_Simplex_Pricing=0;CPXPARAM_Simplex_Refactor=0
5515447343943625759,0,CPXPARAM_Advance=1;CPXPARAM_Barrier_Algorithm=0;CPXPARAM_Barrier_ColNonzeros=0;CPXPARAM_Barrier_Crossover=0;CPXPARAM_Barrier_Limits_Corrections=-1;CPXPARAM_Barrier_Ordering=0;CPXPARAM_Barrier_StartAlg=1;CPXPARAM_Emphasis_MIP=1;CPXPARAM_Emphasis_Memory=0;CPXPARAM_Emphasis_Numerical=0;CPXPARAM_Feasopt_Mode=0;CPXPARAM_LPMethod=0;CPXPARAM_MIP_Cuts_Cliques=0;CPXPARAM_MIP_Cuts_Covers=0;CPXPARAM_MIP_Cuts_Disjunctive=2;CPXPARAM_MIP_Cuts_FlowCovers=1;CPXPARAM_MIP_Cuts_GUBCovers=2;CPXPARAM_MIP_Cuts_Gomory=2;CPXPARAM_MIP_Cuts_Implied=1;CPXPARAM_MIP_Cuts_MIRCut=-1;CPXPARAM_MIP_Cuts_PathCut=2;CPXPARAM_MIP_Limits_AggForCut=3;CPXPARAM_MIP_Limits_CutPasses=0;CPXPARAM_MIP_Limits_CutsFactor=-1;CPXPARAM_MIP_Limits_GomoryCand=800;CPXPARAM_MIP_Limits_GomoryPass=0;CPXPARAM_MIP_Limits_Nodes=9223372036800000000;CPXPARAM_MIP_Limits_ProbeTime=0;CPXPARAM_MIP_Limits_RepairTries=0;CPXPARAM_MIP_Limits_StrongCand=10;CPXPARAM_MIP_Limits_StrongIt=0;CPXPARAM_MIP_OrderType=0;CPXPARAM_MIP_Strategy_BBInterval=7;CPXPARAM_MIP_Strategy_Branch=0;CPXPARAM_MIP_Strategy_Dive=0;CPXPARAM_MIP_Strategy_File=1;CPXPARAM_MIP_Strategy_HeuristicFreq=0;CPXPARAM_MIP_Strategy_LBHeur=0;CPXPARAM_MIP_Strategy_NodeSelect=1;CPXPARAM_MIP_Strategy_Order=1;CPXPARAM_MIP_Strategy_PresolveNode=0;CPXPARAM_MIP_Strategy_Probe=3;CPXPARAM_MIP_Strategy_RINSHeur=0;CPXPARAM_MIP_Strategy_StartAlgorithm=5;CPXPARAM_MIP_Strategy_SubAlgorithm=0;CPXPARAM_MIP_Strategy_VariableSelect=0;CPXPARAM_Network_NetFind=2;CPXPARAM_Network_Pricing=0;CPXPARAM_Parallel=1;CPXPARAM_Preprocessing_Aggregator=-1;CPXPARAM_Preprocessing_BoundStrength=-1;CPXPARAM_Preprocessing_CoeffReduce=-1;CPXPARAM_Preprocessing_Dependency=-1;CPXPARAM_Preprocessing_Dual=0;CPXPARAM_Preprocessing_Fill=10;CPXPARAM_Preprocessing_NumPass=-1;CPXPARAM_Preprocessing_Presolve=1;CPXPARAM_Preprocessing_QPMakePSD=1;CPXPARAM_Preprocessing_Reduce=3;CPXPARAM_Preprocessing_Relax=-1;CPXPARAM_Preprocessing_RepeatPresolve=-1;CPXPARAM_Preprocessing_Symmetry=4;CPXPARAM_Read_Scale=0;CPXPARAM_Sifting_Algorithm=0;CPXPARAM_Simplex_Crash=1;CPXPARAM_Simplex_DGradient=2;CPXPARAM_Simplex_Limits_Perturbation=0;CPXPARAM_Simplex_Limits_Singularity=10;CPXPARAM_Simplex_PGradient=0;CPXPARAM_Simplex_Pricing=0;CPXPARAM_Simplex_Refactor=0
14967535087761372766,0,CPXPARAM_Advance=1;CPXPARAM_Barrier_Algorithm=0;CPXPARAM_Barrier_ColNonzeros=0;CPXPARAM_Barrier_Crossover=0;CPXPARAM_Barrier_Limits_Corrections=-1;CPXPARAM_Barrier_Ordering=0;CPXPARAM_Barrier_StartAlg=2;CPXPARAM_Emphasis_MIP=1;CPXPARAM_Emphasis_Memory=0;CPXPARAM_Emphasis_Numerical=0;CPXPARAM_Feasopt_Mode=0;CPXPARAM_LPMethod=0;CPXPARAM_MIP_Cuts_Cliques=0;CPXPARAM_MIP_Cuts_Covers=0;CPXPARAM_MIP_Cuts_Disjunctive=2;CPXPARAM_MIP_Cuts_FlowCovers=1;CPXPARAM_MIP_Cuts_GUBCovers=2;CPXPARAM_MIP_Cuts_Gomory=2;CPXPARAM_MIP_Cuts_Implied=1;CPXPARAM_MIP_Cuts_MIRCut=-1;CPXPARAM_MIP_Cuts_PathCut=2;CPXPARAM_MIP_Limits_AggForCut=3;CPXPARAM_MIP_Limits_CutPasses=0;CPXPARAM_MIP_Limits_CutsFactor=-1;CPXPARAM_MIP_Limits_GomoryCand=800;CPXPARAM_MIP_Limits_GomoryPass=0;CPXPARAM_MIP_Limits_Nodes=9223372036800000000;CPXPARAM_MIP_Limits_ProbeTime=0;CPXPARAM_MIP_Limits_RepairTries=0;CPXPARAM_MIP_Limits_StrongCand=10;CPXPARAM_MIP_Limits_StrongIt=0;CPXPARAM_MIP_OrderType=0;CPXPARAM_MIP_Strategy_BBInterval=7;CPXPARAM_MIP_Strategy_Branch=0;CPXPARAM_MIP_Strategy_Dive=0;CPXPARAM_MIP_Strategy_File=1;CPXPARAM_MIP_Strategy_HeuristicFreq=0;CPXPARAM_MIP_Strategy_LBHeur=0;CPXPARAM_MIP_Strategy_NodeSelect=1;CPXPARAM_MIP_Strategy_Order=1;CPXPARAM_MIP_Strategy_PresolveNode=0;CPXPARAM_MIP_Strategy_Probe=3;CPXPARAM_MIP_Strategy_RINSHeur=0;CPXPARAM_MIP_Strategy_StartAlgorithm=5;CPXPARAM_MIP_Strategy_SubAlgorithm=0;CPXPARAM_MIP_Strategy_VariableSelect=0;CPXPARAM_Network_NetFind=2;CPXPARAM_Network_Pricing=0;CPXPARAM_Parallel=1;CPXPARAM_Preprocessing_Aggregator=-1;CPXPARAM_Preprocessing_BoundStrength=-1;CPXPARAM_Preprocessing_CoeffReduce=-1;CPXPARAM_Preprocessing_Dependency=2;CPXPARAM_Preprocessing_Dual=0;CPXPARAM_Preprocessing_Fill=10;CPXPARAM_Preprocessing_NumPass=-1;CPXPARAM_Preprocessing_Presolve=1;CPXPARAM_Preprocessing_QPMakePSD=1;CPXPARAM_Preprocessing_Reduce=3;CPXPARAM_Preprocessing_Relax=-1;CPXPARAM_Preprocessing_RepeatPresolve=-1;CPXPARAM_Preprocessing_Symmetry=4;CPXPARAM_Read_Scale=0;CPXPARAM_Sifting_Algorithm=0;CPXPARAM_Simplex_Crash=1;CPXPARAM_Simplex_DGradient=2;CPXPARAM_Simplex_Limits_Perturbation=0;CPXPARAM_Simplex_Limits_Singularity=10;CPXPARAM_Simplex_PGradient=0;CPXPARAM_Simplex_Pricing=0;CPXPARAM_Simplex_Refactor=0
844706301316953147,0,CPXPARAM_Advance=1;CPXPARAM_Barrier_Algorithm=0;CPXPARAM_Barrier_ColNonzeros=0;CPXPARAM_Barrier_Crossover=0;CPXPARAM_Barrier_Limits_Corrections=-1;CPXPARAM_Barrier_Ordering=0;CPXPARAM_Barrier_StartAlg=1;CPXPARAM_Emphasis_MIP=0;CPXPARAM_Emphasis_Memory=0;CPXPARAM_Emphasis_Numerical=0;CPXPARAM_Feasopt_Mode=0;CPXPARAM_LPMethod=0;CPXPARAM_MIP_Cuts_Cliques=0;CPXPARAM_MIP_Cuts_Covers=0;CPXPARAM_MIP_Cuts_Disjunctive=0;CPXPARAM_MIP_Cuts_FlowCovers=1;CPXPARAM_MIP_Cuts_GUBCovers=0;CPXPARAM_MIP_Cuts_Gomory=0;CPXPARAM_MIP_Cuts_Implied=0;CPXPARAM_MIP_Cuts_MIRCut=0;CPXPARAM_MIP_Cuts_PathCut=0;CPXPARAM_MIP_Limits_AggForCut=3;CPXPARAM_MIP_Limits_CutPasses=0;CPXPARAM_MIP_Limits_CutsFactor=-1;CPXPARAM_MIP_Limits_GomoryCand=200;CPXPARAM_MIP_Limits_GomoryPass=0;CPXPARAM_MIP_Limits_Nodes=9223372036800000000;CPXPARAM_MIP_Limits_ProbeTime=1e+75;CPXPARAM_MIP_Limits_RepairTries=0;CPXPARAM_MIP_Limits_StrongCand=10;CPXPARAM_MIP_Limits_StrongIt=0;CPXPARAM_MIP_OrderType=0;CPXPARAM_MIP_Strategy_BBInterval=7;CPXPARAM_MIP_Strategy_Branch=0;CPXPARAM_MIP_Strategy_Dive=0;CPXPARAM_MIP_Strategy_File=1;CPXPARAM_MIP_Strategy_HeuristicFreq=0;CPXPARAM_MIP_Strategy_LBHeur=0;CPXPARAM_MIP_Strategy_NodeSelect=1;CPXPARAM_MIP_Strategy_Order=1;CPXPARAM_MIP_Strategy_PresolveNode=0;CPXPARAM_MIP_Strategy_Probe=0;CPXPARAM_MIP_Strategy_RINSHeur=0;CPXPARAM_MIP_Strategy_StartAlgorithm=0;CPXPARAM_MIP_Strategy_SubAlgorithm=0;CPXPARAM_MIP_Strategy_VariableSelect=0;CPXPARAM_Network_NetFind=2;CPXPARAM_Network_Pricing=0;CPXPARAM_Parallel=1;CPXPARAM_Preprocessing_Aggregator=-1;CPXPARAM_Preprocessing_BoundStrength=-1;CPXPARAM_Preprocessing_CoeffReduce=-1;CPXPARAM_Preprocessing_Dependency=-1;CPXPARAM_Preprocessing_Dual=0;CPXPARAM_Preprocessing_Fill=10;CPXPARAM_Preprocessing_NumPass=-1;CPXPARAM_Preprocessing_Presolve=1;CPXPARAM_Preprocessing_QPMakePSD=1;CPXPARAM_Preprocessing_Reduce=3;CPXPARAM_Preprocessing_Relax=-1;CPXPARAM_Preprocessing_RepeatPresolve=-1;CPXPARAM_Preprocessing_Symmetry=-1;CPXPARAM_Read_Scale=0;CPXPARAM_Sifting_Algorithm=0;CPXPARAM_Simplex_Crash=1;CPXPARAM_Simplex_DGradient=0;CPXPARAM_Simplex_Limits_Perturbation=0;CPXPARAM_Simplex_Limits_Singularity=10;CPXPARAM_Simplex_PGradient=0;CPXPARAM_Simplex_Pricing=0;CPXPARAM_Simplex_Refactor=0
6542239544759661367,0,CPXPARAM_Advance=1;CPXPARAM_Barrier_Algorithm=0;CPXPARAM_Barrier_ColNonzeros=0;CPXPARAM_Barrier_Crossover=0;CPXPARAM_Barrier_Limits_Corrections=-1;CPXPARAM_Barrier_Ordering=0;CPXPARAM_Barrier_StartAlg=1;CPXPARAM_Emphasis_MIP=1;CPXPARAM_Emphasis_Memory=0;CPXPARAM_Emphasis_Numerical=0;CPXPARAM_Feasopt_Mode=0;CPXPARAM_LPMethod=0;CPXPARAM_MIP_Cuts_Cliques=0;CPXPARAM_MIP_Cuts_Covers=0;CPXPARAM_MIP_Cuts_Disjunctive=2;CPXPARAM_MIP_Cuts_FlowCovers=1;CPXPARAM_MIP_Cuts_GUBCovers=2;CPXPARAM_MIP_Cuts_Gomory=2;CPXPARAM_MIP_Cuts_Implied=1;CPXPARAM_MIP_Cuts_MIRCut=-1;CPXPARAM_MIP_Cuts_PathCut=2;CPXPARAM_MIP_Limits_AggForCut=3;CPXPARAM_MIP_Limits_CutPasses=0;CPXPARAM_MIP_Limits_CutsFactor=-1;CPXPARAM_MIP_Limits_GomoryCand=800;CPXPARAM_MIP_Limits_GomoryPass=0;CPXPARAM_MIP_Limits_Nodes=9223372036800000000;CPXPARAM_MIP_Limits_ProbeTime=0;CPXPARAM_MIP_Limits_RepairTries=0;CPXPARAM_MIP_Limits_StrongCand=10;CPXPARAM_MIP_Limits_StrongIt=0;CPXPARAM_MIP_OrderType=0;CPXPARAM_MIP_Strategy_BBInterval=7;CPXPARAM_MIP_Strategy_Branch=0;CPXPARAM_MIP_Strategy_Dive=0;CPXPARAM_MIP_Strategy_File=1;CPXPARAM_MIP_Strategy_HeuristicFreq=0;CPXPARAM_MIP_Strategy_LBHeur=0;CPXPARAM_MIP_Strategy_NodeSelect=1;CPXPARAM_MIP_Strategy_Order=1;CPXPARAM_MIP_Strategy_PresolveNode=0;CPXPARAM_MIP_Strategy_Probe=3;CPXPARAM_MIP_Strategy_RINSHeur=0;CPXPARAM_MIP_Strategy_StartAlgorithm=5;CPXPARAM_MIP_Strategy_SubAlgorithm=0;CPXPARAM_MIP_Strategy_VariableSelect=0;CPXPARAM_Network_NetFind=2;CPXPARAM_Network_Pricing=0;CPXPARAM_Parallel=1;CPXPARAM_Preprocessing_Aggregator=-1;CPXPARAM_Preprocessing_BoundStrength=-1;CPXPARAM_Preprocessing_CoeffReduce=-1;CPXPARAM_Preprocessing_Dependency=-1;CPXPARAM_Preprocessing_Dual=0;CPXPARAM_Preprocessing_Fill=10;CPXPARAM_Preprocessing_NumPass=-1;CPXPARAM_Preprocessing_Presolve=1;CPXPARAM_Preprocessing_QPMakePSD=1;CPXPARAM_Preprocessing_Reduce=3;CPXPARAM_Preprocessing_Relax=-1;CPXPARAM_Preprocessing_RepeatPresolve=-1;CPXPARAM_Preprocessing_Symmetry=4;CPXPARAM_Read_Scale=0;CPXPARAM_Sifting_Algorithm=0;CPXPARAM_Simplex_Crash=1;CPXPARAM_Simplex_DGradient=4;CPXPARAM_Simplex_Limits_Perturbation=0;CPXPARAM_Simplex_Limits_Singularity=10;CPXPARAM_Simplex_PGradient=0;CPXPARAM_Simplex_Pricing=0;CPXPARAM_Simplex_Refactor=0
5085760050265170862,0,CPXPARAM_Advance=1;CPXPARAM_Barrier_Algorithm=0;CPXPARAM_Barrier_ColNonzeros=0;CPXPARAM_Barrier_Crossover=0;CPXPARAM_Barrier_Limits_Corrections=-1;CPXPARAM_Barrier_Ordering=0;CPXPARAM_Barrier_StartAlg=1;CPXPARAM_Emphasis_MIP=0;CPXPARAM_Emphasis_Memory=0;CPXPARAM_Emphasis_Numerical=0;CPXPARAM_Feasopt_Mode=0;CPXPARAM_LPMethod=0;CPXPARAM_MIP_Cuts_Cliques=0;CPXPARAM_MIP_Cuts_Covers=0;CPXPARAM_MIP_Cuts_Disjunctive=2;CPXPARAM_MIP_Cuts_FlowCovers=1;CPXPARAM_MIP_Cuts_GUBCovers=2;CPXPARAM_MIP_Cuts_Gomory=2;CPXPARAM_MIP_Cuts_Implied=1;CPXPARAM_MIP_Cuts_MIRCut=-1;CPXPARAM_MIP_Cuts_PathCut=2;CPXPARAM_MIP_Limits_AggForCut=3;CPXPARAM_MIP_Limits_CutPasses=0;CPXPARAM_MIP_Limits_CutsFactor=-1;CPXPARAM_MIP_Limits_GomoryCand=800;CPXPARAM_MIP_Limits_GomoryPass=0;CPXPARAM_MIP_Limits_Nodes=9223372036800000000;CPXPARAM_MIP_Limits_ProbeTime=0;CPXPARAM_MIP_Limits_RepairTries=0;CPXPARAM_MIP_Limits_StrongCand=10;CPXPARAM_MIP_Limits_StrongIt=0;CPXPARAM_MIP_OrderType=0;CPXPARAM_MIP_Strategy_BBInterval=7;CPXPARAM_MIP_Strategy_Branch=0;CPXPARAM_MIP_Strategy_Dive=0;CPXPARAM_MIP_Strategy_File=1;CPXPARAM_MIP_Strategy_HeuristicFreq=0;CPXPARAM_MIP_Strategy_LBHeur=0;CPXPARAM_MIP_Strategy_NodeSelect=1;CPXPARAM_MIP_Strategy_Order=1;CPXPARAM_MIP_Strategy_PresolveNode=0;CPXPARAM_MIP_Strategy_Probe=3;CPXPARAM_MIP_Strategy_RINSHeur=0;CPXPARAM_MIP_Strategy_StartAlgorithm=5;CPXPARAM_MIP_Strategy_SubAlgorithm=0;CPXPARAM_MIP_Strategy_VariableSelect=0;CPXPARAM_Network_NetFind=2;CPXPARAM_Network_Pricing=0;CPXPARAM_Parallel=1;CPXPARAM_Preprocessing_Aggregator=-1;CPXPARAM_Preprocessing_BoundStrength=-1;CPXPARAM_Preprocessing_CoeffReduce=-1;CPXPARAM_Preprocessing_Dependency=-1;CPXPARAM_Preprocessing_Dual=0;CPXPARAM_Preprocessing_Fill=10;CPXPARAM_Preprocessing_NumPass=-1;CPXPARAM_Preprocessing_Presolve=1;CPXPARAM_Preprocessing_QPMakePSD=1;CPXPARAM_Preprocessing_Reduce=3;CPXPARAM_Preprocessing_Relax=-1;CPXPARAM_Preprocessing_RepeatPresolve=-1;CPXPARAM_Preprocessing_Symmetry=4;CPXPARAM_Read_Scale=0;CPXPARAM_Sifting_Algorithm=0;CPXPARAM_Simplex_Crash=1;CPXPARAM_Simplex_DGradient=0;CPXPARAM_Simplex_Limits_Perturbation=0;CPXPARAM_Simplex_Limits_Singularity=10;CPXPARAM_Simplex_PGradient=0;CPXPARAM_Simplex_Pricing=0;CPXPARAM_Simplex_Refactor=0
15283695175840443173,0,CPXPARAM_Advance=1;CPXPARAM_Barrier_Algorithm=0;CPXPARAM_Barrier_ColNonzeros=0;CPXPARAM_Barrier_Crossover=0;CPXPARAM_Barrier_Limits_Corrections=-1;CPXPARAM_Barrier_Ordering=0;CPXPARAM_Barrier_StartAlg=1;CPXPARAM_Emphasis_MIP=1;CPXPARAM_Emphasis_Memory=0;CPXPARAM_Emphasis_Numerical=0;CPXPARAM_Feasopt_Mode=0;CPXPARAM_LPMethod=0;CPXPARAM_MIP_Cuts_Cliques=0;CPXPARAM_MIP_Cuts_Covers=0;CPXPARAM_MIP_Cuts_Disjunctive=2;CPXPARAM_MIP_Cuts_FlowCovers=1;CPXPARAM_MIP_Cuts_GUBCovers=2;CPXPARAM_MIP_Cuts_Gomory=2;CPXPARAM_MIP_Cuts_Implied=1;CPXPARAM_MIP_Cuts_MIRCut=-1;CPXPARAM_MIP_Cuts_PathCut=2;CPXPARAM_MIP_Limits_AggForCut=3;CPXPARAM_MIP_Limits_CutPasses=0;CPXPARAM_MIP_Limits_CutsFactor=-1;CPXPARAM_MIP_Limits_GomoryCand=800;CPXPARAM_MIP_Limits_GomoryPass=0;CPXPARAM_MIP_Limits_Nodes=9223372036800000000;CPXPARAM_MIP_Limits_ProbeTime=0;CPXPARAM_MIP_Limits_RepairTries=0;CPXPARAM_MIP_Limits_StrongCand=10;CPXPARAM_MIP_Limits_StrongIt=0;CPXPARAM_MIP_OrderType=0;CPXPARAM_MIP_Strategy_BBInterval=7;CPXPARAM_MIP_Strategy_Branch=0;CPXPARAM_MIP_Strategy_Dive=0;CPXPARAM_MIP_Strategy_File=1;CPXPARAM_MIP_Strategy_HeuristicFreq=0;CPXPARAM_MIP_Strategy_LBHeur=0;CPXPARAM_MIP_Strategy_NodeSelect=1;CPXPARAM_MIP_Strategy_Order=1;CPXPARAM_MIP_Strategy_PresolveNode=0;CPXPARAM_MIP_Strategy_Probe=3;CPXPARAM_MIP_Strategy_RINSHeur=0;CPXPARAM_MIP_Strategy_StartAlgorithm=5;CPXPARAM_MIP_Strategy_SubAlgorithm=0;CPXPARAM_MIP_Strategy_VariableSelect=0;CPXPARAM_Network_NetFind=2;CPXPARAM_Network_Pricing=0;CPXPARAM_Parallel=1;CPXPARAM_Preprocessing_Aggregator=-1;CPXPARAM_Preprocessing_BoundStrength=-1;CPXPARAM_Preprocessing_CoeffReduce=-1;CPXPARAM_Preprocessing_Dependency=-1;CPXPARAM_Preprocessing_Dual=0;CPXPARAM_Preprocessing_Fill=10;CPXPARAM_Preprocessing_NumPass=-1;CPXPARAM_Preprocessing_Presolve=1;CPXPARAM_Preprocessing_QPMakePSD=1;CPXPARAM_Preprocessing_Reduce=3;CPXPARAM_Preprocessing_Relax=-1;CPXPARAM_Preprocessing_RepeatPresolve=-1;CPXPARAM_Preprocessing_Symmetry=4;CPXPARAM_Read_Scale=0;CPXPARAM_Sifting_Algorithm=0;CPXPARAM_Simplex_Crash=1;CPXPARAM_Simplex_DGradient=5;CPXPARAM_Simplex_Limits_Perturbation=0;CPXPARAM_Simplex_Limits_Singularity=10;CPXPARAM_Simplex_PGradient=0;CPXPARAM_Simplex_Pricing=0;CPXPARAM_Simplex_Refactor=0
1472679836885189830,0,CPXPARAM_Advance=1;CPXPARAM_Barrier_Algorithm=0;CPXPARAM_Barrier_ColNonzeros=0;CPXPARAM_Barrier_Crossover=0;CPXPARAM_Barrier_Limits_Corrections=-1;CPXPARAM_Barrier_Ordering=0;CPXPARAM_Barrier_StartAlg=1;CPXPARAM_Emphasis_MIP=1;CPXPARAM_Emphasis_Memory=0;CPXPARAM_Emphasis_Numerical=0;CPXPARAM_Feasopt_Mode=0;CPXPARAM_LPMethod=0;CPXPARAM_MIP_Cuts_Cliques=0;CPXPARAM_MIP_Cuts_Covers=0;CPXPARAM_MIP_Cuts_Disjunctive=2;CPXPARAM_MIP_Cuts_FlowCovers=1;CPXPARAM_MIP_Cuts_GUBCovers=2;CPXPARAM_MIP_Cuts_Gomory=2;CPXPARAM_MIP_Cuts_Implied=1;CPXPARAM_MIP_Cuts_MIRCut=-1;CPXPARAM_MIP_Cuts_PathCut=2;CPXPARAM_MIP_Limits_AggForCut=3;CPXPARAM_MIP_Limits_CutPasses=0;CPXPARAM_MIP_Limits_CutsFactor=-1;CPXPARAM_MIP_Limits_GomoryCand=800;CPXPARAM_MIP_Limits_GomoryPass=0;CPXPARAM_MIP_Limits_Nodes=9223372036800000000;CPXPARAM_MIP_Limits_ProbeTime=0;CPXPARAM_MIP_Limits_RepairTries=0;CPXPARAM_MIP_Limits_StrongCand=10;CPXPARAM_MIP_Limits_StrongIt=0;CPXPARAM_MIP_OrderType=0;CPXPARAM_MIP_Strategy_BBInterval=7;CPXPARAM_MIP_Strategy_Branch=0;CPXPARAM_MIP_Strategy_Dive=0;CPXPARAM_MIP_Strategy_File=1;CPXPARAM_MIP_Strategy_HeuristicFreq=0;CPXPARAM_MIP_Strategy_LBHeur=0;CPXPARAM_MIP_Strategy_NodeSelect=1;CPXPARAM_MIP_Strategy_Order=1;CPXPARAM_MIP_Strategy_PresolveNode=0;CPXPARAM_MIP_Strategy_Probe=3;CPXPARAM_MIP_Strategy_RINSHeur=0;CPXPARAM_MIP_Strategy_StartAlgorithm=5;CPXPARAM_MIP_Strategy_SubAlgorithm=0;CPXPARAM_MIP_Strategy_VariableSelect=0;CPXPARAM_Network_NetFind=2;CPXPARAM_Network_Pricing=0;CPXPARAM_Parallel=1;CPXPARAM_Preprocessing_Aggregator=-1;CPXPARAM_Preprocessing_BoundStrength=-1;CPXPARAM_Preprocessing_CoeffReduce=-1;CPXPARAM_Preprocessing_Dependency=-1;CPXPARAM_Preprocessing_Dual=0;CPXPARAM_Preprocessing_Fill=10;CPXPARAM_Preprocessing_NumPass=-1;CPXPARAM_Preprocessing_Presolve=1;CPXPARAM_Preprocessing_QPMakePSD=1;CPXPARAM_Preprocessing_Reduce=3;CPXPARAM_Preprocessing_Relax=-1;CPXPARAM_Preprocessing_RepeatPresolve=-1;CPXPARAM_Preprocessing_Symmetry=4;CPXPARAM_Read_Scale=0;CPXPARAM_Sifting_Algorithm=0;CPXPARAM_Simplex_Crash=1;CPXPARAM_Simplex_DGradient=0;CPXPARAM_Simplex_Limits_Perturbation=0;CPXPARAM_Simplex_Limits_Singularity=10;CPXPARAM_Simplex_PGradient=-1;CPXPARAM_Simplex_Pricing=0;CPXPARAM_Simplex_Refactor=0
476021587757061368,0,CPXPARAM_Advance=1;CPXPARAM_Barrier_Algorithm=0;CPXPARAM_Barrier_ColNonzeros=0;CPXPARAM_Barrier_Crossover=0;CPXPARAM_Barrier_Limits_Corrections=-1;CPXPARAM_Barrier_Ordering=0;CPXPARAM_Barrier_StartAlg=1;CPXPARAM_Emphasis_MIP=1;CPXPARAM_Emphasis_Memory=0;CPXPARAM_Emphasis_Numerical=0;CPXPARAM_Feasopt_Mode=0;CPXPARAM_LPMethod=0;CPXPARAM_MIP_Cuts_Cliques=0;CPXPARAM_MIP_Cuts_Covers=0;CPXPARAM_MIP_Cuts_Disjunctive=2;CPXPARAM_MIP_Cuts_FlowCovers=1;CPXPARAM_MIP_Cuts_GUBCovers=2;CPXPARAM_MIP_Cuts_Gomory=2;CPXPARAM_MIP_Cuts_Implied=1;CPXPARAM_MIP_Cuts_MIRCut=-1;CPXPARAM_MIP_Cuts_PathCut=2;CPXPARAM_MIP_Limits_AggForCut=3;CPXPARAM_MIP_Limits_CutPasses=0;CPXPARAM_MIP_Limits_CutsFactor=-1;CPXPARAM_MIP_Limits_GomoryCand=800;CPXPARAM_MIP_Limits_GomoryPass=0;CPXPARAM_MIP_Limits_Nodes=9223372036800000000;CPXPARAM_MIP_Limits_ProbeTime=0;CPXPARAM_MIP_Limits_RepairTries=0;CPXPARAM_MIP_Limits_StrongCand=10;CPXPARAM_MIP_Limits_StrongIt=0;CPXPARAM_MIP_OrderType=0;CPXPARAM_MIP_Strategy_BBInterval=7;CPXPARAM_MIP_Strategy_Branch=0;CPXPARAM_MIP_Strategy_Dive=0;CPXPARAM_MIP_Strategy_File=1;CPXPARAM_MIP_Strategy_HeuristicFreq=0;CPXPARAM_MIP_Strategy_LBHeur=0;CPXPARAM_MIP_Strategy_NodeSelect=1;CPXPARAM_MIP_Strategy_Order=1;CPXPARAM_MIP_Strategy_PresolveNode=0;CPXPARAM_MIP_Strategy_Probe=3;CPXPARAM_MIP_Strategy_RINSHeur=0;CPXPARAM_MIP_Strategy_StartAlgorithm=5;CPXPARAM_MIP_Strategy_SubAlgorithm=0;CPXPARAM_MIP_Strategy_VariableSelect=0;CPXPARAM_Network_NetFind=2;CPXPARAM_Network_Pricing=0;CPXPARAM_Parallel=1;CPXPARAM_Preprocessing_Aggregator=-1;CPXPARAM_Preprocessing_BoundStrength=-1;CPXPARAM_Preprocessing_CoeffReduce=-1;CPXPARAM_Preprocessing_Dependency=-1;CPXPARAM_Preprocessing_Dual=0;CPXPARAM_Preprocessing_Fill=10;CPXPARAM_Preprocessing_NumPass=-1;CPXPARAM_Preprocessing_Presolve=1;CPXPARAM_Preprocessing_QPMakePSD=1;CPXPARAM_Preprocessing_Reduce=3;CPXPARAM_Preprocessing_Relax=-1;CPXPARAM_Preprocessing_RepeatPresolve=-1;CPXPARAM_Preprocessing_Symmetry=4;CPXPARAM_Read_Scale=0;CPXPARAM_Sifting_Algorithm=0;CPXPARAM_Simplex_Crash=1;CPXPARAM_Simplex_DGradient=0;CPXPARAM_Simplex_Limits_Perturbation=0;CPXPARAM_Simplex_Limits_Singularity=10;CPXPARAM_Simplex_PGradient=4;CPXPARAM_Simplex_Pricing=0;CPXPARAM_Simplex_Refactor=0
8095038490006142200,0,CPXPARAM_Advance=0;CPXPARAM_Barrier_Algorithm=0;CPXPARAM_Barrier_ColNonzeros=0;CPXPARAM_Barrier_Crossover=0;CPXPARAM_Barrier_Limits_Corrections=-1;CPXPARAM_Barrier_Ordering=0;CPXPARAM_Barrier_StartAlg=1;CPXPARAM_Emphasis_MIP=1;CPXPARAM_Emphasis_Memory=0;CPXPARAM_Emphasis_Numerical=0;CPXPARAM_Feasopt_Mode=0;CPXPARAM_LPMethod=0;CPXPARAM_MIP_Cuts_Cliques=0;CPXPARAM_MIP_Cuts_Covers=0;CPXPARAM_MIP_Cuts_Disjunctive=2;CPXPARAM_MIP_Cuts_FlowCovers=1;CPXPARAM_MIP_Cuts_GUBCovers=2;CPXPARAM_MIP_Cuts_Gomory=2;CPXPARAM_MIP_Cuts_Implied=1;CPXPARAM_MIP_Cuts_MIRCut=-1;CPXPARAM_MIP_Cuts_PathCut=2;CPXPARAM_MIP_Limits_AggForCut=3;CPXPARAM_MIP_Limits_CutPasses=0;CPXPARAM_MIP_Limits_CutsFactor=-1;CPXPARAM_MIP_Limits_GomoryCand=800;CPXPARAM_MIP_Limits_GomoryPass=0;CPXPARAM_MIP_Limits_Nodes=9223372036800000000;CPXPARAM_MIP_Limits_ProbeTime=0;CPXPARAM_MIP_Limits_RepairTries=0;CPXPARAM_MIP_Limits_StrongCand=10;CPXPARAM_MIP_Limits_StrongIt=0;CPXPARAM_MIP_OrderType=0;CPXPARAM_MIP_Strategy_BBInterval=7;CPXPARAM_MIP_Strategy_Branch=0;CPXPARAM_MIP_Strategy_Dive=0;CPXPARAM_MIP_Strategy_File=1;CPXPARAM_MIP_Strategy_HeuristicFreq=0;CPXPARAM_MIP_Strategy_LBHeur=0;CPXPARAM_MIP_Strategy_NodeSelect=1;CPXPARAM_MIP_Strategy_Order=1;CPXPARAM_MIP_Strategy_PresolveNode=0;CPXPARAM_MIP_Strategy_Probe=3;CPXPARAM_MIP_Strategy_RINSHeur=0;CPXPARAM_MIP_Strategy_StartAlgorithm=5;CPXPARAM_MIP_Strategy_SubAlgorithm=0;CPXPARAM_MIP_Strategy_VariableSelect=0;CPXPARAM_Network_NetFind=2;CPXPARAM_Network_Pricing=0;CPXPARAM_Parallel=1;CPXPARAM_Preprocessing_Aggregator=-1;CPXPARAM_Preprocessing_BoundStrength=-1;CPXPARAM_Preprocessing_CoeffReduce=-1;CPXPARAM_Preprocessing_Dependency=-1;CPXPARAM_Preprocessing_Dual=0;CPXPARAM_Preprocessing_Fill=10;CPXPARAM_Preprocessing_NumPass=-1;CPXPARAM_Preprocessing_Presolve=1;CPXPARAM_Preprocessing_QPMakePSD=1;CPXPARAM_Preprocessing_Reduce=3;CPXPARAM_Preprocessing_Relax=-1;CPXPARAM_Preprocessing_RepeatPresolve=-1;CPXPARAM_Preprocessing_Symmetry=4;CPXPARAM_Read_Scale=0;CPXPARAM_Sifting_Algorithm=0;CPXPARAM_Simplex_Crash=1;CPXPARAM_Simplex_DGradient=0;CPXPARAM_Simplex_Limits_Perturbation=0;CPXPARAM_Simplex_Limits_Singularity=10;CPXPARAM_Simplex_PGradient=0;CPXPARAM_Simplex_Pricing=0;CPXPARAM_Simplex_Refactor=0
16178477195316639259,0,CPXPARAM_Advance=1;CPXPARAM_Barrier_Algorithm=0;CPXPARAM_Barrier_ColNonzeros=0;CPXPARAM_Barrier_Crossover=0;CPXPARAM_Barrier_Limits_Corrections=-1;CPXPARAM_Barrier_Ordering=0;CPXPARAM_Barrier_StartAlg=1;CPXPARAM_Emphasis_MIP=1;CPXPARAM_Emphasis_Memory=0;CPXPARAM_Emphasis_Numerical=0;CPXPARAM_Feasopt_Mode=0;CPXPARAM_LPMethod=0;CPXPARAM_MIP_Cuts_Cliques=0;CPXPARAM_MIP_Cuts_Covers=0;CPXPARAM_MIP_Cuts_Disjunctive=2;CPXPARAM_MIP_Cuts_FlowCovers=1;CPXPARAM_MIP_Cuts_GUBCovers=2;CPXPARAM_MIP_Cuts_Gomory=2;CPXPARAM_MIP_Cuts_Implied=1;CPXPARAM_MIP_Cuts_MIRCut=-1;CPXPARAM_MIP_Cuts_PathCut=2;CPXPARAM_MIP_Limits_AggForCut=1;CPXPARAM_MIP_Limits_CutPasses=0;CPXPARAM_MIP_Limits_CutsFactor=-1;CPXPARAM_MIP_Limits_GomoryCand=800;CPXPARAM_MIP_Limits_GomoryPass=0;CPXPARAM_MIP_Limits_Nodes=9223372036800000000;CPXPARAM_MIP_Limits_ProbeTime=0;CPXPARAM_MIP_Limits_RepairTries=0;CPXPARAM_MIP_Limits_StrongCand=10;CPXPARAM_MIP_Limits_StrongIt=0;CPXPARAM_MIP_OrderType=0;CPXPARAM_MIP_Strategy_BBInterval=7;CPXPARAM_MIP_Strategy_Branch=0;CPXPARAM_MIP_Strategy_Dive=0;CPXPARAM_MIP_Strategy_File=1;CPXPARAM_MIP_Strategy_HeuristicFreq=0;CPXPARAM_MIP_Strategy_LBHeur=0;CPXPARAM_MIP_Strategy_NodeSelect=1;CPXPARAM_MIP_Strategy_Order=1;CPXPARAM_MIP_Strategy_PresolveNode=0;CPXPARAM_MIP_Strategy_Probe=3;CPXPARAM_MIP_Strategy_RINSHeur=0;CPXPARAM_MIP_Strategy_StartAlgorithm=5;CPXPARAM_MIP_Strategy_SubAlgorithm=0;CPXPARAM_MIP_Strategy_VariableSelect=0;CPXPARAM_Network_NetFind=2;CPXPARAM_Network_Pricing=0;CPXPARAM_Parallel=1;CPXPARAM_Preprocessing_Aggregator=-1;CPXPARAM_Preprocessing_BoundStrength=-1;CPXPARAM_Preprocessing_CoeffReduce=-1;CPXPARAM_Preprocessing_Dependency=-1;CPXPARAM_Preprocessing_Dual=0;CPXPARAM_Preprocessing_Fill=10;CPXPARAM_Preprocessing_NumPass=-1;CPXPARAM_Preprocessing_Presolve=1;CPXPARAM_Preprocessing_QPMakePSD=1;CPXPARAM_Preprocessing_Reduce=3;CPXPARAM_Preprocessing_Relax=-1;CPXPARAM_Preprocessing_RepeatPresolve=-1;CPXPARAM_Preprocessing_Symmetry=4;CPXPARAM_Read_Scale=0;CPXPARAM_Sifting_Algorithm=0;CPXPARAM_Simplex_Crash=1;CPXPARAM_Simplex_DGradient=0;CPXPARAM_Simplex_Limits_Perturbation=0;CPXPARAM_Simplex_Limits_Singularity=10;CPXPARAM_Simplex_PGradient=0;CPXPARAM_Simplex_Pricing=0;CPXPARAM_Simplex_Refactor=0
5862608822419045708,0,CPXPARAM_Advance=1;CPXPARAM_Barrier_Algorithm=0;CPXPARAM_Barrier_ColNonzeros=0;CPXPARAM_Barrier_Crossover=0;CPXPARAM_Barrier_Limits_Corrections=-1;CPXPARAM_Barrier_Ordering=0;CPXPARAM_Barrier_StartAlg=1;CPXPARAM_Emphasis_MIP=1;CPXPARAM_Emphasis_Memory=0;CPXPARAM_Emphasis_Numerical=0;CPXPARAM_Feasopt_Mode=0;CPXPARAM_LPMethod=0;CPXPARAM_MIP_Cuts_Cliques=0;CPXPARAM_MIP_Cuts_Covers=0;CPXPARAM_MIP_Cuts_Disjunctive=2;CPXPARAM_MIP_Cuts_FlowCovers=1;CPXPARAM_MIP_Cuts_GUBCovers=2;CPXPARAM_MIP_Cuts_Gomory=2;CPXPARAM_MIP_Cuts_Implied=1;CPXPARAM_MIP_Cuts_MIRCut=-1;CPXPARAM_MIP_Cuts_PathCut=2;CPXPARAM_MIP_Limits_AggForCut=3;CPXPARAM_MIP_Limits_CutPasses=0;CPXPARAM_MIP_Limits_CutsFactor=-1;CPXPARAM_MIP_Limits_GomoryCand=800;CPXPARAM_MIP_Limits_GomoryPass=0;CPXPARAM_MIP_Limits_Nodes=9223372036800000000;CPXPARAM_MIP_Limits_ProbeTime=0;CPXPARAM_MIP_Limits_RepairTries=0;CPXPARAM_MIP_Limits_StrongCand=10;CPXPARAM_MIP_Limits_StrongIt=0;CPXPARAM_MIP_OrderType=0;CPXPARAM_MIP_Strategy_BBInterval=7;CPXPARAM_MIP_Strategy_Branch=0;CPXPARAM_MIP_Strategy_Dive=0;CPXPARAM_MIP_Strategy_File=1;CPXPARAM_MIP_Strategy_HeuristicFreq=0;CPXPARAM_MIP_Strategy_LBHeur=0;CPXPARAM_MIP_Strategy_NodeSelect=1;CPXPARAM_MIP_Strategy_Order=1;CPXPARAM_MIP_Strategy_PresolveNode=0;CPXPARAM_MIP_Strategy_Probe=3;CPXPARAM_MIP_Strategy_RINSHeur=0;CPXPARAM_MIP_Strategy_StartAlgorithm=5;CPXPARAM_MIP_Strategy_SubAlgorithm=0;CPXPARAM_MIP_Strategy_VariableSelect=0;CPXPARAM_Network_NetFind=2;CPXPARAM_Network_Pricing=0;CPXPARAM_Parallel=1;CPXPARAM_Preprocessing_Aggregator=-1;CPXPARAM_Preprocessing_BoundStrength=-1;CPXPARAM_Preprocessing_CoeffReduce=-1;CPXPARAM_Preprocessing_Dependency=-1;CPXPARAM_Preprocessing_Dual=0;CPXPARAM_Preprocessing_Fill=2;CPXPARAM_Preprocessing_NumPass=-1;CPXPARAM_Preprocessing_Presolve=1;CPXPARAM_Preprocessing_QPMakePSD=1;CPXPARAM_Preprocessing_Reduce=3;CPXPARAM_Preprocessing_Relax=-1;CPXPARAM_Preprocessing_RepeatPresolve=-1;CPXPARAM_Preprocessing_Symmetry=4;CPXPARAM_Read_Scale=0;CPXPARAM_Sifting_Algorithm=0;CPXPARAM_Simplex_Crash=1;CPXPARAM_Simplex_DGradient=0;CPXPARAM_Simplex_Limits_Perturbation=0;CPXPARAM_Simplex_Limits_Singularity=10;CPXPARAM_Simplex_PGradient=0;CPXPARAM_Simplex_Pricing=0;CPXPARAM_Simplex_Refactor=0
12156258865628895051,0,CPXPARAM_Advance=1;CPXPARAM_Barrier_Algorithm=0;CPXPARAM_Barrier_ColNonzeros=0;CPXPARAM_Barrier_Crossover=2;CPXPARAM_Barrier_Limits_Corrections=-1;CPXPARAM_Barrier_Ordering=0;CPXPARAM_Barrier_StartAlg=2;CPXPARAM_Emphasis_MIP=4;CPXPARAM_Emphasis_Memory=0;CPXPARAM_Emphasis_Numerical=0;CPXPARAM_Feasopt_Mode=4;CPXPARAM_LPMethod=0;CPXPARAM_MIP_Cuts_Cliques=0;CPXPARAM_MIP_Cuts_Covers=0;CPXPARAM_MIP_Cuts_Disjunctive=2;CPXPARAM_MIP_Cuts_FlowCovers=1;CPXPARAM_MIP_Cuts_GUBCovers=2;CPXPARAM_MIP_Cuts_Gomory=-1;CPXPARAM_MIP_Cuts_Implied=-1;CPXPARAM_MIP_Cuts_MIRCut=2;CPXPARAM_MIP_Cuts_PathCut=1;CPXPARAM_MIP_Limits_AggForCut=3;CPXPARAM_MIP_Limits_CutPasses=0;CPXPARAM_MIP_Limits_CutsFactor=-1;CPXPARAM_MIP_Limits_GomoryCand=100;CPXPARAM_MIP_Limits_GomoryPass=0;CPXPARAM_MIP_Limits_Nodes=9223372036800000000;CPXPARAM_MIP_Limits_ProbeTime=240;CPXPARAM_MIP_Limits_RepairTries=0;CPXPARAM_MIP_Limits_StrongCand=10;CPXPARAM_MIP_Limits_StrongIt=0;CPXPARAM_MIP_OrderType=0;CPXPARAM_MIP_Strategy_BBInterval=7;CPXPARAM_MIP_Strategy_Branch=-1;CPXPARAM_MIP_Strategy_Dive=0;CPXPARAM_MIP_Strategy_File=1;CPXPARAM_MIP_Strategy_HeuristicFreq=0;CPXPARAM_MIP_Strategy_LBHeur=0;CPXPARAM_MIP_Strategy_NodeSelect=1;CPXPARAM_MIP_Strategy_Order=1;CPXPARAM_MIP_Strategy_PresolveNode=0;CPXPARAM_MIP_Strategy_Probe=0;CPXPARAM_MIP_Strategy_RINSHeur=0;CPXPARAM_MIP_Strategy_StartAlgorithm=6;CPXPARAM_MIP_Strategy_SubAlgorithm=1;CPXPARAM_MIP_Strategy_VariableSelect=3;CPXPARAM_Network_NetFind=2;CPXPARAM_Network_Pricing=0;CPXPARAM_Parallel=1;CPXPARAM_Preprocessing_Aggregator=-1;CPXPARAM_Preprocessing_BoundStrength=-1;CPXPARAM_Preprocessing_CoeffReduce=-1;CPXPARAM_Preprocessing_Dependency=-1;CPXPARAM_Preprocessing_Dual=0;CPXPARAM_Preprocessing_Fill=10;CPXPARAM_Preprocessing_NumPass=-1;CPXPARAM_Preprocessing_Presolve=1;CPXPARAM_Preprocessing_QPMakePSD=1;CPXPARAM_Preprocessing_Reduce=3;CPXPARAM_Preprocessing_Relax=-1;CPXPARAM_Preprocessing_RepeatPresolve=-1;CPXPARAM_Preprocessing_Symmetry=4;CPXPARAM_Read_Scale=0;CPXPARAM_Sifting_Algorithm=0;CPXPARAM_Simplex_Crash=1;CPXPARAM_Simplex_DGradient=5;CPXPARAM_Simplex_Limits_Perturbation=0;CPXPARAM_Simplex_Limits_Singularity=10;CPXPARAM_Simplex_PGradient=0;CPXPARAM_Simplex_Pricing=0;CPXPARAM_Simplex_Refactor=0
4739071582807334098,0,CPXPARAM_Advance=1;CPXPARAM_Barrier_Algorithm=0;CPXPARAM_Barrier_ColNonzeros=0;CPXPARAM_Barrier_Crossover=0;CPXPARAM_Barrier_Limits_Corrections=-1;CPXPARAM_Barrier_Ordering=0;CPXPARAM_Barrier_StartAlg=1;CPXPARAM_Emphasis_MIP=1;CPXPARAM_Emphasis_Memory=0;CPXPARAM_Emphasis_Numerical=0;CPXPARAM_Feasopt_Mode=0;CPXPARAM_LPMethod=0;CPXPARAM_MIP_Cuts_Cliques=0;CPXPARAM_MIP_Cuts_Covers=0;CPXPARAM_MIP_Cuts_Disjunctive=2;CPXPARAM_MIP_Cuts_FlowCovers=1;CPXPARAM_MIP_Cuts_GUBCovers=2;CPXPARAM_MIP_Cuts_Gomory=2;CPXPARAM_MIP_Cuts_Implied=1;CPXPARAM_MIP_Cuts_MIRCut=-1;CPXPARAM_MIP_Cuts_PathCut=2;CPXPARAM_MIP_Limits_AggForCut=3;CPXPARAM_MIP_Limits_CutPasses=0;CPXPARAM_MIP_Limits_CutsFactor=-1;CPXPARAM_MIP_Limits_GomoryCand=800;CPXPARAM_MIP_Limits_GomoryPass=0;CPXPARAM_MIP_Limits_Nodes=9223372036800000000;CPXPARAM_MIP_Limits_ProbeTime=0;CPXPARAM_MIP_Limits_RepairTries=0;CPXPARAM_MIP_Limits_StrongCand=10;CPXPARAM_MIP_Limits_StrongIt=0;CPXPARAM_MIP_OrderType=0;CPXPARAM_MIP_Strategy_BBInterval=7;CPXPARAM_MIP_Strategy_Branch=0;CPXPARAM_MIP_Strategy_Dive=0;CPXPARAM_MIP_Strategy_File=1;CPXPARAM_MIP_Strategy_HeuristicFreq=0;CPXPARAM_MIP_Strategy_LBHeur=0;CPXPARAM_MIP_Strategy_NodeSelect=1;CPXPARAM_MIP_Strategy_Order=1;CPXPARAM_MIP_Strategy_PresolveNode=0;CPXPARAM_MIP_Strategy_Probe=3;CPXPARAM_MIP_Strategy_RINSHeur=0;CPXPARAM_MIP_Strategy_StartAlgorithm=5;CPXPARAM_MIP_Strategy_SubAlgorithm=0;CPXPARAM_MIP_Strategy_VariableSelect=0;CPXPARAM_Network_NetFind=2;CPXPARAM_Network_Pricing=0;CPXPARAM_Parallel=1;CPXPARAM_Preprocessing_Aggregator=-1;CPXPARAM_Preprocessing_BoundStrength=-1;CPXPARAM_Preprocessing_CoeffReduce=-1;CPXPARAM_Preprocessing_Dependency=-1;CPXPARAM_Preprocessing_Dual=0;CPXPARAM_Preprocessing_Fill=10;CPXPARAM_Preprocessing_NumPass=-1;CPXPARAM_Preprocessing_Presolve=1;CPXPARAM_Preprocessing_QPMakePSD=1;CPXPARAM_Preprocessing_Reduce=3;CPXPARAM_Preprocessing_Relax=-1;CPXPARAM_Preprocessing_RepeatPresolve=-1;CPXPARAM_Preprocessing_Symmetry=4;CPXPARAM_Read_Scale=0;CPXPARAM_Sifting_Algorithm=0;CPXPARAM_Simplex_Crash=1;CPXPARAM_Simplex_DGradient=0;CPXPARAM_Simplex_Limits_Perturbation=0;CPXPARAM_Simplex_Limits_Singularity=10;CPXPARAM_Simplex_PGradient=3;CPXPARAM_Simplex_Pricing=0;CPXPARAM_Simplex_Refactor=0
6741421469852565495,0,CPXPARAM_Advance=1;CPXPARAM_Barrier_Algorithm=0;CPXPARAM_Barrier_ColNonzeros=0;CPXPARAM_Barrier_Crossover=0;CPXPARAM_Barrier_Limits_Corrections=-1;CPXPARAM_Barrier_Ordering=0;CPXPARAM_Barrier_StartAlg=1;CPXPARAM_Emphasis_MIP=1;CPXPARAM_Emphasis_Memory=0;CPXPARAM_Emphasis_Numerical=0;CPXPARAM_Feasopt_Mode=0;CPXPARAM_LPMethod=0;CPXPARAM_MIP_Cuts_Cliques=0;CPXPARAM_MIP_Cuts_Covers=0;CPXPARAM_MIP_Cuts_Disjunctive=2;CPXPARAM_MIP_Cuts_FlowCovers=1;CPXPARAM_MIP_Cuts_GUBCovers=2;CPXPARAM_MIP_Cuts_Gomory=2;CPXPARAM_MIP_Cuts_Implied=1;CPXPARAM_MIP_Cuts_MIRCut=-1;CPXPARAM_MIP_Cuts_PathCut=2;CPXPARAM_MIP_Limits_AggForCut=3;CPXPARAM_MIP_Limits_CutPasses=0;CPXPARAM_MIP_Limits_CutsFactor=-1;CPXPARAM_MIP_Limits_GomoryCand=800;CPXPARAM_MIP_Limits_GomoryPass=0;CPXPARAM_MIP_Limits_Nodes=9223372036800000000;CPXPARAM_MIP_Limits_ProbeTime=0;CPXPARAM_MIP_Limits_RepairTries=0;CPXPARAM_MIP_Limits_StrongCand=10;CPXPARAM_MIP_Limits_StrongIt=0;CPXPARAM_MIP_OrderType=0;CPXPARAM_MIP_Strategy_BBInterval=7;CPXPARAM_MIP_Strategy_Branch=0;CPXPARAM_MIP_Strategy_Dive=0;CPXPARAM_MIP_Strategy_File=1;CPXPARAM_MIP_Strategy_HeuristicFreq=0;CPXPARAM_MIP_Strategy_LBHeur=0;CPXPARAM_MIP_Strategy_NodeSelect=1;CPXPARAM_MIP_Strategy_Order=1;CPXPARAM_MIP_Strategy_PresolveNode=0;CPXPARAM_MIP_Strategy_Probe=3;CPXPARAM_MIP_Strategy_RINSHeur=0;CPXPARAM_MIP_Strategy_StartAlgorithm=5;CPXPARAM_MIP_Strategy_SubAlgorithm=0;CPXPARAM_MIP_Strategy_VariableSelect=0;CPXPARAM_Network_NetFind=2;CPXPARAM_Network_Pricing=0;CPXPARAM_Parallel=1;CPXPARAM_Preprocessing_Aggregator=-1;CPXPARAM_Preprocessing_BoundStrength=-1;CPXPARAM_Preprocessing_CoeffReduce=-1;CPXPARAM_Preprocessing_Dependency=-1;CPXPARAM_Preprocessing_Dual=0;CPXPARAM_Preprocessing_Fill=20;CPXPARAM_Preprocessing_NumPass=-1;CPXPARAM_Preprocessing_Presolve=1;CPXPARAM_Preprocessing_QPMakePSD=1;CPXPARAM_Preprocessing_Reduce=3;CPXPARAM_Preprocessing_Relax=-1;CPXPARAM_Preprocessing_RepeatPresolve=-1;CPXPARAM_Preprocessing_Symmetry=4;CPXPARAM_Read_Scale=0;CPXPARAM_Sifting_Algorithm=0;CPXPARAM_Simplex_Crash=1;CPXPARAM_Simplex_DGradient=0;CPXPARAM_Simplex_Limits_Perturbation=0;CPXPARAM_Simplex_Limits_Singularity=10;CPXPARAM_Simplex_PGradient=0;CPXPARAM_Simplex_Pricing=0;CPXPARAM_Simplex_Refactor=0
6703199042148845363,0,CPXPARAM_Advance=1;CPXPARAM_Barrier_Algorithm=0;CPXPARAM_Barrier_ColNonzeros=0;CPXPARAM_Barrier_Crossover=0;CPXPARAM_Barrier_Limits_Corrections=-1;CPXPARAM_Barrier_Ordering=0;CPXPARAM_Barrier_StartAlg=1;CPXPARAM_Emphasis_MIP=1;CPXPARAM_Emphasis_Memory=0;CPXPARAM_Emphasis_Numerical=0;CPXPARAM_Feasopt_Mode=0;CPXPARAM_LPMethod=0;CPXPARAM_MIP_Cuts_Cliques=2;CPXPARAM_MIP_Cuts_Covers=0;CPXPARAM_MIP_Cuts_Disjunctive=0;CPXPARAM_MIP_Cuts_FlowCovers=-1;CPXPARAM_MIP_Cuts_GUBCovers=2;CPXPARAM_MIP_Cuts_Gomory=2;CPXPARAM_MIP_Cuts_Implied=-1;CPXPARAM_MIP_Cuts_MIRCut=2;CPXPARAM_MIP_Cuts_PathCut=2;CPXPARAM_MIP_Limits_AggForCut=3;CPXPARAM_MIP_Limits_CutPasses=0;CPXPARAM_MIP_Limits_CutsFactor=-1;CPXPARAM_MIP_Limits_GomoryCand=150;CPXPARAM_MIP_Limits_GomoryPass=0;CPXPARAM_MIP_Limits_Nodes=9223372036800000000;CPXPARAM_MIP_Limits_ProbeTime=30;CPXPARAM_MIP_Limits_RepairTries=0;CPXPARAM_MIP_Limits_StrongCand=10;CPXPARAM_MIP_Limits_StrongIt=0;CPXPARAM_MIP_OrderType=0;CPXPARAM_MIP_Strategy_BBInterval=7;CPXPARAM_MIP_Strategy_Branch=0;CPXPARAM_MIP_Strategy_Dive=0;CPXPARAM_MIP_Strategy_File=1;CPXPARAM_MIP_Strategy_HeuristicFreq=0;CPXPARAM_MIP_Strategy_LBHeur=0;CPXPARAM_MIP_Strategy_NodeSelect=1;CPXPARAM_MIP_Strategy_Order=1;CPXPARAM_MIP_Strategy_PresolveNode=0;CPXPARAM_MIP_Strategy_Probe=0;CPXPARAM_MIP_Strategy_RINSHeur=0;CPXPARAM_MIP_Strategy_StartAlgorithm=1;CPXPARAM_MIP_Strategy_SubAlgorithm=5;CPXPARAM_MIP_Strategy_VariableSelect=0;CPXPARAM_Network_NetFind=2;CPXPARAM_Network_Pricing=0;CPXPARAM_Parallel=1;CPXPARAM_Preprocessing_Aggregator=-1;CPXPARAM_Preprocessing_BoundStrength=-1;CPXPARAM_Preprocessing_CoeffReduce=-1;CPXPARAM_Preprocessing_Dependency=-1;CPXPARAM_Preprocessing_Dual=0;CPXPARAM_Preprocessing_Fill=10;CPXPARAM_Preprocessing_NumPass=-1;CPXPARAM_Preprocessing_Presolve=1;CPXPARAM_Preprocessing_QPMakePSD=1;CPXPARAM_Preprocessing_Reduce=3;CPXPARAM_Preprocessing_Relax=-1;CPXPARAM_Preprocessing_RepeatPresolve=-1;CPXPARAM_Preprocessing_Symmetry=-1;CPXPARAM_Read_Scale=0;CPXPARAM_Sifting_Algorithm=0;CPXPARAM_Simplex_Crash=1;CPXPARAM_Simplex_DGradient=0;CPXPARAM_Simplex_Limits_Perturbation=0;CPXPARAM_Simplex_Limits_Singularity=10;CPXPARAM_Simplex_PGradient=0;CPXPARAM_Simplex_Pricing=0;CPXPARAM_Simplex_Refactor=0
8754957002378000156,0,CPXPARAM_Advance=1;CPXPARAM_Barrier_Algorithm=0;CPXPARAM_Barrier_ColNonzeros=0;CPXPARAM_Barrier_Crossover=2;CPXPARAM_Barrier_Limits_Corrections=-1;CPXPARAM_Barrier_Ordering=0;CPXPARAM_Barrier_StartAlg=1;CPXPARAM_Emphasis_MIP=1;CPXPARAM_Emphasis_Memory=0;CPXPARAM_Emphasis_Numerical=0;CPXPARAM_Feasopt_Mode=0;CPXPARAM_LPMethod=0;CPXPARAM_MIP_Cuts_Cliques=0;CPXPARAM_MIP_Cuts_Covers=0;CPXPARAM_MIP_Cuts_Disjunctive=2;CPXPARAM_MIP_Cuts_FlowCovers=1;CPXPARAM_MIP_Cuts_GUBCovers=2;CPXPARAM_MIP_Cuts_Gomory=2;CPXPARAM_MIP_Cuts_Implied=1;CPXPARAM_MIP_Cuts_MIRCut=-1;CPXPARAM_MIP_Cuts_PathCut=2;CPXPARAM_MIP_Limits_AggForCut=3;CPXPARAM_MIP_Limits_CutPasses=0;CPXPARAM_MIP_Limits_CutsFactor=-1;CPXPARAM_MIP_Limits_GomoryCand=800;CPXPARAM_MIP_Limits_GomoryPass=0;CPXPARAM_MIP_Limits_Nodes=9223372036800000000;CPXPARAM_MIP_Limits_ProbeTime=0;CPXPARAM_MIP_Limits_RepairTries=0;CPXPARAM_MIP_Limits_StrongCand=10;CPXPARAM_MIP_Limits_StrongIt=0;CPXPARAM_MIP_OrderType=0;CPXPARAM_MIP_Strategy_BBInterval=7;CPXPARAM_MIP_Strategy_Branch=0;CPXPARAM_MIP_Strategy_Dive=0;CPXPARAM_MIP_Strategy_File=1;CPXPARAM_MIP_Strategy_HeuristicFreq=0;CPXPARAM_MIP_Strategy_LBHeur=0;CPXPARAM_MIP_Strategy_NodeSelect=1;CPXPARAM_MIP_Strategy_Order=1;CPXPARAM_MIP_Strategy_PresolveNode=0;CPXPARAM_MIP_Strategy_Probe=3;CPXPARAM_MIP_Strategy_RINSHeur=0;CPXPARAM_MIP_Strategy_StartAlgorithm=5;CPXPARAM_MIP_Strategy_SubAlgorithm=0;CPXPARAM_MIP_Strategy_VariableSelect=0;CPXPARAM_Network_NetFind=2;CPXPARAM_Network_Pricing=0;CPXPARAM_Parallel=1;CPXPARAM_Preprocessing_Aggregator=-1;CPXPARAM_Preprocessing_BoundStrength=-1;CPXPARAM_Preprocessing_CoeffReduce=-1;CPXPARAM_Preprocessing_Dependency=-1;CPXPARAM_Preprocessing_Dual=0;CPXPARAM_Preprocessing_Fill=10;CPXPARAM_Preprocessing_NumPass=-1;CPXPARAM_Preprocessing_Presolve=1;CPXPARAM_Preprocessing_QPMakePSD=1;CPXPARAM_Preprocessing_Reduce=3;CPXPARAM_Preprocessing_Relax=-1;CPXPARAM_Preprocessing_RepeatPresolve=-1;CPXPARAM_Preprocessing_Symmetry=4;CPXPARAM_Read_Scale=0;CPXPARAM_Sifting_Algorithm=0;CPXPARAM_Simplex_Crash=1;CPXPARAM_Simplex_DGradient=0;CPXPARAM_Simplex_Limits_Perturbation=0;CPXPARAM_Simplex_Limits_Singularity=10;CPXPARAM_Simplex_PGradient=0;CPXPARAM_Simplex_Pricing=0;CPXPARAM_Simplex_Refactor=0
17267504385542512351,0,CPXPARAM_Advance=1;CPXPARAM_Barrier_Algorithm=0;CPXPARAM_Barrier_ColNonzeros=0;CPXPARAM_Barrier_Crossover=0;CPXPARAM_Barrier_Limits_Corrections=-1;CPXPARAM_Barrier_Ordering=0;CPXPARAM_Barrier_StartAlg=2;CPXPARAM_Emphasis_MIP=1;CPXPARAM_Emphasis_Memory=0;CPXPARAM_Emphasis_Numerical=0;CPXPARAM_Feasopt_Mode=0;CPXPARAM_LPMethod=0;CPXPARAM_MIP_Cuts_Cliques=0;CPXPARAM_MIP_Cuts_Covers=0;CPXPARAM_MIP_Cuts_Disjunctive=2;CPXPARAM_MIP_Cuts_FlowCovers=1;CPXPARAM_MIP_Cuts_GUBCovers=2;CPXPARAM_MIP_Cuts_Gomory=2;CPXPARAM_MIP_Cuts_Implied=1;CPXPARAM_MIP_Cuts_MIRCut=-1;CPXPARAM_MIP_Cuts_PathCut=2;CPXPARAM_MIP_Limits_AggForCut=3;CPXPARAM_MIP_Limits_CutPasses=0;CPXPARAM_MIP_Limits_CutsFactor=-1;CPXPARAM_MIP_Limits_GomoryCand=800;CPXPARAM_MIP_Limits_GomoryPass=0;CPXPARAM_MIP_Limits_Nodes=9223372036800000000;CPXPARAM_MIP_Limits_ProbeTime=0;CPXPARAM_MIP_Limits_RepairTries=0;CPXPARAM_MIP_Limits_StrongCand=10;CPXPARAM_MIP_Limits_StrongIt=0;CPXPARAM_MIP_OrderType=0;CPXPARAM_MIP_Strategy_BBInterval=7;CPXPARAM_MIP_Strategy_Branch=0;CPXPARAM_MIP_Strategy_Dive=0;CPXPARAM_MIP_Strategy_File=0;CPXPARAM_MIP_Strategy_HeuristicFreq=0;CPXPARAM_MIP_Strategy_LBHeur=0;CPXPARAM_MIP_Strategy_NodeSelect=1;CPXPARAM_MIP_Strategy_Order=1;CPXPARAM_MIP_Strategy_PresolveNode=0;CPXPARAM_MIP_Strategy_Probe=3;CPXPARAM_MIP_Strategy_RINSHeur=0;CPXPARAM_MIP_Strategy_StartAlgorithm=5;CPXPARAM_MIP_Strategy_SubAlgorithm=0;CPXPARAM_MIP_Strategy_VariableSelect=0;CPXPARAM_Network_NetFind=2;CPXPARAM_Network_Pricing=0;CPXPARAM_Parallel=1;CPXPARAM_Preprocessing_Aggregator=-1;CPXPARAM_Preprocessing_BoundStrength=-1;CPXPARAM_Preprocessing_CoeffReduce=-1;CPXPARAM_Preprocessing_Dependency=-1;CPXPARAM_Preprocessing_Dual=0;CPXPARAM_Preprocessing_Fill=10;CPXPARAM_Preprocessing_NumPass=-1;CPXPARAM_Preprocessing_Presolve=1;CPXPARAM_Preprocessing_QPMakePSD=1;CPXPARAM_Preprocessing_Reduce=3;CPXPARAM_Preprocessing_Relax=-1;CPXPARAM_Preprocessing_RepeatPresolve=-1;CPXPARAM_Preprocessing_Symmetry=4;CPXPARAM_Read_Scale=0;CPXPARAM_Sifting_Algorithm=0;CPXPARAM_Simplex_Crash=1;CPXPARAM_Simplex_DGradient=2;CPXPARAM_Simplex_Limits_Perturbation=0;CPXPARAM_Simplex_Limits_Singularity=10;CPXPARAM_Simplex_PGradient=0;CPXPARAM_Simplex_Pricing=0;CPXPARAM_Simplex_Refactor=0
2076337937371599338,0,CPXPARAM_Advance=1;CPXPARAM_Barrier_Algorithm=0;CPXPARAM_Barrier_ColNonzeros=0;CPXPARAM_Barrier_Crossover=0;CPXPARAM_Barrier_Limits_Corrections=-1;CPXPARAM_Barrier_Ordering=0;CPXPARAM_Barrier_StartAlg=1;CPXPARAM_Emphasis_MIP=1;CPXPARAM_Emphasis_Memory=0;CPXPARAM_Emphasis_Numerical=0;CPXPARAM_Feasopt_Mode=0;CPXPARAM_LPMethod=0;CPXPARAM_MIP_Cuts_Cliques=0;CPXPARAM_MIP_Cuts_Covers=0;CPXPARAM_MIP_Cuts_Disjunctive=2;CPXPARAM_MIP_Cuts_FlowCovers=1;CPXPARAM_MIP_Cuts_GUBCovers=2;CPXPARAM_MIP_Cuts_Gomory=2;CPXPARAM_MIP_Cuts_Implied=1;CPXPARAM_MIP_Cuts_MIRCut=-1;CPXPARAM_MIP_Cuts_PathCut=2;CPXPARAM_MIP_Limits_AggForCut=3;CPXPARAM_MIP_Limits_CutPasses=0;CPXPARAM_MIP_Limits_CutsFactor=-1;CPXPARAM_MIP_Limits_GomoryCand=800;CPXPARAM_MIP_Limits_GomoryPass=0;CPXPARAM_MIP_Limits_Nodes=9223372036800000000;CPXPARAM_MIP_Limits_ProbeTime=0;CPXPARAM_MIP_Limits_RepairTries=0;CPXPARAM_MIP_Limits_StrongCand=10;CPXPARAM_MIP_Limits_StrongIt=0;CPXPARAM_MIP_OrderType=0;CPXPARAM_MIP_Strategy_BBInterval=7;CPXPARAM_MIP_Strategy_Branch=0;CPXPARAM_MIP_Strategy_Dive=0;CPXPARAM_MIP_Strategy_File=1;CPXPARAM_MIP_Strategy_HeuristicFreq=0;CPXPARAM_MIP_Strategy_LBHeur=0;CPXPARAM_MIP_Strategy_NodeSelect=1;CPXPARAM_MIP_Strategy_Order=1;CPXPARAM_MIP_Strategy_PresolveNode=0;CPXPARAM_MIP_Strategy_Probe=3;CPXPARAM_MIP_Strategy_RINSHeur=0;CPXPARAM_MIP_Strategy_StartAlgorithm=5;CPXPARAM_MIP_Strategy_SubAlgorithm=1;CPXPARAM_MIP_Strategy_VariableSelect=0;CPXPARAM_Network_NetFind=2;CPXPARAM_Network_Pricing=0;CPXPARAM_Parallel=1;CPXPARAM_Preprocessing_Aggregator=-1;CPXPARAM_Preprocessing_BoundStrength=-1;CPXPARAM_Preprocessing_CoeffReduce=-1;CPXPARAM_Preprocessing_Dependency=-1;CPXPARAM_Preprocessing_Dual=0;CPXPARAM_Preprocessing_Fill=10;CPXPARAM_Preprocessing_NumPass=-1;CPXPARAM_Preprocessing_Presolve=1;CPXPARAM_Preprocessing_QPMakePSD=1;CPXPARAM_Preprocessing_Reduce=3;CPXPARAM_Preprocessing_Relax=-1;CPXPARAM_Preprocessing_RepeatPresolve=-1;CPXPARAM_Preprocessing_Symmetry=4;CPXPARAM_Read_Scale=0;CPXPARAM_Sifting_Algorithm=0;CPXPARAM_Simplex_Crash=1;CPXPARAM_Simplex_DGradient=0;CPXPARAM_Simplex_Limits_Perturbation=0;CPXPARAM_Simplex_Limits_Singularity=10;CPXPARAM_Simplex_PGradient=0;CPXPARAM_Simplex_Pricing=0;CPXPARAM_Simplex_Refactor=0
13800233985671771465,0,CPXPARAM_Advance=1;CPXPARAM_Barrier_Algorithm=0;CPXPARAM_Barrier_ColNonzeros=0;CPXPARAM_Barrier_Crossover=0;CPXPARAM_Barrier_Limits_Corrections=-1;CPXPARAM_Barrier_Ordering=0;CPXPARAM_Barrier_StartAlg=1;CPXPARAM_Emphasis_MIP=1;CPXPARAM_Emphasis_Memory=0;CPXPARAM_Emphasis_Numerical=0;CPXPARAM_Feasopt_Mode=0;CPXPARAM_LPMethod=0;CPXPARAM_MIP_Cuts_Cliques=-1;CPXPARAM_MIP_Cuts_Covers=0;CPXPARAM_MIP_Cuts_Disjunctive=2;CPXPARAM_MIP_Cuts_FlowCovers=1;CPXPARAM_MIP_Cuts_GUBCovers=2;CPXPARAM_MIP_Cuts_Gomory=2;CPXPARAM_MIP_Cuts_Implied=1;CPXPARAM_MIP_Cuts_MIRCut=-1;CPXPARAM_MIP_Cuts_PathCut=2;CPXPARAM_MIP_Limits_AggForCut=3;CPXPARAM_MIP_Limits_CutPasses=0;CPXPARAM_MIP_Limits_CutsFactor=-1;CPXPARAM_MIP_Limits_GomoryCand=800;CPXPARAM_MIP_Limits_GomoryPass=0;CPXPARAM_MIP_Limits_Nodes=9223372036800000000;CPXPARAM_MIP_Limits_ProbeTime=0;CPXPARAM_MIP_Limits_RepairTries=0;CPXPARAM_MIP_Limits_StrongCand=10;CPXPARAM_MIP_Limits_StrongIt=0;CPXPARAM_MIP_OrderType=0;CPXPARAM_MIP_Strategy_BBInterval=7;CPXPARAM_MIP_Strategy_Branch=0;CPXPARAM_MIP_Strategy_Dive=0;CPXPARAM_MIP_Strategy_File=1;CPXPARAM_MIP_Strategy_HeuristicFreq=0;CPXPARAM_MIP_Strategy_LBHeur=0;CPXPARAM_MIP_Strategy_NodeSelect=1;CPXPARAM_MIP_Strategy_Order=1;CPXPARAM_MIP_Strategy_PresolveNode=0;CPXPARAM_MIP_Strategy_Probe=3;CPXPARAM_MIP_Strategy_RINSHeur=0;CPXPARAM_MIP_Strategy_StartAlgorithm=5;CPXPARAM_MIP_Strategy_SubAlgorithm=0;CPXPARAM_MIP_Strategy_VariableSelect=0;CPXPARAM_Network_NetFind=2;CPXPARAM_Network_Pricing=0;CPXPARAM_Parallel=1;CPXPARAM_Preprocessing_Aggregator=-1;CPXPARAM_Preprocessing_BoundStrength=-1;CPXPARAM_Preprocessing_CoeffReduce=-1;CPXPARAM_Preprocessing_Dependency=-1;CPXPARAM_Preprocessing_Dual=0;CPXPARAM_Preprocessing_Fill=10;CPXPARAM_Preprocessing_NumPass=-1;CPXPARAM_Preprocessing_Presolve=1;CPXPARAM_Preprocessing_QPMakePSD=1;CPXPARAM_Preprocessing_Reduce=3;CPXPARAM_Preprocessing_Relax=-1;CPXPARAM_Preprocessing_RepeatPresolve=-1;CPXPARAM_Preprocessing_Symmetry=4;CPXPARAM_Read_Scale=0;CPXPARAM_Sifting_Algorithm=0;CPXPARAM_Simplex_Crash=1;CPXPARAM_Simplex_DGradient=0;CPXPARAM_Simplex_Limits_Perturbation=0;CPXPARAM_Simplex_Limits_Singularity=10;CPXPARAM_Simplex_PGradient=0;CPXPARAM_Simplex_Pricing=0;CPXPARAM_Simplex_Refactor=0
13845320058407487827,0,CPXPARAM_Advance=1;CPXPARAM_Barrier_Algorithm=0;CPXPARAM_Barrier_ColNonzeros=0;CPXPARAM_Barrier_Crossover=0;CPXPARAM_Barrier_Limits_Corrections=-1;CPXPARAM_Barrier_Ordering=0;CPXPARAM_Barrier_StartAlg=1;CPXPARAM_Emphasis_MIP=1;CPXPARAM_Emphasis_Memory=0;CPXPARAM_Emphasis_Numerical=0;CPXPARAM_Feasopt_Mode=0;CPXPARAM_LPMethod=0;CPXPARAM_MIP_Cuts_Cliques=0;CPXPARAM_MIP_Cuts_Covers=0;CPXPARAM_MIP_Cuts_Disjunctive=-1;CPXPARAM_MIP_Cuts_FlowCovers=1;CPXPARAM_MIP_Cuts_GUBCovers=2;CPXPARAM_MIP_Cuts_Gomory=2;CPXPARAM_MIP_Cuts_Implied=1;CPXPARAM_MIP_Cuts_MIRCut=-1;CPXPARAM_MIP_Cuts_PathCut=2;CPXPARAM_MIP_Limits_AggForCut=3;CPXPARAM_MIP_Limits_CutPasses=0;CPXPARAM_MIP_Limits_CutsFactor=-1;CPXPARAM_MIP_Limits_GomoryCand=800;CPXPARAM_MIP_Limits_GomoryPass=0;CPXPARAM_MIP_Limits_Nodes=9223372036800000000;CPXPARAM_MIP_Limits_ProbeTime=0;CPXPARAM_MIP_Limits_RepairTries=0;CPXPARAM_MIP_Limits_StrongCand=10;CPXPARAM_MIP_Limits_StrongIt=0;CPXPARAM_MIP_OrderType=0;CPXPARAM_MIP_Strategy_BBInterval=7;CPXPARAM_MIP_Strategy_Branch=0;CPXPARAM_MIP_Strategy_Dive=0;CPXPARAM_MIP_Strategy_File=1;CPXPARAM_MIP_Strategy_HeuristicFreq=0;CPXPARAM_MIP_Strategy_LBHeur=0;CPXPARAM_MIP_Strategy_NodeSelect=1;CPXPARAM_MIP_Strategy_Order=1;CPXPARAM_MIP_Strategy_PresolveNode=0;CPXPARAM_MIP_Strategy_Probe=3;CPXPARAM_MIP_Strategy_RINSHeur=0;CPXPARAM_MIP_Strategy_StartAlgorithm=5;CPXPARAM_MIP_Strategy_SubAlgorithm=0;CPXPARAM_MIP_Strategy_VariableSelect=0;CPXPARAM_Network_NetFind=2;CPXPARAM_Network_Pricing=0;CPXPARAM_Parallel=1;CPXPARAM_Preprocessing_Aggregator=-1;CPXPARAM_Preprocessing_BoundStrength=-1;CPXPARAM_Preprocessing_CoeffReduce=-1;CPXPARAM_Preprocessing_Dependency=-1;CPXPARAM_Preprocessing_Dual=0;CPXPARAM_Preprocessing_Fill=10;CPXPARAM_Preprocessing_NumPass=-1;CPXPARAM_Preprocessing_Presolve=1;CPXPARAM_Preprocessing_QPMakePSD=1;CPXPARAM_Preprocessing_Reduce=3;CPXPARAM_Preprocessing_Relax=-1;CPXPARAM_Preprocessing_RepeatPresolve=-1;CPXPARAM_Preprocessing_Symmetry=4;CPXPARAM_Read_Scale=0;CPXPARAM_Sifting_Algorithm=0;CPXPARAM_Simplex_Crash=1;CPXPARAM_Simplex_DGradient=0;CPXPARAM_Simplex_Limits_Perturbation=0;CPXPARAM_Simplex_Limits_Singularity=10;CPXPARAM_Simplex_PGradient=0;CPXPARAM_Simplex_Pricing=0;CPXPARAM_Simplex_Refactor=0
1358602528862866569,0,CPXPARAM_Advance=1;CPXPARAM_Barrier_Algorithm=0;CPXPARAM_Barrier_ColNonzeros=0;CPXPARAM_Barrier_Crossover=0;CPXPARAM_Barrier_Limits_Corrections=-1;CPXPARAM_Barrier_Ordering=0;CPXPARAM_Barrier_StartAlg=1;CPXPARAM_Emphasis_MIP=1;CPXPARAM_Emphasis_Memory=0;CPXPARAM_Emphasis_Numerical=0;CPXPARAM_Feasopt_Mode=0;CPXPARAM_LPMethod=0;CPXPARAM_MIP_Cuts_Cliques=3;CPXPARAM_MIP_Cuts_Covers=0;CPXPARAM_MIP_Cuts_Disjunctive=2;CPXPARAM_MIP_Cuts_FlowCovers=0;CPXPARAM_MIP_Cuts_GUBCovers=0;CPXPARAM_MIP_Cuts_Gomory=-1;CPXPARAM_MIP_Cuts_Implied=1;CPXPARAM_MIP_Cuts_MIRCut=2;CPXPARAM_MIP_Cuts_PathCut=-1;CPXPARAM_MIP_Limits_AggForCut=3;CPXPARAM_MIP_Limits_CutPasses=0;CPXPARAM_MIP_Limits_CutsFactor=-1;CPXPARAM_MIP_Limits_GomoryCand=800;CPXPARAM_MIP_Limits_GomoryPass=0;CPXPARAM_MIP_Limits_Nodes=9223372036800000000;CPXPARAM_MIP_Limits_ProbeTime=40;CPXPARAM_MIP_Limits_RepairTries=0;CPXPARAM_MIP_Limits_StrongCand=10;CPXPARAM_MIP_Limits_StrongIt=0;CPXPARAM_MIP_OrderType=0;CPXPARAM_MIP_Strategy_BBInterval=7;CPXPARAM_MIP_Strategy_Branch=-1;CPXPARAM_MIP_Strategy_Dive=0;CPXPARAM_MIP_Strategy_File=1;CPXPARAM_MIP_Strategy_HeuristicFreq=0;CPXPARAM_MIP_Strategy_LBHeur=0;CPXPARAM_MIP_Strategy_NodeSelect=1;CPXPARAM_MIP_Strategy_Order=1;CPXPARAM_MIP_Strategy_PresolveNode=0;CPXPARAM_MIP_Strategy_Probe=3;CPXPARAM_MIP_Strategy_RINSHeur=0;CPXPARAM_MIP_Strategy_StartAlgorithm=0;CPXPARAM_MIP_Strategy_SubAlgorithm=0;CPXPARAM_MIP_Strategy_VariableSelect=4;CPXPARAM_Network_NetFind=2;CPXPARAM_Network_Pricing=0;CPXPARAM_Parallel=1;CPXPARAM_Preprocessing_Aggregator=-1;CPXPARAM_Preprocessing_BoundStrength=-1;CPXPARAM_Preprocessing_CoeffReduce=-1;CPXPARAM_Preprocessing_Dependency=-1;CPXPARAM_Preprocessing_Dual=0;CPXPARAM_Preprocessing_Fill=10;CPXPARAM_Preprocessing_NumPass=-1;CPXPARAM_Preprocessing_Presolve=1;CPXPARAM_Preprocessing_QPMakePSD=1;CPXPARAM_Preprocessing_Reduce=3;CPXPARAM_Preprocessing_Relax=-1;CPXPARAM_Preprocessing_RepeatPresolve=-1;CPXPARAM_Preprocessing_Symmetry=-1;CPXPARAM_Read_Scale=0;CPXPARAM_Sifting_Algorithm=0;CPXPARAM_Simplex_Crash=1;CPXPARAM_Simplex_DGradient=0;CPXPARAM_Simplex_Limits_Perturbation=0;CPXPARAM_Simplex_Limits_Singularity=10;CPXPARAM_Simplex_PGradient=0;CPXPARAM_Simplex_Pricing=0;CPXPARAM_Simplex_Refactor=0
8236840644913039297,0,CPXPARAM_Advance=1;CPXPARAM_Barrier_Algorithm=0;CPXPARAM_Barrier_ColNonzeros=0;CPXPARAM_Barrier_Crossover=0;CPXPARAM_Barrier_Limits_Corrections=-1;CPXPARAM_Barrier_Ordering=0;CPXPARAM_Barrier_StartAlg=1;CPXPARAM_Emphasis_MIP=1;CPXPARAM_Emphasis_Memory=0;CPXPARAM_Emphasis_Numerical=0;CPXPARAM_Feasopt_Mode=0;CPXPARAM_LPMethod=0;CPXPARAM_MIP_Cuts_Cliques=0;CPXPARAM_MIP_Cuts_Covers=0;CPXPARAM_MIP_Cuts_Disjunctive=2;CPXPARAM_MIP_Cuts_FlowCovers=1;CPXPARAM_MIP_Cuts_GUBCovers=2;CPXPARAM_MIP_Cuts_Gomory=2;CPXPARAM_MIP_Cuts_Implied=1;CPXPARAM_MIP_Cuts_MIRCut=-1;CPXPARAM_MIP_Cuts_PathCut=2;CPXPARAM_MIP_Limits_AggForCut=3;CPXPARAM_MIP_Limits_CutPasses=0;CPXPARAM_MIP_Limits_CutsFactor=-1;CPXPARAM_MIP_Limits_GomoryCand=50;CPXPARAM_MIP_Limits_GomoryPass=0;CPXPARAM_MIP_Limits_Nodes=9223372036800000000;CPXPARAM_MIP_Limits_ProbeTime=0;CPXPARAM_MIP_Limits_RepairTries=0;CPXPARAM_MIP_Limits_StrongCand=10;CPXPARAM_MIP_Limits_StrongIt=0;CPXPARAM_MIP_OrderType=0;CPXPARAM_MIP_Strategy_BBInterval=7;CPXPARAM_MIP_Strategy_Branch=0;CPXPARAM_MIP_Strategy_Dive=0;CPXPARAM_MIP_Strategy_File=1;CPXPARAM_MIP_Strategy_HeuristicFreq=0;CPXPARAM_MIP_Strategy_LBHeur=0;CPXPARAM_MIP_Strategy_NodeSelect=1;CPXPARAM_MIP_Strategy_Order=1;CPXPARAM_MIP_Strategy_PresolveNode=0;CPXPARAM_MIP_Strategy_Probe=3;CPXPARAM_MIP_Strategy_RINSHeur=0;CPXPARAM_MIP_Strategy_StartAlgorithm=5;CPXPARAM_MIP_Strategy_SubAlgorithm=0;CPXPARAM_MIP_Strategy_VariableSelect=0;CPXPARAM_Network_NetFind=2;CPXPARAM_Network_Pricing=0;CPXPARAM_Parallel=1;CPXPARAM_Preprocessing_Aggregator=-1;CPXPARAM_Preprocessing_BoundStrength=-1;CPXPARAM_Preprocessing_CoeffReduce=-1;CPXPARAM_Preprocessing_Dependency=-1;CPXPARAM_Preprocessing_Dual=0;CPXPARAM_Preprocessing_Fill=10;CPXPARAM_Preprocessing_NumPass=-1;CPXPARAM_Preprocessing_Presolve=1;CPXPARAM_Preprocessing_QPMakePSD=1;CPXPARAM_Preprocessing_Reduce=3;CPXPARAM_Preprocessing_Relax=-1;CPXPARAM_Preprocessing_RepeatPresolve=-1;CPXPARAM_Preprocessing_Symmetry=4;CPXPARAM_Read_Scale=0;CPXPARAM_Sifting_Algorithm=0;CPXPARAM_Simplex_Crash=1;CPXPARAM_Simplex_DGradient=0;CPXPARAM_Simplex_Limits_Perturbation=0;CPXPARAM_Simplex_Limits_Singularity=10;CPXPARAM_Simplex_PGradient=0;CPXPARAM_Simplex_Pricing=0;CPXPARAM_Simplex_Refactor=0
5276172336988043093,0,CPXPARAM_Advance=1;CPXPARAM_Barrier_Algorithm=0;CPXPARAM_Barrier_ColNonzeros=0;CPXPARAM_Barrier_Crossover=0;CPXPARAM_Barrier_Limits_Corrections=-1;CPXPARAM_Barrier_Ordering=0;CPXPARAM_Barrier_StartAlg=1;CPXPARAM_Emphasis_MIP=1;CPXPARAM_Emphasis_Memory=0;CPXPARAM_Emphasis_Numerical=0;CPXPARAM_Feasopt_Mode=0;CPXPARAM_LPMethod=0;CPXPARAM_MIP_Cuts_Cliques=2;CPXPARAM_MIP_Cuts_Covers=0;CPXPARAM_MIP_Cuts_Disjunctive=0;CPXPARAM_MIP_Cuts_FlowCovers=-1;CPXPARAM_MIP_Cuts_GUBCovers=2;CPXPARAM_MIP_Cuts_Gomory=2;CPXPARAM_MIP_Cuts_Implied=-1;CPXPARAM_MIP_Cuts_MIRCut=2;CPXPARAM_MIP_Cuts_PathCut=2;CPXPARAM_MIP_Limits_AggForCut=3;CPXPARAM_MIP_Limits_CutPasses=0;CPXPARAM_MIP_Limits_CutsFactor=-1;CPXPARAM_MIP_Limits_GomoryCand=150;CPXPARAM_MIP_Limits_GomoryPass=0;CPXPARAM_MIP_Limits_Nodes=9223372036800000000;CPXPARAM_MIP_Limits_ProbeTime=30;CPXPARAM_MIP_Limits_RepairTries=0;CPXPARAM_MIP_Limits_StrongCand=10;CPXPARAM_MIP_Limits_StrongIt=0;CPXPARAM_MIP_OrderType=0;CPXPARAM_MIP_Strategy_BBInterval=7;CPXPARAM_MIP_Strategy_Branch=0;CPXPARAM_MIP_Strategy_Dive=0;CPXPARAM_MIP_Strategy_File=1;CPXPARAM_MIP_Strategy_HeuristicFreq=0;CPXPARAM_MIP_Strategy_LBHeur=0;CPXPARAM_MIP_Strategy_NodeSelect=1;CPXPARAM_MIP_Strategy_Order=1;CPXPARAM_MIP_Strategy_PresolveNode=0;CPXPARAM_MIP_Strategy_Probe=0;CPXPARAM_MIP_Strategy_RINSHeur=0;CPXPARAM_MIP_Strategy_StartAlgorithm=1;CPXPARAM_MIP_Strategy_SubAlgorithm=5;CPXPARAM_MIP_Strategy_VariableSelect=0;CPXPARAM_Network_NetFind=2;CPXPARAM_Network_Pricing=0;CPXPARAM_Parallel=1;CPXPARAM_Preprocessing_Aggregator=-1;CPXPARAM_Preprocessing_BoundStrength=-1;CPXPARAM_Preprocessing_CoeffReduce=-1;CPXPARAM_Preprocessing_Dependency=-1;CPXPARAM_Preprocessing_Dual=0;CPXPARAM_Preprocessing_Fill=10;CPXPARAM_Preprocessing_NumPass=-1;CPXPARAM_Preprocessing_Presolve=1;CPXPARAM_Preprocessing_QPMakePSD=1;CPXPARAM_Preprocessing_Reduce=3;CPXPARAM_Preprocessing_Relax=-1;CPXPARAM_Preprocessing_RepeatPresolve=-1;CPXPARAM_Preprocessing_Symmetry=5;CPXPARAM_Read_Scale=0;CPXPARAM_Sifting_Algorithm=0;CPXPARAM_Simplex_Crash=1;CPXPARAM_Simplex_DGradient=0;CPXPARAM_Simplex_Limits_Perturbation=0;CPXPARAM_Simplex_Limits_Singularity=10;CPXPARAM_Simplex_PGradient=0;CPXPARAM_Simplex_Pricing=0;CPXPARAM_Simplex_Refactor=0
7006655691941793334,0,CPXPARAM_Advance=1;CPXPARAM_Barrier_Algorithm=0;CPXPARAM_Barrier_ColNonzeros=0;CPXPARAM_Barrier_Crossover=0;CPXPARAM_Barrier_Limits_Corrections=-1;CPXPARAM_Barrier_Ordering=1;CPXPARAM_Barrier_StartAlg=1;CPXPARAM_Emphasis_MIP=1;CPXPARAM_Emphasis_Memory=0;CPXPARAM_Emphasis_Numerical=0;CPXPARAM_Feasopt_Mode=0;CPXPARAM_LPMethod=0;CPXPARAM_MIP_Cuts_Cliques=0;CPXPARAM_MIP_Cuts_Covers=0;CPXPARAM_MIP_Cuts_Disjunctive=2;CPXPARAM_MIP_Cuts_FlowCovers=1;CPXPARAM_MIP_Cuts_GUBCovers=2;CPXPARAM_MIP_Cuts_Gomory=2;CPXPARAM_MIP_Cuts_Implied=1;CPXPARAM_MIP_Cuts_MIRCut=-1;CPXPARAM_MIP_Cuts_PathCut=2;CPXPARAM_MIP_Limits_AggForCut=3;CPXPARAM_MIP_Limits_CutPasses=0;CPXPARAM_MIP_Limits_CutsFactor=-1;CPXPARAM_MIP_Limits_GomoryCand=800;CPXPARAM_MIP_Limits_GomoryPass=0;CPXPARAM_MIP_Limits_Nodes=9223372036800000000;CPXPARAM_MIP_Limits_ProbeTime=0;CPXPARAM_MIP_Limits_RepairTries=0;CPXPARAM_MIP_Limits_StrongCand=10;CPXPARAM_MIP_Limits_StrongIt=0;CPXPARAM_MIP_OrderType=0;CPXPARAM_MIP_Strategy_BBInterval=7;CPXPARAM_MIP_Strategy_Branch=0;CPXPARAM_MIP_Strategy_Dive=0;CPXPARAM_MIP_Strategy_File=1;CPXPARAM_MIP_Strategy_HeuristicFreq=0;CPXPARAM_MIP_Strategy_LBHeur=0;CPXPARAM_MIP_Strategy_NodeSelect=1;CPXPARAM_MIP_Strategy_Order=1;CPXPARAM_MIP_Strategy_PresolveNode=0;CPXPARAM_MIP_Strategy_Probe=3;CPXPARAM_MIP_Strategy_RINSHeur=0;CPXPARAM_MIP_Strategy_StartAlgorithm=5;CPXPARAM_MIP_Strategy_SubAlgorithm=0;CPXPARAM_MIP_Strategy_VariableSelect=0;CPXPARAM_Network_NetFind=2;CPXPARAM_Network_Pricing=0;CPXPARAM_Parallel=1;CPXPARAM_Preprocessing_Aggregator=-1;CPXPARAM_Preprocessing_BoundStrength=-1;CPXPARAM_Preprocessing_CoeffReduce=-1;CPXPARAM_Preprocessing_Dependency=-1;CPXPARAM_Preprocessing_Dual=0;CPXPARAM_Preprocessing_Fill=10;CPXPARAM_Preprocessing_NumPass=-1;CPXPARAM_Preprocessing_Presolve=1;CPXPARAM_Preprocessing_QPMakePSD=1;CPXPARAM_Preprocessing_Reduce=3;CPXPARAM_Preprocessing_Relax=-1;CPXPARAM_Preprocessing_RepeatPresolve=-1;CPXPARAM_Preprocessing_Symmetry=4;CPXPARAM_Read_Scale=0;CPXPARAM_Sifting_Algorithm=0;CPXPARAM_Simplex_Crash=1;CPXPARAM_Simplex_DGradient=0;CPXPARAM_Simplex_Limits_Perturbation=0;CPXPARAM_Simplex_Limits_Singularity=10;CPXPARAM_Simplex_PGradient=0;CPXPARAM_Simplex_Pricing=0;CPXPARAM_Simplex_Refactor=0
9373748525724602883,0,CPXPARAM_Advance=1;CPXPARAM_Barrier_Algorithm=0;CPXPARAM_Barrier_ColNonzeros=0;CPXPARAM_Barrier_Crossover=2;CPXPARAM_Barrier_Limits_Corrections=-1;CPXPARAM_Barrier_Ordering=0;CPXPARAM_Barrier_StartAlg=1;CPXPARAM_Emphasis_MIP=1;CPXPARAM_Emphasis_Memory=0;CPXPARAM_Emphasis_Numerical=0;CPXPARAM_Feasopt_Mode=0;CPXPARAM_LPMethod=0;CPXPARAM_MIP_Cuts_Cliques=1;CPXPARAM_MIP_Cuts_Covers=0;CPXPARAM_MIP_Cuts_Disjunctive=-1;CPXPARAM_MIP_Cuts_FlowCovers=-1;CPXPARAM_MIP_Cuts_GUBCovers=1;CPXPARAM_MIP_Cuts_Gomory=1;CPXPARAM_MIP_Cuts_Implied=1;CPXPARAM_MIP_Cuts_MIRCut=2;CPXPARAM_MIP_Cuts_PathCut=-1;CPXPARAM_MIP_Limits_AggForCut=3;CPXPARAM_MIP_Limits_CutPasses=0;CPXPARAM_MIP_Limits_CutsFactor=-1;CPXPARAM_MIP_Limits_GomoryCand=10;CPXPARAM_MIP_Limits_GomoryPass=0;CPXPARAM_MIP_Limits_Nodes=9223372036800000000;CPXPARAM_MIP_Limits_ProbeTime=10;CPXPARAM_MIP_Limits_RepairTries=0;CPXPARAM_MIP_Limits_StrongCand=10;CPXPARAM_MIP_Limits_StrongIt=0;CPXPARAM_MIP_OrderType=0;CPXPARAM_MIP_Strategy_BBInterval=7;CPXPARAM_MIP_Strategy_Branch=0;CPXPARAM_MIP_Strategy_Dive=0;CPXPARAM_MIP_Strategy_File=1;CPXPARAM_MIP_Strategy_HeuristicFreq=0;CPXPARAM_MIP_Strategy_LBHeur=0;CPXPARAM_MIP_Strategy_NodeSelect=1;CPXPARAM_MIP_Strategy_Order=1;CPXPARAM_MIP_Strategy_PresolveNode=0;CPXPARAM_MIP_Strategy_Probe=0;CPXPARAM_MIP_Strategy_RINSHeur=0;CPXPARAM_MIP_Strategy_StartAlgorithm=2;CPXPARAM_MIP_Strategy_SubAlgorithm=3;CPXPARAM_MIP_Strategy_VariableSelect=-1;CPXPARAM_Network_NetFind=2;CPXPARAM_Network_Pricing=0;CPXPARAM_Parallel=1;CPXPARAM_Preprocessing_Aggregator=-1;CPXPARAM_Preprocessing_BoundStrength=-1;CPXPARAM_Preprocessing_CoeffReduce=-1;CPXPARAM_Preprocessing_Dependency=-1;CPXPARAM_Preprocessing_Dual=0;CPXPARAM_Preprocessing_Fill=10;CPXPARAM_Preprocessing_NumPass=-1;CPXPARAM_Preprocessing_Presolve=1;CPXPARAM_Preprocessing_QPMakePSD=1;CPXPARAM_Preprocessing_Reduce=3;CPXPARAM_Preprocessing_Relax=-1;CPXPARAM_Preprocessing_RepeatPresolve=-1;CPXPARAM_Preprocessing_Symmetry=0;CPXPARAM_Read_Scale=0;CPXPARAM_Sifting_Algorithm=0;CPXPARAM_Simplex_Crash=1;CPXPARAM_Simplex_DGradient=2;CPXPARAM_Simplex_Limits_Perturbation=0;CPXPARAM_Simplex_Limits_Singularity=10;CPXPARAM_Simplex_PGradient=0;CPXPARAM_Simplex_Pricing=0;CPXPARAM_Simplex_Refactor=0
15918270574055470287,0,CPXPARAM_Advance=1;CPXPARAM_Barrier_Algorithm=0;CPXPARAM_Barrier_ColNonzeros=0;CPXPARAM_Barrier_Crossover=2;CPXPARAM_Barrier_Limits_Corrections=-1;CPXPARAM_Barrier_Ordering=0;CPXPARAM_Barrier_StartAlg=1;CPXPARAM_Emphasis_MIP=1;CPXPARAM_Emphasis_Memory=0;CPXPARAM_Emphasis_Numerical=0;CPXPARAM_Feasopt_Mode=0;CPXPARAM_LPMethod=0;CPXPARAM_MIP_Cuts_Cliques=1;CPXPARAM_MIP_Cuts_Covers=0;CPXPARAM_MIP_Cuts_Disjunctive=-1;CPXPARAM_MIP_Cuts_FlowCovers=-1;CPXPARAM_MIP_Cuts_GUBCovers=1;CPXPARAM_MIP_Cuts_Gomory=1;CPXPARAM_MIP_Cuts_Implied=1;CPXPARAM_MIP_Cuts_MIRCut=2;CPXPARAM_MIP_Cuts_PathCut=-1;CPXPARAM_MIP_Limits_AggForCut=3;CPXPARAM_MIP_Limits_CutPasses=0;CPXPARAM_MIP_Limits_CutsFactor=-1;CPXPARAM_MIP_Limits_GomoryCand=10;CPXPARAM_MIP_Limits_GomoryPass=0;CPXPARAM_MIP_Limits_Nodes=9223372036800000000;CPXPARAM_MIP_Limits_ProbeTime=10;CPXPARAM_MIP_Limits_RepairTries=0;CPXPARAM_MIP_Limits_StrongCand=10;CPXPARAM_MIP_Limits_StrongIt=0;CPXPARAM_MIP_OrderType=0;CPXPARAM_MIP_Strategy_BBInterval=7;CPXPARAM_MIP_Strategy_Branch=0;CPXPARAM_MIP_Strategy_Dive=0;CPXPARAM_MIP_Strategy_File=1;CPXPARAM_MIP_Strategy_HeuristicFreq=0;CPXPARAM_MIP_Strategy_LBHeur=0;CPXPARAM_MIP_Strategy_NodeSelect=1;CPXPARAM_MIP_Strategy_Order=1;CPXPARAM_MIP_Strategy_PresolveNode=0;CPXPARAM_MIP_Strategy_Probe=0;CPXPARAM_MIP_Strategy_RINSHeur=0;CPXPARAM_MIP_Strategy_StartAlgorithm=2;CPXPARAM_MIP_Strategy_SubAlgorithm=3;CPXPARAM_MIP_Strategy_VariableSelect=-1;CPXPARAM_Network_NetFind=2;CPXPARAM_Network_Pricing=0;CPXPARAM_Parallel=1;CPXPARAM_Preprocessing_Aggregator=-1;CPXPARAM_Preprocessing_BoundStrength=-1;CPXPARAM_Preprocessing_CoeffReduce=-1;CPXPARAM_Preprocessing_Dependency=-1;CPXPARAM_Preprocessing_Dual=0;CPXPARAM_Preprocessing_Fill=10;CPXPARAM_Preprocessing_NumPass=-1;CPXPARAM_Preprocessing_Presolve=1;CPXPARAM_Preprocessing_QPMakePSD=1;CPXPARAM_Preprocessing_Reduce=3;CPXPARAM_Preprocessing_Relax=-1;CPXPARAM_Preprocessing_RepeatPresolve=-1;CPXPARAM_Preprocessing_Symmetry=0;CPXPARAM_Read_Scale=0;CPXPARAM_Sifting_Algorithm=0;CPXPARAM_Simplex_Crash=1;CPXPARAM_Simplex_DGradient=1;CPXPARAM_Simplex_Limits_Perturbation=0;CPXPARAM_Simplex_Limits_Singularity=10;CPXPARAM_Simplex_PGradient=0;CPXPARAM_Simplex_Pricing=0;CPXPARAM_Simplex_Refactor=0
11132522600172603502,0,CPXPARAM_Advance=1;CPXPARAM_Barrier_Algorithm=0;CPXPARAM_Barrier_ColNonzeros=0;CPXPARAM_Barrier_Crossover=2;CPXPARAM_Barrier_Limits_Corrections=-1;CPXPARAM_Barrier_Ordering=0;CPXPARAM_Barrier_StartAlg=1;CPXPARAM_Emphasis_MIP=1;CPXPARAM_Emphasis_Memory=0;CPXPARAM_Emphasis_Numerical=0;CPXPARAM_Feasopt_Mode=0;CPXPARAM_LPMethod=0;CPXPARAM_MIP_Cuts_Cliques=1;CPXPARAM_MIP_Cuts_Covers=0;CPXPARAM_MIP_Cuts_Disjunctive=-1;CPXPARAM_MIP_Cuts_FlowCovers=-1;CPXPARAM_MIP_Cuts_GUBCovers=1;CPXPARAM_MIP_Cuts_Gomory=1;CPXPARAM_MIP_Cuts_Implied=1;CPXPARAM_MIP_Cuts_MIRCut=2;CPXPARAM_MIP_Cuts_PathCut=-1;CPXPARAM_MIP_Limits_AggForCut=3;CPXPARAM_MIP_Limits_CutPasses=0;CPXPARAM_MIP_Limits_CutsFactor=-1;CPXPARAM_MIP_Limits_GomoryCand=10;CPXPARAM_MIP_Limits_GomoryPass=0;CPXPARAM_MIP_Limits_Nodes=9223372036800000000;CPXPARAM_MIP_Limits_ProbeTime=10;CPXPARAM_MIP_Limits_RepairTries=0;CPXPARAM_MIP_Limits_StrongCand=10;CPXPARAM_MIP_Limits_StrongIt=0;CPXPARAM_MIP_OrderType=0;CPXPARAM_MIP_Strategy_BBInterval=7;CPXPARAM_MIP_Strategy_Branch=0;CPXPARAM_MIP_Strategy_Dive=0;CPXPARAM_MIP_Strategy_File=1;CPXPARAM_MIP_Strategy_HeuristicFreq=0;CPXPARAM_MIP_Strategy_LBHeur=0;CPXPARAM_MIP_Strategy_NodeSelect=1;CPXPARAM_MIP_Strategy_Order=1;CPXPARAM_MIP_Strategy_PresolveNode=0;CPXPARAM_MIP_Strategy_Probe=0;CPXPARAM_MIP_Strategy_RINSHeur=0;CPXPARAM_MIP_Strategy_StartAlgorithm=2;CPXPARAM_MIP_Strategy_SubAlgorithm=3;CPXPARAM_MIP_Strategy_VariableSelect=-1;CPXPARAM_Network_NetFind=2;CPXPARAM_Network_Pricing=0;CPXPARAM_Parallel=1;CPXPARAM_Preprocessing_Aggregator=-1;CPXPARAM_Preprocessing_BoundStrength=-1;CPXPARAM_Preprocessing_CoeffReduce=-1;CPXPARAM_Preprocessing_Dependency=-1;CPXPARAM_Preprocessing_Dual=0;CPXPARAM_Preprocessing_Fill=10;CPXPARAM_Preprocessing_NumPass=-1;CPXPARAM_Preprocessing_Presolve=1;CPXPARAM_Preprocessing_QPMakePSD=1;CPXPARAM_Preprocessing_Reduce=3;CPXPARAM_Preprocessing_Relax=-1;CPXPARAM_Preprocessing_RepeatPresolve=-1;CPXPARAM_Preprocessing_Symmetry=0;CPXPARAM_Read_Scale=0;CPXPARAM_Sifting_Algorithm=0;CPXPARAM_Simplex_Crash=1;CPXPARAM_Simplex_DGradient=5;CPXPARAM_Simplex_Limits_Perturbation=0;CPXPARAM_Simplex_Limits_Singularity=10;CPXPARAM_Simplex_PGradient=0;CPXPARAM_Simplex_Pricing=0;CPXPARAM_Simplex_Refactor=0
6278491010057571048,0,CPXPARAM_Advance=1;CPXPARAM_Barrier_Algorithm=0;CPXPARAM_Barrier_ColNonzeros=0;CPXPARAM_Barrier_Crossover=2;CPXPARAM_Barrier_Limits_Corrections=-1;CPXPARAM_Barrier_Ordering=0;CPXPARAM_Barrier_StartAlg=1;CPXPARAM_Emphasis_MIP=1;CPXPARAM_Emphasis_Memory=0;CPXPARAM_Emphasis_Numerical=0;CPXPARAM_Feasopt_Mode=0;CPXPARAM_LPMethod=0;CPXPARAM_MIP_Cuts_Cliques=1;CPXPARAM_MIP_Cuts_Covers=0;CPXPARAM_MIP_Cuts_Disjunctive=-1;CPXPARAM_MIP_Cuts_FlowCovers=-1;CPXPARAM_MIP_Cuts_GUBCovers=1;CPXPARAM_MIP_Cuts_Gomory=1;CPXPARAM_MIP_Cuts_Implied=1;CPXPARAM_MIP_Cuts_MIRCut=2;CPXPARAM_MIP_Cuts_PathCut=-1;CPXPARAM_MIP_Limits_AggForCut=3;CPXPARAM_MIP_Limits_CutPasses=0;CPXPARAM_MIP_Limits_CutsFactor=-1;CPXPARAM_MIP_Limits_GomoryCand=10;CPXPARAM_MIP_Limits_GomoryPass=0;CPXPARAM_MIP_Limits_Nodes=9223372036800000000;CPXPARAM_MIP_Limits_ProbeTime=10;CPXPARAM_MIP_Limits_RepairTries=0;CPXPARAM_MIP_Limits_StrongCand=10;CPXPARAM_MIP_Limits_StrongIt=0;CPXPARAM_MIP_OrderType=0;CPXPARAM_MIP_Strategy_BBInterval=7;CPXPARAM_MIP_Strategy_Branch=0;CPXPARAM_MIP_Strategy_Dive=0;CPXPARAM_MIP_Strategy_File=1;CPXPARAM_MIP_Strategy_HeuristicFreq=0;CPXPARAM_MIP_Strategy_LBHeur=0;CPXPARAM_MIP_Strategy_NodeSelect=1;CPXPARAM_MIP_Strategy_Order=1;CPXPARAM_MIP_Strategy_PresolveNode=0;CPXPARAM_MIP_Strategy_Probe=0;CPXPARAM_MIP_Strategy_RINSHeur=0;CPXPARAM_MIP_Strategy_StartAlgorithm=0;CPXPARAM_MIP_Strategy_SubAlgorithm=3;CPXPARAM_MIP_Strategy_VariableSelect=-1;CPXPARAM_Network_NetFind=2;CPXPARAM_Network_Pricing=0;CPXPARAM_Parallel=1;CPXPARAM_Preprocessing_Aggregator=-1;CPXPARAM_Preprocessing_BoundStrength=-1;CPXPARAM_Preprocessing_CoeffReduce=-1;CPXPARAM_Preprocessing_Dependency=-1;CPXPARAM_Preprocessing_Dual=0;CPXPARAM_Preprocessing_Fill=10;CPXPARAM_Preprocessing_NumPass=-1;CPXPARAM_Preprocessing_Presolve=1;CPXPARAM_Preprocessing_QPMakePSD=1;CPXPARAM_Preprocessing_Reduce=3;CPXPARAM_Preprocessing_Relax=-1;CPXPARAM_Preprocessing_RepeatPresolve=-1;CPXPARAM_Preprocessing_Symmetry=0;CPXPARAM_Read_Scale=0;CPXPARAM_Sifting_Algorithm=0;CPXPARAM_Simplex_Crash=1;CPXPARAM_Simplex_DGradient=2;CPXPARAM_Simplex_Limits_Perturbation=0;CPXPARAM_Simplex_Limits_Singularity=10;CPXPARAM_Simplex_PGradient=0;CPXPARAM_Simplex_Pricing=0;CPXPARAM_Simplex_Refactor=0
14580349046718023595,0,CPXPARAM_Advance=1;CPXPARAM_Barrier_Algorithm=0;CPXPARAM_Barrier_ColNonzeros=0;CPXPARAM_Barrier_Crossover=0;CPXPARAM_Barrier_Limits_Corrections=-1;CPXPARAM_Barrier_Ordering=0;CPXPARAM_Barrier_StartAlg=2;CPXPARAM_Emphasis_MIP=1;CPXPARAM_Emphasis_Memory=0;CPXPARAM_Emphasis_Numerical=0;CPXPARAM_Feasopt_Mode=3;CPXPARAM_LPMethod=0;CPXPARAM_MIP_Cuts_Cliques=0;CPXPARAM_MIP_Cuts_Covers=0;CPXPARAM_MIP_Cuts_Disjunctive=2;CPXPARAM_MIP_Cuts_FlowCovers=1;CPXPARAM_MIP_Cuts_GUBCovers=2;CPXPARAM_MIP_Cuts_Gomory=2;CPXPARAM_MIP_Cuts_Implied=1;CPXPARAM_MIP_Cuts_MIRCut=-1;CPXPARAM_MIP_Cuts_PathCut=2;CPXPARAM_MIP_Limits_AggForCut=3;CPXPARAM_MIP_Limits_CutPasses=0;CPXPARAM_MIP_Limits_CutsFactor=-1;CPXPARAM_MIP_Limits_GomoryCand=800;CPXPARAM_MIP_Limits_GomoryPass=0;CPXPARAM_MIP_Limits_Nodes=9223372036800000000;CPXPARAM_MIP_Limits_ProbeTime=0;CPXPARAM_MIP_Limits_RepairTries=0;CPXPARAM_MIP_Limits_StrongCand=10;CPXPARAM_MIP_Limits_StrongIt=0;CPXPARAM_MIP_OrderType=0;CPXPARAM_MIP_Strategy_BBInterval=7;CPXPARAM_MIP_Strategy_Branch=0;CPXPARAM_MIP_Strategy_Dive=0;CPXPARAM_MIP_Strategy_File=1;CPXPARAM_MIP_Strategy_HeuristicFreq=0;CPXPARAM_MIP_Strategy_LBHeur=0;CPXPARAM_MIP_Strategy_NodeSelect=1;CPXPARAM_MIP_Strategy_Order=1;CPXPARAM_MIP_Strategy_PresolveNode=0;CPXPARAM_MIP_Strategy_Probe=3;CPXPARAM_MIP_Strategy_RINSHeur=0;CPXPARAM_MIP_Strategy_StartAlgorithm=5;CPXPARAM_MIP_Strategy_SubAlgorithm=0;CPXPARAM_MIP_Strategy_VariableSelect=0;CPXPARAM_Network_NetFind=2;CPXPARAM_Network_Pricing=0;CPXPARAM_Parallel=1;CPXPARAM_Preprocessing_Aggregator=-1;CPXPARAM_Preprocessing_BoundStrength=-1;CPXPARAM_Preprocessing_CoeffReduce=-1;CPXPARAM_Preprocessing_Dependency=-1;CPXPARAM_Preprocessing_Dual=0;CPXPARAM_Preprocessing_Fill=10;CPXPARAM_Preprocessing_NumPass=-1;CPXPARAM_Preprocessing_Presolve=1;CPXPARAM_Preprocessing_QPMakePSD=1;CPXPARAM_Preprocessing_Reduce=3;CPXPARAM_Preprocessing_Relax=-1;CPXPARAM_Preprocessing_RepeatPresolve=-1;CPXPARAM_Preprocessing_Symmetry=4;CPXPARAM_Read_Scale=0;CPXPARAM_Sifting_Algorithm=0;CPXPARAM_Simplex_Crash=1;CPXPARAM_Simplex_DGradient=2;CPXPARAM_Simplex_Limits_Perturbation=0;CPXPARAM_Simplex_Limits_Singularity=10;CPXPARAM_Simplex_PGradient=0;CPXPARAM_Simplex_Pricing=0;CPXPARAM_Simplex_Refactor=0
6768299461534408828,0,CPXPARAM_Advance=1;CPXPARAM_Barrier_Algorithm=0;CPXPARAM_Barrier_ColNonzeros=0;CPXPARAM_Barrier_Crossover=0;CPXPARAM_Barrier_Limits_Corrections=-1;CPXPARAM_Barrier_Ordering=0;CPXPARAM_Barrier_StartAlg=1;CPXPARAM_Emphasis_MIP=1;CPXPARAM_Emphasis_Memory=0;CPXPARAM_Emphasis_Numerical=0;CPXPARAM_Feasopt_Mode=0;CPXPARAM_LPMethod=0;CPXPARAM_MIP_Cuts_Cliques=2;CPXPARAM_MIP_Cuts_Covers=0;CPXPARAM_MIP_Cuts_Disjunctive=0;CPXPARAM_MIP_Cuts_FlowCovers=-1;CPXPARAM_MIP_Cuts_GUBCovers=2;CPXPARAM_MIP_Cuts_Gomory=2;CPXPARAM_MIP_Cuts_Implied=-1;CPXPARAM_MIP_Cuts_MIRCut=2;CPXPARAM_MIP_Cuts_PathCut=2;CPXPARAM_MIP_Limits_AggForCut=3;CPXPARAM_MIP_Limits_CutPasses=0;CPXPARAM_MIP_Limits_CutsFactor=-1;CPXPARAM_MIP_Limits_GomoryCand=150;CPXPARAM_MIP_Limits_GomoryPass=0;CPXPARAM_MIP_Limits_Nodes=9223372036800000000;CPXPARAM_MIP_Limits_ProbeTime=30;CPXPARAM_MIP_Limits_RepairTries=0;CPXPARAM_MIP_Limits_StrongCand=10;CPXPARAM_MIP_Limits_StrongIt=0;CPXPARAM_MIP_OrderType=0;CPXPARAM_MIP_Strategy_BBInterval=7;CPXPARAM_MIP_Strategy_Branch=0;CPXPARAM_MIP_Strategy_Dive=0;CPXPARAM_MIP_Strategy_File=1;CPXPARAM_MIP_Strategy_HeuristicFreq=0;CPXPARAM_MIP_Strategy_LBHeur=0;CPXPARAM_MIP_Strategy_NodeSelect=1;CPXPARAM_MIP_Strategy_Order=1;CPXPARAM_MIP_Strategy_PresolveNode=0;CPXPARAM_MIP_Strategy_Probe=0;CPXPARAM_MIP_Strategy_RINSHeur=0;CPXPARAM_MIP_Strategy_StartAlgorithm=1;CPXPARAM_MIP_Strategy_SubAlgorithm=5;CPXPARAM_MIP_Strategy_VariableSelect=0;CPXPARAM_Network_NetFind=2;CPXPARAM_Network_Pricing=0;CPXPARAM_Parallel=1;CPXPARAM_Preprocessing_Aggregator=-1;CPXPARAM_Preprocessing_BoundStrength=-1;CPXPARAM_Preprocessing_CoeffReduce=-1;CPXPARAM_Preprocessing_Dependency=-1;CPXPARAM_Preprocessing_Dual=0;CPXPARAM_Preprocessing_Fill=10;CPXPARAM_Preprocessing_NumPass=-1;CPXPARAM_Preprocessing_Presolve=1;CPXPARAM_Preprocessing_QPMakePSD=1;CPXPARAM_Preprocessing_Reduce=3;CPXPARAM_Preprocessing_Relax=-1;CPXPARAM_Preprocessing_RepeatPresolve=-1;CPXPARAM_Preprocessing_Symmetry=3;CPXPARAM_Read_Scale=0;CPXPARAM_Sifting_Algorithm=0;CPXPARAM_Simplex_Crash=1;CPXPARAM_Simplex_DGradient=0;CPXPARAM_Simplex_Limits_Perturbation=0;CPXPARAM_Simplex_Limits_Singularity=10;CPXPARAM_Simplex_PGradient=0;CPXPARAM_Simplex_Pricing=0;CPXPARAM_Simplex_Refactor=0
13560156729382452230,0,CPXPARAM_Advance=1;CPXPARAM_Barrier_Algorithm=0;CPXPARAM_Barrier_ColNonzeros=0;CPXPARAM_Barrier_Crossover=2;CPXPARAM_Barrier_Limits_Corrections=-1;CPXPARAM_Barrier_Ordering=0;CPXPARAM_Barrier_StartAlg=1;CPXPARAM_Emphasis_MIP=1;CPXPARAM_Emphasis_Memory=0;CPXPARAM_Emphasis_Numerical=0;CPXPARAM_Feasopt_Mode=0;CPXPARAM_LPMethod=0;CPXPARAM_MIP_Cuts_Cliques=1;CPXPARAM_MIP_Cuts_Covers=0;CPXPARAM_MIP_Cuts_Disjunctive=-1;CPXPARAM_MIP_Cuts_FlowCovers=-1;CPXPARAM_MIP_Cuts_GUBCovers=1;CPXPARAM_MIP_Cuts_Gomory=1;CPXPARAM_MIP_Cuts_Implied=1;CPXPARAM_MIP_Cuts_MIRCut=2;CPXPARAM_MIP_Cuts_PathCut=-1;CPXPARAM_MIP_Limits_AggForCut=3;CPXPARAM_MIP_Limits_CutPasses=0;CPXPARAM_MIP_Limits_CutsFactor=-1;CPXPARAM_MIP_Limits_GomoryCand=10;CPXPARAM_MIP_Limits_GomoryPass=0;CPXPARAM_MIP_Limits_Nodes=9223372036800000000;CPXPARAM_MIP_Limits_ProbeTime=10;CPXPARAM_MIP_Limits_RepairTries=0;CPXPARAM_MIP_Limits_StrongCand=10;CPXPARAM_MIP_Limits_StrongIt=0;CPXPARAM_MIP_OrderType=0;CPXPARAM_MIP_Strategy_BBInterval=7;CPXPARAM_MIP_Strategy_Branch=0;CPXPARAM_MIP_Strategy_Dive=0;CPXPARAM_MIP_Strategy_File=1;CPXPARAM_MIP_Strategy_HeuristicFreq=0;CPXPARAM_MIP_Strategy_LBHeur=0;CPXPARAM_MIP_Strategy_NodeSelect=1;CPXPARAM_MIP_Strategy_Order=1;CPXPARAM_MIP_Strategy_PresolveNode=0;CPXPARAM_MIP_Strategy_Probe=0;CPXPARAM_MIP_Strategy_RINSHeur=0;CPXPARAM_MIP_Strategy_StartAlgorithm=2;CPXPARAM_MIP_Strategy_SubAlgorithm=3;CPXPARAM_MIP_Strategy_VariableSelect=3;CPXPARAM_Network_NetFind=2;CPXPARAM_Network_Pricing=0;CPXPARAM_Parallel=1;CPXPARAM_Preprocessing_Aggregator=-1;CPXPARAM_Preprocessing_BoundStrength=-1;CPXPARAM_Preprocessing_CoeffReduce=-1;CPXPARAM_Preprocessing_Dependency=-1;CPXPARAM_Preprocessing_Dual=0;CPXPARAM_Preprocessing_Fill=10;CPXPARAM_Preprocessing_NumPass=-1;CPXPARAM_Preprocessing_Presolve=1;CPXPARAM_Preprocessing_QPMakePSD=1;CPXPARAM_Preprocessing_Reduce=3;CPXPARAM_Preprocessing_Relax=-1;CPXPARAM_Preprocessing_RepeatPresolve=-1;CPXPARAM_Preprocessing_Symmetry=-1;CPXPARAM_Read_Scale=0;CPXPARAM_Sifting_Algorithm=0;CPXPARAM_Simplex_Crash=1;CPXPARAM_Simplex_DGradient=4;CPXPARAM_Simplex_Limits_Perturbation=0;CPXPARAM_Simplex_Limits_Singularity=10;CPXPARAM_Simplex_PGradient=0;CPXPARAM_Simplex_Pricing=0;CPXPARAM_Simplex_Refactor=0
415475116241780065,0,CPXPARAM_Advance=1;CPXPARAM_Barrier_Algorithm=0;CPXPARAM_Barrier_ColNonzeros=0;CPXPARAM_Barrier_Crossover=0;CPXPARAM_Barrier_Limits_Corrections=-1;CPXPARAM_Barrier_Ordering=0;CPXPARAM_Barrier_StartAlg=1;CPXPARAM_Emphasis_MIP=1;CPXPARAM_Emphasis_Memory=0;CPXPARAM_Emphasis_Numerical=0;CPXPARAM_Feasopt_Mode=0;CPXPARAM_LPMethod=0;CPXPARAM_MIP_Cuts_Cliques=0;CPXPARAM_MIP_Cuts_Covers=0;CPXPARAM_MIP_Cuts_Disjunctive=2;CPXPARAM_MIP_Cuts_FlowCovers=1;CPXPARAM_MIP_Cuts_GUBCovers=2;CPXPARAM_MIP_Cuts_Gomory=2;CPXPARAM_MIP_Cuts_Implied=1;CPXPARAM_MIP_Cuts_MIRCut=-1;CPXPARAM_MIP_Cuts_PathCut=2;CPXPARAM_MIP_Limits_AggForCut=3;CPXPARAM_MIP_Limits_CutPasses=0;CPXPARAM_MIP_Limits_CutsFactor=-1;CPXPARAM_MIP_Limits_GomoryCand=800;CPXPARAM_MIP_Limits_GomoryPass=0;CPXPARAM_MIP_Limits_Nodes=9223372036800000000;CPXPARAM_MIP_Limits_ProbeTime=1e+75;CPXPARAM_MIP_Limits_RepairTries=0;CPXPARAM_MIP_Limits_StrongCand=10;CPXPARAM_MIP_Limits_StrongIt=0;CPXPARAM_MIP_OrderType=0;CPXPARAM_MIP_Strategy_BBInterval=7;CPXPARAM_MIP_Strategy_Branch=0;CPXPARAM_MIP_Strategy_Dive=0;CPXPARAM_MIP_Strategy_File=1;CPXPARAM_MIP_Strategy_HeuristicFreq=0;CPXPARAM_MIP_Strategy_LBHeur=0;CPXPARAM_MIP_Strategy_NodeSelect=1;CPXPARAM_MIP_Strategy_Order=1;CPXPARAM_MIP_Strategy_PresolveNode=0;CPXPARAM_MIP_Strategy_Probe=3;CPXPARAM_MIP_Strategy_RINSHeur=-1;CPXPARAM_MIP_Strategy_StartAlgorithm=0;CPXPARAM_MIP_Strategy_SubAlgorithm=0;CPXPARAM_MIP_Strategy_VariableSelect=0;CPXPARAM_Network_NetFind=2;CPXPARAM_Network_Pricing=0;CPXPARAM_Parallel=1;CPXPARAM_Preprocessing_Aggregator=-1;CPXPARAM_Preprocessing_BoundStrength=-1;CPXPARAM_Preprocessing_CoeffReduce=-1;CPXPARAM_Preprocessing_Dependency=-1;CPXPARAM_Preprocessing_Dual=0;CPXPARAM_Preprocessing_Fill=10;CPXPARAM_Preprocessing_NumPass=-1;CPXPARAM_Preprocessing_Presolve=1;CPXPARAM_Preprocessing_QPMakePSD=1;CPXPARAM_Preprocessing_Reduce=3;CPXPARAM_Preprocessing_Relax=-1;CPXPARAM_Preprocessing_RepeatPresolve=-1;CPXPARAM_Preprocessing_Symmetry=-1;CPXPARAM_Read_Scale=0;CPXPARAM_Sifting_Algorithm=0;CPXPARAM_Simplex_Crash=1;CPXPARAM_Simplex_DGradient=0;CPXPARAM_Simplex_Limits_Perturbation=0;CPXPARAM_Simplex_Limits_Singularity=10;CPXPARAM_Simplex_PGradient=0;CPXPARAM_Simplex_Pricing=0;CPXPARAM_Simplex_Refactor=0
3973404060629777945,0,CPXPARAM_Advance=1;CPXPARAM_Barrier_Algorithm=0;CPXPARAM_Barrier_ColNonzeros=0;CPXPARAM_Barrier_Crossover=2;CPXPARAM_Barrier_Limits_Corrections=-1;CPXPARAM_Barrier_Ordering=0;CPXPARAM_Barrier_StartAlg=1;CPXPARAM_Emphasis_MIP=1;CPXPARAM_Emphasis_Memory=0;CPXPARAM_Emphasis_Numerical=0;CPXPARAM_Feasopt_Mode=0;CPXPARAM_LPMethod=0;CPXPARAM_MIP_Cuts_Cliques=1;CPXPARAM_MIP_Cuts_Covers=0;CPXPARAM_MIP_Cuts_Disjunctive=-1;CPXPARAM_MIP_Cuts_FlowCovers=-1;CPXPARAM_MIP_Cuts_GUBCovers=1;CPXPARAM_MIP_Cuts_Gomory=1;CPXPARAM_MIP_Cuts_Implied=1;CPXPARAM_MIP_Cuts_MIRCut=2;CPXPARAM_MIP_Cuts_PathCut=-1;CPXPARAM_MIP_Limits_AggForCut=3;CPXPARAM_MIP_Limits_CutPasses=0;CPXPARAM_MIP_Limits_CutsFactor=-1;CPXPARAM_MIP_Limits_GomoryCand=10;CPXPARAM_MIP_Limits_GomoryPass=0;CPXPARAM_MIP_Limits_Nodes=9223372036800000000;CPXPARAM_MIP_Limits_ProbeTime=1e+75;CPXPARAM_MIP_Limits_RepairTries=0;CPXPARAM_MIP_Limits_StrongCand=10;CPXPARAM_MIP_Limits_StrongIt=0;CPXPARAM_MIP_OrderType=0;CPXPARAM_MIP_Strategy_BBInterval=7;CPXPARAM_MIP_Strategy_Branch=0;CPXPARAM_MIP_Strategy_Dive=0;CPXPARAM_MIP_Strategy_File=1;CPXPARAM_MIP_Strategy_HeuristicFreq=0;CPXPARAM_MIP_Strategy_LBHeur=0;CPXPARAM_MIP_Strategy_NodeSelect=1;CPXPARAM_MIP_Strategy_Order=1;CPXPARAM_MIP_Strategy_PresolveNode=0;CPXPARAM_MIP_Strategy_Probe=0;CPXPARAM_MIP_Strategy_RINSHeur=0;CPXPARAM_MIP_Strategy_StartAlgorithm=2;CPXPARAM_MIP_Strategy_SubAlgorithm=3;CPXPARAM_MIP_Strategy_VariableSelect=-1;CPXPARAM_Network_NetFind=2;CPXPARAM_Network_Pricing=0;CPXPARAM_Parallel=1;CPXPARAM_Preprocessing_Aggregator=-1;CPXPARAM_Preprocessing_BoundStrength=-1;CPXPARAM_Preprocessing_CoeffReduce=-1;CPXPARAM_Preprocessing_Dependency=-1;CPXPARAM_Preprocessing_Dual=0;CPXPARAM_Preprocessing_Fill=10;CPXPARAM_Preprocessing_NumPass=-1;CPXPARAM_Preprocessing_Presolve=1;CPXPARAM_Preprocessing_QPMakePSD=1;CPXPARAM_Preprocessing_Reduce=3;CPXPARAM_Preprocessing_Relax=-1;CPXPARAM_Preprocessing_RepeatPresolve=-1;CPXPARAM_Preprocessing_Symmetry=0;CPXPARAM_Read_Scale=0;CPXPARAM_Sifting_Algorithm=0;CPXPARAM_Simplex_Crash=1;CPXPARAM_Simplex_DGradient=4;CPXPARAM_Simplex_Limits_Perturbation=0;CPXPARAM_Simplex_Limits_Singularity=10;CPXPARAM_Simplex_PGradient=0;CPXPARAM_Simplex_Pricing=0;CPXPARAM_Simplex_Refactor=0
2064417280281540857,0,CPXPARAM_Advance=1;CPXPARAM_Barrier_Algorithm=0;CPXPARAM_Barrier_ColNonzeros=0;CPXPARAM_Barrier_Crossover=2;CPXPARAM_Barrier_Limits_Corrections=-1;CPXPARAM_Barrier_Ordering=0;CPXPARAM_Barrier_StartAlg=2;CPXPARAM_Emphasis_MIP=4;CPXPARAM_Emphasis_Memory=0;CPXPARAM_Emphasis_Numerical=0;CPXPARAM_Feasopt_Mode=4;CPXPARAM_LPMethod=0;CPXPARAM_MIP_Cuts_Cliques=0;CPXPARAM_MIP_Cuts_Covers=0;CPXPARAM_MIP_Cuts_Disjunctive=2;CPXPARAM_MIP_Cuts_FlowCovers=1;CPXPARAM_MIP_Cuts_GUBCovers=2;CPXPARAM_MIP_Cuts_Gomory=-1;CPXPARAM_MIP_Cuts_Implied=-1;CPXPARAM_MIP_Cuts_MIRCut=1;CPXPARAM_MIP_Cuts_PathCut=1;CPXPARAM_MIP_Limits_AggForCut=3;CPXPARAM_MIP_Limits_CutPasses=0;CPXPARAM_MIP_Limits_CutsFactor=-1;CPXPARAM_MIP_Limits_GomoryCand=100;CPXPARAM_MIP_Limits_GomoryPass=0;CPXPARAM_MIP_Limits_Nodes=9223372036800000000;CPXPARAM_MIP_Limits_ProbeTime=20;CPXPARAM_MIP_Limits_RepairTries=0;CPXPARAM_MIP_Limits_StrongCand=10;CPXPARAM_MIP_Limits_StrongIt=0;CPXPARAM_MIP_OrderType=0;CPXPARAM_MIP_Strategy_BBInterval=7;CPXPARAM_MIP_Strategy_Branch=-1;CPXPARAM_MIP_Strategy_Dive=0;CPXPARAM_MIP_Strategy_File=1;CPXPARAM_MIP_Strategy_HeuristicFreq=0;CPXPARAM_MIP_Strategy_LBHeur=0;CPXPARAM_MIP_Strategy_NodeSelect=1;CPXPARAM_MIP_Strategy_Order=1;CPXPARAM_MIP_Strategy_PresolveNode=0;CPXPARAM_MIP_Strategy_Probe=0;CPXPARAM_MIP_Strategy_RINSHeur=0;CPXPARAM_MIP_Strategy_StartAlgorithm=6;CPXPARAM_MIP_Strategy_SubAlgorithm=1;CPXPARAM_MIP_Strategy_VariableSelect=-1;CPXPARAM_Network_NetFind=2;CPXPARAM_Network_Pricing=0;CPXPARAM_Parallel=1;CPXPARAM_Preprocessing_Aggregator=-1;CPXPARAM_Preprocessing_BoundStrength=-1;CPXPARAM_Preprocessing_CoeffReduce=-1;CPXPARAM_Preprocessing_Dependency=-1;CPXPARAM_Preprocessing_Dual=0;CPXPARAM_Preprocessing_Fill=10;CPXPARAM_Preprocessing_NumPass=-1;CPXPARAM_Preprocessing_Presolve=1;CPXPARAM_Preprocessing_QPMakePSD=1;CPXPARAM_Preprocessing_Reduce=3;CPXPARAM_Preprocessing_Relax=-1;CPXPARAM_Preprocessing_RepeatPresolve=-1;CPXPARAM_Preprocessing_Symmetry=4;CPXPARAM_Read_Scale=0;CPXPARAM_Sifting_Algorithm=0;CPXPARAM_Simplex_Crash=1;CPXPARAM_Simplex_DGradient=2;CPXPARAM_Simplex_Limits_Perturbation=0;CPXPARAM_Simplex_Limits_Singularity=10;CPXPARAM_Simplex_PGradient=0;CPXPARAM_Simplex_Pricing=0;CPXPARAM_Simplex_Refactor=0
10975097820040010327,0,CPXPARAM_Advance=1;CPXPARAM_Barrier_Algorithm=0;CPXPARAM_Barrier_ColNonzeros=0;CPXPARAM_Barrier_Crossover=0;CPXPARAM_Barrier_Limits_Corrections=-1;CPXPARAM_Barrier_Ordering=0;CPXPARAM_Barrier_StartAlg=1;CPXPARAM_Emphasis_MIP=1;CPXPARAM_Emphasis_Memory=0;CPXPARAM_Emphasis_Numerical=0;CPXPARAM_Feasopt_Mode=0;CPXPARAM_LPMethod=0;CPXPARAM_MIP_Cuts_Cliques=0;CPXPARAM_MIP_Cuts_Covers=0;CPXPARAM_MIP_Cuts_Disjunctive=2;CPXPARAM_MIP_Cuts_FlowCovers=1;CPXPARAM_MIP_Cuts_GUBCovers=2;CPXPARAM_MIP_Cuts_Gomory=2;CPXPARAM_MIP_Cuts_Implied=1;CPXPARAM_MIP_Cuts_MIRCut=-1;CPXPARAM_MIP_Cuts_PathCut=2;CPXPARAM_MIP_Limits_AggForCut=3;CPXPARAM_MIP_Limits_CutPasses=0;CPXPARAM_MIP_Limits_CutsFactor=-1;CPXPARAM_MIP_Limits_GomoryCand=800;CPXPARAM_MIP_Limits_GomoryPass=0;CPXPARAM_MIP_Limits_Nodes=9223372036800000000;CPXPARAM_MIP_Limits_ProbeTime=1e+75;CPXPARAM_MIP_Limits_RepairTries=0;CPXPARAM_MIP_Limits_StrongCand=10;CPXPARAM_MIP_Limits_StrongIt=0;CPXPARAM_MIP_OrderType=0;CPXPARAM_MIP_Strategy_BBInterval=7;CPXPARAM_MIP_Strategy_Branch=0;CPXPARAM_MIP_Strategy_Dive=0;CPXPARAM_MIP_Strategy_File=1;CPXPARAM_MIP_Strategy_HeuristicFreq=0;CPXPARAM_MIP_Strategy_LBHeur=0;CPXPARAM_MIP_Strategy_NodeSelect=1;CPXPARAM_MIP_Strategy_Order=1;CPXPARAM_MIP_Strategy_PresolveNode=0;CPXPARAM_MIP_Strategy_Probe=3;CPXPARAM_MIP_Strategy_RINSHeur=100;CPXPARAM_MIP_Strategy_StartAlgorithm=0;CPXPARAM_MIP_Strategy_SubAlgorithm=0;CPXPARAM_MIP_Strategy_VariableSelect=0;CPXPARAM_Network_NetFind=2;CPXPARAM_Network_Pricing=0;CPXPARAM_Parallel=1;CPXPARAM_Preprocessing_Aggregator=-1;CPXPARAM_Preprocessing_BoundStrength=-1;CPXPARAM_Preprocessing_CoeffReduce=-1;CPXPARAM_Preprocessing_Dependency=-1;CPXPARAM_Preprocessing_Dual=0;CPXPARAM_Preprocessing_Fill=10;CPXPARAM_Preprocessing_NumPass=-1;CPXPARAM_Preprocessing_Presolve=1;CPXPARAM_Preprocessing_QPMakePSD=1;CPXPARAM_Preprocessing_Reduce=3;CPXPARAM_Preprocessing_Relax=-1;CPXPARAM_Preprocessing_RepeatPresolve=-1;CPXPARAM_Preprocessing_Symmetry=-1;CPXPARAM_Read_Scale=0;CPXPARAM_Sifting_Algorithm=0;CPXPARAM_Simplex_Crash=1;CPXPARAM_Simplex_DGradient=0;CPXPARAM_Simplex_Limits_Perturbation=0;CPXPARAM_Simplex_Limits_Singularity=10;CPXPARAM_Simplex_PGradient=0;CPXPARAM_Simplex_Pricing=0;CPXPARAM_Simplex_Refactor=0
10469362548720557636,0,CPXPARAM_Advance=1;CPXPARAM_Barrier_Algorithm=0;CPXPARAM_Barrier_ColNonzeros=0;CPXPARAM_Barrier_Crossover=0;CPXPARAM_Barrier_Limits_Corrections=-1;CPXPARAM_Barrier_Ordering=0;CPXPARAM_Barrier_StartAlg=1;CPXPARAM_Emphasis_MIP=1;CPXPARAM_Emphasis_Memory=0;CPXPARAM_Emphasis_Numerical=0;CPXPARAM_Feasopt_Mode=0;CPXPARAM_LPMethod=0;CPXPARAM_MIP_Cuts_Cliques=2;CPXPARAM_MIP_Cuts_Covers=0;CPXPARAM_MIP_Cuts_Disjunctive=0;CPXPARAM_MIP_Cuts_FlowCovers=-1;CPXPARAM_MIP_Cuts_GUBCovers=2;CPXPARAM_MIP_Cuts_Gomory=2;CPXPARAM_MIP_Cuts_Implied=-1;CPXPARAM_MIP_Cuts_MIRCut=2;CPXPARAM_MIP_Cuts_PathCut=2;CPXPARAM_MIP_Limits_AggForCut=3;CPXPARAM_MIP_Limits_CutPasses=0;CPXPARAM_MIP_Limits_CutsFactor=-1;CPXPARAM_MIP_Limits_GomoryCand=150;CPXPARAM_MIP_Limits_GomoryPass=0;CPXPARAM_MIP_Limits_Nodes=9223372036800000000;CPXPARAM_MIP_Limits_ProbeTime=30;CPXPARAM_MIP_Limits_RepairTries=0;CPXPARAM_MIP_Limits_StrongCand=10;CPXPARAM_MIP_Limits_StrongIt=0;CPXPARAM_MIP_OrderType=0;CPXPARAM_MIP_Strategy_BBInterval=7;CPXPARAM_MIP_Strategy_Branch=0;CPXPARAM_MIP_Strategy_Dive=0;CPXPARAM_MIP_Strategy_File=1;CPXPARAM_MIP_Strategy_HeuristicFreq=0;CPXPARAM_MIP_Strategy_LBHeur=0;CPXPARAM_MIP_Strategy_NodeSelect=1;CPXPARAM_MIP_Strategy_Order=1;CPXPARAM_MIP_Strategy_PresolveNode=0;CPXPARAM_MIP_Strategy_Probe=3;CPXPARAM_MIP_Strategy_RINSHeur=0;CPXPARAM_MIP_Strategy_StartAlgorithm=1;CPXPARAM_MIP_Strategy_SubAlgorithm=5;CPXPARAM_MIP_Strategy_VariableSelect=0;CPXPARAM_Network_NetFind=2;CPXPARAM_Network_Pricing=0;CPXPARAM_Parallel=1;CPXPARAM_Preprocessing_Aggregator=-1;CPXPARAM_Preprocessing_BoundStrength=-1;CPXPARAM_Preprocessing_CoeffReduce=-1;CPXPARAM_Preprocessing_Dependency=-1;CPXPARAM_Preprocessing_Dual=0;CPXPARAM_Preprocessing_Fill=10;CPXPARAM_Preprocessing_NumPass=-1;CPXPARAM_Preprocessing_Presolve=1;CPXPARAM_Preprocessing_QPMakePSD=1;CPXPARAM_Preprocessing_Reduce=3;CPXPARAM_Preprocessing_Relax=-1;CPXPARAM_Preprocessing_RepeatPresolve=-1;CPXPARAM_Preprocessing_Symmetry=3;CPXPARAM_Read_Scale=0;CPXPARAM_Sifting_Algorithm=0;CPXPARAM_Simplex_Crash=1;CPXPARAM_Simplex_DGradient=0;CPXPARAM_Simplex_Limits_Perturbation=0;CPXPARAM_Simplex_Limits_Singularity=10;CPXPARAM_Simplex_PGradient=0;CPXPARAM_Simplex_Pricing=0;CPXPARAM_Simplex_Refactor=0
8347462557566970703,0,CPXPARAM_Advance=1;CPXPARAM_Barrier_Algorithm=0;CPXPARAM_Barrier_ColNonzeros=0;CPXPARAM_Barrier_Crossover=0;CPXPARAM_Barrier_Limits_Corrections=-1;CPXPARAM_Barrier_Ordering=0;CPXPARAM_Barrier_StartAlg=2;CPXPARAM_Emphasis_MIP=0;CPXPARAM_Emphasis_Memory=0;CPXPARAM_Emphasis_Numerical=0;CPXPARAM_Feasopt_Mode=0;CPXPARAM_LPMethod=0;CPXPARAM_MIP_Cuts_Cliques=0;CPXPARAM_MIP_Cuts_Covers=0;CPXPARAM_MIP_Cuts_Disjunctive=2;CPXPARAM_MIP_Cuts_FlowCovers=1;CPXPARAM_MIP_Cuts_GUBCovers=2;CPXPARAM_MIP_Cuts_Gomory=2;CPXPARAM_MIP_Cuts_Implied=1;CPXPARAM_MIP_Cuts_MIRCut=-1;CPXPARAM_MIP_Cuts_PathCut=2;CPXPARAM_MIP_Limits_AggForCut=3;CPXPARAM_MIP_Limits_CutPasses=0;CPXPARAM_MIP_Limits_CutsFactor=-1;CPXPARAM_MIP_Limits_GomoryCand=800;CPXPARAM_MIP_Limits_GomoryPass=0;CPXPARAM_MIP_Limits_Nodes=9223372036800000000;CPXPARAM_MIP_Limits_ProbeTime=0;CPXPARAM_MIP_Limits_RepairTries=0;CPXPARAM_MIP_Limits_StrongCand=10;CPXPARAM_MIP_Limits_StrongIt=0;CPXPARAM_MIP_OrderType=0;CPXPARAM_MIP_Strategy_BBInterval=7;CPXPARAM_MIP_Strategy_Branch=0;CPXPARAM_MIP_Strategy_Dive=0;CPXPARAM_MIP_Strategy_File=1;CPXPARAM_MIP_Strategy_HeuristicFreq=0;CPXPARAM_MIP_Strategy_LBHeur=0;CPXPARAM_MIP_Strategy_NodeSelect=1;CPXPARAM_MIP_Strategy_Order=1;CPXPARAM_MIP_Strategy_PresolveNode=0;CPXPARAM_MIP_Strategy_Probe=3;CPXPARAM_MIP_Strategy_RINSHeur=0;CPXPARAM_MIP_Strategy_StartAlgorithm=5;CPXPARAM_MIP_Strategy_SubAlgorithm=0;CPXPARAM_MIP_Strategy_VariableSelect=0;CPXPARAM_Network_NetFind=2;CPXPARAM_Network_Pricing=0;CPXPARAM_Parallel=1;CPXPARAM_Preprocessing_Aggregator=-1;CPXPARAM_Preprocessing_BoundStrength=-1;CPXPARAM_Preprocessing_CoeffReduce=-1;CPXPARAM_Preprocessing_Dependency=-1;CPXPARAM_Preprocessing_Dual=0;CPXPARAM_Preprocessing_Fill=10;CPXPARAM_Preprocessing_NumPass=-1;CPXPARAM_Preprocessing_Presolve=1;CPXPARAM_Preprocessing_QPMakePSD=1;CPXPARAM_Preprocessing_Reduce=3;CPXPARAM_Preprocessing_Relax=-1;CPXPARAM_Preprocessing_RepeatPresolve=-1;CPXPARAM_Preprocessing_Symmetry=4;CPXPARAM_Read_Scale=0;CPXPARAM_Sifting_Algorithm=0;CPXPARAM_Simplex_Crash=1;CPXPARAM_Simplex_DGradient=2;CPXPARAM_Simplex_Limits_Perturbation=0;CPXPARAM_Simplex_Limits_Singularity=10;CPXPARAM_Simplex_PGradient=0;CPXPARAM_Simplex_Pricing=0;CPXPARAM_Simplex_Refactor=0
12742232202141694381,0,CPXPARAM_Advance=1;CPXPARAM_Barrier_Algorithm=0;CPXPARAM_Barrier_ColNonzeros=0;CPXPARAM_Barrier_Crossover=0;CPXPARAM_Barrier_Limits_Corrections=-1;CPXPARAM_Barrier_Ordering=0;CPXPARAM_Barrier_StartAlg=1;CPXPARAM_Emphasis_MIP=1;CPXPARAM_Emphasis_Memory=0;CPXPARAM_Emphasis_Numerical=0;CPXPARAM_Feasopt_Mode=0;CPXPARAM_LPMethod=0;CPXPARAM_MIP_Cuts_Cliques=0;CPXPARAM_MIP_Cuts_Covers=0;CPXPARAM_MIP_Cuts_Disjunctive=2;CPXPARAM_MIP_Cuts_FlowCovers=1;CPXPARAM_MIP_Cuts_GUBCovers=2;CPXPARAM_MIP_Cuts_Gomory=2;CPXPARAM_MIP_Cuts_Implied=1;CPXPARAM_MIP_Cuts_MIRCut=-1;CPXPARAM_MIP_Cuts_PathCut=2;CPXPARAM_MIP_Limits_AggForCut=3;CPXPARAM_MIP_Limits_CutPasses=0;CPXPARAM_MIP_Limits_CutsFactor=-1;CPXPARAM_MIP_Limits_GomoryCand=800;CPXPARAM_MIP_Limits_GomoryPass=0;CPXPARAM_MIP_Limits_Nodes=9223372036800000000;CPXPARAM_MIP_Limits_ProbeTime=60;CPXPARAM_MIP_Limits_RepairTries=0;CPXPARAM_MIP_Limits_StrongCand=10;CPXPARAM_MIP_Limits_StrongIt=0;CPXPARAM_MIP_OrderType=0;CPXPARAM_MIP_Strategy_BBInterval=7;CPXPARAM_MIP_Strategy_Branch=0;CPXPARAM_MIP_Strategy_Dive=0;CPXPARAM_MIP_Strategy_File=1;CPXPARAM_MIP_Strategy_HeuristicFreq=0;CPXPARAM_MIP_Strategy_LBHeur=0;CPXPARAM_MIP_Strategy_NodeSelect=1;CPXPARAM_MIP_Strategy_Order=1;CPXPARAM_MIP_Strategy_PresolveNode=0;CPXPARAM_MIP_Strategy_Probe=3;CPXPARAM_MIP_Strategy_RINSHeur=0;CPXPARAM_MIP_Strategy_StartAlgorithm=0;CPXPARAM_MIP_Strategy_SubAlgorithm=0;CPXPARAM_MIP_Strategy_VariableSelect=0;CPXPARAM_Network_NetFind=2;CPXPARAM_Network_Pricing=0;CPXPARAM_Parallel=1;CPXPARAM_Preprocessing_Aggregator=-1;CPXPARAM_Preprocessing_BoundStrength=-1;CPXPARAM_Preprocessing_CoeffReduce=-1;CPXPARAM_Preprocessing_Dependency=-1;CPXPARAM_Preprocessing_Dual=0;CPXPARAM_Preprocessing_Fill=10;CPXPARAM_Preprocessing_NumPass=-1;CPXPARAM_Preprocessing_Presolve=1;CPXPARAM_Preprocessing_QPMakePSD=1;CPXPARAM_Preprocessing_Reduce=3;CPXPARAM_Preprocessing_Relax=-1;CPXPARAM_Preprocessing_RepeatPresolve=-1;CPXPARAM_Preprocessing_Symmetry=-1;CPXPARAM_Read_Scale=0;CPXPARAM_Sifting_Algorithm=0;CPXPARAM_Simplex_Crash=1;CPXPARAM_Simplex_DGradient=0;CPXPARAM_Simplex_Limits_Perturbation=0;CPXPARAM_Simplex_Limits_Singularity=10;CPXPARAM_Simplex_PGradient=0;CPXPARAM_Simplex_Pricing=0;CPXPARAM_Simplex_Refactor=0
16981470407266601185,0,CPXPARAM_Advance=1;CPXPARAM_Barrier_Algorithm=0;CPXPARAM_Barrier_ColNonzeros=0;CPXPARAM_Barrier_Crossover=2;CPXPARAM_Barrier_Limits_Corrections=-1;CPXPARAM_Barrier_Ordering=0;CPXPARAM_Barrier_StartAlg=1;CPXPARAM_Emphasis_MIP=1;CPXPARAM_Emphasis_Memory=0;CPXPARAM_Emphasis_Numerical=0;CPXPARAM_Feasopt_Mode=0;CPXPARAM_LPMethod=0;CPXPARAM_MIP_Cuts_Cliques=1;CPXPARAM_MIP_Cuts_Covers=0;CPXPARAM_MIP_Cuts_Disjunctive=-1;CPXPARAM_MIP_Cuts_FlowCovers=-1;CPXPARAM_MIP_Cuts_GUBCovers=1;CPXPARAM_MIP_Cuts_Gomory=1;CPXPARAM_MIP_Cuts_Implied=1;CPXPARAM_MIP_Cuts_MIRCut=2;CPXPARAM_MIP_Cuts_PathCut=-1;CPXPARAM_MIP_Limits_AggForCut=3;CPXPARAM_MIP_Limits_CutPasses=0;CPXPARAM_MIP_Limits_CutsFactor=-1;CPXPARAM_MIP_Limits_GomoryCand=150;CPXPARAM_MIP_Limits_GomoryPass=0;CPXPARAM_MIP_Limits_Nodes=9223372036800000000;CPXPARAM_MIP_Limits_ProbeTime=10;CPXPARAM_MIP_Limits_RepairTries=0;CPXPARAM_MIP_Limits_StrongCand=10;CPXPARAM_MIP_Limits_StrongIt=0;CPXPARAM_MIP_OrderType=0;CPXPARAM_MIP_Strategy_BBInterval=7;CPXPARAM_MIP_Strategy_Branch=0;CPXPARAM_MIP_Strategy_Dive=0;CPXPARAM_MIP_Strategy_File=1;CPXPARAM_MIP_Strategy_HeuristicFreq=0;CPXPARAM_MIP_Strategy_LBHeur=0;CPXPARAM_MIP_Strategy_NodeSelect=1;CPXPARAM_MIP_Strategy_Order=1;CPXPARAM_MIP_Strategy_PresolveNode=0;CPXPARAM_MIP_Strategy_Probe=0;CPXPARAM_MIP_Strategy_RINSHeur=0;CPXPARAM_MIP_Strategy_StartAlgorithm=2;CPXPARAM_MIP_Strategy_SubAlgorithm=3;CPXPARAM_MIP_Strategy_VariableSelect=-1;CPXPARAM_Network_NetFind=2;CPXPARAM_Network_Pricing=0;CPXPARAM_Parallel=1;CPXPARAM_Preprocessing_Aggregator=-1;CPXPARAM_Preprocessing_BoundStrength=-1;CPXPARAM_Preprocessing_CoeffReduce=-1;CPXPARAM_Preprocessing_Dependency=-1;CPXPARAM_Preprocessing_Dual=0;CPXPARAM_Preprocessing_Fill=10;CPXPARAM_Preprocessing_NumPass=-1;CPXPARAM_Preprocessing_Presolve=1;CPXPARAM_Preprocessing_QPMakePSD=1;CPXPARAM_Preprocessing_Reduce=3;CPXPARAM_Preprocessing_Relax=-1;CPXPARAM_Preprocessing_RepeatPresolve=-1;CPXPARAM_Preprocessing_Symmetry=0;CPXPARAM_Read_Scale=0;CPXPARAM_Sifting_Algorithm=0;CPXPARAM_Simplex_Crash=1;CPXPARAM_Simplex_DGradient=4;CPXPARAM_Simplex_Limits_Perturbation=0;CPXPARAM_Simplex_Limits_Singularity=10;CPXPARAM_Simplex_PGradient=0;CPXPARAM_Simplex_Pricing=0;CPXPARAM_Simplex_Refactor=0
17979743285243928000,0,CPXPARAM_Advance=1;CPXPARAM_Barrier_Algorithm=0;CPXPARAM_Barrier_ColNonzeros=0;CPXPARAM_Barrier_Crossover=2;CPXPARAM_Barrier_Limits_Corrections=-1;CPXPARAM_Barrier_Ordering=0;CPXPARAM_Barrier_StartAlg=1;CPXPARAM_Emphasis_MIP=2;CPXPARAM_Emphasis_Memory=0;CPXPARAM_Emphasis_Numerical=0;CPXPARAM_Feasopt_Mode=0;CPXPARAM_LPMethod=0;CPXPARAM_MIP_Cuts_Cliques=1;CPXPARAM_MIP_Cuts_Covers=0;CPXPARAM_MIP_Cuts_Disjunctive=-1;CPXPARAM_MIP_Cuts_FlowCovers=-1;CPXPARAM_MIP_Cuts_GUBCovers=1;CPXPARAM_MIP_Cuts_Gomory=1;CPXPARAM_MIP_Cuts_Implied=1;CPXPARAM_MIP_Cuts_MIRCut=2;CPXPARAM_MIP_Cuts_PathCut=-1;CPXPARAM_MIP_Limits_AggForCut=3;CPXPARAM_MIP_Limits_CutPasses=0;CPXPARAM_MIP_Limits_CutsFactor=-1;CPXPARAM_MIP_Limits_GomoryCand=10;CPXPARAM_MIP_Limits_GomoryPass=0;CPXPARAM_MIP_Limits_Nodes=9223372036800000000;CPXPARAM_MIP_Limits_ProbeTime=10;CPXPARAM_MIP_Limits_RepairTries=0;CPXPARAM_MIP_Limits_StrongCand=10;CPXPARAM_MIP_Limits_StrongIt=0;CPXPARAM_MIP_OrderType=0;CPXPARAM_MIP_Strategy_BBInterval=7;CPXPARAM_MIP_Strategy_Branch=0;CPXPARAM_MIP_Strategy_Dive=0;CPXPARAM_MIP_Strategy_File=1;CPXPARAM_MIP_Strategy_HeuristicFreq=0;CPXPARAM_MIP_Strategy_LBHeur=0;CPXPARAM_MIP_Strategy_NodeSelect=1;CPXPARAM_MIP_Strategy_Order=1;CPXPARAM_MIP_Strategy_PresolveNode=0;CPXPARAM_MIP_Strategy_Probe=0;CPXPARAM_MIP_Strategy_RINSHeur=0;CPXPARAM_MIP_Strategy_StartAlgorithm=2;CPXPARAM_MIP_Strategy_SubAlgorithm=3;CPXPARAM_MIP_Strategy_VariableSelect=-1;CPXPARAM_Network_NetFind=2;CPXPARAM_Network_Pricing=0;CPXPARAM_Parallel=1;CPXPARAM_Preprocessing_Aggregator=-1;CPXPARAM_Preprocessing_BoundStrength=-1;CPXPARAM_Preprocessing_CoeffReduce=-1;CPXPARAM_Preprocessing_Dependency=-1;CPXPARAM_Preprocessing_Dual=0;CPXPARAM_Preprocessing_Fill=10;CPXPARAM_Preprocessing_NumPass=-1;CPXPARAM_Preprocessing_Presolve=1;CPXPARAM_Preprocessing_QPMakePSD=1;CPXPARAM_Preprocessing_Reduce=3;CPXPARAM_Preprocessing_Relax=-1;CPXPARAM_Preprocessing_RepeatPresolve=-1;CPXPARAM_Preprocessing_Symmetry=0;CPXPARAM_Read_Scale=0;CPXPARAM_Sifting_Algorithm=0;CPXPARAM_Simplex_Crash=1;CPXPARAM_Simplex_DGradient=4;CPXPARAM_Simplex_Limits_Perturbation=0;CPXPARAM_Simplex_Limits_Singularity=10;CPXPARAM_Simplex_PGradient=0;CPXPARAM_Simplex_Pricing=0;CPXPARAM_Simplex_Refactor=0
15393129577262811092,0,CPXPARAM_Advance=1;CPXPARAM_Barrier_Algorithm=0;CPXPARAM_Barrier_ColNonzeros=0;CPXPARAM_Barrier_Crossover=2;CPXPARAM_Barrier_Limits_Corrections=-1;CPXPARAM_Barrier_Ordering=0;CPXPARAM_Barrier_StartAlg=1;CPXPARAM_Emphasis_MIP=1;CPXPARAM_Emphasis_Memory=0;CPXPARAM_Emphasis_Numerical=0;CPXPARAM_Feasopt_Mode=0;CPXPARAM_LPMethod=0;CPXPARAM_MIP_Cuts_Cliques=1;CPXPARAM_MIP_Cuts_Covers=0;CPXPARAM_MIP_Cuts_Disjunctive=-1;CPXPARAM_MIP_Cuts_FlowCovers=-1;CPXPARAM_MIP_Cuts_GUBCovers=1;CPXPARAM_MIP_Cuts_Gomory=1;CPXPARAM_MIP_Cuts_Implied=1;CPXPARAM_MIP_Cuts_MIRCut=2;CPXPARAM_MIP_Cuts_PathCut=-1;CPXPARAM_MIP_Limits_AggForCut=3;CPXPARAM_MIP_Limits_CutPasses=0;CPXPARAM_MIP_Limits_CutsFactor=-1;CPXPARAM_MIP_Limits_GomoryCand=10;CPXPARAM_MIP_Limits_GomoryPass=0;CPXPARAM_MIP_Limits_Nodes=9223372036800000000;CPXPARAM_MIP_Limits_ProbeTime=10;CPXPARAM_MIP_Limits_RepairTries=0;CPXPARAM_MIP_Limits_StrongCand=10;CPXPARAM_MIP_Limits_StrongIt=0;CPXPARAM_MIP_OrderType=0;CPXPARAM_MIP_Strategy_BBInterval=7;CPXPARAM_MIP_Strategy_Branch=0;CPXPARAM_MIP_Strategy_Dive=0;CPXPARAM_MIP_Strategy_File=1;CPXPARAM_MIP_Strategy_HeuristicFreq=0;CPXPARAM_MIP_Strategy_LBHeur=0;CPXPARAM_MIP_Strategy_NodeSelect=1;CPXPARAM_MIP_Strategy_Order=1;CPXPARAM_MIP_Strategy_PresolveNode=0;CPXPARAM_MIP_Strategy_Probe=0;CPXPARAM_MIP_Strategy_RINSHeur=0;CPXPARAM_MIP_Strategy_StartAlgorithm=2;CPXPARAM_MIP_Strategy_SubAlgorithm=0;CPXPARAM_MIP_Strategy_VariableSelect=3;CPXPARAM_Network_NetFind=2;CPXPARAM_Network_Pricing=0;CPXPARAM_Parallel=1;CPXPARAM_Preprocessing_Aggregator=-1;CPXPARAM_Preprocessing_BoundStrength=-1;CPXPARAM_Preprocessing_CoeffReduce=-1;CPXPARAM_Preprocessing_Dependency=-1;CPXPARAM_Preprocessing_Dual=0;CPXPARAM_Preprocessing_Fill=10;CPXPARAM_Preprocessing_NumPass=-1;CPXPARAM_Preprocessing_Presolve=1;CPXPARAM_Preprocessing_QPMakePSD=1;CPXPARAM_Preprocessing_Reduce=3;CPXPARAM_Preprocessing_Relax=-1;CPXPARAM_Preprocessing_RepeatPresolve=-1;CPXPARAM_Preprocessing_Symmetry=0;CPXPARAM_Read_Scale=0;CPXPARAM_Sifting_Algorithm=0;CPXPARAM_Simplex_Crash=1;CPXPARAM_Simplex_DGradient=4;CPXPARAM_Simplex_Limits_Perturbation=0;CPXPARAM_Simplex_Limits_Singularity=10;CPXPARAM_Simplex_PGradient=0;CPXPARAM_Simplex_Pricing=0;CPXPARAM_Simplex_Refactor=0
9886983803215898330,0,CPXPARAM_Advance=1;CPXPARAM_Barrier_Algorithm=0;CPXPARAM_Barrier_ColNonzeros=0;CPXPARAM_Barrier_Crossover=2;CPXPARAM_Barrier_Limits_Corrections=-1;CPXPARAM_Barrier_Ordering=0;CPXPARAM_Barrier_StartAlg=1;CPXPARAM_Emphasis_MIP=1;CPXPARAM_Emphasis_Memory=0;CPXPARAM_Emphasis_Numerical=0;CPXPARAM_Feasopt_Mode=0;CPXPARAM_LPMethod=0;CPXPARAM_MIP_Cuts_Cliques=1;CPXPARAM_MIP_Cuts_Covers=0;CPXPARAM_MIP_Cuts_Disjunctive=-1;CPXPARAM_MIP_Cuts_FlowCovers=-1;CPXPARAM_MIP_Cuts_GUBCovers=1;CPXPARAM_MIP_Cuts_Gomory=1;CPXPARAM_MIP_Cuts_Implied=1;CPXPARAM_MIP_Cuts_MIRCut=2;CPXPARAM_MIP_Cuts_PathCut=2;CPXPARAM_MIP_Limits_AggForCut=3;CPXPARAM_MIP_Limits_CutPasses=0;CPXPARAM_MIP_Limits_CutsFactor=-1;CPXPARAM_MIP_Limits_GomoryCand=10;CPXPARAM_MIP_Limits_GomoryPass=0;CPXPARAM_MIP_Limits_Nodes=9223372036800000000;CPXPARAM_MIP_Limits_ProbeTime=10;CPXPARAM_MIP_Limits_RepairTries=0;CPXPARAM_MIP_Limits_StrongCand=10;CPXPARAM_MIP_Limits_StrongIt=0;CPXPARAM_MIP_OrderType=0;CPXPARAM_MIP_Strategy_BBInterval=7;CPXPARAM_MIP_Strategy_Branch=0;CPXPARAM_MIP_Strategy_Dive=0;CPXPARAM_MIP_Strategy_File=1;CPXPARAM_MIP_Strategy_HeuristicFreq=0;CPXPARAM_MIP_Strategy_LBHeur=0;CPXPARAM_MIP_Strategy_NodeSelect=1;CPXPARAM_MIP_Strategy_Order=1;CPXPARAM_MIP_Strategy_PresolveNode=0;CPXPARAM_MIP_Strategy_Probe=0;CPXPARAM_MIP_Strategy_RINSHeur=0;CPXPARAM_MIP_Strategy_StartAlgorithm=2;CPXPARAM_MIP_Strategy_SubAlgorithm=3;CPXPARAM_MIP_Strategy_VariableSelect=3;CPXPARAM_Network_NetFind=2;CPXPARAM_Network_Pricing=0;CPXPARAM_Parallel=1;CPXPARAM_Preprocessing_Aggregator=-1;CPXPARAM_Preprocessing_BoundStrength=-1;CPXPARAM_Preprocessing_CoeffReduce=-1;CPXPARAM_Preprocessing_Dependency=-1;CPXPARAM_Preprocessing_Dual=0;CPXPARAM_Preprocessing_Fill=10;CPXPARAM_Preprocessing_NumPass=-1;CPXPARAM_Preprocessing_Presolve=1;CPXPARAM_Preprocessing_QPMakePSD=1;CPXPARAM_Preprocessing_Reduce=3;CPXPARAM_Preprocessing_Relax=-1;CPXPARAM_Preprocessing_RepeatPresolve=-1;CPXPARAM_Preprocessing_Symmetry=0;CPXPARAM_Read_Scale=0;CPXPARAM_Sifting_Algorithm=0;CPXPARAM_Simplex_Crash=1;CPXPARAM_Simplex_DGradient=4;CPXPARAM_Simplex_Limits_Perturbation=0;CPXPARAM_Simplex_Limits_Singularity=10;CPXPARAM_Simplex_PGradient=0;CPXPARAM_Simplex_Pricing=0;CPXPARAM_Simplex_Refactor=0
2039733859650358584,0,CPXPARAM_Advance=1;CPXPARAM_Barrier_Algorithm=0;CPXPARAM_Barrier_ColNonzeros=0;CPXPARAM_Barrier_Crossover=2;CPXPARAM_Barrier_Limits_Corrections=-1;CPXPARAM_Barrier_Ordering=0;CPXPARAM_Barrier_StartAlg=1;CPXPARAM_Emphasis_MIP=2;CPXPARAM_Emphasis_Memory=0;CPXPARAM_Emphasis_Numerical=0;CPXPARAM_Feasopt_Mode=0;CPXPARAM_LPMethod=0;CPXPARAM_MIP_Cuts_Cliques=1;CPXPARAM_MIP_Cuts_Covers=0;CPXPARAM_MIP_Cuts_Disjunctive=-1;CPXPARAM_MIP_Cuts_FlowCovers=-1;CPXPARAM_MIP_Cuts_GUBCovers=1;CPXPARAM_MIP_Cuts_Gomory=1;CPXPARAM_MIP_Cuts_Implied=1;CPXPARAM_MIP_Cuts_MIRCut=2;CPXPARAM_MIP_Cuts_PathCut=-1;CPXPARAM_MIP_Limits_AggForCut=3;CPXPARAM_MIP_Limits_CutPasses=0;CPXPARAM_MIP_Limits_CutsFactor=-1;CPXPARAM_MIP_Limits_GomoryCand=10;CPXPARAM_MIP_Limits_GomoryPass=0;CPXPARAM_MIP_Limits_Nodes=9223372036800000000;CPXPARAM_MIP_Limits_ProbeTime=10;CPXPARAM_MIP_Limits_RepairTries=0;CPXPARAM_MIP_Limits_StrongCand=10;CPXPARAM_MIP_Limits_StrongIt=0;CPXPARAM_MIP_OrderType=0;CPXPARAM_MIP_Strategy_BBInterval=7;CPXPARAM_MIP_Strategy_Branch=0;CPXPARAM_MIP_Strategy_Dive=0;CPXPARAM_MIP_Strategy_File=1;CPXPARAM_MIP_Strategy_HeuristicFreq=0;CPXPARAM_MIP_Strategy_LBHeur=0;CPXPARAM_MIP_Strategy_NodeSelect=1;CPXPARAM_MIP_Strategy_Order=1;CPXPARAM_MIP_Strategy_PresolveNode=0;CPXPARAM_MIP_Strategy_Probe=0;CPXPARAM_MIP_Strategy_RINSHeur=0;CPXPARAM_MIP_Strategy_StartAlgorithm=2;CPXPARAM_MIP_Strategy_SubAlgorithm=3;CPXPARAM_MIP_Strategy_VariableSelect=3;CPXPARAM_Network_NetFind=2;CPXPARAM_Network_Pricing=0;CPXPARAM_Parallel=1;CPXPARAM_Preprocessing_Aggregator=-1;CPXPARAM_Preprocessing_BoundStrength=-1;CPXPARAM_Preprocessing_CoeffReduce=-1;CPXPARAM_Preprocessing_Dependency=-1;CPXPARAM_Preprocessing_Dual=0;CPXPARAM_Preprocessing_Fill=10;CPXPARAM_Preprocessing_NumPass=-1;CPXPARAM_Preprocessing_Presolve=1;CPXPARAM_Preprocessing_QPMakePSD=1;CPXPARAM_Preprocessing_Reduce=3;CPXPARAM_Preprocessing_Relax=-1;CPXPARAM_Preprocessing_RepeatPresolve=-1;CPXPARAM_Preprocessing_Symmetry=0;CPXPARAM_Read_Scale=0;CPXPARAM_Sifting_Algorithm=0;CPXPARAM_Simplex_Crash=1;CPXPARAM_Simplex_DGradient=4;CPXPARAM_Simplex_Limits_Perturbation=0;CPXPARAM_Simplex_Limits_Singularity=10;CPXPARAM_Simplex_PGradient=0;CPXPARAM_Simplex_Pricing=0;CPXPARAM_Simplex_Refactor=0
12495849328903952016,0,CPXPARAM_Advance=1;CPXPARAM_Barrier_Algorithm=0;CPXPARAM_Barrier_ColNonzeros=0;CPXPARAM_Barrier_Crossover=0;CPXPARAM_Barrier_Limits_Corrections=-1;CPXPARAM_Barrier_Ordering=0;CPXPARAM_Barrier_StartAlg=2;CPXPARAM_Emphasis_MIP=1;CPXPARAM_Emphasis_Memory=0;CPXPARAM_Emphasis_Numerical=0;CPXPARAM_Feasopt_Mode=0;CPXPARAM_LPMethod=0;CPXPARAM_MIP_Cuts_Cliques=0;CPXPARAM_MIP_Cuts_Covers=0;CPXPARAM_MIP_Cuts_Disjunctive=2;CPXPARAM_MIP_Cuts_FlowCovers=1;CPXPARAM_MIP_Cuts_GUBCovers=2;CPXPARAM_MIP_Cuts_Gomory=2;CPXPARAM_MIP_Cuts_Implied=-1;CPXPARAM_MIP_Cuts_MIRCut=-1;CPXPARAM_MIP_Cuts_PathCut=2;CPXPARAM_MIP_Limits_AggForCut=3;CPXPARAM_MIP_Limits_CutPasses=0;CPXPARAM_MIP_Limits_CutsFactor=-1;CPXPARAM_MIP_Limits_GomoryCand=800;CPXPARAM_MIP_Limits_GomoryPass=0;CPXPARAM_MIP_Limits_Nodes=9223372036800000000;CPXPARAM_MIP_Limits_ProbeTime=0;CPXPARAM_MIP_Limits_RepairTries=0;CPXPARAM_MIP_Limits_StrongCand=10;CPXPARAM_MIP_Limits_StrongIt=0;CPXPARAM_MIP_OrderType=0;CPXPARAM_MIP_Strategy_BBInterval=7;CPXPARAM_MIP_Strategy_Branch=0;CPXPARAM_MIP_Strategy_Dive=0;CPXPARAM_MIP_Strategy_File=1;CPXPARAM_MIP_Strategy_HeuristicFreq=0;CPXPARAM_MIP_Strategy_LBHeur=0;CPXPARAM_MIP_Strategy_NodeSelect=1;CPXPARAM_MIP_Strategy_Order=1;CPXPARAM_MIP_Strategy_PresolveNode=0;CPXPARAM_MIP_Strategy_Probe=3;CPXPARAM_MIP_Strategy_RINSHeur=0;CPXPARAM_MIP_Strategy_StartAlgorithm=5;CPXPARAM_MIP_Strategy_SubAlgorithm=0;CPXPARAM_MIP_Strategy_VariableSelect=0;CPXPARAM_Network_NetFind=2;CPXPARAM_Network_Pricing=0;CPXPARAM_Parallel=1;CPXPARAM_Preprocessing_Aggregator=-1;CPXPARAM_Preprocessing_BoundStrength=-1;CPXPARAM_Preprocessing_CoeffReduce=-1;CPXPARAM_Preprocessing_Dependency=-1;CPXPARAM_Preprocessing_Dual=0;CPXPARAM_Preprocessing_Fill=10;CPXPARAM_Preprocessing_NumPass=-1;CPXPARAM_Preprocessing_Presolve=1;CPXPARAM_Preprocessing_QPMakePSD=1;CPXPARAM_Preprocessing_Reduce=3;CPXPARAM_Preprocessing_Relax=-1;CPXPARAM_Preprocessing_RepeatPresolve=-1;CPXPARAM_Preprocessing_Symmetry=4;CPXPARAM_Read_Scale=0;CPXPARAM_Sifting_Algorithm=0;CPXPARAM_Simplex_Crash=1;CPXPARAM_Simplex_DGradient=0;CPXPARAM_Simplex_Limits_Perturbation=0;CPXPARAM_Simplex_Limits_Singularity=10;CPXPARAM_Simplex_PGradient=0;CPXPARAM_Simplex_Pricing=0;CPXPARAM_Simplex_Refactor=0
1715190536185593585,0,CPXPARAM_Advance=1;CPXPARAM_Barrier_Algorithm=0;CPXPARAM_Barrier_ColNonzeros=0;CPXPARAM_Barrier_Crossover=0;CPXPARAM_Barrier_Limits_Corrections=-1;CPXPARAM_Barrier_Ordering=0;CPXPARAM_Barrier_StartAlg=1;CPXPARAM_Emphasis_MIP=1;CPXPARAM_Emphasis_Memory=0;CPXPARAM_Emphasis_Numerical=0;CPXPARAM_Feasopt_Mode=0;CPXPARAM_LPMethod=0;CPXPARAM_MIP_Cuts_Cliques=0;CPXPARAM_MIP_Cuts_Covers=0;CPXPARAM_MIP_Cuts_Disjunctive=2;CPXPARAM_MIP_Cuts_FlowCovers=1;CPXPARAM_MIP_Cuts_GUBCovers=2;CPXPARAM_MIP_Cuts_Gomory=2;CPXPARAM_MIP_Cuts_Implied=1;CPXPARAM_MIP_Cuts_MIRCut=-1;CPXPARAM_MIP_Cuts_PathCut=2;CPXPARAM_MIP_Limits_AggForCut=3;CPXPARAM_MIP_Limits_CutPasses=0;CPXPARAM_MIP_Limits_CutsFactor=4;CPXPARAM_MIP_Limits_GomoryCand=800;CPXPARAM_MIP_Limits_GomoryPass=0;CPXPARAM_MIP_Limits_Nodes=9223372036800000000;CPXPARAM_MIP_Limits_ProbeTime=1e+75;CPXPARAM_MIP_Limits_RepairTries=0;CPXPARAM_MIP_Limits_StrongCand=10;CPXPARAM_MIP_Limits_StrongIt=0;CPXPARAM_MIP_OrderType=0;CPXPARAM_MIP_Strategy_BBInterval=7;CPXPARAM_MIP_Strategy_Branch=0;CPXPARAM_MIP_Strategy_Dive=0;CPXPARAM_MIP_Strategy_File=1;CPXPARAM_MIP_Strategy_HeuristicFreq=0;CPXPARAM_MIP_Strategy_LBHeur=0;CPXPARAM_MIP_Strategy_NodeSelect=1;CPXPARAM_MIP_Strategy_Order=1;CPXPARAM_MIP_Strategy_PresolveNode=0;CPXPARAM_MIP_Strategy_Probe=3;CPXPARAM_MIP_Strategy_RINSHeur=0;CPXPARAM_MIP_Strategy_StartAlgorithm=0;CPXPARAM_MIP_Strategy_SubAlgorithm=0;CPXPARAM_MIP_Strategy_VariableSelect=0;CPXPARAM_Network_NetFind=2;CPXPARAM_Network_Pricing=0;CPXPARAM_Parallel=1;CPXPARAM_Preprocessing_Aggregator=-1;CPXPARAM_Preprocessing_BoundStrength=-1;CPXPARAM_Preprocessing_CoeffReduce=-1;CPXPARAM_Preprocessing_Dependency=-1;CPXPARAM_Preprocessing_Dual=0;CPXPARAM_Preprocessing_Fill=10;CPXPARAM_Preprocessing_NumPass=-1;CPXPARAM_Preprocessing_Presolve=1;CPXPARAM_Preprocessing_QPMakePSD=1;CPXPARAM_Preprocessing_Reduce=3;CPXPARAM_Preprocessing_Relax=-1;CPXPARAM_Preprocessing_RepeatPresolve=-1;CPXPARAM_Preprocessing_Symmetry=-1;CPXPARAM_Read_Scale=0;CPXPARAM_Sifting_Algorithm=0;CPXPARAM_Simplex_Crash=1;CPXPARAM_Simplex_DGradient=0;CPXPARAM_Simplex_Limits_Perturbation=0;CPXPARAM_Simplex_Limits_Singularity=10;CPXPARAM_Simplex_PGradient=0;CPXPARAM_Simplex_Pricing=0;CPXPARAM_Simplex_Refactor=0
5326919236357995829,0,CPXPARAM_Advance=1;CPXPARAM_Barrier_Algorithm=0;CPXPARAM_Barrier_ColNonzeros=0;CPXPARAM_Barrier_Crossover=0;CPXPARAM_Barrier_Limits_Corrections=-1;CPXPARAM_Barrier_Ordering=0;CPXPARAM_Barrier_StartAlg=2;CPXPARAM_Emphasis_MIP=1;CPXPARAM_Emphasis_Memory=0;CPXPARAM_Emphasis_Numerical=0;CPXPARAM_Feasopt_Mode=0;CPXPARAM_LPMethod=0;CPXPARAM_MIP_Cuts_Cliques=0;CPXPARAM_MIP_Cuts_Covers=0;CPXPARAM_MIP_Cuts_Disjunctive=2;CPXPARAM_MIP_Cuts_FlowCovers=1;CPXPARAM_MIP_Cuts_GUBCovers=2;CPXPARAM_MIP_Cuts_Gomory=2;CPXPARAM_MIP_Cuts_Implied=1;CPXPARAM_MIP_Cuts_MIRCut=-1;CPXPARAM_MIP_Cuts_PathCut=2;CPXPARAM_MIP_Limits_AggForCut=3;CPXPARAM_MIP_Limits_CutPasses=0;CPXPARAM_MIP_Limits_CutsFactor=-1;CPXPARAM_MIP_Limits_GomoryCand=800;CPXPARAM_MIP_Limits_GomoryPass=0;CPXPARAM_MIP_Limits_Nodes=9223372036800000000;CPXPARAM_MIP_Limits_ProbeTime=0;CPXPARAM_MIP_Limits_RepairTries=0;CPXPARAM_MIP_Limits_StrongCand=10;CPXPARAM_MIP_Limits_StrongIt=0;CPXPARAM_MIP_OrderType=0;CPXPARAM_MIP_Strategy_BBInterval=7;CPXPARAM_MIP_Strategy_Branch=0;CPXPARAM_MIP_Strategy_Dive=0;CPXPARAM_MIP_Strategy_File=1;CPXPARAM_MIP_Strategy_HeuristicFreq=0;CPXPARAM_MIP_Strategy_LBHeur=0;CPXPARAM_MIP_Strategy_NodeSelect=1;CPXPARAM_MIP_Strategy_Order=1;CPXPARAM_MIP_Strategy_PresolveNode=0;CPXPARAM_MIP_Strategy_Probe=3;CPXPARAM_MIP_Strategy_RINSHeur=0;CPXPARAM_MIP_Strategy_StartAlgorithm=5;CPXPARAM_MIP_Strategy_SubAlgorithm=1;CPXPARAM_MIP_Strategy_VariableSelect=0;CPXPARAM_Network_NetFind=2;CPXPARAM_Network_Pricing=0;CPXPARAM_Parallel=1;CPXPARAM_Preprocessing_Aggregator=-1;CPXPARAM_Preprocessing_BoundStrength=-1;CPXPARAM_Preprocessing_CoeffReduce=-1;CPXPARAM_Preprocessing_Dependency=-1;CPXPARAM_Preprocessing_Dual=0;CPXPARAM_Preprocessing_Fill=10;CPXPARAM_Preprocessing_NumPass=-1;CPXPARAM_Preprocessing_Presolve=1;CPXPARAM_Preprocessing_QPMakePSD=1;CPXPARAM_Preprocessing_Reduce=3;CPXPARAM_Preprocessing_Relax=-1;CPXPARAM_Preprocessing_RepeatPresolve=-1;CPXPARAM_Preprocessing_Symmetry=4;CPXPARAM_Read_Scale=0;CPXPARAM_Sifting_Algorithm=0;CPXPARAM_Simplex_Crash=1;CPXPARAM_Simplex_DGradient=0;CPXPARAM_Simplex_Limits_Perturbation=0;CPXPARAM_Simplex_Limits_Singularity=10;CPXPARAM_Simplex_PGradient=0;CPXPARAM_Simplex_Pricing=0;CPXPARAM_Simplex_Refactor=0
1674599806292076197,0,CPXPARAM_Advance=1;CPXPARAM_Barrier_Algorithm=0;CPXPARAM_Barrier_ColNonzeros=0;CPXPARAM_Barrier_Crossover=0;CPXPARAM_Barrier_Limits_Corrections=-1;CPXPARAM_Barrier_Ordering=0;CPXPARAM_Barrier_StartAlg=2;CPXPARAM_Emphasis_MIP=1;CPXPARAM_Emphasis_Memory=0;CPXPARAM_Emphasis_Numerical=0;CPXPARAM_Feasopt_Mode=0;CPXPARAM_LPMethod=0;CPXPARAM_MIP_Cuts_Cliques=0;CPXPARAM_MIP_Cuts_Covers=0;CPXPARAM_MIP_Cuts_Disjunctive=2;CPXPARAM_MIP_Cuts_FlowCovers=1;CPXPARAM_MIP_Cuts_GUBCovers=2;CPXPARAM_MIP_Cuts_Gomory=2;CPXPARAM_MIP_Cuts_Implied=1;CPXPARAM_MIP_Cuts_MIRCut=-1;CPXPARAM_MIP_Cuts_PathCut=2;CPXPARAM_MIP_Limits_AggForCut=3;CPXPARAM_MIP_Limits_CutPasses=0;CPXPARAM_MIP_Limits_CutsFactor=-1;CPXPARAM_MIP_Limits_GomoryCand=50;CPXPARAM_MIP_Limits_GomoryPass=0;CPXPARAM_MIP_Limits_Nodes=9223372036800000000;CPXPARAM_MIP_Limits_ProbeTime=0;CPXPARAM_MIP_Limits_RepairTries=0;CPXPARAM_MIP_Limits_StrongCand=10;CPXPARAM_MIP_Limits_StrongIt=0;CPXPARAM_MIP_OrderType=0;CPXPARAM_MIP_Strategy_BBInterval=7;CPXPARAM_MIP_Strategy_Branch=0;CPXPARAM_MIP_Strategy_Dive=0;CPXPARAM_MIP_Strategy_File=1;CPXPARAM_MIP_Strategy_HeuristicFreq=0;CPXPARAM_MIP_Strategy_LBHeur=0;CPXPARAM_MIP_Strategy_NodeSelect=1;CPXPARAM_MIP_Strategy_Order=1;CPXPARAM_MIP_Strategy_PresolveNode=0;CPXPARAM_MIP_Strategy_Probe=3;CPXPARAM_MIP_Strategy_RINSHeur=0;CPXPARAM_MIP_Strategy_StartAlgorithm=5;CPXPARAM_MIP_Strategy_SubAlgorithm=0;CPXPARAM_MIP_Strategy_VariableSelect=0;CPXPARAM_Network_NetFind=2;CPXPARAM_Network_Pricing=0;CPXPARAM_Parallel=1;CPXPARAM_Preprocessing_Aggregator=-1;CPXPARAM_Preprocessing_BoundStrength=-1;CPXPARAM_Preprocessing_CoeffReduce=-1;CPXPARAM_Preprocessing_Dependency=-1;CPXPARAM_Preprocessing_Dual=0;CPXPARAM_Preprocessing_Fill=10;CPXPARAM_Preprocessing_NumPass=-1;CPXPARAM_Preprocessing_Presolve=1;CPXPARAM_Preprocessing_QPMakePSD=1;CPXPARAM_Preprocessing_Reduce=3;CPXPARAM_Preprocessing_Relax=-1;CPXPARAM_Preprocessing_RepeatPresolve=-1;CPXPARAM_Preprocessing_Symmetry=4;CPXPARAM_Read_Scale=0;CPXPARAM_Sifting_Algorithm=0;CPXPARAM_Simplex_Crash=1;CPXPARAM_Simplex_DGradient=0;CPXPARAM_Simplex_Limits_Perturbation=0;CPXPARAM_Simplex_Limits_Singularity=10;CPXPARAM_Simplex_PGradient=0;CPXPARAM_Simplex_Pricing=0;CPXPARAM_Simplex_Refactor=0
16185368430391512818,0,CPXPARAM_Advance=1;CPXPARAM_Barrier_Algorithm=2;CPXPARAM_Barrier_ColNonzeros=0;CPXPARAM_Barrier_Crossover=1;CPXPARAM_Barrier_Limits_Corrections=-1;CPXPARAM_Barrier_Ordering=0;CPXPARAM_Barrier_StartAlg=2;CPXPARAM_Emphasis_MIP=2;CPXPARAM_Emphasis_Memory=0;CPXPARAM_Emphasis_Numerical=0;CPXPARAM_Feasopt_Mode=1;CPXPARAM_LPMethod=0;CPXPARAM_MIP_Cuts_Cliques=3;CPXPARAM_MIP_Cuts_Covers=0;CPXPARAM_MIP_Cuts_Disjunctive=3;CPXPARAM_MIP_Cuts_FlowCovers=0;CPXPARAM_MIP_Cuts_GUBCovers=-1;CPXPARAM_MIP_Cuts_Gomory=2;CPXPARAM_MIP_Cuts_Implied=2;CPXPARAM_MIP_Cuts_MIRCut=-1;CPXPARAM_MIP_Cuts_PathCut=0;CPXPARAM_MIP_Limits_AggForCut=3;CPXPARAM_MIP_Limits_CutPasses=0;CPXPARAM_MIP_Limits_CutsFactor=-1;CPXPARAM_MIP_Limits_GomoryCand=25;CPXPARAM_MIP_Limits_GomoryPass=0;CPXPARAM_MIP_Limits_Nodes=9223372036800000000;CPXPARAM_MIP_Limits_ProbeTime=5;CPXPARAM_MIP_Limits_RepairTries=0;CPXPARAM_MIP_Limits_StrongCand=10;CPXPARAM_MIP_Limits_StrongIt=0;CPXPARAM_MIP_OrderType=0;CPXPARAM_MIP_Strategy_BBInterval=7;CPXPARAM_MIP_Strategy_Branch=1;CPXPARAM_MIP_Strategy_Dive=0;CPXPARAM_MIP_Strategy_File=1;CPXPARAM_MIP_Strategy_HeuristicFreq=0;CPXPARAM_MIP_Strategy_LBHeur=0;CPXPARAM_MIP_Strategy_NodeSelect=1;CPXPARAM_MIP_Strategy_Order=1;CPXPARAM_MIP_Strategy_PresolveNode=0;CPXPARAM_MIP_Strategy_Probe=2;CPXPARAM_MIP_Strategy_RINSHeur=0;CPXPARAM_MIP_Strategy_StartAlgorithm=6;CPXPARAM_MIP_Strategy_SubAlgorithm=0;CPXPARAM_MIP_Strategy_VariableSelect=-1;CPXPARAM_Network_NetFind=2;CPXPARAM_Network_Pricing=0;CPXPARAM_Parallel=1;CPXPARAM_Preprocessing_Aggregator=-1;CPXPARAM_Preprocessing_BoundStrength=1;CPXPARAM_Preprocessing_CoeffReduce=-1;CPXPARAM_Preprocessing_Dependency=-1;CPXPARAM_Preprocessing_Dual=0;CPXPARAM_Preprocessing_Fill=10;CPXPARAM_Preprocessing_NumPass=-1;CPXPARAM_Preprocessing_Presolve=1;CPXPARAM_Preprocessing_QPMakePSD=1;CPXPARAM_Preprocessing_Reduce=1;CPXPARAM_Preprocessing_Relax=-1;CPXPARAM_Preprocessing_RepeatPresolve=-1;CPXPARAM_Preprocessing_Symmetry=2;CPXPARAM_Read_Scale=0;CPXPARAM_Sifting_Algorithm=0;CPXPARAM_Simplex_Crash=0;CPXPARAM_Simplex_DGradient=5;CPXPARAM_Simplex_Limits_Perturbation=0;CPXPARAM_Simplex_Limits_Singularity=10;CPXPARAM_Simplex_PGradient=0;CPXPARAM_Simplex_Pricing=0;CPXPARAM_Simplex_Refactor=0
13511988816609998352,0,CPXPARAM_Advance=1;CPXPARAM_Barrier_Algorithm=0;CPXPARAM_Barrier_ColNonzeros=0;CPXPARAM_Barrier_Crossover=0;CPXPARAM_Barrier_Limits_Corrections=-1;CPXPARAM_Barrier_Ordering=0;CPXPARAM_Barrier_StartAlg=1;CPXPARAM_Emphasis_MIP=1;CPXPARAM_Emphasis_Memory=0;CPXPARAM_Emphasis_Numerical=0;CPXPARAM_Feasopt_Mode=0;CPXPARAM_LPMethod=0;CPXPARAM_MIP_Cuts_Cliques=0;CPXPARAM_MIP_Cuts_Covers=0;CPXPARAM_MIP_Cuts_Disjunctive=2;CPXPARAM_MIP_Cuts_FlowCovers=1;CPXPARAM_MIP_Cuts_GUBCovers=2;CPXPARAM_MIP_Cuts_Gomory=2;CPXPARAM_MIP_Cuts_Implied=1;CPXPARAM_MIP_Cuts_MIRCut=-1;CPXPARAM_MIP_Cuts_PathCut=2;CPXPARAM_MIP_Limits_AggForCut=3;CPXPARAM_MIP_Limits_CutPasses=0;CPXPARAM_MIP_Limits_CutsFactor=-1;CPXPARAM_MIP_Limits_GomoryCand=800;CPXPARAM_MIP_Limits_GomoryPass=0;CPXPARAM_MIP_Limits_Nodes=9223372036800000000;CPXPARAM_MIP_Limits_ProbeTime=0;CPXPARAM_MIP_Limits_RepairTries=0;CPXPARAM_MIP_Limits_StrongCand=10;CPXPARAM_MIP_Limits_StrongIt=0;CPXPARAM_MIP_OrderType=0;CPXPARAM_MIP_Strategy_BBInterval=7;CPXPARAM_MIP_Strategy_Branch=0;CPXPARAM_MIP_Strategy_Dive=0;CPXPARAM_MIP_Strategy_File=1;CPXPARAM_MIP_Strategy_HeuristicFreq=0;CPXPARAM_MIP_Strategy_LBHeur=0;CPXPARAM_MIP_Strategy_NodeSelect=1;CPXPARAM_MIP_Strategy_Order=1;CPXPARAM_MIP_Strategy_PresolveNode=0;CPXPARAM_MIP_Strategy_Probe=3;CPXPARAM_MIP_Strategy_RINSHeur=0;CPXPARAM_MIP_Strategy_StartAlgorithm=5;CPXPARAM_MIP_Strategy_SubAlgorithm=0;CPXPARAM_MIP_Strategy_VariableSelect=0;CPXPARAM_Network_NetFind=2;CPXPARAM_Network_Pricing=0;CPXPARAM_Parallel=1;CPXPARAM_Preprocessing_Aggregator=-1;CPXPARAM_Preprocessing_BoundStrength=-1;CPXPARAM_Preprocessing_CoeffReduce=-1;CPXPARAM_Preprocessing_Dependency=-1;CPXPARAM_Preprocessing_Dual=0;CPXPARAM_Preprocessing_Fill=10;CPXPARAM_Preprocessing_NumPass=-1;CPXPARAM_Preprocessing_Presolve=1;CPXPARAM_Preprocessing_QPMakePSD=1;CPXPARAM_Preprocessing_Reduce=3;CPXPARAM_Preprocessing_Relax=-1;CPXPARAM_Preprocessing_RepeatPresolve=-1;CPXPARAM_Preprocessing_Symmetry=4;CPXPARAM_Read_Scale=0;CPXPARAM_Sifting_Algorithm=0;CPXPARAM_Simplex_Crash=1;CPXPARAM_Simplex_DGradient=3;CPXPARAM_Simplex_Limits_Perturbation=0;CPXPARAM_Simplex_Limits_Singularity=10;CPXPARAM_Simplex_PGradient=0;CPXPARAM_Simplex_Pricing=0;CPXPARAM_Simplex_Refactor=0
3153455329463987766,0,CPXPARAM_Advance=1;CPXPARAM_Barrier_Algorithm=0;CPXPARAM_Barrier_ColNonzeros=0;CPXPARAM_Barrier_Crossover=0;CPXPARAM_Barrier_Limits_Corrections=-1;CPXPARAM_Barrier_Ordering=0;CPXPARAM_Barrier_StartAlg=2;CPXPARAM_Emphasis_MIP=1;CPXPARAM_Emphasis_Memory=0;CPXPARAM_Emphasis_Numerical=0;CPXPARAM_Feasopt_Mode=0;CPXPARAM_LPMethod=0;CPXPARAM_MIP_Cuts_Cliques=0;CPXPARAM_MIP_Cuts_Covers=0;CPXPARAM_MIP_Cuts_Disjunctive=2;CPXPARAM_MIP_Cuts_FlowCovers=1;CPXPARAM_MIP_Cuts_GUBCovers=2;CPXPARAM_MIP_Cuts_Gomory=-1;CPXPARAM_MIP_Cuts_Implied=1;CPXPARAM_MIP_Cuts_MIRCut=-1;CPXPARAM_MIP_Cuts_PathCut=2;CPXPARAM_MIP_Limits_AggForCut=3;CPXPARAM_MIP_Limits_CutPasses=0;CPXPARAM_MIP_Limits_CutsFactor=-1;CPXPARAM_MIP_Limits_GomoryCand=800;CPXPARAM_MIP_Limits_GomoryPass=0;CPXPARAM_MIP_Limits_Nodes=9223372036800000000;CPXPARAM_MIP_Limits_ProbeTime=0;CPXPARAM_MIP_Limits_RepairTries=0;CPXPARAM_MIP_Limits_StrongCand=10;CPXPARAM_MIP_Limits_StrongIt=0;CPXPARAM_MIP_OrderType=0;CPXPARAM_MIP_Strategy_BBInterval=7;CPXPARAM_MIP_Strategy_Branch=0;CPXPARAM_MIP_Strategy_Dive=0;CPXPARAM_MIP_Strategy_File=1;CPXPARAM_MIP_Strategy_HeuristicFreq=0;CPXPARAM_MIP_Strategy_LBHeur=0;CPXPARAM_MIP_Strategy_NodeSelect=1;CPXPARAM_MIP_Strategy_Order=1;CPXPARAM_MIP_Strategy_PresolveNode=0;CPXPARAM_MIP_Strategy_Probe=3;CPXPARAM_MIP_Strategy_RINSHeur=0;CPXPARAM_MIP_Strategy_StartAlgorithm=5;CPXPARAM_MIP_Strategy_SubAlgorithm=0;CPXPARAM_MIP_Strategy_VariableSelect=0;CPXPARAM_Network_NetFind=2;CPXPARAM_Network_Pricing=0;CPXPARAM_Parallel=1;CPXPARAM_Preprocessing_Aggregator=-1;CPXPARAM_Preprocessing_BoundStrength=-1;CPXPARAM_Preprocessing_CoeffReduce=-1;CPXPARAM_Preprocessing_Dependency=-1;CPXPARAM_Preprocessing_Dual=0;CPXPARAM_Preprocessing_Fill=10;CPXPARAM_Preprocessing_NumPass=-1;CPXPARAM_Preprocessing_Presolve=1;CPXPARAM_Preprocessing_QPMakePSD=1;CPXPARAM_Preprocessing_Reduce=3;CPXPARAM_Preprocessing_Relax=-1;CPXPARAM_Preprocessing_RepeatPresolve=-1;CPXPARAM_Preprocessing_Symmetry=4;CPXPARAM_Read_Scale=0;CPXPARAM_Sifting_Algorithm=0;CPXPARAM_Simplex_Crash=1;CPXPARAM_Simplex_DGradient=0;CPXPARAM_Simplex_Limits_Perturbation=0;CPXPARAM_Simplex_Limits_Singularity=10;CPXPARAM_Simplex_PGradient=0;CPXPARAM_Simplex_Pricing=0;CPXPARAM_Simplex_Refactor=0
2240967485959644994,0,CPXPARAM_Advance=1;CPXPARAM_Barrier_Algorithm=0;CPXPARAM_Barrier_ColNonzeros=0;CPXPARAM_Barrier_Crossover=0;CPXPARAM_Barrier_Limits_Corrections=-1;CPXPARAM_Barrier_Ordering=0;CPXPARAM_Barrier_StartAlg=2;CPXPARAM_Emphasis_MIP=1;CPXPARAM_Emphasis_Memory=0;CPXPARAM_Emphasis_Numerical=0;CPXPARAM_Feasopt_Mode=0;CPXPARAM_LPMethod=0;CPXPARAM_MIP_Cuts_Cliques=0;CPXPARAM_MIP_Cuts_Covers=0;CPXPARAM_MIP_Cuts_Disjunctive=2;CPXPARAM_MIP_Cuts_FlowCovers=1;CPXPARAM_MIP_Cuts_GUBCovers=2;CPXPARAM_MIP_Cuts_Gomory=2;CPXPARAM_MIP_Cuts_Implied=1;CPXPARAM_MIP_Cuts_MIRCut=-1;CPXPARAM_MIP_Cuts_PathCut=2;CPXPARAM_MIP_Limits_AggForCut=3;CPXPARAM_MIP_Limits_CutPasses=0;CPXPARAM_MIP_Limits_CutsFactor=-1;CPXPARAM_MIP_Limits_GomoryCand=800;CPXPARAM_MIP_Limits_GomoryPass=0;CPXPARAM_MIP_Limits_Nodes=9223372036800000000;CPXPARAM_MIP_Limits_ProbeTime=0;CPXPARAM_MIP_Limits_RepairTries=0;CPXPARAM_MIP_Limits_StrongCand=10;CPXPARAM_MIP_Limits_StrongIt=0;CPXPARAM_MIP_OrderType=0;CPXPARAM_MIP_Strategy_BBInterval=7;CPXPARAM_MIP_Strategy_Branch=0;CPXPARAM_MIP_Strategy_Dive=0;CPXPARAM_MIP_Strategy_File=1;CPXPARAM_MIP_Strategy_HeuristicFreq=0;CPXPARAM_MIP_Strategy_LBHeur=0;CPXPARAM_MIP_Strategy_NodeSelect=1;CPXPARAM_MIP_Strategy_Order=1;CPXPARAM_MIP_Strategy_PresolveNode=0;CPXPARAM_MIP_Strategy_Probe=3;CPXPARAM_MIP_Strategy_RINSHeur=0;CPXPARAM_MIP_Strategy_StartAlgorithm=3;CPXPARAM_MIP_Strategy_SubAlgorithm=0;CPXPARAM_MIP_Strategy_VariableSelect=0;CPXPARAM_Network_NetFind=2;CPXPARAM_Network_Pricing=0;CPXPARAM_Parallel=1;CPXPARAM_Preprocessing_Aggregator=-1;CPXPARAM_Preprocessing_BoundStrength=-1;CPXPARAM_Preprocessing_CoeffReduce=-1;CPXPARAM_Preprocessing_Dependency=-1;CPXPARAM_Preprocessing_Dual=0;CPXPARAM_Preprocessing_Fill=10;CPXPARAM_Preprocessing_NumPass=-1;CPXPARAM_Preprocessing_Presolve=1;CPXPARAM_Preprocessing_QPMakePSD=1;CPXPARAM_Preprocessing_Reduce=3;CPXPARAM_Preprocessing_Relax=-1;CPXPARAM_Preprocessing_RepeatPresolve=-1;CPXPARAM_Preprocessing_Symmetry=4;CPXPARAM_Read_Scale=0;CPXPARAM_Sifting_Algorithm=0;CPXPARAM_Simplex_Crash=1;CPXPARAM_Simplex_DGradient=0;CPXPARAM_Simplex_Limits_Perturbation=0;CPXPARAM_Simplex_Limits_Singularity=10;CPXPARAM_Simplex_PGradient=0;CPXPARAM_Simplex_Pricing=0;CPXPARAM_Simplex_Refactor=0
15232225993895982738,0,CPXPARAM_Advance=1;CPXPARAM_Barrier_Algorithm=0;CPXPARAM_Barrier_ColNonzeros=0;CPXPARAM_Barrier_Crossover=2;CPXPARAM_Barrier_Limits_Corrections=-1;CPXPARAM_Barrier_Ordering=0;CPXPARAM_Barrier_StartAlg=2;CPXPARAM_Emphasis_MIP=4;CPXPARAM_Emphasis_Memory=0;CPXPARAM_Emphasis_Numerical=0;CPXPARAM_Feasopt_Mode=4;CPXPARAM_LPMethod=0;CPXPARAM_MIP_Cuts_Cliques=3;CPXPARAM_MIP_Cuts_Covers=0;CPXPARAM_MIP_Cuts_Disjunctive=2;CPXPARAM_MIP_Cuts_FlowCovers=1;CPXPARAM_MIP_Cuts_GUBCovers=2;CPXPARAM_MIP_Cuts_Gomory=-1;CPXPARAM_MIP_Cuts_Implied=-1;CPXPARAM_MIP_Cuts_MIRCut=2;CPXPARAM_MIP_Cuts_PathCut=1;CPXPARAM_MIP_Limits_AggForCut=3;CPXPARAM_MIP_Limits_CutPasses=0;CPXPARAM_MIP_Limits_CutsFactor=-1;CPXPARAM_MIP_Limits_GomoryCand=100;CPXPARAM_MIP_Limits_GomoryPass=0;CPXPARAM_MIP_Limits_Nodes=9223372036800000000;CPXPARAM_MIP_Limits_ProbeTime=20;CPXPARAM_MIP_Limits_RepairTries=0;CPXPARAM_MIP_Limits_StrongCand=10;CPXPARAM_MIP_Limits_StrongIt=0;CPXPARAM_MIP_OrderType=0;CPXPARAM_MIP_Strategy_BBInterval=7;CPXPARAM_MIP_Strategy_Branch=-1;CPXPARAM_MIP_Strategy_Dive=0;CPXPARAM_MIP_Strategy_File=1;CPXPARAM_MIP_Strategy_HeuristicFreq=0;CPXPARAM_MIP_Strategy_LBHeur=0;CPXPARAM_MIP_Strategy_NodeSelect=1;CPXPARAM_MIP_Strategy_Order=1;CPXPARAM_MIP_Strategy_PresolveNode=0;CPXPARAM_MIP_Strategy_Probe=0;CPXPARAM_MIP_Strategy_RINSHeur=0;CPXPARAM_MIP_Strategy_StartAlgorithm=6;CPXPARAM_MIP_Strategy_SubAlgorithm=1;CPXPARAM_MIP_Strategy_VariableSelect=3;CPXPARAM_Network_NetFind=2;CPXPARAM_Network_Pricing=0;CPXPARAM_Parallel=1;CPXPARAM_Preprocessing_Aggregator=-1;CPXPARAM_Preprocessing_BoundStrength=-1;CPXPARAM_Preprocessing_CoeffReduce=-1;CPXPARAM_Preprocessing_Dependency=-1;CPXPARAM_Preprocessing_Dual=0;CPXPARAM_Preprocessing_Fill=10;CPXPARAM_Preprocessing_NumPass=-1;CPXPARAM_Preprocessing_Presolve=1;CPXPARAM_Preprocessing_QPMakePSD=1;CPXPARAM_Preprocessing_Reduce=3;CPXPARAM_Preprocessing_Relax=-1;CPXPARAM_Preprocessing_RepeatPresolve=-1;CPXPARAM_Preprocessing_Symmetry=4;CPXPARAM_Read_Scale=0;CPXPARAM_Sifting_Algorithm=0;CPXPARAM_Simplex_Crash=1;CPXPARAM_Simplex_DGradient=5;CPXPARAM_Simplex_Limits_Perturbation=0;CPXPARAM_Simplex_Limits_Singularity=10;CPXPARAM_Simplex_PGradient=0;CPXPARAM_Simplex_Pricing=0;CPXPARAM_Simplex_Refactor=0
14681274468660535192,0,CPXPARAM_Advance=1;CPXPARAM_Barrier_Algorithm=0;CPXPARAM_Barrier_ColNonzeros=0;CPXPARAM_Barrier_Crossover=0;CPXPARAM_Barrier_Limits_Corrections=-1;CPXPARAM_Barrier_Ordering=0;CPXPARAM_Barrier_StartAlg=1;CPXPARAM_Emphasis_MIP=1;CPXPARAM_Emphasis_Memory=0;CPXPARAM_Emphasis_Numerical=0;CPXPARAM_Feasopt_Mode=0;CPXPARAM_LPMethod=0;CPXPARAM_MIP_Cuts_Cliques=0;CPXPARAM_MIP_Cuts_Covers=1;CPXPARAM_MIP_Cuts_Disjunctive=2;CPXPARAM_MIP_Cuts_FlowCovers=1;CPXPARAM_MIP_Cuts_GUBCovers=2;CPXPARAM_MIP_Cuts_Gomory=2;CPXPARAM_MIP_Cuts_Implied=1;CPXPARAM_MIP_Cuts_MIRCut=-1;CPXPARAM_MIP_Cuts_PathCut=2;CPXPARAM_MIP_Limits_AggForCut=3;CPXPARAM_MIP_Limits_CutPasses=0;CPXPARAM_MIP_Limits_CutsFactor=-1;CPXPARAM_MIP_Limits_GomoryCand=800;CPXPARAM_MIP_Limits_GomoryPass=0;CPXPARAM_MIP_Limits_Nodes=9223372036800000000;CPXPARAM_MIP_Limits_ProbeTime=1e+75;CPXPARAM_MIP_Limits_RepairTries=0;CPXPARAM_MIP_Limits_StrongCand=10;CPXPARAM_MIP_Limits_StrongIt=0;CPXPARAM_MIP_OrderType=0;CPXPARAM_MIP_Strategy_BBInterval=7;CPXPARAM_MIP_Strategy_Branch=0;CPXPARAM_MIP_Strategy_Dive=0;CPXPARAM_MIP_Strategy_File=1;CPXPARAM_MIP_Strategy_HeuristicFreq=0;CPXPARAM_MIP_Strategy_LBHeur=0;CPXPARAM_MIP_Strategy_NodeSelect=1;CPXPARAM_MIP_Strategy_Order=1;CPXPARAM_MIP_Strategy_PresolveNode=0;CPXPARAM_MIP_Strategy_Probe=3;CPXPARAM_MIP_Strategy_RINSHeur=0;CPXPARAM_MIP_Strategy_StartAlgorithm=0;CPXPARAM_MIP_Strategy_SubAlgorithm=0;CPXPARAM_MIP_Strategy_VariableSelect=0;CPXPARAM_Network_NetFind=2;CPXPARAM_Network_Pricing=0;CPXPARAM_Parallel=1;CPXPARAM_Preprocessing_Aggregator=-1;CPXPARAM_Preprocessing_BoundStrength=-1;CPXPARAM_Preprocessing_CoeffReduce=-1;CPXPARAM_Preprocessing_Dependency=-1;CPXPARAM_Preprocessing_Dual=0;CPXPARAM_Preprocessing_Fill=10;CPXPARAM_Preprocessing_NumPass=-1;CPXPARAM_Preprocessing_Presolve=1;CPXPARAM_Preprocessing_QPMakePSD=1;CPXPARAM_Preprocessing_Reduce=3;CPXPARAM_Preprocessing_Relax=-1;CPXPARAM_Preprocessing_RepeatPresolve=-1;CPXPARAM_Preprocessing_Symmetry=-1;CPXPARAM_Read_Scale=0;CPXPARAM_Sifting_Algorithm=0;CPXPARAM_Simplex_Crash=1;CPXPARAM_Simplex_DGradient=0;CPXPARAM_Simplex_Limits_Perturbation=0;CPXPARAM_Simplex_Limits_Singularity=10;CPXPARAM_Simplex_PGradient=0;CPXPARAM_Simplex_Pricing=0;CPXPARAM_Simplex_Refactor=0
17677727765397990259,0,CPXPARAM_Advance=1;CPXPARAM_Barrier_Algorithm=0;CPXPARAM_Barrier_ColNonzeros=0;CPXPARAM_Barrier_Crossover=0;CPXPARAM_Barrier_Limits_Corrections=-1;CPXPARAM_Barrier_Ordering=0;CPXPARAM_Barrier_StartAlg=2;CPXPARAM_Emphasis_MIP=1;CPXPARAM_Emphasis_Memory=0;CPXPARAM_Emphasis_Numerical=0;CPXPARAM_Feasopt_Mode=0;CPXPARAM_LPMethod=0;CPXPARAM_MIP_Cuts_Cliques=2;CPXPARAM_MIP_Cuts_Covers=0;CPXPARAM_MIP_Cuts_Disjunctive=2;CPXPARAM_MIP_Cuts_FlowCovers=1;CPXPARAM_MIP_Cuts_GUBCovers=2;CPXPARAM_MIP_Cuts_Gomory=2;CPXPARAM_MIP_Cuts_Implied=1;CPXPARAM_MIP_Cuts_MIRCut=-1;CPXPARAM_MIP_Cuts_PathCut=2;CPXPARAM_MIP_Limits_AggForCut=3;CPXPARAM_MIP_Limits_CutPasses=0;CPXPARAM_MIP_Limits_CutsFactor=-1;CPXPARAM_MIP_Limits_GomoryCand=800;CPXPARAM_MIP_Limits_GomoryPass=0;CPXPARAM_MIP_Limits_Nodes=9223372036800000000;CPXPARAM_MIP_Limits_ProbeTime=0;CPXPARAM_MIP_Limits_RepairTries=0;CPXPARAM_MIP_Limits_StrongCand=10;CPXPARAM_MIP_Limits_StrongIt=0;CPXPARAM_MIP_OrderType=0;CPXPARAM_MIP_Strategy_BBInterval=7;CPXPARAM_MIP_Strategy_Branch=0;CPXPARAM_MIP_Strategy_Dive=0;CPXPARAM_MIP_Strategy_File=1;CPXPARAM_MIP_Strategy_HeuristicFreq=0;CPXPARAM_MIP_Strategy_LBHeur=0;CPXPARAM_MIP_Strategy_NodeSelect=1;CPXPARAM_MIP_Strategy_Order=1;CPXPARAM_MIP_Strategy_PresolveNode=0;CPXPARAM_MIP_Strategy_Probe=3;CPXPARAM_MIP_Strategy_RINSHeur=0;CPXPARAM_MIP_Strategy_StartAlgorithm=5;CPXPARAM_MIP_Strategy_SubAlgorithm=0;CPXPARAM_MIP_Strategy_VariableSelect=0;CPXPARAM_Network_NetFind=2;CPXPARAM_Network_Pricing=0;CPXPARAM_Parallel=1;CPXPARAM_Preprocessing_Aggregator=-1;CPXPARAM_Preprocessing_BoundStrength=-1;CPXPARAM_Preprocessing_CoeffReduce=-1;CPXPARAM_Preprocessing_Dependency=-1;CPXPARAM_Preprocessing_Dual=0;CPXPARAM_Preprocessing_Fill=10;CPXPARAM_Preprocessing_NumPass=-1;CPXPARAM_Preprocessing_Presolve=1;CPXPARAM_Preprocessing_QPMakePSD=1;CPXPARAM_Preprocessing_Reduce=3;CPXPARAM_Preprocessing_Relax=-1;CPXPARAM_Preprocessing_RepeatPresolve=-1;CPXPARAM_Preprocessing_Symmetry=4;CPXPARAM_Read_Scale=0;CPXPARAM_Sifting_Algorithm=0;CPXPARAM_Simplex_Crash=1;CPXPARAM_Simplex_DGradient=0;CPXPARAM_Simplex_Limits_Perturbation=0;CPXPARAM_Simplex_Limits_Singularity=10;CPXPARAM_Simplex_PGradient=0;CPXPARAM_Simplex_Pricing=0;CPXPARAM_Simplex_Refactor=0
2463379072925887015,0,CPXPARAM_Advance=1;CPXPARAM_Barrier_Algorithm=0;CPXPARAM_Barrier_ColNonzeros=0;CPXPARAM_Barrier_Crossover=0;CPXPARAM_Barrier_Limits_Corrections=-1;CPXPARAM_Barrier_Ordering=0;CPXPARAM_Barrier_StartAlg=2;CPXPARAM_Emphasis_MIP=1;CPXPARAM_Emphasis_Memory=0;CPXPARAM_Emphasis_Numerical=0;CPXPARAM_Feasopt_Mode=0;CPXPARAM_LPMethod=0;CPXPARAM_MIP_Cuts_Cliques=0;CPXPARAM_MIP_Cuts_Covers=0;CPXPARAM_MIP_Cuts_Disjunctive=2;CPXPARAM_MIP_Cuts_FlowCovers=1;CPXPARAM_MIP_Cuts_GUBCovers=2;CPXPARAM_MIP_Cuts_Gomory=2;CPXPARAM_MIP_Cuts_Implied=1;CPXPARAM_MIP_Cuts_MIRCut=-1;CPXPARAM_MIP_Cuts_PathCut=2;CPXPARAM_MIP_Limits_AggForCut=3;CPXPARAM_MIP_Limits_CutPasses=0;CPXPARAM_MIP_Limits_CutsFactor=-1;CPXPARAM_MIP_Limits_GomoryCand=800;CPXPARAM_MIP_Limits_GomoryPass=0;CPXPARAM_MIP_Limits_Nodes=9223372036800000000;CPXPARAM_MIP_Limits_ProbeTime=0;CPXPARAM_MIP_Limits_RepairTries=0;CPXPARAM_MIP_Limits_StrongCand=10;CPXPARAM_MIP_Limits_StrongIt=0;CPXPARAM_MIP_OrderType=0;CPXPARAM_MIP_Strategy_BBInterval=7;CPXPARAM_MIP_Strategy_Branch=0;CPXPARAM_MIP_Strategy_Dive=0;CPXPARAM_MIP_Strategy_File=1;CPXPARAM_MIP_Strategy_HeuristicFreq=0;CPXPARAM_MIP_Strategy_LBHeur=0;CPXPARAM_MIP_Strategy_NodeSelect=1;CPXPARAM_MIP_Strategy_Order=1;CPXPARAM_MIP_Strategy_PresolveNode=0;CPXPARAM_MIP_Strategy_Probe=3;CPXPARAM_MIP_Strategy_RINSHeur=0;CPXPARAM_MIP_Strategy_StartAlgorithm=5;CPXPARAM_MIP_Strategy_SubAlgorithm=0;CPXPARAM_MIP_Strategy_VariableSelect=0;CPXPARAM_Network_NetFind=2;CPXPARAM_Network_Pricing=0;CPXPARAM_Parallel=1;CPXPARAM_Preprocessing_Aggregator=-1;CPXPARAM_Preprocessing_BoundStrength=-1;CPXPARAM_Preprocessing_CoeffReduce=-1;CPXPARAM_Preprocessing_Dependency=-1;CPXPARAM_Preprocessing_Dual=0;CPXPARAM_Preprocessing_Fill=10;CPXPARAM_Preprocessing_NumPass=-1;CPXPARAM_Preprocessing_Presolve=1;CPXPARAM_Preprocessing_QPMakePSD=0;CPXPARAM_Preprocessing_Reduce=3;CPXPARAM_Preprocessing_Relax=-1;CPXPARAM_Preprocessing_RepeatPresolve=-1;CPXPARAM_Preprocessing_Symmetry=4;CPXPARAM_Read_Scale=0;CPXPARAM_Sifting_Algorithm=0;CPXPARAM_Simplex_Crash=1;CPXPARAM_Simplex_DGradient=2;CPXPARAM_Simplex_Limits_Perturbation=0;CPXPARAM_Simplex_Limits_Singularity=10;CPXPARAM_Simplex_PGradient=0;CPXPARAM_Simplex_Pricing=0;CPXPARAM_Simplex_Refactor=0
7257407073136451685,0,CPXPARAM_Advance=1;CPXPARAM_Barrier_Algorithm=0;CPXPARAM_Barrier_ColNonzeros=0;CPXPARAM_Barrier_Crossover=0;CPXPARAM_Barrier_Limits_Corrections=-1;CPXPARAM_Barrier_Ordering=0;CPXPARAM_Barrier_StartAlg=2;CPXPARAM_Emphasis_MIP=1;CPXPARAM_Emphasis_Memory=0;CPXPARAM_Emphasis_Numerical=0;CPXPARAM_Feasopt_Mode=0;CPXPARAM_LPMethod=0;CPXPARAM_MIP_Cuts_Cliques=0;CPXPARAM_MIP_Cuts_Covers=0;CPXPARAM_MIP_Cuts_Disjunctive=2;CPXPARAM_MIP_Cuts_FlowCovers=1;CPXPARAM_MIP_Cuts_GUBCovers=2;CPXPARAM_MIP_Cuts_Gomory=2;CPXPARAM_MIP_Cuts_Implied=1;CPXPARAM_MIP_Cuts_MIRCut=-1;CPXPARAM_MIP_Cuts_PathCut=2;CPXPARAM_MIP_Limits_AggForCut=3;CPXPARAM_MIP_Limits_CutPasses=0;CPXPARAM_MIP_Limits_CutsFactor=-1;CPXPARAM_MIP_Limits_GomoryCand=800;CPXPARAM_MIP_Limits_GomoryPass=0;CPXPARAM_MIP_Limits_Nodes=9223372036800000000;CPXPARAM_MIP_Limits_ProbeTime=0;CPXPARAM_MIP_Limits_RepairTries=0;CPXPARAM_MIP_Limits_StrongCand=10;CPXPARAM_MIP_Limits_StrongIt=0;CPXPARAM_MIP_OrderType=0;CPXPARAM_MIP_Strategy_BBInterval=7;CPXPARAM_MIP_Strategy_Branch=0;CPXPARAM_MIP_Strategy_Dive=0;CPXPARAM_MIP_Strategy_File=1;CPXPARAM_MIP_Strategy_HeuristicFreq=0;CPXPARAM_MIP_Strategy_LBHeur=0;CPXPARAM_MIP_Strategy_NodeSelect=1;CPXPARAM_MIP_Strategy_Order=1;CPXPARAM_MIP_Strategy_PresolveNode=0;CPXPARAM_MIP_Strategy_Probe=3;CPXPARAM_MIP_Strategy_RINSHeur=0;CPXPARAM_MIP_Strategy_StartAlgorithm=5;CPXPARAM_MIP_Strategy_SubAlgorithm=0;CPXPARAM_MIP_Strategy_VariableSelect=0;CPXPARAM_Network_NetFind=2;CPXPARAM_Network_Pricing=0;CPXPARAM_Parallel=1;CPXPARAM_Preprocessing_Aggregator=-1;CPXPARAM_Preprocessing_BoundStrength=-1;CPXPARAM_Preprocessing_CoeffReduce=-1;CPXPARAM_Preprocessing_Dependency=-1;CPXPARAM_Preprocessing_Dual=0;CPXPARAM_Preprocessing_Fill=10;CPXPARAM_Preprocessing_NumPass=-1;CPXPARAM_Preprocessing_Presolve=1;CPXPARAM_Preprocessing_QPMakePSD=1;CPXPARAM_Preprocessing_Reduce=3;CPXPARAM_Preprocessing_Relax=-1;CPXPARAM_Preprocessing_RepeatPresolve=-1;CPXPARAM_Preprocessing_Symmetry=3;CPXPARAM_Read_Scale=0;CPXPARAM_Sifting_Algorithm=0;CPXPARAM_Simplex_Crash=1;CPXPARAM_Simplex_DGradient=0;CPXPARAM_Simplex_Limits_Perturbation=0;CPXPARAM_Simplex_Limits_Singularity=10;CPXPARAM_Simplex_PGradient=0;CPXPARAM_Simplex_Pricing=0;CPXPARAM_Simplex_Refactor=0
15918704955552640145,0,CPXPARAM_Advance=1;CPXPARAM_Barrier_Algorithm=0;CPXPARAM_Barrier_ColNonzeros=0;CPXPARAM_Barrier_Crossover=0;CPXPARAM_Barrier_Limits_Corrections=-1;CPXPARAM_Barrier_Ordering=0;CPXPARAM_Barrier_StartAlg=2;CPXPARAM_Emphasis_MIP=1;CPXPARAM_Emphasis_Memory=0;CPXPARAM_Emphasis_Numerical=0;CPXPARAM_Feasopt_Mode=0;CPXPARAM_LPMethod=0;CPXPARAM_MIP_Cuts_Cliques=0;CPXPARAM_MIP_Cuts_Covers=0;CPXPARAM_MIP_Cuts_Disjunctive=2;CPXPARAM_MIP_Cuts_FlowCovers=1;CPXPARAM_MIP_Cuts_GUBCovers=2;CPXPARAM_MIP_Cuts_Gomory=2;CPXPARAM_MIP_Cuts_Implied=1;CPXPARAM_MIP_Cuts_MIRCut=-1;CPXPARAM_MIP_Cuts_PathCut=2;CPXPARAM_MIP_Limits_AggForCut=3;CPXPARAM_MIP_Limits_CutPasses=0;CPXPARAM_MIP_Limits_CutsFactor=-1;CPXPARAM_MIP_Limits_GomoryCand=800;CPXPARAM_MIP_Limits_GomoryPass=0;CPXPARAM_MIP_Limits_Nodes=9223372036800000000;CPXPARAM_MIP_Limits_ProbeTime=0;CPXPARAM_MIP_Limits_RepairTries=0;CPXPARAM_MIP_Limits_StrongCand=10;CPXPARAM_MIP_Limits_StrongIt=0;CPXPARAM_MIP_OrderType=0;CPXPARAM_MIP_Strategy_BBInterval=7;CPXPARAM_MIP_Strategy_Branch=0;CPXPARAM_MIP_Strategy_Dive=0;CPXPARAM_MIP_Strategy_File=1;CPXPARAM_MIP_Strategy_HeuristicFreq=0;CPXPARAM_MIP_Strategy_LBHeur=0;CPXPARAM_MIP_Strategy_NodeSelect=1;CPXPARAM_MIP_Strategy_Order=1;CPXPARAM_MIP_Strategy_PresolveNode=0;CPXPARAM_MIP_Strategy_Probe=3;CPXPARAM_MIP_Strategy_RINSHeur=0;CPXPARAM_MIP_Strategy_StartAlgorithm=5;CPXPARAM_MIP_Strategy_SubAlgorithm=0;CPXPARAM_MIP_Strategy_VariableSelect=-1;CPXPARAM_Network_NetFind=2;CPXPARAM_Network_Pricing=0;CPXPARAM_Parallel=1;CPXPARAM_Preprocessing_Aggregator=-1;CPXPARAM_Preprocessing_BoundStrength=-1;CPXPARAM_Preprocessing_CoeffReduce=-1;CPXPARAM_Preprocessing_Dependency=-1;CPXPARAM_Preprocessing_Dual=0;CPXPARAM_Preprocessing_Fill=10;CPXPARAM_Preprocessing_NumPass=-1;CPXPARAM_Preprocessing_Presolve=1;CPXPARAM_Preprocessing_QPMakePSD=1;CPXPARAM_Preprocessing_Reduce=3;CPXPARAM_Preprocessing_Relax=-1;CPXPARAM_Preprocessing_RepeatPresolve=-1;CPXPARAM_Preprocessing_Symmetry=4;CPXPARAM_Read_Scale=0;CPXPARAM_Sifting_Algorithm=0;CPXPARAM_Simplex_Crash=1;CPXPARAM_Simplex_DGradient=0;CPXPARAM_Simplex_Limits_Perturbation=0;CPXPARAM_Simplex_Limits_Singularity=10;CPXPARAM_Simplex_PGradient=0;CPXPARAM_Simplex_Pricing=0;CPXPARAM_Simplex_Refactor=0
17094411210946394496,0,CPXPARAM_Advance=1;CPXPARAM_Barrier_Algorithm=0;CPXPARAM_Barrier_ColNonzeros=0;CPXPARAM_Barrier_Crossover=0;CPXPARAM_Barrier_Limits_Corrections=-1;CPXPARAM_Barrier_Ordering=0;CPXPARAM_Barrier_StartAlg=2;CPXPARAM_Emphasis_MIP=1;CPXPARAM_Emphasis_Memory=0;CPXPARAM_Emphasis_Numerical=0;CPXPARAM_Feasopt_Mode=0;CPXPARAM_LPMethod=0;CPXPARAM_MIP_Cuts_Cliques=0;CPXPARAM_MIP_Cuts_Covers=0;CPXPARAM_MIP_Cuts_Disjunctive=2;CPXPARAM_MIP_Cuts_FlowCovers=1;CPXPARAM_MIP_Cuts_GUBCovers=2;CPXPARAM_MIP_Cuts_Gomory=2;CPXPARAM_MIP_Cuts_Implied=1;CPXPARAM_MIP_Cuts_MIRCut=-1;CPXPARAM_MIP_Cuts_PathCut=2;CPXPARAM_MIP_Limits_AggForCut=3;CPXPARAM_MIP_Limits_CutPasses=0;CPXPARAM_MIP_Limits_CutsFactor=-1;CPXPARAM_MIP_Limits_GomoryCand=800;CPXPARAM_MIP_Limits_GomoryPass=0;CPXPARAM_MIP_Limits_Nodes=9223372036800000000;CPXPARAM_MIP_Limits_ProbeTime=0;CPXPARAM_MIP_Limits_RepairTries=0;CPXPARAM_MIP_Limits_StrongCand=10;CPXPARAM_MIP_Limits_StrongIt=0;CPXPARAM_MIP_OrderType=0;CPXPARAM_MIP_Strategy_BBInterval=7;CPXPARAM_MIP_Strategy_Branch=0;CPXPARAM_MIP_Strategy_Dive=0;CPXPARAM_MIP_Strategy_File=1;CPXPARAM_MIP_Strategy_HeuristicFreq=0;CPXPARAM_MIP_Strategy_LBHeur=0;CPXPARAM_MIP_Strategy_NodeSelect=1;CPXPARAM_MIP_Strategy_Order=1;CPXPARAM_MIP_Strategy_PresolveNode=0;CPXPARAM_MIP_Strategy_Probe=3;CPXPARAM_MIP_Strategy_RINSHeur=0;CPXPARAM_MIP_Strategy_StartAlgorithm=5;CPXPARAM_MIP_Strategy_SubAlgorithm=0;CPXPARAM_MIP_Strategy_VariableSelect=0;CPXPARAM_Network_NetFind=2;CPXPARAM_Network_Pricing=0;CPXPARAM_Parallel=1;CPXPARAM_Preprocessing_Aggregator=-1;CPXPARAM_Preprocessing_BoundStrength=-1;CPXPARAM_Preprocessing_CoeffReduce=-1;CPXPARAM_Preprocessing_Dependency=-1;CPXPARAM_Preprocessing_Dual=0;CPXPARAM_Preprocessing_Fill=10;CPXPARAM_Preprocessing_NumPass=-1;CPXPARAM_Preprocessing_Presolve=1;CPXPARAM_Preprocessing_QPMakePSD=1;CPXPARAM_Preprocessing_Reduce=3;CPXPARAM_Preprocessing_Relax=-1;CPXPARAM_Preprocessing_RepeatPresolve=-1;CPXPARAM_Preprocessing_Symmetry=4;CPXPARAM_Read_Scale=0;CPXPARAM_Sifting_Algorithm=0;CPXPARAM_Simplex_Crash=1;CPXPARAM_Simplex_DGradient=2;CPXPARAM_Simplex_Limits_Perturbation=0;CPXPARAM_Simplex_Limits_Singularity=10;CPXPARAM_Simplex_PGradient=0;CPXPARAM_Simplex_Pricing=0;CPXPARAM_Simplex_Refactor=0
9378599402246191618,0,CPXPARAM_Advance=1;CPXPARAM_Barrier_Algorithm=0;CPXPARAM_Barrier_ColNonzeros=0;CPXPARAM_Barrier_Crossover=0;CPXPARAM_Barrier_Limits_Corrections=-1;CPXPARAM_Barrier_Ordering=0;CPXPARAM_Barrier_StartAlg=2;CPXPARAM_Emphasis_MIP=1;CPXPARAM_Emphasis_Memory=0;CPXPARAM_Emphasis_Numerical=0;CPXPARAM_Feasopt_Mode=5;CPXPARAM_LPMethod=0;CPXPARAM_MIP_Cuts_Cliques=0;CPXPARAM_MIP_Cuts_Covers=0;CPXPARAM_MIP_Cuts_Disjunctive=2;CPXPARAM_MIP_Cuts_FlowCovers=1;CPXPARAM_MIP_Cuts_GUBCovers=2;CPXPARAM_MIP_Cuts_Gomory=2;CPXPARAM_MIP_Cuts_Implied=1;CPXPARAM_MIP_Cuts_MIRCut=-1;CPXPARAM_MIP_Cuts_PathCut=2;CPXPARAM_MIP_Limits_AggForCut=3;CPXPARAM_MIP_Limits_CutPasses=0;CPXPARAM_MIP_Limits_CutsFactor=-1;CPXPARAM_MIP_Limits_GomoryCand=800;CPXPARAM_MIP_Limits_GomoryPass=0;CPXPARAM_MIP_Limits_Nodes=9223372036800000000;CPXPARAM_MIP_Limits_ProbeTime=0;CPXPARAM_MIP_Limits_RepairTries=0;CPXPARAM_MIP_Limits_StrongCand=10;CPXPARAM_MIP_Limits_StrongIt=0;CPXPARAM_MIP_OrderType=0;CPXPARAM_MIP_Strategy_BBInterval=7;CPXPARAM_MIP_Strategy_Branch=0;CPXPARAM_MIP_Strategy_Dive=0;CPXPARAM_MIP_Strategy_File=1;CPXPARAM_MIP_Strategy_HeuristicFreq=0;CPXPARAM_MIP_Strategy_LBHeur=0;CPXPARAM_MIP_Strategy_NodeSelect=1;CPXPARAM_MIP_Strategy_Order=1;CPXPARAM_MIP_Strategy_PresolveNode=0;CPXPARAM_MIP_Strategy_Probe=3;CPXPARAM_MIP_Strategy_RINSHeur=0;CPXPARAM_MIP_Strategy_StartAlgorithm=5;CPXPARAM_MIP_Strategy_SubAlgorithm=0;CPXPARAM_MIP_Strategy_VariableSelect=0;CPXPARAM_Network_NetFind=2;CPXPARAM_Network_Pricing=0;CPXPARAM_Parallel=1;CPXPARAM_Preprocessing_Aggregator=-1;CPXPARAM_Preprocessing_BoundStrength=-1;CPXPARAM_Preprocessing_CoeffReduce=-1;CPXPARAM_Preprocessing_Dependency=-1;CPXPARAM_Preprocessing_Dual=0;CPXPARAM_Preprocessing_Fill=10;CPXPARAM_Preprocessing_NumPass=-1;CPXPARAM_Preprocessing_Presolve=1;CPXPARAM_Preprocessing_QPMakePSD=1;CPXPARAM_Preprocessing_Reduce=3;CPXPARAM_Preprocessing_Relax=-1;CPXPARAM_Preprocessing_RepeatPresolve=-1;CPXPARAM_Preprocessing_Symmetry=4;CPXPARAM_Read_Scale=0;CPXPARAM_Sifting_Algorithm=0;CPXPARAM_Simplex_Crash=1;CPXPARAM_Simplex_DGradient=2;CPXPARAM_Simplex_Limits_Perturbation=0;CPXPARAM_Simplex_Limits_Singularity=10;CPXPARAM_Simplex_PGradient=0;CPXPARAM_Simplex_Pricing=0;CPXPARAM_Simplex_Refactor=0
10917511931878273860,0,CPXPARAM_Advance=1;CPXPARAM_Barrier_Algorithm=0;CPXPARAM_Barrier_ColNonzeros=0;CPXPARAM_Barrier_Crossover=0;CPXPARAM_Barrier_Limits_Corrections=-1;CPXPARAM_Barrier_Ordering=0;CPXPARAM_Barrier_StartAlg=2;CPXPARAM_Emphasis_MIP=4;CPXPARAM_Emphasis_Memory=0;CPXPARAM_Emphasis_Numerical=0;CPXPARAM_Feasopt_Mode=4;CPXPARAM_LPMethod=0;CPXPARAM_MIP_Cuts_Cliques=0;CPXPARAM_MIP_Cuts_Covers=0;CPXPARAM_MIP_Cuts_Disjunctive=2;CPXPARAM_MIP_Cuts_FlowCovers=1;CPXPARAM_MIP_Cuts_GUBCovers=2;CPXPARAM_MIP_Cuts_Gomory=-1;CPXPARAM_MIP_Cuts_Implied=-1;CPXPARAM_MIP_Cuts_MIRCut=2;CPXPARAM_MIP_Cuts_PathCut=1;CPXPARAM_MIP_Limits_AggForCut=3;CPXPARAM_MIP_Limits_CutPasses=0;CPXPARAM_MIP_Limits_CutsFactor=-1;CPXPARAM_MIP_Limits_GomoryCand=100;CPXPARAM_MIP_Limits_GomoryPass=0;CPXPARAM_MIP_Limits_Nodes=9223372036800000000;CPXPARAM_MIP_Limits_ProbeTime=20;CPXPARAM_MIP_Limits_RepairTries=0;CPXPARAM_MIP_Limits_StrongCand=10;CPXPARAM_MIP_Limits_StrongIt=0;CPXPARAM_MIP_OrderType=0;CPXPARAM_MIP_Strategy_BBInterval=7;CPXPARAM_MIP_Strategy_Branch=-1;CPXPARAM_MIP_Strategy_Dive=0;CPXPARAM_MIP_Strategy_File=1;CPXPARAM_MIP_Strategy_HeuristicFreq=0;CPXPARAM_MIP_Strategy_LBHeur=0;CPXPARAM_MIP_Strategy_NodeSelect=1;CPXPARAM_MIP_Strategy_Order=1;CPXPARAM_MIP_Strategy_PresolveNode=0;CPXPARAM_MIP_Strategy_Probe=0;CPXPARAM_MIP_Strategy_RINSHeur=0;CPXPARAM_MIP_Strategy_StartAlgorithm=6;CPXPARAM_MIP_Strategy_SubAlgorithm=1;CPXPARAM_MIP_Strategy_VariableSelect=3;CPXPARAM_Network_NetFind=2;CPXPARAM_Network_Pricing=0;CPXPARAM_Parallel=1;CPXPARAM_Preprocessing_Aggregator=-1;CPXPARAM_Preprocessing_BoundStrength=-1;CPXPARAM_Preprocessing_CoeffReduce=-1;CPXPARAM_Preprocessing_Dependency=-1;CPXPARAM_Preprocessing_Dual=0;CPXPARAM_Preprocessing_Fill=10;CPXPARAM_Preprocessing_NumPass=-1;CPXPARAM_Preprocessing_Presolve=1;CPXPARAM_Preprocessing_QPMakePSD=1;CPXPARAM_Preprocessing_Reduce=3;CPXPARAM_Preprocessing_Relax=-1;CPXPARAM_Preprocessing_RepeatPresolve=-1;CPXPARAM_Preprocessing_Symmetry=4;CPXPARAM_Read_Scale=0;CPXPARAM_Sifting_Algorithm=0;CPXPARAM_Simplex_Crash=1;CPXPARAM_Simplex_DGradient=5;CPXPARAM_Simplex_Limits_Perturbation=0;CPXPARAM_Simplex_Limits_Singularity=10;CPXPARAM_Simplex_PGradient=0;CPXPARAM_Simplex_Pricing=0;CPXPARAM_Simplex_Refactor=0
