ConfigID,UseMipStart,Configuration
9559923543995841865,0,CPXPARAM_Advance=1;CPXPARAM_Barrier_Algorithm=0;CPXPARAM_Barrier_ColNonzeros=0;CPXPARAM_Barrier_Crossover=0;CPXPARAM_Barrier_Limits_Corrections=-1;CPXPARAM_Barrier_Ordering=0;CPXPARAM_Barrier_StartAlg=1;CPXPARAM_Emphasis_MIP=1;CPXPARAM_Emphasis_Memory=0;CPXPARAM_Emphasis_Numerical=0;CPXPARAM_Feasopt_Mode=0;CPXPARAM_LPMethod=0;CPXPARAM_MIP_Cuts_Cliques=1;CPXPARAM_MIP_Cuts_Covers=0;CPXPARAM_MIP_Cuts_Disjunctive=-1;CPXPARAM_MIP_Cuts_FlowCovers=-1;CPXPARAM_MIP_Cuts_GUBCovers=1;CPXPARAM_MIP_Cuts_Gomory=1;CPXPARAM_MIP_Cuts_Implied=1;CPXPARAM_MIP_Cuts_MIRCut=-1;CPXPARAM_MIP_Cuts_PathCut=-1;CPXPARAM_MIP_Limits_AggForCut=3;CPXPARAM_MIP_Limits_CutPasses=0;CPXPARAM_MIP_Limits_CutsFactor=-1;CPXPARAM_MIP_Limits_GomoryCand=10;CPXPARAM_MIP_Limits_GomoryPass=0;CPXPARAM_MIP_Limits_Nodes=9223372036800000000;CPXPARAM_MIP_Limits_ProbeTime=1e+75;CPXPARAM_MIP_Limits_RepairTries=0;CPXPARAM_MIP_Limits_StrongCand=10;CPXPARAM_MIP_Limits_StrongIt=0;CPXPARAM_MIP_OrderType=2;CPXPARAM_MIP_Strategy_BBInterval=7;CPXPARAM_MIP_Strategy_Branch=0;CPXPARAM_MIP_Strategy_Dive=0;CPXPARAM_MIP_Strategy_File=2;CPXPARAM_MIP_Strategy_HeuristicFreq=0;CPXPARAM_MIP_Strategy_LBHeur=0;CPXPARAM_MIP_Strategy_NodeSelect=1;CPXPARAM_MIP_Strategy_Order=1;CPXPARAM_MIP_Strategy_PresolveNode=0;CPXPARAM_MIP_Strategy_Probe=-1;CPXPARAM_MIP_Strategy_RINSHeur=0;CPXPARAM_MIP_Strategy_StartAlgorithm=0;CPXPARAM_MIP_Strategy_SubAlgorithm=0;CPXPARAM_MIP_Strategy_VariableSelect=0;CPXPARAM_Network_NetFind=1;CPXPARAM_Network_Pricing=1;CPXPARAM_Parallel=1;CPXPARAM_Preprocessing_Aggregator=-1;CPXPARAM_Preprocessing_BoundStrength=-1;CPXPARAM_Preprocessing_CoeffReduce=-1;CPXPARAM_Preprocessing_Dependency=-1;CPXPARAM_Preprocessing_Dual=-1;CPXPARAM_Preprocessing_Fill=10;CPXPARAM_Preprocessing_NumPass=-1;CPXPARAM_Preprocessing_Presolve=1;CPXPARAM_Preprocessing_QPMakePSD=1;CPXPARAM_Preprocessing_Reduce=3;CPXPARAM_Preprocessing_Relax=1;CPXPARAM_Preprocessing_RepeatPresolve=-1;CPXPARAM_Preprocessing_Symmetry=-1;CPXPARAM_Read_Scale=0;CPXPARAM_Sifting_Algorithm=0;CPXPARAM_Simplex_Crash=1;CPXPARAM_Simplex_DGradient=0;CPXPARAM_Simplex_Limits_Perturbation=0;CPXPARAM_Simplex_Limits_Singularity=10;CPXPARAM_Simplex_PGradient=-1;CPXPARAM_Simplex_Pricing=0;CPXPARAM_Simplex_Refactor=0
579524778607213444,0,CPXPARAM_Advance=1;CPXPARAM_Barrier_Algorithm=0;CPXPARAM_Barrier_ColNonzeros=0;CPXPARAM_Barrier_Crossover=0;CPXPARAM_Barrier_Limits_Corrections=-1;CPXPARAM_Barrier_Ordering=0;CPXPARAM_Barrier_StartAlg=1;CPXPARAM_Emphasis_MIP=1;CPXPARAM_Emphasis_Memory=0;CPXPARAM_Emphasis_Numerical=0;CPXPARAM_Feasopt_Mode=0;CPXPARAM_LPMethod=0;CPXPARAM_MIP_Cuts_Cliques=1;CPXPARAM_MIP_Cuts_Covers=0;CPXPARAM_MIP_Cuts_Disjunctive=-1;CPXPARAM_MIP_Cuts_FlowCovers=-1;CPXPARAM_MIP_Cuts_GUBCovers=1;CPXPARAM_MIP_Cuts_Gomory=1;CPXPARAM_MIP_Cuts_Implied=1;CPXPARAM_MIP_Cuts_MIRCut=-1;CPXPARAM_MIP_Cuts_PathCut=-1;CPXPARAM_MIP_Limits_AggForCut=3;CPXPARAM_MIP_Limits_CutPasses=0;CPXPARAM_MIP_Limits_CutsFactor=-1;CPXPARAM_MIP_Limits_GomoryCand=10;CPXPARAM_MIP_Limits_GomoryPass=0;CPXPARAM_MIP_Limits_Nodes=9223372036800000000;CPXPARAM_MIP_Limits_ProbeTime=1e+75;CPXPARAM_MIP_Limits_RepairTries=0;CPXPARAM_MIP_Limits_StrongCand=10;CPXPARAM_MIP_Limits_StrongIt=0;CPXPARAM_MIP_OrderType=2;CPXPARAM_MIP_Strategy_BBInterval=7;CPXPARAM_MIP_Strategy_Branch=0;CPXPARAM_MIP_Strategy_Dive=0;CPXPARAM_MIP_Strategy_File=2;CPXPARAM_MIP_Strategy_HeuristicFreq=0;CPXPARAM_MIP_Strategy_LBHeur=0;CPXPARAM_MIP_Strategy_NodeSelect=1;CPXPARAM_MIP_Strategy_Order=1;CPXPARAM_MIP_Strategy_PresolveNode=0;CPXPARAM_MIP_Strategy_Probe=0;CPXPARAM_MIP_Strategy_RINSHeur=0;CPXPARAM_MIP_Strategy_StartAlgorithm=0;CPXPARAM_MIP_Strategy_SubAlgorithm=0;CPXPARAM_MIP_Strategy_VariableSelect=0;CPXPARAM_Network_NetFind=1;CPXPARAM_Network_Pricing=1;CPXPARAM_Parallel=1;CPXPARAM_Preprocessing_Aggregator=-1;CPXPARAM_Preprocessing_BoundStrength=-1;CPXPARAM_Preprocessing_CoeffReduce=-1;CPXPARAM_Preprocessing_Dependency=-1;CPXPARAM_Preprocessing_Dual=-1;CPXPARAM_Preprocessing_Fill=10;CPXPARAM_Preprocessing_NumPass=-1;CPXPARAM_Preprocessing_Presolve=1;CPXPARAM_Preprocessing_QPMakePSD=1;CPXPARAM_Preprocessing_Reduce=3;CPXPARAM_Preprocessing_Relax=1;CPXPARAM_Preprocessing_RepeatPresolve=-1;CPXPARAM_Preprocessing_Symmetry=-1;CPXPARAM_Read_Scale=0;CPXPARAM_Sifting_Algorithm=0;CPXPARAM_Simplex_Crash=1;CPXPARAM_Simplex_DGradient=0;CPXPARAM_Simplex_Limits_Perturbation=0;CPXPARAM_Simplex_Limits_Singularity=10;CPXPARAM_Simplex_PGradient=-1;CPXPARAM_Simplex_Pricing=0;CPXPARAM_Simplex_Refactor=0
10087140268067832903,0,CPXPARAM_Advance=1;CPXPARAM_Barrier_Algorithm=0;CPXPARAM_Barrier_ColNonzeros=0;CPXPARAM_Barrier_Crossover=0;CPXPARAM_Barrier_Limits_Corrections=-1;CPXPARAM_Barrier_Ordering=0;CPXPARAM_Barrier_StartAlg=1;CPXPARAM_Emphasis_MIP=1;CPXPARAM_Emphasis_Memory=0;CPXPARAM_Emphasis_Numerical=0;CPXPARAM_Feasopt_Mode=0;CPXPARAM_LPMethod=0;CPXPARAM_MIP_Cuts_Cliques=1;CPXPARAM_MIP_Cuts_Covers=0;CPXPARAM_MIP_Cuts_Disjunctive=-1;CPXPARAM_MIP_Cuts_FlowCovers=-1;CPXPARAM_MIP_Cuts_GUBCovers=1;CPXPARAM_MIP_Cuts_Gomory=1;CPXPARAM_MIP_Cuts_Implied=1;CPXPARAM_MIP_Cuts_MIRCut=-1;CPXPARAM_MIP_Cuts_PathCut=-1;CPXPARAM_MIP_Limits_AggForCut=3;CPXPARAM_MIP_Limits_CutPasses=0;CPXPARAM_MIP_Limits_CutsFactor=-1;CPXPARAM_MIP_Limits_GomoryCand=10;CPXPARAM_MIP_Limits_GomoryPass=0;CPXPARAM_MIP_Limits_Nodes=9223372036800000000;CPXPARAM_MIP_Limits_ProbeTime=1e+75;CPXPARAM_MIP_Limits_RepairTries=0;CPXPARAM_MIP_Limits_StrongCand=10;CPXPARAM_MIP_Limits_StrongIt=0;CPXPARAM_MIP_OrderType=2;CPXPARAM_MIP_Strategy_BBInterval=7;CPXPARAM_MIP_Strategy_Branch=0;CPXPARAM_MIP_Strategy_Dive=0;CPXPARAM_MIP_Strategy_File=2;CPXPARAM_MIP_Strategy_HeuristicFreq=0;CPXPARAM_MIP_Strategy_LBHeur=0;CPXPARAM_MIP_Strategy_NodeSelect=1;CPXPARAM_MIP_Strategy_Order=1;CPXPARAM_MIP_Strategy_PresolveNode=0;CPXPARAM_MIP_Strategy_Probe=0;CPXPARAM_MIP_Strategy_RINSHeur=0;CPXPARAM_MIP_Strategy_StartAlgorithm=0;CPXPARAM_MIP_Strategy_SubAlgorithm=0;CPXPARAM_MIP_Strategy_VariableSelect=0;CPXPARAM_Network_NetFind=1;CPXPARAM_Network_Pricing=0;CPXPARAM_Parallel=1;CPXPARAM_Preprocessing_Aggregator=-1;CPXPARAM_Preprocessing_BoundStrength=-1;CPXPARAM_Preprocessing_CoeffReduce=-1;CPXPARAM_Preprocessing_Dependency=-1;CPXPARAM_Preprocessing_Dual=-1;CPXPARAM_Preprocessing_Fill=10;CPXPARAM_Preprocessing_NumPass=-1;CPXPARAM_Preprocessing_Presolve=1;CPXPARAM_Preprocessing_QPMakePSD=1;CPXPARAM_Preprocessing_Reduce=3;CPXPARAM_Preprocessing_Relax=1;CPXPARAM_Preprocessing_RepeatPresolve=-1;CPXPARAM_Preprocessing_Symmetry=-1;CPXPARAM_Read_Scale=0;CPXPARAM_Sifting_Algorithm=0;CPXPARAM_Simplex_Crash=1;CPXPARAM_Simplex_DGradient=0;CPXPARAM_Simplex_Limits_Perturbation=0;CPXPARAM_Simplex_Limits_Singularity=10;CPXPARAM_Simplex_PGradient=1;CPXPARAM_Simplex_Pricing=0;CPXPARAM_Simplex_Refactor=0
8777586713448563632,0,CPXPARAM_Advance=1;CPXPARAM_Barrier_Algorithm=0;CPXPARAM_Barrier_ColNonzeros=0;CPXPARAM_Barrier_Crossover=0;CPXPARAM_Barrier_Limits_Corrections=-1;CPXPARAM_Barrier_Ordering=0;CPXPARAM_Barrier_StartAlg=1;CPXPARAM_Emphasis_MIP=1;CPXPARAM_Emphasis_Memory=0;CPXPARAM_Emphasis_Numerical=0;CPXPARAM_Feasopt_Mode=0;CPXPARAM_LPMethod=0;CPXPARAM_MIP_Cuts_Cliques=1;CPXPARAM_MIP_Cuts_Covers=0;CPXPARAM_MIP_Cuts_Disjunctive=-1;CPXPARAM_MIP_Cuts_FlowCovers=-1;CPXPARAM_MIP_Cuts_GUBCovers=1;CPXPARAM_MIP_Cuts_Gomory=1;CPXPARAM_MIP_Cuts_Implied=1;CPXPARAM_MIP_Cuts_MIRCut=-1;CPXPARAM_MIP_Cuts_PathCut=-1;CPXPARAM_MIP_Limits_AggForCut=3;CPXPARAM_MIP_Limits_CutPasses=0;CPXPARAM_MIP_Limits_CutsFactor=-1;CPXPARAM_MIP_Limits_GomoryCand=10;CPXPARAM_MIP_Limits_GomoryPass=0;CPXPARAM_MIP_Limits_Nodes=9223372036800000000;CPXPARAM_MIP_Limits_ProbeTime=1e+75;CPXPARAM_MIP_Limits_RepairTries=0;CPXPARAM_MIP_Limits_StrongCand=10;CPXPARAM_MIP_Limits_StrongIt=0;CPXPARAM_MIP_OrderType=2;CPXPARAM_MIP_Strategy_BBInterval=7;CPXPARAM_MIP_Strategy_Branch=0;CPXPARAM_MIP_Strategy_Dive=0;CPXPARAM_MIP_Strategy_File=2;CPXPARAM_MIP_Strategy_HeuristicFreq=0;CPXPARAM_MIP_Strategy_LBHeur=0;CPXPARAM_MIP_Strategy_NodeSelect=1;CPXPARAM_MIP_Strategy_Order=1;CPXPARAM_MIP_Strategy_PresolveNode=0;CPXPARAM_MIP_Strategy_Probe=0;CPXPARAM_MIP_Strategy_RINSHeur=0;CPXPARAM_MIP_Strategy_StartAlgorithm=0;CPXPARAM_MIP_Strategy_SubAlgorithm=0;CPXPARAM_MIP_Strategy_VariableSelect=0;CPXPARAM_Network_NetFind=1;CPXPARAM_Network_Pricing=1;CPXPARAM_Parallel=1;CPXPARAM_Preprocessing_Aggregator=-1;CPXPARAM_Preprocessing_BoundStrength=-1;CPXPARAM_Preprocessing_CoeffReduce=-1;CPXPARAM_Preprocessing_Dependency=-1;CPXPARAM_Preprocessing_Dual=-1;CPXPARAM_Preprocessing_Fill=10;CPXPARAM_Preprocessing_NumPass=-1;CPXPARAM_Preprocessing_Presolve=1;CPXPARAM_Preprocessing_QPMakePSD=1;CPXPARAM_Preprocessing_Reduce=3;CPXPARAM_Preprocessing_Relax=1;CPXPARAM_Preprocessing_RepeatPresolve=-1;CPXPARAM_Preprocessing_Symmetry=-1;CPXPARAM_Read_Scale=0;CPXPARAM_Sifting_Algorithm=0;CPXPARAM_Simplex_Crash=1;CPXPARAM_Simplex_DGradient=0;CPXPARAM_Simplex_Limits_Perturbation=0;CPXPARAM_Simplex_Limits_Singularity=10;CPXPARAM_Simplex_PGradient=1;CPXPARAM_Simplex_Pricing=0;CPXPARAM_Simplex_Refactor=0
2320145367933692055,0,CPXPARAM_Advance=1;CPXPARAM_Barrier_Algorithm=0;CPXPARAM_Barrier_ColNonzeros=0;CPXPARAM_Barrier_Crossover=0;CPXPARAM_Barrier_Limits_Corrections=-1;CPXPARAM_Barrier_Ordering=0;CPXPARAM_Barrier_StartAlg=1;CPXPARAM_Emphasis_MIP=1;CPXPARAM_Emphasis_Memory=0;CPXPARAM_Emphasis_Numerical=0;CPXPARAM_Feasopt_Mode=0;CPXPARAM_LPMethod=0;CPXPARAM_MIP_Cuts_Cliques=1;CPXPARAM_MIP_Cuts_Covers=0;CPXPARAM_MIP_Cuts_Disjunctive=-1;CPXPARAM_MIP_Cuts_FlowCovers=-1;CPXPARAM_MIP_Cuts_GUBCovers=1;CPXPARAM_MIP_Cuts_Gomory=1;CPXPARAM_MIP_Cuts_Implied=1;CPXPARAM_MIP_Cuts_MIRCut=2;CPXPARAM_MIP_Cuts_PathCut=-1;CPXPARAM_MIP_Limits_AggForCut=3;CPXPARAM_MIP_Limits_CutPasses=0;CPXPARAM_MIP_Limits_CutsFactor=-1;CPXPARAM_MIP_Limits_GomoryCand=100;CPXPARAM_MIP_Limits_GomoryPass=0;CPXPARAM_MIP_Limits_Nodes=9223372036800000000;CPXPARAM_MIP_Limits_ProbeTime=1e+75;CPXPARAM_MIP_Limits_RepairTries=0;CPXPARAM_MIP_Limits_StrongCand=10;CPXPARAM_MIP_Limits_StrongIt=0;CPXPARAM_MIP_OrderType=2;CPXPARAM_MIP_Strategy_BBInterval=7;CPXPARAM_MIP_Strategy_Branch=0;CPXPARAM_MIP_Strategy_Dive=0;CPXPARAM_MIP_Strategy_File=2;CPXPARAM_MIP_Strategy_HeuristicFreq=0;CPXPARAM_MIP_Strategy_LBHeur=0;CPXPARAM_MIP_Strategy_NodeSelect=1;CPXPARAM_MIP_Strategy_Order=1;CPXPARAM_MIP_Strategy_PresolveNode=0;CPXPARAM_MIP_Strategy_Probe=0;CPXPARAM_MIP_Strategy_RINSHeur=0;CPXPARAM_MIP_Strategy_StartAlgorithm=0;CPXPARAM_MIP_Strategy_SubAlgorithm=0;CPXPARAM_MIP_Strategy_VariableSelect=0;CPXPARAM_Network_NetFind=1;CPXPARAM_Network_Pricing=1;CPXPARAM_Parallel=1;CPXPARAM_Preprocessing_Aggregator=-1;CPXPARAM_Preprocessing_BoundStrength=-1;CPXPARAM_Preprocessing_CoeffReduce=-1;CPXPARAM_Preprocessing_Dependency=-1;CPXPARAM_Preprocessing_Dual=-1;CPXPARAM_Preprocessing_Fill=10;CPXPARAM_Preprocessing_NumPass=-1;CPXPARAM_Preprocessing_Presolve=1;CPXPARAM_Preprocessing_QPMakePSD=1;CPXPARAM_Preprocessing_Reduce=3;CPXPARAM_Preprocessing_Relax=1;CPXPARAM_Preprocessing_RepeatPresolve=-1;CPXPARAM_Preprocessing_Symmetry=-1;CPXPARAM_Read_Scale=0;CPXPARAM_Sifting_Algorithm=0;CPXPARAM_Simplex_Crash=1;CPXPARAM_Simplex_DGradient=0;CPXPARAM_Simplex_Limits_Perturbation=0;CPXPARAM_Simplex_Limits_Singularity=10;CPXPARAM_Simplex_PGradient=1;CPXPARAM_Simplex_Pricing=0;CPXPARAM_Simplex_Refactor=0
14936294647809129564,0,CPXPARAM_Advance=1;CPXPARAM_Barrier_Algorithm=0;CPXPARAM_Barrier_ColNonzeros=0;CPXPARAM_Barrier_Crossover=0;CPXPARAM_Barrier_Limits_Corrections=-1;CPXPARAM_Barrier_Ordering=0;CPXPARAM_Barrier_StartAlg=1;CPXPARAM_Emphasis_MIP=1;CPXPARAM_Emphasis_Memory=0;CPXPARAM_Emphasis_Numerical=0;CPXPARAM_Feasopt_Mode=0;CPXPARAM_LPMethod=0;CPXPARAM_MIP_Cuts_Cliques=1;CPXPARAM_MIP_Cuts_Covers=0;CPXPARAM_MIP_Cuts_Disjunctive=-1;CPXPARAM_MIP_Cuts_FlowCovers=-1;CPXPARAM_MIP_Cuts_GUBCovers=1;CPXPARAM_MIP_Cuts_Gomory=1;CPXPARAM_MIP_Cuts_Implied=1;CPXPARAM_MIP_Cuts_MIRCut=2;CPXPARAM_MIP_Cuts_PathCut=-1;CPXPARAM_MIP_Limits_AggForCut=3;CPXPARAM_MIP_Limits_CutPasses=0;CPXPARAM_MIP_Limits_CutsFactor=-1;CPXPARAM_MIP_Limits_GomoryCand=10;CPXPARAM_MIP_Limits_GomoryPass=0;CPXPARAM_MIP_Limits_Nodes=9223372036800000000;CPXPARAM_MIP_Limits_ProbeTime=1e+75;CPXPARAM_MIP_Limits_RepairTries=0;CPXPARAM_MIP_Limits_StrongCand=10;CPXPARAM_MIP_Limits_StrongIt=0;CPXPARAM_MIP_OrderType=2;CPXPARAM_MIP_Strategy_BBInterval=7;CPXPARAM_MIP_Strategy_Branch=0;CPXPARAM_MIP_Strategy_Dive=0;CPXPARAM_MIP_Strategy_File=2;CPXPARAM_MIP_Strategy_HeuristicFreq=0;CPXPARAM_MIP_Strategy_LBHeur=0;CPXPARAM_MIP_Strategy_NodeSelect=1;CPXPARAM_MIP_Strategy_Order=1;CPXPARAM_MIP_Strategy_PresolveNode=0;CPXPARAM_MIP_Strategy_Probe=0;CPXPARAM_MIP_Strategy_RINSHeur=0;CPXPARAM_MIP_Strategy_StartAlgorithm=0;CPXPARAM_MIP_Strategy_SubAlgorithm=0;CPXPARAM_MIP_Strategy_VariableSelect=0;CPXPARAM_Network_NetFind=1;CPXPARAM_Network_Pricing=3;CPXPARAM_Parallel=1;CPXPARAM_Preprocessing_Aggregator=-1;CPXPARAM_Preprocessing_BoundStrength=-1;CPXPARAM_Preprocessing_CoeffReduce=-1;CPXPARAM_Preprocessing_Dependency=-1;CPXPARAM_Preprocessing_Dual=-1;CPXPARAM_Preprocessing_Fill=10;CPXPARAM_Preprocessing_NumPass=-1;CPXPARAM_Preprocessing_Presolve=1;CPXPARAM_Preprocessing_QPMakePSD=1;CPXPARAM_Preprocessing_Reduce=1;CPXPARAM_Preprocessing_Relax=1;CPXPARAM_Preprocessing_RepeatPresolve=-1;CPXPARAM_Preprocessing_Symmetry=-1;CPXPARAM_Read_Scale=0;CPXPARAM_Sifting_Algorithm=0;CPXPARAM_Simplex_Crash=1;CPXPARAM_Simplex_DGradient=0;CPXPARAM_Simplex_Limits_Perturbation=0;CPXPARAM_Simplex_Limits_Singularity=10;CPXPARAM_Simplex_PGradient=1;CPXPARAM_Simplex_Pricing=0;CPXPARAM_Simplex_Refactor=0
681267405598537100,0,CPXPARAM_Advance=1;CPXPARAM_Barrier_Algorithm=0;CPXPARAM_Barrier_ColNonzeros=0;CPXPARAM_Barrier_Crossover=0;CPXPARAM_Barrier_Limits_Corrections=-1;CPXPARAM_Barrier_Ordering=0;CPXPARAM_Barrier_StartAlg=1;CPXPARAM_Emphasis_MIP=0;CPXPARAM_Emphasis_Memory=0;CPXPARAM_Emphasis_Numerical=0;CPXPARAM_Feasopt_Mode=0;CPXPARAM_LPMethod=0;CPXPARAM_MIP_Cuts_Cliques=1;CPXPARAM_MIP_Cuts_Covers=0;CPXPARAM_MIP_Cuts_Disjunctive=-1;CPXPARAM_MIP_Cuts_FlowCovers=-1;CPXPARAM_MIP_Cuts_GUBCovers=1;CPXPARAM_MIP_Cuts_Gomory=1;CPXPARAM_MIP_Cuts_Implied=1;CPXPARAM_MIP_Cuts_MIRCut=2;CPXPARAM_MIP_Cuts_PathCut=-1;CPXPARAM_MIP_Limits_AggForCut=3;CPXPARAM_MIP_Limits_CutPasses=0;CPXPARAM_MIP_Limits_CutsFactor=-1;CPXPARAM_MIP_Limits_GomoryCand=10;CPXPARAM_MIP_Limits_GomoryPass=0;CPXPARAM_MIP_Limits_Nodes=9223372036800000000;CPXPARAM_MIP_Limits_ProbeTime=1e+75;CPXPARAM_MIP_Limits_RepairTries=0;CPXPARAM_MIP_Limits_StrongCand=10;CPXPARAM_MIP_Limits_StrongIt=0;CPXPARAM_MIP_OrderType=2;CPXPARAM_MIP_Strategy_BBInterval=7;CPXPARAM_MIP_Strategy_Branch=0;CPXPARAM_MIP_Strategy_Dive=0;CPXPARAM_MIP_Strategy_File=2;CPXPARAM_MIP_Strategy_HeuristicFreq=0;CPXPARAM_MIP_Strategy_LBHeur=0;CPXPARAM_MIP_Strategy_NodeSelect=1;CPXPARAM_MIP_Strategy_Order=1;CPXPARAM_MIP_Strategy_PresolveNode=0;CPXPARAM_MIP_Strategy_Probe=0;CPXPARAM_MIP_Strategy_RINSHeur=0;CPXPARAM_MIP_Strategy_StartAlgorithm=0;CPXPARAM_MIP_Strategy_SubAlgorithm=0;CPXPARAM_MIP_Strategy_VariableSelect=0;CPXPARAM_Network_NetFind=1;CPXPARAM_Network_Pricing=1;CPXPARAM_Parallel=1;CPXPARAM_Preprocessing_Aggregator=-1;CPXPARAM_Preprocessing_BoundStrength=-1;CPXPARAM_Preprocessing_CoeffReduce=-1;CPXPARAM_Preprocessing_Dependency=-1;CPXPARAM_Preprocessing_Dual=-1;CPXPARAM_Preprocessing_Fill=10;CPXPARAM_Preprocessing_NumPass=-1;CPXPARAM_Preprocessing_Presolve=1;CPXPARAM_Preprocessing_QPMakePSD=1;CPXPARAM_Preprocessing_Reduce=1;CPXPARAM_Preprocessing_Relax=1;CPXPARAM_Preprocessing_RepeatPresolve=-1;CPXPARAM_Preprocessing_Symmetry=-1;CPXPARAM_Read_Scale=0;CPXPARAM_Sifting_Algorithm=0;CPXPARAM_Simplex_Crash=1;CPXPARAM_Simplex_DGradient=0;CPXPARAM_Simplex_Limits_Perturbation=0;CPXPARAM_Simplex_Limits_Singularity=10;CPXPARAM_Simplex_PGradient=1;CPXPARAM_Simplex_Pricing=0;CPXPARAM_Simplex_Refactor=0
2280191593693426577,0,CPXPARAM_Advance=1;CPXPARAM_Barrier_Algorithm=0;CPXPARAM_Barrier_ColNonzeros=0;CPXPARAM_Barrier_Crossover=0;CPXPARAM_Barrier_Limits_Corrections=-1;CPXPARAM_Barrier_Ordering=0;CPXPARAM_Barrier_StartAlg=1;CPXPARAM_Emphasis_MIP=1;CPXPARAM_Emphasis_Memory=0;CPXPARAM_Emphasis_Numerical=0;CPXPARAM_Feasopt_Mode=0;CPXPARAM_LPMethod=0;CPXPARAM_MIP_Cuts_Cliques=1;CPXPARAM_MIP_Cuts_Covers=0;CPXPARAM_MIP_Cuts_Disjunctive=-1;CPXPARAM_MIP_Cuts_FlowCovers=-1;CPXPARAM_MIP_Cuts_GUBCovers=1;CPXPARAM_MIP_Cuts_Gomory=1;CPXPARAM_MIP_Cuts_Implied=1;CPXPARAM_MIP_Cuts_MIRCut=2;CPXPARAM_MIP_Cuts_PathCut=-1;CPXPARAM_MIP_Limits_AggForCut=3;CPXPARAM_MIP_Limits_CutPasses=0;CPXPARAM_MIP_Limits_CutsFactor=-1;CPXPARAM_MIP_Limits_GomoryCand=10;CPXPARAM_MIP_Limits_GomoryPass=0;CPXPARAM_MIP_Limits_Nodes=9223372036800000000;CPXPARAM_MIP_Limits_ProbeTime=1e+75;CPXPARAM_MIP_Limits_RepairTries=0;CPXPARAM_MIP_Limits_StrongCand=10;CPXPARAM_MIP_Limits_StrongIt=0;CPXPARAM_MIP_OrderType=0;CPXPARAM_MIP_Strategy_BBInterval=7;CPXPARAM_MIP_Strategy_Branch=0;CPXPARAM_MIP_Strategy_Dive=0;CPXPARAM_MIP_Strategy_File=2;CPXPARAM_MIP_Strategy_HeuristicFreq=0;CPXPARAM_MIP_Strategy_LBHeur=0;CPXPARAM_MIP_Strategy_NodeSelect=1;CPXPARAM_MIP_Strategy_Order=1;CPXPARAM_MIP_Strategy_PresolveNode=0;CPXPARAM_MIP_Strategy_Probe=0;CPXPARAM_MIP_Strategy_RINSHeur=0;CPXPARAM_MIP_Strategy_StartAlgorithm=0;CPXPARAM_MIP_Strategy_SubAlgorithm=0;CPXPARAM_MIP_Strategy_VariableSelect=0;CPXPARAM_Network_NetFind=1;CPXPARAM_Network_Pricing=1;CPXPARAM_Parallel=1;CPXPARAM_Preprocessing_Aggregator=-1;CPXPARAM_Preprocessing_BoundStrength=-1;CPXPARAM_Preprocessing_CoeffReduce=-1;CPXPARAM_Preprocessing_Dependency=-1;CPXPARAM_Preprocessing_Dual=-1;CPXPARAM_Preprocessing_Fill=10;CPXPARAM_Preprocessing_NumPass=-1;CPXPARAM_Preprocessing_Presolve=1;CPXPARAM_Preprocessing_QPMakePSD=1;CPXPARAM_Preprocessing_Reduce=1;CPXPARAM_Preprocessing_Relax=1;CPXPARAM_Preprocessing_RepeatPresolve=-1;CPXPARAM_Preprocessing_Symmetry=-1;CPXPARAM_Read_Scale=0;CPXPARAM_Sifting_Algorithm=0;CPXPARAM_Simplex_Crash=1;CPXPARAM_Simplex_DGradient=0;CPXPARAM_Simplex_Limits_Perturbation=0;CPXPARAM_Simplex_Limits_Singularity=10;CPXPARAM_Simplex_PGradient=1;CPXPARAM_Simplex_Pricing=0;CPXPARAM_Simplex_Refactor=0
9063507094656037002,0,CPXPARAM_Advance=1;CPXPARAM_Barrier_Algorithm=0;CPXPARAM_Barrier_ColNonzeros=0;CPXPARAM_Barrier_Crossover=0;CPXPARAM_Barrier_Limits_Corrections=-1;CPXPARAM_Barrier_Ordering=0;CPXPARAM_Barrier_StartAlg=1;CPXPARAM_Emphasis_MIP=5;CPXPARAM_Emphasis_Memory=0;CPXPARAM_Emphasis_Numerical=0;CPXPARAM_Feasopt_Mode=0;CPXPARAM_LPMethod=0;CPXPARAM_MIP_Cuts_Cliques=0;CPXPARAM_MIP_Cuts_Covers=0;CPXPARAM_MIP_Cuts_Disjunctive=0;CPXPARAM_MIP_Cuts_FlowCovers=1;CPXPARAM_MIP_Cuts_GUBCovers=0;CPXPARAM_MIP_Cuts_Gomory=0;CPXPARAM_MIP_Cuts_Implied=0;CPXPARAM_MIP_Cuts_MIRCut=0;CPXPARAM_MIP_Cuts_PathCut=0;CPXPARAM_MIP_Limits_AggForCut=3;CPXPARAM_MIP_Limits_CutPasses=0;CPXPARAM_MIP_Limits_CutsFactor=-1;CPXPARAM_MIP_Limits_GomoryCand=10;CPXPARAM_MIP_Limits_GomoryPass=0;CPXPARAM_MIP_Limits_Nodes=9223372036800000000;CPXPARAM_MIP_Limits_ProbeTime=1e+75;CPXPARAM_MIP_Limits_RepairTries=0;CPXPARAM_MIP_Limits_StrongCand=10;CPXPARAM_MIP_Limits_StrongIt=0;CPXPARAM_MIP_OrderType=0;CPXPARAM_MIP_Strategy_BBInterval=7;CPXPARAM_MIP_Strategy_Branch=0;CPXPARAM_MIP_Strategy_Dive=0;CPXPARAM_MIP_Strategy_File=1;CPXPARAM_MIP_Strategy_HeuristicFreq=0;CPXPARAM_MIP_Strategy_LBHeur=0;CPXPARAM_MIP_Strategy_NodeSelect=1;CPXPARAM_MIP_Strategy_Order=1;CPXPARAM_MIP_Strategy_PresolveNode=0;CPXPARAM_MIP_Strategy_Probe=0;CPXPARAM_MIP_Strategy_RINSHeur=0;CPXPARAM_MIP_Strategy_StartAlgorithm=0;CPXPARAM_MIP_Strategy_SubAlgorithm=0;CPXPARAM_MIP_Strategy_VariableSelect=0;CPXPARAM_Network_NetFind=2;CPXPARAM_Network_Pricing=0;CPXPARAM_Parallel=1;CPXPARAM_Preprocessing_Aggregator=-1;CPXPARAM_Preprocessing_BoundStrength=-1;CPXPARAM_Preprocessing_CoeffReduce=-1;CPXPARAM_Preprocessing_Dependency=-1;CPXPARAM_Preprocessing_Dual=0;CPXPARAM_Preprocessing_Fill=10;CPXPARAM_Preprocessing_NumPass=-1;CPXPARAM_Preprocessing_Presolve=1;CPXPARAM_Preprocessing_QPMakePSD=1;CPXPARAM_Preprocessing_Reduce=3;CPXPARAM_Preprocessing_Relax=-1;CPXPARAM_Preprocessing_RepeatPresolve=-1;CPXPARAM_Preprocessing_Symmetry=-1;CPXPARAM_Read_Scale=0;CPXPARAM_Sifting_Algorithm=0;CPXPARAM_Simplex_Crash=1;CPXPARAM_Simplex_DGradient=0;CPXPARAM_Simplex_Limits_Perturbation=0;CPXPARAM_Simplex_Limits_Singularity=10;CPXPARAM_Simplex_PGradient=0;CPXPARAM_Simplex_Pricing=0;CPXPARAM_Simplex_Refactor=0
3762606560194283952,0,CPXPARAM_Advance=1;CPXPARAM_Barrier_Algorithm=0;CPXPARAM_Barrier_ColNonzeros=0;CPXPARAM_Barrier_Crossover=0;CPXPARAM_Barrier_Limits_Corrections=-1;CPXPARAM_Barrier_Ordering=0;CPXPARAM_Barrier_StartAlg=1;CPXPARAM_Emphasis_MIP=5;CPXPARAM_Emphasis_Memory=0;CPXPARAM_Emphasis_Numerical=0;CPXPARAM_Feasopt_Mode=0;CPXPARAM_LPMethod=0;CPXPARAM_MIP_Cuts_Cliques=0;CPXPARAM_MIP_Cuts_Covers=0;CPXPARAM_MIP_Cuts_Disjunctive=0;CPXPARAM_MIP_Cuts_FlowCovers=1;CPXPARAM_MIP_Cuts_GUBCovers=0;CPXPARAM_MIP_Cuts_Gomory=0;CPXPARAM_MIP_Cuts_Implied=0;CPXPARAM_MIP_Cuts_MIRCut=0;CPXPARAM_MIP_Cuts_PathCut=0;CPXPARAM_MIP_Limits_AggForCut=3;CPXPARAM_MIP_Limits_CutPasses=0;CPXPARAM_MIP_Limits_CutsFactor=-1;CPXPARAM_MIP_Limits_GomoryCand=200;CPXPARAM_MIP_Limits_GomoryPass=0;CPXPARAM_MIP_Limits_Nodes=9223372036800000000;CPXPARAM_MIP_Limits_ProbeTime=1e+75;CPXPARAM_MIP_Limits_RepairTries=0;CPXPARAM_MIP_Limits_StrongCand=10;CPXPARAM_MIP_Limits_StrongIt=0;CPXPARAM_MIP_OrderType=0;CPXPARAM_MIP_Strategy_BBInterval=7;CPXPARAM_MIP_Strategy_Branch=0;CPXPARAM_MIP_Strategy_Dive=0;CPXPARAM_MIP_Strategy_File=1;CPXPARAM_MIP_Strategy_HeuristicFreq=0;CPXPARAM_MIP_Strategy_LBHeur=0;CPXPARAM_MIP_Strategy_NodeSelect=1;CPXPARAM_MIP_Strategy_Order=1;CPXPARAM_MIP_Strategy_PresolveNode=0;CPXPARAM_MIP_Strategy_Probe=0;CPXPARAM_MIP_Strategy_RINSHeur=0;CPXPARAM_MIP_Strategy_StartAlgorithm=0;CPXPARAM_MIP_Strategy_SubAlgorithm=0;CPXPARAM_MIP_Strategy_VariableSelect=0;CPXPARAM_Network_NetFind=2;CPXPARAM_Network_Pricing=0;CPXPARAM_Parallel=1;CPXPARAM_Preprocessing_Aggregator=-1;CPXPARAM_Preprocessing_BoundStrength=-1;CPXPARAM_Preprocessing_CoeffReduce=-1;CPXPARAM_Preprocessing_Dependency=-1;CPXPARAM_Preprocessing_Dual=0;CPXPARAM_Preprocessing_Fill=10;CPXPARAM_Preprocessing_NumPass=-1;CPXPARAM_Preprocessing_Presolve=1;CPXPARAM_Preprocessing_QPMakePSD=1;CPXPARAM_Preprocessing_Reduce=1;CPXPARAM_Preprocessing_Relax=-1;CPXPARAM_Preprocessing_RepeatPresolve=-1;CPXPARAM_Preprocessing_Symmetry=-1;CPXPARAM_Read_Scale=0;CPXPARAM_Sifting_Algorithm=0;CPXPARAM_Simplex_Crash=1;CPXPARAM_Simplex_DGradient=0;CPXPARAM_Simplex_Limits_Perturbation=0;CPXPARAM_Simplex_Limits_Singularity=10;CPXPARAM_Simplex_PGradient=0;CPXPARAM_Simplex_Pricing=0;CPXPARAM_Simplex_Refactor=0
6561649624275217125,0,CPXPARAM_Advance=1;CPXPARAM_Barrier_Algorithm=0;CPXPARAM_Barrier_ColNonzeros=0;CPXPARAM_Barrier_Crossover=0;CPXPARAM_Barrier_Limits_Corrections=-1;CPXPARAM_Barrier_Ordering=0;CPXPARAM_Barrier_StartAlg=1;CPXPARAM_Emphasis_MIP=5;CPXPARAM_Emphasis_Memory=0;CPXPARAM_Emphasis_Numerical=0;CPXPARAM_Feasopt_Mode=0;CPXPARAM_LPMethod=0;CPXPARAM_MIP_Cuts_Cliques=0;CPXPARAM_MIP_Cuts_Covers=0;CPXPARAM_MIP_Cuts_Disjunctive=0;CPXPARAM_MIP_Cuts_FlowCovers=1;CPXPARAM_MIP_Cuts_GUBCovers=0;CPXPARAM_MIP_Cuts_Gomory=0;CPXPARAM_MIP_Cuts_Implied=0;CPXPARAM_MIP_Cuts_MIRCut=0;CPXPARAM_MIP_Cuts_PathCut=0;CPXPARAM_MIP_Limits_AggForCut=3;CPXPARAM_MIP_Limits_CutPasses=0;CPXPARAM_MIP_Limits_CutsFactor=-1;CPXPARAM_MIP_Limits_GomoryCand=200;CPXPARAM_MIP_Limits_GomoryPass=0;CPXPARAM_MIP_Limits_Nodes=9223372036800000000;CPXPARAM_MIP_Limits_ProbeTime=1e+75;CPXPARAM_MIP_Limits_RepairTries=0;CPXPARAM_MIP_Limits_StrongCand=10;CPXPARAM_MIP_Limits_StrongIt=0;CPXPARAM_MIP_OrderType=0;CPXPARAM_MIP_Strategy_BBInterval=7;CPXPARAM_MIP_Strategy_Branch=0;CPXPARAM_MIP_Strategy_Dive=0;CPXPARAM_MIP_Strategy_File=1;CPXPARAM_MIP_Strategy_HeuristicFreq=0;CPXPARAM_MIP_Strategy_LBHeur=0;CPXPARAM_MIP_Strategy_NodeSelect=1;CPXPARAM_MIP_Strategy_Order=1;CPXPARAM_MIP_Strategy_PresolveNode=0;CPXPARAM_MIP_Strategy_Probe=0;CPXPARAM_MIP_Strategy_RINSHeur=0;CPXPARAM_MIP_Strategy_StartAlgorithm=0;CPXPARAM_MIP_Strategy_SubAlgorithm=0;CPXPARAM_MIP_Strategy_VariableSelect=0;CPXPARAM_Network_NetFind=2;CPXPARAM_Network_Pricing=0;CPXPARAM_Parallel=1;CPXPARAM_Preprocessing_Aggregator=-1;CPXPARAM_Preprocessing_BoundStrength=-1;CPXPARAM_Preprocessing_CoeffReduce=-1;CPXPARAM_Preprocessing_Dependency=-1;CPXPARAM_Preprocessing_Dual=0;CPXPARAM_Preprocessing_Fill=10;CPXPARAM_Preprocessing_NumPass=-1;CPXPARAM_Preprocessing_Presolve=1;CPXPARAM_Preprocessing_QPMakePSD=1;CPXPARAM_Preprocessing_Reduce=0;CPXPARAM_Preprocessing_Relax=-1;CPXPARAM_Preprocessing_RepeatPresolve=-1;CPXPARAM_Preprocessing_Symmetry=-1;CPXPARAM_Read_Scale=0;CPXPARAM_Sifting_Algorithm=0;CPXPARAM_Simplex_Crash=1;CPXPARAM_Simplex_DGradient=0;CPXPARAM_Simplex_Limits_Perturbation=0;CPXPARAM_Simplex_Limits_Singularity=10;CPXPARAM_Simplex_PGradient=0;CPXPARAM_Simplex_Pricing=0;CPXPARAM_Simplex_Refactor=0
16109982441146663147,0,CPXPARAM_Advance=1;CPXPARAM_Barrier_Algorithm=0;CPXPARAM_Barrier_ColNonzeros=0;CPXPARAM_Barrier_Crossover=0;CPXPARAM_Barrier_Limits_Corrections=-1;CPXPARAM_Barrier_Ordering=0;CPXPARAM_Barrier_StartAlg=1;CPXPARAM_Emphasis_MIP=5;CPXPARAM_Emphasis_Memory=0;CPXPARAM_Emphasis_Numerical=0;CPXPARAM_Feasopt_Mode=0;CPXPARAM_LPMethod=0;CPXPARAM_MIP_Cuts_Cliques=0;CPXPARAM_MIP_Cuts_Covers=0;CPXPARAM_MIP_Cuts_Disjunctive=0;CPXPARAM_MIP_Cuts_FlowCovers=1;CPXPARAM_MIP_Cuts_GUBCovers=0;CPXPARAM_MIP_Cuts_Gomory=0;CPXPARAM_MIP_Cuts_Implied=0;CPXPARAM_MIP_Cuts_MIRCut=0;CPXPARAM_MIP_Cuts_PathCut=0;CPXPARAM_MIP_Limits_AggForCut=3;CPXPARAM_MIP_Limits_CutPasses=0;CPXPARAM_MIP_Limits_CutsFactor=-1;CPXPARAM_MIP_Limits_GomoryCand=200;CPXPARAM_MIP_Limits_GomoryPass=0;CPXPARAM_MIP_Limits_Nodes=9223372036800000000;CPXPARAM_MIP_Limits_ProbeTime=1e+75;CPXPARAM_MIP_Limits_RepairTries=0;CPXPARAM_MIP_Limits_StrongCand=10;CPXPARAM_MIP_Limits_StrongIt=0;CPXPARAM_MIP_OrderType=0;CPXPARAM_MIP_Strategy_BBInterval=7;CPXPARAM_MIP_Strategy_Branch=0;CPXPARAM_MIP_Strategy_Dive=0;CPXPARAM_MIP_Strategy_File=3;CPXPARAM_MIP_Strategy_HeuristicFreq=0;CPXPARAM_MIP_Strategy_LBHeur=0;CPXPARAM_MIP_Strategy_NodeSelect=1;CPXPARAM_MIP_Strategy_Order=1;CPXPARAM_MIP_Strategy_PresolveNode=0;CPXPARAM_MIP_Strategy_Probe=0;CPXPARAM_MIP_Strategy_RINSHeur=0;CPXPARAM_MIP_Strategy_StartAlgorithm=0;CPXPARAM_MIP_Strategy_SubAlgorithm=0;CPXPARAM_MIP_Strategy_VariableSelect=0;CPXPARAM_Network_NetFind=2;CPXPARAM_Network_Pricing=0;CPXPARAM_Parallel=1;CPXPARAM_Preprocessing_Aggregator=-1;CPXPARAM_Preprocessing_BoundStrength=-1;CPXPARAM_Preprocessing_CoeffReduce=-1;CPXPARAM_Preprocessing_Dependency=-1;CPXPARAM_Preprocessing_Dual=0;CPXPARAM_Preprocessing_Fill=10;CPXPARAM_Preprocessing_NumPass=-1;CPXPARAM_Preprocessing_Presolve=1;CPXPARAM_Preprocessing_QPMakePSD=1;CPXPARAM_Preprocessing_Reduce=3;CPXPARAM_Preprocessing_Relax=-1;CPXPARAM_Preprocessing_RepeatPresolve=-1;CPXPARAM_Preprocessing_Symmetry=-1;CPXPARAM_Read_Scale=0;CPXPARAM_Sifting_Algorithm=0;CPXPARAM_Simplex_Crash=1;CPXPARAM_Simplex_DGradient=0;CPXPARAM_Simplex_Limits_Perturbation=0;CPXPARAM_Simplex_Limits_Singularity=10;CPXPARAM_Simplex_PGradient=0;CPXPARAM_Simplex_Pricing=0;CPXPARAM_Simplex_Refactor=0
17961904968559322639,0,CPXPARAM_Advance=1;CPXPARAM_Barrier_Algorithm=0;CPXPARAM_Barrier_ColNonzeros=0;CPXPARAM_Barrier_Crossover=0;CPXPARAM_Barrier_Limits_Corrections=-1;CPXPARAM_Barrier_Ordering=0;CPXPARAM_Barrier_StartAlg=1;CPXPARAM_Emphasis_MIP=5;CPXPARAM_Emphasis_Memory=0;CPXPARAM_Emphasis_Numerical=0;CPXPARAM_Feasopt_Mode=0;CPXPARAM_LPMethod=0;CPXPARAM_MIP_Cuts_Cliques=0;CPXPARAM_MIP_Cuts_Covers=0;CPXPARAM_MIP_Cuts_Disjunctive=0;CPXPARAM_MIP_Cuts_FlowCovers=1;CPXPARAM_MIP_Cuts_GUBCovers=0;CPXPARAM_MIP_Cuts_Gomory=0;CPXPARAM_MIP_Cuts_Implied=0;CPXPARAM_MIP_Cuts_MIRCut=0;CPXPARAM_MIP_Cuts_PathCut=0;CPXPARAM_MIP_Limits_AggForCut=3;CPXPARAM_MIP_Limits_CutPasses=0;CPXPARAM_MIP_Limits_CutsFactor=-1;CPXPARAM_MIP_Limits_GomoryCand=200;CPXPARAM_MIP_Limits_GomoryPass=0;CPXPARAM_MIP_Limits_Nodes=9223372036800000000;CPXPARAM_MIP_Limits_ProbeTime=1e+75;CPXPARAM_MIP_Limits_RepairTries=0;CPXPARAM_MIP_Limits_StrongCand=10;CPXPARAM_MIP_Limits_StrongIt=0;CPXPARAM_MIP_OrderType=0;CPXPARAM_MIP_Strategy_BBInterval=7;CPXPARAM_MIP_Strategy_Branch=0;CPXPARAM_MIP_Strategy_Dive=0;CPXPARAM_MIP_Strategy_File=1;CPXPARAM_MIP_Strategy_HeuristicFreq=0;CPXPARAM_MIP_Strategy_LBHeur=0;CPXPARAM_MIP_Strategy_NodeSelect=1;CPXPARAM_MIP_Strategy_Order=1;CPXPARAM_MIP_Strategy_PresolveNode=0;CPXPARAM_MIP_Strategy_Probe=0;CPXPARAM_MIP_Strategy_RINSHeur=0;CPXPARAM_MIP_Strategy_StartAlgorithm=0;CPXPARAM_MIP_Strategy_SubAlgorithm=0;CPXPARAM_MIP_Strategy_VariableSelect=0;CPXPARAM_Network_NetFind=2;CPXPARAM_Network_Pricing=1;CPXPARAM_Parallel=1;CPXPARAM_Preprocessing_Aggregator=-1;CPXPARAM_Preprocessing_BoundStrength=-1;CPXPARAM_Preprocessing_CoeffReduce=-1;CPXPARAM_Preprocessing_Dependency=-1;CPXPARAM_Preprocessing_Dual=0;CPXPARAM_Preprocessing_Fill=10;CPXPARAM_Preprocessing_NumPass=-1;CPXPARAM_Preprocessing_Presolve=1;CPXPARAM_Preprocessing_QPMakePSD=1;CPXPARAM_Preprocessing_Reduce=3;CPXPARAM_Preprocessing_Relax=-1;CPXPARAM_Preprocessing_RepeatPresolve=-1;CPXPARAM_Preprocessing_Symmetry=-1;CPXPARAM_Read_Scale=0;CPXPARAM_Sifting_Algorithm=0;CPXPARAM_Simplex_Crash=1;CPXPARAM_Simplex_DGradient=0;CPXPARAM_Simplex_Limits_Perturbation=0;CPXPARAM_Simplex_Limits_Singularity=10;CPXPARAM_Simplex_PGradient=0;CPXPARAM_Simplex_Pricing=0;CPXPARAM_Simplex_Refactor=0
8199474025175046921,0,CPXPARAM_Advance=1;CPXPARAM_Barrier_Algorithm=0;CPXPARAM_Barrier_ColNonzeros=0;CPXPARAM_Barrier_Crossover=0;CPXPARAM_Barrier_Limits_Corrections=-1;CPXPARAM_Barrier_Ordering=0;CPXPARAM_Barrier_StartAlg=1;CPXPARAM_Emphasis_MIP=5;CPXPARAM_Emphasis_Memory=0;CPXPARAM_Emphasis_Numerical=0;CPXPARAM_Feasopt_Mode=0;CPXPARAM_LPMethod=0;CPXPARAM_MIP_Cuts_Cliques=0;CPXPARAM_MIP_Cuts_Covers=0;CPXPARAM_MIP_Cuts_Disjunctive=0;CPXPARAM_MIP_Cuts_FlowCovers=1;CPXPARAM_MIP_Cuts_GUBCovers=0;CPXPARAM_MIP_Cuts_Gomory=0;CPXPARAM_MIP_Cuts_Implied=0;CPXPARAM_MIP_Cuts_MIRCut=0;CPXPARAM_MIP_Cuts_PathCut=0;CPXPARAM_MIP_Limits_AggForCut=3;CPXPARAM_MIP_Limits_CutPasses=0;CPXPARAM_MIP_Limits_CutsFactor=-1;CPXPARAM_MIP_Limits_GomoryCand=200;CPXPARAM_MIP_Limits_GomoryPass=0;CPXPARAM_MIP_Limits_Nodes=9223372036800000000;CPXPARAM_MIP_Limits_ProbeTime=1e+75;CPXPARAM_MIP_Limits_RepairTries=0;CPXPARAM_MIP_Limits_StrongCand=10;CPXPARAM_MIP_Limits_StrongIt=0;CPXPARAM_MIP_OrderType=0;CPXPARAM_MIP_Strategy_BBInterval=7;CPXPARAM_MIP_Strategy_Branch=0;CPXPARAM_MIP_Strategy_Dive=0;CPXPARAM_MIP_Strategy_File=1;CPXPARAM_MIP_Strategy_HeuristicFreq=0;CPXPARAM_MIP_Strategy_LBHeur=0;CPXPARAM_MIP_Strategy_NodeSelect=1;CPXPARAM_MIP_Strategy_Order=1;CPXPARAM_MIP_Strategy_PresolveNode=0;CPXPARAM_MIP_Strategy_Probe=0;CPXPARAM_MIP_Strategy_RINSHeur=0;CPXPARAM_MIP_Strategy_StartAlgorithm=0;CPXPARAM_MIP_Strategy_SubAlgorithm=0;CPXPARAM_MIP_Strategy_VariableSelect=0;CPXPARAM_Network_NetFind=3;CPXPARAM_Network_Pricing=0;CPXPARAM_Parallel=1;CPXPARAM_Preprocessing_Aggregator=-1;CPXPARAM_Preprocessing_BoundStrength=-1;CPXPARAM_Preprocessing_CoeffReduce=-1;CPXPARAM_Preprocessing_Dependency=-1;CPXPARAM_Preprocessing_Dual=0;CPXPARAM_Preprocessing_Fill=10;CPXPARAM_Preprocessing_NumPass=-1;CPXPARAM_Preprocessing_Presolve=1;CPXPARAM_Preprocessing_QPMakePSD=1;CPXPARAM_Preprocessing_Reduce=3;CPXPARAM_Preprocessing_Relax=-1;CPXPARAM_Preprocessing_RepeatPresolve=-1;CPXPARAM_Preprocessing_Symmetry=-1;CPXPARAM_Read_Scale=0;CPXPARAM_Sifting_Algorithm=0;CPXPARAM_Simplex_Crash=1;CPXPARAM_Simplex_DGradient=0;CPXPARAM_Simplex_Limits_Perturbation=0;CPXPARAM_Simplex_Limits_Singularity=10;CPXPARAM_Simplex_PGradient=0;CPXPARAM_Simplex_Pricing=0;CPXPARAM_Simplex_Refactor=0
3881625266181445582,0,CPXPARAM_Advance=1;CPXPARAM_Barrier_Algorithm=0;CPXPARAM_Barrier_ColNonzeros=0;CPXPARAM_Barrier_Crossover=0;CPXPARAM_Barrier_Limits_Corrections=-1;CPXPARAM_Barrier_Ordering=0;CPXPARAM_Barrier_StartAlg=1;CPXPARAM_Emphasis_MIP=5;CPXPARAM_Emphasis_Memory=0;CPXPARAM_Emphasis_Numerical=0;CPXPARAM_Feasopt_Mode=0;CPXPARAM_LPMethod=0;CPXPARAM_MIP_Cuts_Cliques=0;CPXPARAM_MIP_Cuts_Covers=0;CPXPARAM_MIP_Cuts_Disjunctive=0;CPXPARAM_MIP_Cuts_FlowCovers=1;CPXPARAM_MIP_Cuts_GUBCovers=0;CPXPARAM_MIP_Cuts_Gomory=0;CPXPARAM_MIP_Cuts_Implied=0;CPXPARAM_MIP_Cuts_MIRCut=0;CPXPARAM_MIP_Cuts_PathCut=0;CPXPARAM_MIP_Limits_AggForCut=3;CPXPARAM_MIP_Limits_CutPasses=0;CPXPARAM_MIP_Limits_CutsFactor=-1;CPXPARAM_MIP_Limits_GomoryCand=200;CPXPARAM_MIP_Limits_GomoryPass=0;CPXPARAM_MIP_Limits_Nodes=9223372036800000000;CPXPARAM_MIP_Limits_ProbeTime=1e+75;CPXPARAM_MIP_Limits_RepairTries=0;CPXPARAM_MIP_Limits_StrongCand=10;CPXPARAM_MIP_Limits_StrongIt=0;CPXPARAM_MIP_OrderType=0;CPXPARAM_MIP_Strategy_BBInterval=7;CPXPARAM_MIP_Strategy_Branch=0;CPXPARAM_MIP_Strategy_Dive=0;CPXPARAM_MIP_Strategy_File=1;CPXPARAM_MIP_Strategy_HeuristicFreq=0;CPXPARAM_MIP_Strategy_LBHeur=0;CPXPARAM_MIP_Strategy_NodeSelect=1;CPXPARAM_MIP_Strategy_Order=1;CPXPARAM_MIP_Strategy_PresolveNode=0;CPXPARAM_MIP_Strategy_Probe=0;CPXPARAM_MIP_Strategy_RINSHeur=0;CPXPARAM_MIP_Strategy_StartAlgorithm=0;CPXPARAM_MIP_Strategy_SubAlgorithm=0;CPXPARAM_MIP_Strategy_VariableSelect=0;CPXPARAM_Network_NetFind=1;CPXPARAM_Network_Pricing=0;CPXPARAM_Parallel=1;CPXPARAM_Preprocessing_Aggregator=-1;CPXPARAM_Preprocessing_BoundStrength=-1;CPXPARAM_Preprocessing_CoeffReduce=-1;CPXPARAM_Preprocessing_Dependency=-1;CPXPARAM_Preprocessing_Dual=0;CPXPARAM_Preprocessing_Fill=10;CPXPARAM_Preprocessing_NumPass=-1;CPXPARAM_Preprocessing_Presolve=1;CPXPARAM_Preprocessing_QPMakePSD=1;CPXPARAM_Preprocessing_Reduce=3;CPXPARAM_Preprocessing_Relax=-1;CPXPARAM_Preprocessing_RepeatPresolve=-1;CPXPARAM_Preprocessing_Symmetry=-1;CPXPARAM_Read_Scale=0;CPXPARAM_Sifting_Algorithm=0;CPXPARAM_Simplex_Crash=1;CPXPARAM_Simplex_DGradient=0;CPXPARAM_Simplex_Limits_Perturbation=0;CPXPARAM_Simplex_Limits_Singularity=10;CPXPARAM_Simplex_PGradient=0;CPXPARAM_Simplex_Pricing=0;CPXPARAM_Simplex_Refactor=0
13557662916575288268,0,CPXPARAM_Advance=1;CPXPARAM_Barrier_Algorithm=0;CPXPARAM_Barrier_ColNonzeros=0;CPXPARAM_Barrier_Crossover=0;CPXPARAM_Barrier_Limits_Corrections=-1;CPXPARAM_Barrier_Ordering=0;CPXPARAM_Barrier_StartAlg=1;CPXPARAM_Emphasis_MIP=5;CPXPARAM_Emphasis_Memory=0;CPXPARAM_Emphasis_Numerical=0;CPXPARAM_Feasopt_Mode=2;CPXPARAM_LPMethod=0;CPXPARAM_MIP_Cuts_Cliques=0;CPXPARAM_MIP_Cuts_Covers=0;CPXPARAM_MIP_Cuts_Disjunctive=0;CPXPARAM_MIP_Cuts_FlowCovers=1;CPXPARAM_MIP_Cuts_GUBCovers=0;CPXPARAM_MIP_Cuts_Gomory=0;CPXPARAM_MIP_Cuts_Implied=0;CPXPARAM_MIP_Cuts_MIRCut=0;CPXPARAM_MIP_Cuts_PathCut=0;CPXPARAM_MIP_Limits_AggForCut=3;CPXPARAM_MIP_Limits_CutPasses=0;CPXPARAM_MIP_Limits_CutsFactor=-1;CPXPARAM_MIP_Limits_GomoryCand=200;CPXPARAM_MIP_Limits_GomoryPass=0;CPXPARAM_MIP_Limits_Nodes=9223372036800000000;CPXPARAM_MIP_Limits_ProbeTime=1e+75;CPXPARAM_MIP_Limits_RepairTries=0;CPXPARAM_MIP_Limits_StrongCand=10;CPXPARAM_MIP_Limits_StrongIt=0;CPXPARAM_MIP_OrderType=0;CPXPARAM_MIP_Strategy_BBInterval=7;CPXPARAM_MIP_Strategy_Branch=0;CPXPARAM_MIP_Strategy_Dive=0;CPXPARAM_MIP_Strategy_File=1;CPXPARAM_MIP_Strategy_HeuristicFreq=0;CPXPARAM_MIP_Strategy_LBHeur=0;CPXPARAM_MIP_Strategy_NodeSelect=1;CPXPARAM_MIP_Strategy_Order=1;CPXPARAM_MIP_Strategy_PresolveNode=0;CPXPARAM_MIP_Strategy_Probe=0;CPXPARAM_MIP_Strategy_RINSHeur=0;CPXPARAM_MIP_Strategy_StartAlgorithm=0;CPXPARAM_MIP_Strategy_SubAlgorithm=0;CPXPARAM_MIP_Strategy_VariableSelect=0;CPXPARAM_Network_NetFind=2;CPXPARAM_Network_Pricing=0;CPXPARAM_Parallel=1;CPXPARAM_Preprocessing_Aggregator=-1;CPXPARAM_Preprocessing_BoundStrength=-1;CPXPARAM_Preprocessing_CoeffReduce=-1;CPXPARAM_Preprocessing_Dependency=-1;CPXPARAM_Preprocessing_Dual=0;CPXPARAM_Preprocessing_Fill=10;CPXPARAM_Preprocessing_NumPass=-1;CPXPARAM_Preprocessing_Presolve=1;CPXPARAM_Preprocessing_QPMakePSD=1;CPXPARAM_Preprocessing_Reduce=3;CPXPARAM_Preprocessing_Relax=-1;CPXPARAM_Preprocessing_RepeatPresolve=-1;CPXPARAM_Preprocessing_Symmetry=-1;CPXPARAM_Read_Scale=0;CPXPARAM_Sifting_Algorithm=0;CPXPARAM_Simplex_Crash=1;CPXPARAM_Simplex_DGradient=0;CPXPARAM_Simplex_Limits_Perturbation=0;CPXPARAM_Simplex_Limits_Singularity=10;CPXPARAM_Simplex_PGradient=0;CPXPARAM_Simplex_Pricing=0;CPXPARAM_Simplex_Refactor=0
18390724745093191398,0,CPXPARAM_Advance=1;CPXPARAM_Barrier_Algorithm=0;CPXPARAM_Barrier_ColNonzeros=0;CPXPARAM_Barrier_Crossover=0;CPXPARAM_Barrier_Limits_Corrections=-1;CPXPARAM_Barrier_Ordering=0;CPXPARAM_Barrier_StartAlg=1;CPXPARAM_Emphasis_MIP=5;CPXPARAM_Emphasis_Memory=0;CPXPARAM_Emphasis_Numerical=0;CPXPARAM_Feasopt_Mode=0;CPXPARAM_LPMethod=0;CPXPARAM_MIP_Cuts_Cliques=0;CPXPARAM_MIP_Cuts_Covers=0;CPXPARAM_MIP_Cuts_Disjunctive=0;CPXPARAM_MIP_Cuts_FlowCovers=1;CPXPARAM_MIP_Cuts_GUBCovers=0;CPXPARAM_MIP_Cuts_Gomory=0;CPXPARAM_MIP_Cuts_Implied=0;CPXPARAM_MIP_Cuts_MIRCut=0;CPXPARAM_MIP_Cuts_PathCut=0;CPXPARAM_MIP_Limits_AggForCut=3;CPXPARAM_MIP_Limits_CutPasses=0;CPXPARAM_MIP_Limits_CutsFactor=-1;CPXPARAM_MIP_Limits_GomoryCand=200;CPXPARAM_MIP_Limits_GomoryPass=0;CPXPARAM_MIP_Limits_Nodes=9223372036800000000;CPXPARAM_MIP_Limits_ProbeTime=1e+75;CPXPARAM_MIP_Limits_RepairTries=0;CPXPARAM_MIP_Limits_StrongCand=10;CPXPARAM_MIP_Limits_StrongIt=0;CPXPARAM_MIP_OrderType=0;CPXPARAM_MIP_Strategy_BBInterval=7;CPXPARAM_MIP_Strategy_Branch=0;CPXPARAM_MIP_Strategy_Dive=0;CPXPARAM_MIP_Strategy_File=1;CPXPARAM_MIP_Strategy_HeuristicFreq=0;CPXPARAM_MIP_Strategy_LBHeur=0;CPXPARAM_MIP_Strategy_NodeSelect=1;CPXPARAM_MIP_Strategy_Order=1;CPXPARAM_MIP_Strategy_PresolveNode=0;CPXPARAM_MIP_Strategy_Probe=0;CPXPARAM_MIP_Strategy_RINSHeur=0;CPXPARAM_MIP_Strategy_StartAlgorithm=0;CPXPARAM_MIP_Strategy_SubAlgorithm=0;CPXPARAM_MIP_Strategy_VariableSelect=0;CPXPARAM_Network_NetFind=2;CPXPARAM_Network_Pricing=0;CPXPARAM_Parallel=1;CPXPARAM_Preprocessing_Aggregator=-1;CPXPARAM_Preprocessing_BoundStrength=-1;CPXPARAM_Preprocessing_CoeffReduce=-1;CPXPARAM_Preprocessing_Dependency=2;CPXPARAM_Preprocessing_Dual=0;CPXPARAM_Preprocessing_Fill=10;CPXPARAM_Preprocessing_NumPass=-1;CPXPARAM_Preprocessing_Presolve=1;CPXPARAM_Preprocessing_QPMakePSD=1;CPXPARAM_Preprocessing_Reduce=3;CPXPARAM_Preprocessing_Relax=-1;CPXPARAM_Preprocessing_RepeatPresolve=-1;CPXPARAM_Preprocessing_Symmetry=-1;CPXPARAM_Read_Scale=0;CPXPARAM_Sifting_Algorithm=0;CPXPARAM_Simplex_Crash=1;CPXPARAM_Simplex_DGradient=0;CPXPARAM_Simplex_Limits_Perturbation=0;CPXPARAM_Simplex_Limits_Singularity=10;CPXPARAM_Simplex_PGradient=0;CPXPARAM_Simplex_Pricing=0;CPXPARAM_Simplex_Refactor=0
13679708673131742513,0,CPXPARAM_Advance=1;CPXPARAM_Barrier_Algorithm=0;CPXPARAM_Barrier_ColNonzeros=0;CPXPARAM_Barrier_Crossover=0;CPXPARAM_Barrier_Limits_Corrections=-1;CPXPARAM_Barrier_Ordering=0;CPXPARAM_Barrier_StartAlg=1;CPXPARAM_Emphasis_MIP=5;CPXPARAM_Emphasis_Memory=0;CPXPARAM_Emphasis_Numerical=0;CPXPARAM_Feasopt_Mode=0;CPXPARAM_LPMethod=0;CPXPARAM_MIP_Cuts_Cliques=0;CPXPARAM_MIP_Cuts_Covers=0;CPXPARAM_MIP_Cuts_Disjunctive=0;CPXPARAM_MIP_Cuts_FlowCovers=1;CPXPARAM_MIP_Cuts_GUBCovers=0;CPXPARAM_MIP_Cuts_Gomory=0;CPXPARAM_MIP_Cuts_Implied=0;CPXPARAM_MIP_Cuts_MIRCut=0;CPXPARAM_MIP_Cuts_PathCut=0;CPXPARAM_MIP_Limits_AggForCut=3;CPXPARAM_MIP_Limits_CutPasses=0;CPXPARAM_MIP_Limits_CutsFactor=-1;CPXPARAM_MIP_Limits_GomoryCand=200;CPXPARAM_MIP_Limits_GomoryPass=0;CPXPARAM_MIP_Limits_Nodes=9223372036800000000;CPXPARAM_MIP_Limits_ProbeTime=1e+75;CPXPARAM_MIP_Limits_RepairTries=0;CPXPARAM_MIP_Limits_StrongCand=10;CPXPARAM_MIP_Limits_StrongIt=0;CPXPARAM_MIP_OrderType=0;CPXPARAM_MIP_Strategy_BBInterval=7;CPXPARAM_MIP_Strategy_Branch=0;CPXPARAM_MIP_Strategy_Dive=0;CPXPARAM_MIP_Strategy_File=1;CPXPARAM_MIP_Strategy_HeuristicFreq=0;CPXPARAM_MIP_Strategy_LBHeur=0;CPXPARAM_MIP_Strategy_NodeSelect=1;CPXPARAM_MIP_Strategy_Order=1;CPXPARAM_MIP_Strategy_PresolveNode=0;CPXPARAM_MIP_Strategy_Probe=0;CPXPARAM_MIP_Strategy_RINSHeur=0;CPXPARAM_MIP_Strategy_StartAlgorithm=0;CPXPARAM_MIP_Strategy_SubAlgorithm=0;CPXPARAM_MIP_Strategy_VariableSelect=0;CPXPARAM_Network_NetFind=2;CPXPARAM_Network_Pricing=0;CPXPARAM_Parallel=1;CPXPARAM_Preprocessing_Aggregator=-1;CPXPARAM_Preprocessing_BoundStrength=-1;CPXPARAM_Preprocessing_CoeffReduce=-1;CPXPARAM_Preprocessing_Dependency=0;CPXPARAM_Preprocessing_Dual=0;CPXPARAM_Preprocessing_Fill=10;CPXPARAM_Preprocessing_NumPass=-1;CPXPARAM_Preprocessing_Presolve=1;CPXPARAM_Preprocessing_QPMakePSD=1;CPXPARAM_Preprocessing_Reduce=3;CPXPARAM_Preprocessing_Relax=-1;CPXPARAM_Preprocessing_RepeatPresolve=-1;CPXPARAM_Preprocessing_Symmetry=-1;CPXPARAM_Read_Scale=0;CPXPARAM_Sifting_Algorithm=0;CPXPARAM_Simplex_Crash=1;CPXPARAM_Simplex_DGradient=0;CPXPARAM_Simplex_Limits_Perturbation=0;CPXPARAM_Simplex_Limits_Singularity=10;CPXPARAM_Simplex_PGradient=0;CPXPARAM_Simplex_Pricing=0;CPXPARAM_Simplex_Refactor=0
5644848254604863535,0,CPXPARAM_Advance=1;CPXPARAM_Barrier_Algorithm=0;CPXPARAM_Barrier_ColNonzeros=0;CPXPARAM_Barrier_Crossover=0;CPXPARAM_Barrier_Limits_Corrections=-1;CPXPARAM_Barrier_Ordering=0;CPXPARAM_Barrier_StartAlg=1;CPXPARAM_Emphasis_MIP=1;CPXPARAM_Emphasis_Memory=0;CPXPARAM_Emphasis_Numerical=0;CPXPARAM_Feasopt_Mode=0;CPXPARAM_LPMethod=0;CPXPARAM_MIP_Cuts_Cliques=2;CPXPARAM_MIP_Cuts_Covers=0;CPXPARAM_MIP_Cuts_Disjunctive=0;CPXPARAM_MIP_Cuts_FlowCovers=-1;CPXPARAM_MIP_Cuts_GUBCovers=2;CPXPARAM_MIP_Cuts_Gomory=-1;CPXPARAM_MIP_Cuts_Implied=-1;CPXPARAM_MIP_Cuts_MIRCut=2;CPXPARAM_MIP_Cuts_PathCut=2;CPXPARAM_MIP_Limits_AggForCut=3;CPXPARAM_MIP_Limits_CutPasses=0;CPXPARAM_MIP_Limits_CutsFactor=-1;CPXPARAM_MIP_Limits_GomoryCand=150;CPXPARAM_MIP_Limits_GomoryPass=0;CPXPARAM_MIP_Limits_Nodes=9223372036800000000;CPXPARAM_MIP_Limits_ProbeTime=1e+75;CPXPARAM_MIP_Limits_RepairTries=0;CPXPARAM_MIP_Limits_StrongCand=10;CPXPARAM_MIP_Limits_StrongIt=0;CPXPARAM_MIP_OrderType=0;CPXPARAM_MIP_Strategy_BBInterval=7;CPXPARAM_MIP_Strategy_Branch=0;CPXPARAM_MIP_Strategy_Dive=0;CPXPARAM_MIP_Strategy_File=1;CPXPARAM_MIP_Strategy_HeuristicFreq=0;CPXPARAM_MIP_Strategy_LBHeur=0;CPXPARAM_MIP_Strategy_NodeSelect=1;CPXPARAM_MIP_Strategy_Order=1;CPXPARAM_MIP_Strategy_PresolveNode=0;CPXPARAM_MIP_Strategy_Probe=0;CPXPARAM_MIP_Strategy_RINSHeur=0;CPXPARAM_MIP_Strategy_StartAlgorithm=0;CPXPARAM_MIP_Strategy_SubAlgorithm=0;CPXPARAM_MIP_Strategy_VariableSelect=0;CPXPARAM_Network_NetFind=2;CPXPARAM_Network_Pricing=0;CPXPARAM_Parallel=1;CPXPARAM_Preprocessing_Aggregator=-1;CPXPARAM_Preprocessing_BoundStrength=-1;CPXPARAM_Preprocessing_CoeffReduce=-1;CPXPARAM_Preprocessing_Dependency=-1;CPXPARAM_Preprocessing_Dual=-1;CPXPARAM_Preprocessing_Fill=10;CPXPARAM_Preprocessing_NumPass=-1;CPXPARAM_Preprocessing_Presolve=1;CPXPARAM_Preprocessing_QPMakePSD=1;CPXPARAM_Preprocessing_Reduce=3;CPXPARAM_Preprocessing_Relax=-1;CPXPARAM_Preprocessing_RepeatPresolve=-1;CPXPARAM_Preprocessing_Symmetry=-1;CPXPARAM_Read_Scale=0;CPXPARAM_Sifting_Algorithm=0;CPXPARAM_Simplex_Crash=1;CPXPARAM_Simplex_DGradient=0;CPXPARAM_Simplex_Limits_Perturbation=0;CPXPARAM_Simplex_Limits_Singularity=10;CPXPARAM_Simplex_PGradient=2;CPXPARAM_Simplex_Pricing=0;CPXPARAM_Simplex_Refactor=0
17915881649993897997,0,CPXPARAM_Advance=1;CPXPARAM_Barrier_Algorithm=0;CPXPARAM_Barrier_ColNonzeros=0;CPXPARAM_Barrier_Crossover=0;CPXPARAM_Barrier_Limits_Corrections=-1;CPXPARAM_Barrier_Ordering=0;CPXPARAM_Barrier_StartAlg=1;CPXPARAM_Emphasis_MIP=1;CPXPARAM_Emphasis_Memory=0;CPXPARAM_Emphasis_Numerical=0;CPXPARAM_Feasopt_Mode=0;CPXPARAM_LPMethod=0;CPXPARAM_MIP_Cuts_Cliques=2;CPXPARAM_MIP_Cuts_Covers=0;CPXPARAM_MIP_Cuts_Disjunctive=0;CPXPARAM_MIP_Cuts_FlowCovers=-1;CPXPARAM_MIP_Cuts_GUBCovers=2;CPXPARAM_MIP_Cuts_Gomory=1;CPXPARAM_MIP_Cuts_Implied=-1;CPXPARAM_MIP_Cuts_MIRCut=2;CPXPARAM_MIP_Cuts_PathCut=2;CPXPARAM_MIP_Limits_AggForCut=3;CPXPARAM_MIP_Limits_CutPasses=0;CPXPARAM_MIP_Limits_CutsFactor=-1;CPXPARAM_MIP_Limits_GomoryCand=150;CPXPARAM_MIP_Limits_GomoryPass=0;CPXPARAM_MIP_Limits_Nodes=9223372036800000000;CPXPARAM_MIP_Limits_ProbeTime=1e+75;CPXPARAM_MIP_Limits_RepairTries=0;CPXPARAM_MIP_Limits_StrongCand=10;CPXPARAM_MIP_Limits_StrongIt=0;CPXPARAM_MIP_OrderType=0;CPXPARAM_MIP_Strategy_BBInterval=7;CPXPARAM_MIP_Strategy_Branch=0;CPXPARAM_MIP_Strategy_Dive=0;CPXPARAM_MIP_Strategy_File=1;CPXPARAM_MIP_Strategy_HeuristicFreq=0;CPXPARAM_MIP_Strategy_LBHeur=0;CPXPARAM_MIP_Strategy_NodeSelect=1;CPXPARAM_MIP_Strategy_Order=1;CPXPARAM_MIP_Strategy_PresolveNode=0;CPXPARAM_MIP_Strategy_Probe=0;CPXPARAM_MIP_Strategy_RINSHeur=0;CPXPARAM_MIP_Strategy_StartAlgorithm=0;CPXPARAM_MIP_Strategy_SubAlgorithm=0;CPXPARAM_MIP_Strategy_VariableSelect=0;CPXPARAM_Network_NetFind=2;CPXPARAM_Network_Pricing=0;CPXPARAM_Parallel=1;CPXPARAM_Preprocessing_Aggregator=-1;CPXPARAM_Preprocessing_BoundStrength=-1;CPXPARAM_Preprocessing_CoeffReduce=-1;CPXPARAM_Preprocessing_Dependency=-1;CPXPARAM_Preprocessing_Dual=-1;CPXPARAM_Preprocessing_Fill=10;CPXPARAM_Preprocessing_NumPass=-1;CPXPARAM_Preprocessing_Presolve=1;CPXPARAM_Preprocessing_QPMakePSD=1;CPXPARAM_Preprocessing_Reduce=3;CPXPARAM_Preprocessing_Relax=-1;CPXPARAM_Preprocessing_RepeatPresolve=-1;CPXPARAM_Preprocessing_Symmetry=-1;CPXPARAM_Read_Scale=0;CPXPARAM_Sifting_Algorithm=0;CPXPARAM_Simplex_Crash=1;CPXPARAM_Simplex_DGradient=0;CPXPARAM_Simplex_Limits_Perturbation=0;CPXPARAM_Simplex_Limits_Singularity=10;CPXPARAM_Simplex_PGradient=1;CPXPARAM_Simplex_Pricing=0;CPXPARAM_Simplex_Refactor=0
5985384342002269144,0,CPXPARAM_Advance=1;CPXPARAM_Barrier_Algorithm=0;CPXPARAM_Barrier_ColNonzeros=0;CPXPARAM_Barrier_Crossover=0;CPXPARAM_Barrier_Limits_Corrections=-1;CPXPARAM_Barrier_Ordering=0;CPXPARAM_Barrier_StartAlg=1;CPXPARAM_Emphasis_MIP=1;CPXPARAM_Emphasis_Memory=0;CPXPARAM_Emphasis_Numerical=0;CPXPARAM_Feasopt_Mode=0;CPXPARAM_LPMethod=0;CPXPARAM_MIP_Cuts_Cliques=2;CPXPARAM_MIP_Cuts_Covers=0;CPXPARAM_MIP_Cuts_Disjunctive=0;CPXPARAM_MIP_Cuts_FlowCovers=-1;CPXPARAM_MIP_Cuts_GUBCovers=2;CPXPARAM_MIP_Cuts_Gomory=-1;CPXPARAM_MIP_Cuts_Implied=-1;CPXPARAM_MIP_Cuts_MIRCut=2;CPXPARAM_MIP_Cuts_PathCut=2;CPXPARAM_MIP_Limits_AggForCut=3;CPXPARAM_MIP_Limits_CutPasses=0;CPXPARAM_MIP_Limits_CutsFactor=-1;CPXPARAM_MIP_Limits_GomoryCand=150;CPXPARAM_MIP_Limits_GomoryPass=0;CPXPARAM_MIP_Limits_Nodes=9223372036800000000;CPXPARAM_MIP_Limits_ProbeTime=1e+75;CPXPARAM_MIP_Limits_RepairTries=0;CPXPARAM_MIP_Limits_StrongCand=10;CPXPARAM_MIP_Limits_StrongIt=0;CPXPARAM_MIP_OrderType=0;CPXPARAM_MIP_Strategy_BBInterval=7;CPXPARAM_MIP_Strategy_Branch=0;CPXPARAM_MIP_Strategy_Dive=0;CPXPARAM_MIP_Strategy_File=1;CPXPARAM_MIP_Strategy_HeuristicFreq=0;CPXPARAM_MIP_Strategy_LBHeur=0;CPXPARAM_MIP_Strategy_NodeSelect=1;CPXPARAM_MIP_Strategy_Order=1;CPXPARAM_MIP_Strategy_PresolveNode=0;CPXPARAM_MIP_Strategy_Probe=0;CPXPARAM_MIP_Strategy_RINSHeur=0;CPXPARAM_MIP_Strategy_StartAlgorithm=0;CPXPARAM_MIP_Strategy_SubAlgorithm=0;CPXPARAM_MIP_Strategy_VariableSelect=0;CPXPARAM_Network_NetFind=2;CPXPARAM_Network_Pricing=0;CPXPARAM_Parallel=1;CPXPARAM_Preprocessing_Aggregator=-1;CPXPARAM_Preprocessing_BoundStrength=-1;CPXPARAM_Preprocessing_CoeffReduce=-1;CPXPARAM_Preprocessing_Dependency=-1;CPXPARAM_Preprocessing_Dual=-1;CPXPARAM_Preprocessing_Fill=10;CPXPARAM_Preprocessing_NumPass=-1;CPXPARAM_Preprocessing_Presolve=1;CPXPARAM_Preprocessing_QPMakePSD=1;CPXPARAM_Preprocessing_Reduce=3;CPXPARAM_Preprocessing_Relax=-1;CPXPARAM_Preprocessing_RepeatPresolve=-1;CPXPARAM_Preprocessing_Symmetry=-1;CPXPARAM_Read_Scale=0;CPXPARAM_Sifting_Algorithm=0;CPXPARAM_Simplex_Crash=1;CPXPARAM_Simplex_DGradient=0;CPXPARAM_Simplex_Limits_Perturbation=0;CPXPARAM_Simplex_Limits_Singularity=10;CPXPARAM_Simplex_PGradient=1;CPXPARAM_Simplex_Pricing=0;CPXPARAM_Simplex_Refactor=0
15555093921383163198,0,CPXPARAM_Advance=1;CPXPARAM_Barrier_Algorithm=0;CPXPARAM_Barrier_ColNonzeros=0;CPXPARAM_Barrier_Crossover=0;CPXPARAM_Barrier_Limits_Corrections=-1;CPXPARAM_Barrier_Ordering=0;CPXPARAM_Barrier_StartAlg=1;CPXPARAM_Emphasis_MIP=1;CPXPARAM_Emphasis_Memory=0;CPXPARAM_Emphasis_Numerical=0;CPXPARAM_Feasopt_Mode=0;CPXPARAM_LPMethod=0;CPXPARAM_MIP_Cuts_Cliques=2;CPXPARAM_MIP_Cuts_Covers=0;CPXPARAM_MIP_Cuts_Disjunctive=0;CPXPARAM_MIP_Cuts_FlowCovers=-1;CPXPARAM_MIP_Cuts_GUBCovers=2;CPXPARAM_MIP_Cuts_Gomory=2;CPXPARAM_MIP_Cuts_Implied=-1;CPXPARAM_MIP_Cuts_MIRCut=2;CPXPARAM_MIP_Cuts_PathCut=1;CPXPARAM_MIP_Limits_AggForCut=3;CPXPARAM_MIP_Limits_CutPasses=0;CPXPARAM_MIP_Limits_CutsFactor=-1;CPXPARAM_MIP_Limits_GomoryCand=100;CPXPARAM_MIP_Limits_GomoryPass=0;CPXPARAM_MIP_Limits_Nodes=9223372036800000000;CPXPARAM_MIP_Limits_ProbeTime=1e+75;CPXPARAM_MIP_Limits_RepairTries=0;CPXPARAM_MIP_Limits_StrongCand=10;CPXPARAM_MIP_Limits_StrongIt=0;CPXPARAM_MIP_OrderType=0;CPXPARAM_MIP_Strategy_BBInterval=7;CPXPARAM_MIP_Strategy_Branch=0;CPXPARAM_MIP_Strategy_Dive=0;CPXPARAM_MIP_Strategy_File=1;CPXPARAM_MIP_Strategy_HeuristicFreq=0;CPXPARAM_MIP_Strategy_LBHeur=0;CPXPARAM_MIP_Strategy_NodeSelect=1;CPXPARAM_MIP_Strategy_Order=1;CPXPARAM_MIP_Strategy_PresolveNode=0;CPXPARAM_MIP_Strategy_Probe=0;CPXPARAM_MIP_Strategy_RINSHeur=0;CPXPARAM_MIP_Strategy_StartAlgorithm=0;CPXPARAM_MIP_Strategy_SubAlgorithm=0;CPXPARAM_MIP_Strategy_VariableSelect=0;CPXPARAM_Network_NetFind=2;CPXPARAM_Network_Pricing=0;CPXPARAM_Parallel=1;CPXPARAM_Preprocessing_Aggregator=-1;CPXPARAM_Preprocessing_BoundStrength=-1;CPXPARAM_Preprocessing_CoeffReduce=-1;CPXPARAM_Preprocessing_Dependency=-1;CPXPARAM_Preprocessing_Dual=-1;CPXPARAM_Preprocessing_Fill=10;CPXPARAM_Preprocessing_NumPass=-1;CPXPARAM_Preprocessing_Presolve=1;CPXPARAM_Preprocessing_QPMakePSD=1;CPXPARAM_Preprocessing_Reduce=3;CPXPARAM_Preprocessing_Relax=-1;CPXPARAM_Preprocessing_RepeatPresolve=-1;CPXPARAM_Preprocessing_Symmetry=-1;CPXPARAM_Read_Scale=0;CPXPARAM_Sifting_Algorithm=0;CPXPARAM_Simplex_Crash=1;CPXPARAM_Simplex_DGradient=0;CPXPARAM_Simplex_Limits_Perturbation=0;CPXPARAM_Simplex_Limits_Singularity=10;CPXPARAM_Simplex_PGradient=1;CPXPARAM_Simplex_Pricing=0;CPXPARAM_Simplex_Refactor=0
5054749153541373057,0,CPXPARAM_Advance=1;CPXPARAM_Barrier_Algorithm=0;CPXPARAM_Barrier_ColNonzeros=0;CPXPARAM_Barrier_Crossover=0;CPXPARAM_Barrier_Limits_Corrections=-1;CPXPARAM_Barrier_Ordering=0;CPXPARAM_Barrier_StartAlg=1;CPXPARAM_Emphasis_MIP=5;CPXPARAM_Emphasis_Memory=0;CPXPARAM_Emphasis_Numerical=0;CPXPARAM_Feasopt_Mode=0;CPXPARAM_LPMethod=0;CPXPARAM_MIP_Cuts_Cliques=0;CPXPARAM_MIP_Cuts_Covers=0;CPXPARAM_MIP_Cuts_Disjunctive=0;CPXPARAM_MIP_Cuts_FlowCovers=1;CPXPARAM_MIP_Cuts_GUBCovers=0;CPXPARAM_MIP_Cuts_Gomory=0;CPXPARAM_MIP_Cuts_Implied=0;CPXPARAM_MIP_Cuts_MIRCut=0;CPXPARAM_MIP_Cuts_PathCut=0;CPXPARAM_MIP_Limits_AggForCut=3;CPXPARAM_MIP_Limits_CutPasses=0;CPXPARAM_MIP_Limits_CutsFactor=-1;CPXPARAM_MIP_Limits_GomoryCand=50;CPXPARAM_MIP_Limits_GomoryPass=0;CPXPARAM_MIP_Limits_Nodes=9223372036800000000;CPXPARAM_MIP_Limits_ProbeTime=1e+75;CPXPARAM_MIP_Limits_RepairTries=0;CPXPARAM_MIP_Limits_StrongCand=10;CPXPARAM_MIP_Limits_StrongIt=0;CPXPARAM_MIP_OrderType=0;CPXPARAM_MIP_Strategy_BBInterval=7;CPXPARAM_MIP_Strategy_Branch=0;CPXPARAM_MIP_Strategy_Dive=0;CPXPARAM_MIP_Strategy_File=1;CPXPARAM_MIP_Strategy_HeuristicFreq=0;CPXPARAM_MIP_Strategy_LBHeur=0;CPXPARAM_MIP_Strategy_NodeSelect=1;CPXPARAM_MIP_Strategy_Order=1;CPXPARAM_MIP_Strategy_PresolveNode=0;CPXPARAM_MIP_Strategy_Probe=0;CPXPARAM_MIP_Strategy_RINSHeur=0;CPXPARAM_MIP_Strategy_StartAlgorithm=0;CPXPARAM_MIP_Strategy_SubAlgorithm=0;CPXPARAM_MIP_Strategy_VariableSelect=0;CPXPARAM_Network_NetFind=2;CPXPARAM_Network_Pricing=0;CPXPARAM_Parallel=1;CPXPARAM_Preprocessing_Aggregator=-1;CPXPARAM_Preprocessing_BoundStrength=-1;CPXPARAM_Preprocessing_CoeffReduce=-1;CPXPARAM_Preprocessing_Dependency=-1;CPXPARAM_Preprocessing_Dual=0;CPXPARAM_Preprocessing_Fill=10;CPXPARAM_Preprocessing_NumPass=-1;CPXPARAM_Preprocessing_Presolve=1;CPXPARAM_Preprocessing_QPMakePSD=1;CPXPARAM_Preprocessing_Reduce=3;CPXPARAM_Preprocessing_Relax=-1;CPXPARAM_Preprocessing_RepeatPresolve=-1;CPXPARAM_Preprocessing_Symmetry=-1;CPXPARAM_Read_Scale=0;CPXPARAM_Sifting_Algorithm=0;CPXPARAM_Simplex_Crash=1;CPXPARAM_Simplex_DGradient=0;CPXPARAM_Simplex_Limits_Perturbation=0;CPXPARAM_Simplex_Limits_Singularity=10;CPXPARAM_Simplex_PGradient=0;CPXPARAM_Simplex_Pricing=0;CPXPARAM_Simplex_Refactor=0
10266868994078535659,0,CPXPARAM_Advance=1;CPXPARAM_Barrier_Algorithm=0;CPXPARAM_Barrier_ColNonzeros=0;CPXPARAM_Barrier_Crossover=0;CPXPARAM_Barrier_Limits_Corrections=-1;CPXPARAM_Barrier_Ordering=0;CPXPARAM_Barrier_StartAlg=1;CPXPARAM_Emphasis_MIP=5;CPXPARAM_Emphasis_Memory=0;CPXPARAM_Emphasis_Numerical=0;CPXPARAM_Feasopt_Mode=0;CPXPARAM_LPMethod=0;CPXPARAM_MIP_Cuts_Cliques=0;CPXPARAM_MIP_Cuts_Covers=0;CPXPARAM_MIP_Cuts_Disjunctive=0;CPXPARAM_MIP_Cuts_FlowCovers=1;CPXPARAM_MIP_Cuts_GUBCovers=-1;CPXPARAM_MIP_Cuts_Gomory=0;CPXPARAM_MIP_Cuts_Implied=0;CPXPARAM_MIP_Cuts_MIRCut=0;CPXPARAM_MIP_Cuts_PathCut=0;CPXPARAM_MIP_Limits_AggForCut=3;CPXPARAM_MIP_Limits_CutPasses=0;CPXPARAM_MIP_Limits_CutsFactor=-1;CPXPARAM_MIP_Limits_GomoryCand=200;CPXPARAM_MIP_Limits_GomoryPass=0;CPXPARAM_MIP_Limits_Nodes=9223372036800000000;CPXPARAM_MIP_Limits_ProbeTime=1e+75;CPXPARAM_MIP_Limits_RepairTries=0;CPXPARAM_MIP_Limits_StrongCand=10;CPXPARAM_MIP_Limits_StrongIt=0;CPXPARAM_MIP_OrderType=0;CPXPARAM_MIP_Strategy_BBInterval=7;CPXPARAM_MIP_Strategy_Branch=0;CPXPARAM_MIP_Strategy_Dive=0;CPXPARAM_MIP_Strategy_File=1;CPXPARAM_MIP_Strategy_HeuristicFreq=0;CPXPARAM_MIP_Strategy_LBHeur=0;CPXPARAM_MIP_Strategy_NodeSelect=1;CPXPARAM_MIP_Strategy_Order=1;CPXPARAM_MIP_Strategy_PresolveNode=0;CPXPARAM_MIP_Strategy_Probe=0;CPXPARAM_MIP_Strategy_RINSHeur=0;CPXPARAM_MIP_Strategy_StartAlgorithm=0;CPXPARAM_MIP_Strategy_SubAlgorithm=0;CPXPARAM_MIP_Strategy_VariableSelect=0;CPXPARAM_Network_NetFind=2;CPXPARAM_Network_Pricing=0;CPXPARAM_Parallel=1;CPXPARAM_Preprocessing_Aggregator=-1;CPXPARAM_Preprocessing_BoundStrength=-1;CPXPARAM_Preprocessing_CoeffReduce=-1;CPXPARAM_Preprocessing_Dependency=-1;CPXPARAM_Preprocessing_Dual=0;CPXPARAM_Preprocessing_Fill=10;CPXPARAM_Preprocessing_NumPass=-1;CPXPARAM_Preprocessing_Presolve=1;CPXPARAM_Preprocessing_QPMakePSD=1;CPXPARAM_Preprocessing_Reduce=3;CPXPARAM_Preprocessing_Relax=-1;CPXPARAM_Preprocessing_RepeatPresolve=-1;CPXPARAM_Preprocessing_Symmetry=-1;CPXPARAM_Read_Scale=0;CPXPARAM_Sifting_Algorithm=0;CPXPARAM_Simplex_Crash=1;CPXPARAM_Simplex_DGradient=0;CPXPARAM_Simplex_Limits_Perturbation=0;CPXPARAM_Simplex_Limits_Singularity=10;CPXPARAM_Simplex_PGradient=0;CPXPARAM_Simplex_Pricing=0;CPXPARAM_Simplex_Refactor=0
4475720829718419264,0,CPXPARAM_Advance=1;CPXPARAM_Barrier_Algorithm=0;CPXPARAM_Barrier_ColNonzeros=0;CPXPARAM_Barrier_Crossover=0;CPXPARAM_Barrier_Limits_Corrections=-1;CPXPARAM_Barrier_Ordering=0;CPXPARAM_Barrier_StartAlg=1;CPXPARAM_Emphasis_MIP=5;CPXPARAM_Emphasis_Memory=0;CPXPARAM_Emphasis_Numerical=0;CPXPARAM_Feasopt_Mode=0;CPXPARAM_LPMethod=0;CPXPARAM_MIP_Cuts_Cliques=0;CPXPARAM_MIP_Cuts_Covers=0;CPXPARAM_MIP_Cuts_Disjunctive=0;CPXPARAM_MIP_Cuts_FlowCovers=1;CPXPARAM_MIP_Cuts_GUBCovers=0;CPXPARAM_MIP_Cuts_Gomory=0;CPXPARAM_MIP_Cuts_Implied=0;CPXPARAM_MIP_Cuts_MIRCut=0;CPXPARAM_MIP_Cuts_PathCut=0;CPXPARAM_MIP_Limits_AggForCut=3;CPXPARAM_MIP_Limits_CutPasses=0;CPXPARAM_MIP_Limits_CutsFactor=-1;CPXPARAM_MIP_Limits_GomoryCand=200;CPXPARAM_MIP_Limits_GomoryPass=0;CPXPARAM_MIP_Limits_Nodes=9223372036800000000;CPXPARAM_MIP_Limits_ProbeTime=1e+75;CPXPARAM_MIP_Limits_RepairTries=0;CPXPARAM_MIP_Limits_StrongCand=10;CPXPARAM_MIP_Limits_StrongIt=0;CPXPARAM_MIP_OrderType=0;CPXPARAM_MIP_Strategy_BBInterval=7;CPXPARAM_MIP_Strategy_Branch=0;CPXPARAM_MIP_Strategy_Dive=0;CPXPARAM_MIP_Strategy_File=1;CPXPARAM_MIP_Strategy_HeuristicFreq=0;CPXPARAM_MIP_Strategy_LBHeur=0;CPXPARAM_MIP_Strategy_NodeSelect=1;CPXPARAM_MIP_Strategy_Order=1;CPXPARAM_MIP_Strategy_PresolveNode=0;CPXPARAM_MIP_Strategy_Probe=0;CPXPARAM_MIP_Strategy_RINSHeur=0;CPXPARAM_MIP_Strategy_StartAlgorithm=0;CPXPARAM_MIP_Strategy_SubAlgorithm=0;CPXPARAM_MIP_Strategy_VariableSelect=0;CPXPARAM_Network_NetFind=2;CPXPARAM_Network_Pricing=0;CPXPARAM_Parallel=1;CPXPARAM_Preprocessing_Aggregator=-1;CPXPARAM_Preprocessing_BoundStrength=-1;CPXPARAM_Preprocessing_CoeffReduce=1;CPXPARAM_Preprocessing_Dependency=-1;CPXPARAM_Preprocessing_Dual=0;CPXPARAM_Preprocessing_Fill=10;CPXPARAM_Preprocessing_NumPass=-1;CPXPARAM_Preprocessing_Presolve=1;CPXPARAM_Preprocessing_QPMakePSD=1;CPXPARAM_Preprocessing_Reduce=3;CPXPARAM_Preprocessing_Relax=-1;CPXPARAM_Preprocessing_RepeatPresolve=-1;CPXPARAM_Preprocessing_Symmetry=-1;CPXPARAM_Read_Scale=0;CPXPARAM_Sifting_Algorithm=0;CPXPARAM_Simplex_Crash=1;CPXPARAM_Simplex_DGradient=0;CPXPARAM_Simplex_Limits_Perturbation=0;CPXPARAM_Simplex_Limits_Singularity=10;CPXPARAM_Simplex_PGradient=0;CPXPARAM_Simplex_Pricing=0;CPXPARAM_Simplex_Refactor=0
13634281097389004572,0,CPXPARAM_Advance=1;CPXPARAM_Barrier_Algorithm=0;CPXPARAM_Barrier_ColNonzeros=0;CPXPARAM_Barrier_Crossover=0;CPXPARAM_Barrier_Limits_Corrections=-1;CPXPARAM_Barrier_Ordering=0;CPXPARAM_Barrier_StartAlg=1;CPXPARAM_Emphasis_MIP=5;CPXPARAM_Emphasis_Memory=0;CPXPARAM_Emphasis_Numerical=0;CPXPARAM_Feasopt_Mode=0;CPXPARAM_LPMethod=0;CPXPARAM_MIP_Cuts_Cliques=0;CPXPARAM_MIP_Cuts_Covers=0;CPXPARAM_MIP_Cuts_Disjunctive=0;CPXPARAM_MIP_Cuts_FlowCovers=1;CPXPARAM_MIP_Cuts_GUBCovers=0;CPXPARAM_MIP_Cuts_Gomory=0;CPXPARAM_MIP_Cuts_Implied=0;CPXPARAM_MIP_Cuts_MIRCut=0;CPXPARAM_MIP_Cuts_PathCut=0;CPXPARAM_MIP_Limits_AggForCut=3;CPXPARAM_MIP_Limits_CutPasses=0;CPXPARAM_MIP_Limits_CutsFactor=-1;CPXPARAM_MIP_Limits_GomoryCand=200;CPXPARAM_MIP_Limits_GomoryPass=0;CPXPARAM_MIP_Limits_Nodes=9223372036800000000;CPXPARAM_MIP_Limits_ProbeTime=1e+75;CPXPARAM_MIP_Limits_RepairTries=0;CPXPARAM_MIP_Limits_StrongCand=10;CPXPARAM_MIP_Limits_StrongIt=0;CPXPARAM_MIP_OrderType=0;CPXPARAM_MIP_Strategy_BBInterval=7;CPXPARAM_MIP_Strategy_Branch=0;CPXPARAM_MIP_Strategy_Dive=0;CPXPARAM_MIP_Strategy_File=1;CPXPARAM_MIP_Strategy_HeuristicFreq=0;CPXPARAM_MIP_Strategy_LBHeur=0;CPXPARAM_MIP_Strategy_NodeSelect=1;CPXPARAM_MIP_Strategy_Order=1;CPXPARAM_MIP_Strategy_PresolveNode=0;CPXPARAM_MIP_Strategy_Probe=0;CPXPARAM_MIP_Strategy_RINSHeur=0;CPXPARAM_MIP_Strategy_StartAlgorithm=0;CPXPARAM_MIP_Strategy_SubAlgorithm=0;CPXPARAM_MIP_Strategy_VariableSelect=0;CPXPARAM_Network_NetFind=2;CPXPARAM_Network_Pricing=0;CPXPARAM_Parallel=1;CPXPARAM_Preprocessing_Aggregator=-1;CPXPARAM_Preprocessing_BoundStrength=0;CPXPARAM_Preprocessing_CoeffReduce=-1;CPXPARAM_Preprocessing_Dependency=-1;CPXPARAM_Preprocessing_Dual=0;CPXPARAM_Preprocessing_Fill=10;CPXPARAM_Preprocessing_NumPass=-1;CPXPARAM_Preprocessing_Presolve=1;CPXPARAM_Preprocessing_QPMakePSD=1;CPXPARAM_Preprocessing_Reduce=3;CPXPARAM_Preprocessing_Relax=-1;CPXPARAM_Preprocessing_RepeatPresolve=-1;CPXPARAM_Preprocessing_Symmetry=-1;CPXPARAM_Read_Scale=0;CPXPARAM_Sifting_Algorithm=0;CPXPARAM_Simplex_Crash=1;CPXPARAM_Simplex_DGradient=0;CPXPARAM_Simplex_Limits_Perturbation=0;CPXPARAM_Simplex_Limits_Singularity=10;CPXPARAM_Simplex_PGradient=0;CPXPARAM_Simplex_Pricing=0;CPXPARAM_Simplex_Refactor=0
11077935400856851835,0,CPXPARAM_Advance=1;CPXPARAM_Barrier_Algorithm=0;CPXPARAM_Barrier_ColNonzeros=0;CPXPARAM_Barrier_Crossover=0;CPXPARAM_Barrier_Limits_Corrections=-1;CPXPARAM_Barrier_Ordering=0;CPXPARAM_Barrier_StartAlg=1;CPXPARAM_Emphasis_MIP=1;CPXPARAM_Emphasis_Memory=0;CPXPARAM_Emphasis_Numerical=0;CPXPARAM_Feasopt_Mode=0;CPXPARAM_LPMethod=0;CPXPARAM_MIP_Cuts_Cliques=1;CPXPARAM_MIP_Cuts_Covers=0;CPXPARAM_MIP_Cuts_Disjunctive=-1;CPXPARAM_MIP_Cuts_FlowCovers=-1;CPXPARAM_MIP_Cuts_GUBCovers=1;CPXPARAM_MIP_Cuts_Gomory=1;CPXPARAM_MIP_Cuts_Implied=1;CPXPARAM_MIP_Cuts_MIRCut=-1;CPXPARAM_MIP_Cuts_PathCut=-1;CPXPARAM_MIP_Limits_AggForCut=3;CPXPARAM_MIP_Limits_CutPasses=0;CPXPARAM_MIP_Limits_CutsFactor=-1;CPXPARAM_MIP_Limits_GomoryCand=200;CPXPARAM_MIP_Limits_GomoryPass=0;CPXPARAM_MIP_Limits_Nodes=9223372036800000000;CPXPARAM_MIP_Limits_ProbeTime=1e+75;CPXPARAM_MIP_Limits_RepairTries=0;CPXPARAM_MIP_Limits_StrongCand=10;CPXPARAM_MIP_Limits_StrongIt=0;CPXPARAM_MIP_OrderType=2;CPXPARAM_MIP_Strategy_BBInterval=7;CPXPARAM_MIP_Strategy_Branch=0;CPXPARAM_MIP_Strategy_Dive=0;CPXPARAM_MIP_Strategy_File=2;CPXPARAM_MIP_Strategy_HeuristicFreq=0;CPXPARAM_MIP_Strategy_LBHeur=0;CPXPARAM_MIP_Strategy_NodeSelect=1;CPXPARAM_MIP_Strategy_Order=1;CPXPARAM_MIP_Strategy_PresolveNode=0;CPXPARAM_MIP_Strategy_Probe=0;CPXPARAM_MIP_Strategy_RINSHeur=0;CPXPARAM_MIP_Strategy_StartAlgorithm=0;CPXPARAM_MIP_Strategy_SubAlgorithm=0;CPXPARAM_MIP_Strategy_VariableSelect=0;CPXPARAM_Network_NetFind=1;CPXPARAM_Network_Pricing=1;CPXPARAM_Parallel=1;CPXPARAM_Preprocessing_Aggregator=-1;CPXPARAM_Preprocessing_BoundStrength=-1;CPXPARAM_Preprocessing_CoeffReduce=-1;CPXPARAM_Preprocessing_Dependency=-1;CPXPARAM_Preprocessing_Dual=-1;CPXPARAM_Preprocessing_Fill=10;CPXPARAM_Preprocessing_NumPass=-1;CPXPARAM_Preprocessing_Presolve=1;CPXPARAM_Preprocessing_QPMakePSD=1;CPXPARAM_Preprocessing_Reduce=3;CPXPARAM_Preprocessing_Relax=1;CPXPARAM_Preprocessing_RepeatPresolve=-1;CPXPARAM_Preprocessing_Symmetry=-1;CPXPARAM_Read_Scale=0;CPXPARAM_Sifting_Algorithm=0;CPXPARAM_Simplex_Crash=1;CPXPARAM_Simplex_DGradient=0;CPXPARAM_Simplex_Limits_Perturbation=0;CPXPARAM_Simplex_Limits_Singularity=10;CPXPARAM_Simplex_PGradient=-1;CPXPARAM_Simplex_Pricing=0;CPXPARAM_Simplex_Refactor=0
8326198070241154004,0,CPXPARAM_Advance=1;CPXPARAM_Barrier_Algorithm=0;CPXPARAM_Barrier_ColNonzeros=0;CPXPARAM_Barrier_Crossover=0;CPXPARAM_Barrier_Limits_Corrections=-1;CPXPARAM_Barrier_Ordering=0;CPXPARAM_Barrier_StartAlg=1;CPXPARAM_Emphasis_MIP=5;CPXPARAM_Emphasis_Memory=0;CPXPARAM_Emphasis_Numerical=0;CPXPARAM_Feasopt_Mode=5;CPXPARAM_LPMethod=0;CPXPARAM_MIP_Cuts_Cliques=0;CPXPARAM_MIP_Cuts_Covers=0;CPXPARAM_MIP_Cuts_Disjunctive=0;CPXPARAM_MIP_Cuts_FlowCovers=1;CPXPARAM_MIP_Cuts_GUBCovers=0;CPXPARAM_MIP_Cuts_Gomory=0;CPXPARAM_MIP_Cuts_Implied=0;CPXPARAM_MIP_Cuts_MIRCut=0;CPXPARAM_MIP_Cuts_PathCut=0;CPXPARAM_MIP_Limits_AggForCut=3;CPXPARAM_MIP_Limits_CutPasses=0;CPXPARAM_MIP_Limits_CutsFactor=-1;CPXPARAM_MIP_Limits_GomoryCand=200;CPXPARAM_MIP_Limits_GomoryPass=0;CPXPARAM_MIP_Limits_Nodes=9223372036800000000;CPXPARAM_MIP_Limits_ProbeTime=1e+75;CPXPARAM_MIP_Limits_RepairTries=0;CPXPARAM_MIP_Limits_StrongCand=10;CPXPARAM_MIP_Limits_StrongIt=0;CPXPARAM_MIP_OrderType=0;CPXPARAM_MIP_Strategy_BBInterval=7;CPXPARAM_MIP_Strategy_Branch=0;CPXPARAM_MIP_Strategy_Dive=0;CPXPARAM_MIP_Strategy_File=1;CPXPARAM_MIP_Strategy_HeuristicFreq=0;CPXPARAM_MIP_Strategy_LBHeur=0;CPXPARAM_MIP_Strategy_NodeSelect=1;CPXPARAM_MIP_Strategy_Order=1;CPXPARAM_MIP_Strategy_PresolveNode=0;CPXPARAM_MIP_Strategy_Probe=0;CPXPARAM_MIP_Strategy_RINSHeur=0;CPXPARAM_MIP_Strategy_StartAlgorithm=0;CPXPARAM_MIP_Strategy_SubAlgorithm=0;CPXPARAM_MIP_Strategy_VariableSelect=0;CPXPARAM_Network_NetFind=2;CPXPARAM_Network_Pricing=0;CPXPARAM_Parallel=1;CPXPARAM_Preprocessing_Aggregator=-1;CPXPARAM_Preprocessing_BoundStrength=-1;CPXPARAM_Preprocessing_CoeffReduce=-1;CPXPARAM_Preprocessing_Dependency=-1;CPXPARAM_Preprocessing_Dual=0;CPXPARAM_Preprocessing_Fill=10;CPXPARAM_Preprocessing_NumPass=-1;CPXPARAM_Preprocessing_Presolve=1;CPXPARAM_Preprocessing_QPMakePSD=1;CPXPARAM_Preprocessing_Reduce=3;CPXPARAM_Preprocessing_Relax=-1;CPXPARAM_Preprocessing_RepeatPresolve=-1;CPXPARAM_Preprocessing_Symmetry=-1;CPXPARAM_Read_Scale=0;CPXPARAM_Sifting_Algorithm=0;CPXPARAM_Simplex_Crash=1;CPXPARAM_Simplex_DGradient=0;CPXPARAM_Simplex_Limits_Perturbation=0;CPXPARAM_Simplex_Limits_Singularity=10;CPXPARAM_Simplex_PGradient=0;CPXPARAM_Simplex_Pricing=0;CPXPARAM_Simplex_Refactor=0
3646601093376707188,0,CPXPARAM_Advance=1;CPXPARAM_Barrier_Algorithm=0;CPXPARAM_Barrier_ColNonzeros=0;CPXPARAM_Barrier_Crossover=0;CPXPARAM_Barrier_Limits_Corrections=-1;CPXPARAM_Barrier_Ordering=0;CPXPARAM_Barrier_StartAlg=4;CPXPARAM_Emphasis_MIP=5;CPXPARAM_Emphasis_Memory=0;CPXPARAM_Emphasis_Numerical=0;CPXPARAM_Feasopt_Mode=0;CPXPARAM_LPMethod=0;CPXPARAM_MIP_Cuts_Cliques=0;CPXPARAM_MIP_Cuts_Covers=0;CPXPARAM_MIP_Cuts_Disjunctive=0;CPXPARAM_MIP_Cuts_FlowCovers=1;CPXPARAM_MIP_Cuts_GUBCovers=0;CPXPARAM_MIP_Cuts_Gomory=0;CPXPARAM_MIP_Cuts_Implied=0;CPXPARAM_MIP_Cuts_MIRCut=0;CPXPARAM_MIP_Cuts_PathCut=0;CPXPARAM_MIP_Limits_AggForCut=3;CPXPARAM_MIP_Limits_CutPasses=0;CPXPARAM_MIP_Limits_CutsFactor=-1;CPXPARAM_MIP_Limits_GomoryCand=200;CPXPARAM_MIP_Limits_GomoryPass=0;CPXPARAM_MIP_Limits_Nodes=9223372036800000000;CPXPARAM_MIP_Limits_ProbeTime=1e+75;CPXPARAM_MIP_Limits_RepairTries=0;CPXPARAM_MIP_Limits_StrongCand=10;CPXPARAM_MIP_Limits_StrongIt=0;CPXPARAM_MIP_OrderType=0;CPXPARAM_MIP_Strategy_BBInterval=7;CPXPARAM_MIP_Strategy_Branch=0;CPXPARAM_MIP_Strategy_Dive=0;CPXPARAM_MIP_Strategy_File=1;CPXPARAM_MIP_Strategy_HeuristicFreq=0;CPXPARAM_MIP_Strategy_LBHeur=0;CPXPARAM_MIP_Strategy_NodeSelect=1;CPXPARAM_MIP_Strategy_Order=1;CPXPARAM_MIP_Strategy_PresolveNode=0;CPXPARAM_MIP_Strategy_Probe=0;CPXPARAM_MIP_Strategy_RINSHeur=0;CPXPARAM_MIP_Strategy_StartAlgorithm=0;CPXPARAM_MIP_Strategy_SubAlgorithm=0;CPXPARAM_MIP_Strategy_VariableSelect=0;CPXPARAM_Network_NetFind=2;CPXPARAM_Network_Pricing=0;CPXPARAM_Parallel=1;CPXPARAM_Preprocessing_Aggregator=-1;CPXPARAM_Preprocessing_BoundStrength=-1;CPXPARAM_Preprocessing_CoeffReduce=-1;CPXPARAM_Preprocessing_Dependency=-1;CPXPARAM_Preprocessing_Dual=0;CPXPARAM_Preprocessing_Fill=10;CPXPARAM_Preprocessing_NumPass=-1;CPXPARAM_Preprocessing_Presolve=1;CPXPARAM_Preprocessing_QPMakePSD=1;CPXPARAM_Preprocessing_Reduce=3;CPXPARAM_Preprocessing_Relax=-1;CPXPARAM_Preprocessing_RepeatPresolve=-1;CPXPARAM_Preprocessing_Symmetry=-1;CPXPARAM_Read_Scale=0;CPXPARAM_Sifting_Algorithm=0;CPXPARAM_Simplex_Crash=1;CPXPARAM_Simplex_DGradient=0;CPXPARAM_Simplex_Limits_Perturbation=0;CPXPARAM_Simplex_Limits_Singularity=10;CPXPARAM_Simplex_PGradient=0;CPXPARAM_Simplex_Pricing=0;CPXPARAM_Simplex_Refactor=0
7191679078389061054,0,CPXPARAM_Advance=1;CPXPARAM_Barrier_Algorithm=0;CPXPARAM_Barrier_ColNonzeros=0;CPXPARAM_Barrier_Crossover=0;CPXPARAM_Barrier_Limits_Corrections=-1;CPXPARAM_Barrier_Ordering=0;CPXPARAM_Barrier_StartAlg=3;CPXPARAM_Emphasis_MIP=5;CPXPARAM_Emphasis_Memory=0;CPXPARAM_Emphasis_Numerical=0;CPXPARAM_Feasopt_Mode=0;CPXPARAM_LPMethod=0;CPXPARAM_MIP_Cuts_Cliques=0;CPXPARAM_MIP_Cuts_Covers=0;CPXPARAM_MIP_Cuts_Disjunctive=0;CPXPARAM_MIP_Cuts_FlowCovers=1;CPXPARAM_MIP_Cuts_GUBCovers=0;CPXPARAM_MIP_Cuts_Gomory=0;CPXPARAM_MIP_Cuts_Implied=0;CPXPARAM_MIP_Cuts_MIRCut=0;CPXPARAM_MIP_Cuts_PathCut=0;CPXPARAM_MIP_Limits_AggForCut=3;CPXPARAM_MIP_Limits_CutPasses=0;CPXPARAM_MIP_Limits_CutsFactor=-1;CPXPARAM_MIP_Limits_GomoryCand=200;CPXPARAM_MIP_Limits_GomoryPass=0;CPXPARAM_MIP_Limits_Nodes=9223372036800000000;CPXPARAM_MIP_Limits_ProbeTime=1e+75;CPXPARAM_MIP_Limits_RepairTries=0;CPXPARAM_MIP_Limits_StrongCand=10;CPXPARAM_MIP_Limits_StrongIt=0;CPXPARAM_MIP_OrderType=0;CPXPARAM_MIP_Strategy_BBInterval=7;CPXPARAM_MIP_Strategy_Branch=0;CPXPARAM_MIP_Strategy_Dive=0;CPXPARAM_MIP_Strategy_File=1;CPXPARAM_MIP_Strategy_HeuristicFreq=0;CPXPARAM_MIP_Strategy_LBHeur=0;CPXPARAM_MIP_Strategy_NodeSelect=1;CPXPARAM_MIP_Strategy_Order=1;CPXPARAM_MIP_Strategy_PresolveNode=0;CPXPARAM_MIP_Strategy_Probe=0;CPXPARAM_MIP_Strategy_RINSHeur=0;CPXPARAM_MIP_Strategy_StartAlgorithm=0;CPXPARAM_MIP_Strategy_SubAlgorithm=0;CPXPARAM_MIP_Strategy_VariableSelect=0;CPXPARAM_Network_NetFind=2;CPXPARAM_Network_Pricing=0;CPXPARAM_Parallel=1;CPXPARAM_Preprocessing_Aggregator=-1;CPXPARAM_Preprocessing_BoundStrength=-1;CPXPARAM_Preprocessing_CoeffReduce=-1;CPXPARAM_Preprocessing_Dependency=-1;CPXPARAM_Preprocessing_Dual=0;CPXPARAM_Preprocessing_Fill=10;CPXPARAM_Preprocessing_NumPass=-1;CPXPARAM_Preprocessing_Presolve=1;CPXPARAM_Preprocessing_QPMakePSD=1;CPXPARAM_Preprocessing_Reduce=3;CPXPARAM_Preprocessing_Relax=-1;CPXPARAM_Preprocessing_RepeatPresolve=-1;CPXPARAM_Preprocessing_Symmetry=-1;CPXPARAM_Read_Scale=0;CPXPARAM_Sifting_Algorithm=0;CPXPARAM_Simplex_Crash=1;CPXPARAM_Simplex_DGradient=0;CPXPARAM_Simplex_Limits_Perturbation=0;CPXPARAM_Simplex_Limits_Singularity=10;CPXPARAM_Simplex_PGradient=0;CPXPARAM_Simplex_Pricing=0;CPXPARAM_Simplex_Refactor=0
4837181567849004205,0,CPXPARAM_Advance=1;CPXPARAM_Barrier_Algorithm=0;CPXPARAM_Barrier_ColNonzeros=0;CPXPARAM_Barrier_Crossover=0;CPXPARAM_Barrier_Limits_Corrections=-1;CPXPARAM_Barrier_Ordering=3;CPXPARAM_Barrier_StartAlg=1;CPXPARAM_Emphasis_MIP=5;CPXPARAM_Emphasis_Memory=0;CPXPARAM_Emphasis_Numerical=0;CPXPARAM_Feasopt_Mode=0;CPXPARAM_LPMethod=0;CPXPARAM_MIP_Cuts_Cliques=0;CPXPARAM_MIP_Cuts_Covers=0;CPXPARAM_MIP_Cuts_Disjunctive=0;CPXPARAM_MIP_Cuts_FlowCovers=1;CPXPARAM_MIP_Cuts_GUBCovers=0;CPXPARAM_MIP_Cuts_Gomory=0;CPXPARAM_MIP_Cuts_Implied=0;CPXPARAM_MIP_Cuts_MIRCut=0;CPXPARAM_MIP_Cuts_PathCut=0;CPXPARAM_MIP_Limits_AggForCut=3;CPXPARAM_MIP_Limits_CutPasses=0;CPXPARAM_MIP_Limits_CutsFactor=-1;CPXPARAM_MIP_Limits_GomoryCand=200;CPXPARAM_MIP_Limits_GomoryPass=0;CPXPARAM_MIP_Limits_Nodes=9223372036800000000;CPXPARAM_MIP_Limits_ProbeTime=1e+75;CPXPARAM_MIP_Limits_RepairTries=0;CPXPARAM_MIP_Limits_StrongCand=10;CPXPARAM_MIP_Limits_StrongIt=0;CPXPARAM_MIP_OrderType=0;CPXPARAM_MIP_Strategy_BBInterval=7;CPXPARAM_MIP_Strategy_Branch=0;CPXPARAM_MIP_Strategy_Dive=0;CPXPARAM_MIP_Strategy_File=1;CPXPARAM_MIP_Strategy_HeuristicFreq=0;CPXPARAM_MIP_Strategy_LBHeur=0;CPXPARAM_MIP_Strategy_NodeSelect=1;CPXPARAM_MIP_Strategy_Order=1;CPXPARAM_MIP_Strategy_PresolveNode=0;CPXPARAM_MIP_Strategy_Probe=0;CPXPARAM_MIP_Strategy_RINSHeur=0;CPXPARAM_MIP_Strategy_StartAlgorithm=0;CPXPARAM_MIP_Strategy_SubAlgorithm=0;CPXPARAM_MIP_Strategy_VariableSelect=0;CPXPARAM_Network_NetFind=2;CPXPARAM_Network_Pricing=0;CPXPARAM_Parallel=1;CPXPARAM_Preprocessing_Aggregator=-1;CPXPARAM_Preprocessing_BoundStrength=-1;CPXPARAM_Preprocessing_CoeffReduce=-1;CPXPARAM_Preprocessing_Dependency=-1;CPXPARAM_Preprocessing_Dual=0;CPXPARAM_Preprocessing_Fill=10;CPXPARAM_Preprocessing_NumPass=-1;CPXPARAM_Preprocessing_Presolve=1;CPXPARAM_Preprocessing_QPMakePSD=1;CPXPARAM_Preprocessing_Reduce=3;CPXPARAM_Preprocessing_Relax=-1;CPXPARAM_Preprocessing_RepeatPresolve=-1;CPXPARAM_Preprocessing_Symmetry=-1;CPXPARAM_Read_Scale=0;CPXPARAM_Sifting_Algorithm=0;CPXPARAM_Simplex_Crash=1;CPXPARAM_Simplex_DGradient=0;CPXPARAM_Simplex_Limits_Perturbation=0;CPXPARAM_Simplex_Limits_Singularity=10;CPXPARAM_Simplex_PGradient=0;CPXPARAM_Simplex_Pricing=0;CPXPARAM_Simplex_Refactor=0
3238349653388983650,0,CPXPARAM_Advance=1;CPXPARAM_Barrier_Algorithm=0;CPXPARAM_Barrier_ColNonzeros=0;CPXPARAM_Barrier_Crossover=0;CPXPARAM_Barrier_Limits_Corrections=-1;CPXPARAM_Barrier_Ordering=2;CPXPARAM_Barrier_StartAlg=1;CPXPARAM_Emphasis_MIP=5;CPXPARAM_Emphasis_Memory=0;CPXPARAM_Emphasis_Numerical=0;CPXPARAM_Feasopt_Mode=0;CPXPARAM_LPMethod=0;CPXPARAM_MIP_Cuts_Cliques=0;CPXPARAM_MIP_Cuts_Covers=0;CPXPARAM_MIP_Cuts_Disjunctive=0;CPXPARAM_MIP_Cuts_FlowCovers=1;CPXPARAM_MIP_Cuts_GUBCovers=0;CPXPARAM_MIP_Cuts_Gomory=0;CPXPARAM_MIP_Cuts_Implied=0;CPXPARAM_MIP_Cuts_MIRCut=0;CPXPARAM_MIP_Cuts_PathCut=0;CPXPARAM_MIP_Limits_AggForCut=3;CPXPARAM_MIP_Limits_CutPasses=0;CPXPARAM_MIP_Limits_CutsFactor=-1;CPXPARAM_MIP_Limits_GomoryCand=200;CPXPARAM_MIP_Limits_GomoryPass=0;CPXPARAM_MIP_Limits_Nodes=9223372036800000000;CPXPARAM_MIP_Limits_ProbeTime=1e+75;CPXPARAM_MIP_Limits_RepairTries=0;CPXPARAM_MIP_Limits_StrongCand=10;CPXPARAM_MIP_Limits_StrongIt=0;CPXPARAM_MIP_OrderType=0;CPXPARAM_MIP_Strategy_BBInterval=7;CPXPARAM_MIP_Strategy_Branch=0;CPXPARAM_MIP_Strategy_Dive=0;CPXPARAM_MIP_Strategy_File=1;CPXPARAM_MIP_Strategy_HeuristicFreq=0;CPXPARAM_MIP_Strategy_LBHeur=0;CPXPARAM_MIP_Strategy_NodeSelect=1;CPXPARAM_MIP_Strategy_Order=1;CPXPARAM_MIP_Strategy_PresolveNode=0;CPXPARAM_MIP_Strategy_Probe=0;CPXPARAM_MIP_Strategy_RINSHeur=0;CPXPARAM_MIP_Strategy_StartAlgorithm=0;CPXPARAM_MIP_Strategy_SubAlgorithm=0;CPXPARAM_MIP_Strategy_VariableSelect=0;CPXPARAM_Network_NetFind=2;CPXPARAM_Network_Pricing=0;CPXPARAM_Parallel=1;CPXPARAM_Preprocessing_Aggregator=-1;CPXPARAM_Preprocessing_BoundStrength=-1;CPXPARAM_Preprocessing_CoeffReduce=-1;CPXPARAM_Preprocessing_Dependency=-1;CPXPARAM_Preprocessing_Dual=0;CPXPARAM_Preprocessing_Fill=10;CPXPARAM_Preprocessing_NumPass=-1;CPXPARAM_Preprocessing_Presolve=1;CPXPARAM_Preprocessing_QPMakePSD=1;CPXPARAM_Preprocessing_Reduce=3;CPXPARAM_Preprocessing_Relax=-1;CPXPARAM_Preprocessing_RepeatPresolve=-1;CPXPARAM_Preprocessing_Symmetry=-1;CPXPARAM_Read_Scale=0;CPXPARAM_Sifting_Algorithm=0;CPXPARAM_Simplex_Crash=1;CPXPARAM_Simplex_DGradient=0;CPXPARAM_Simplex_Limits_Perturbation=0;CPXPARAM_Simplex_Limits_Singularity=10;CPXPARAM_Simplex_PGradient=0;CPXPARAM_Simplex_Pricing=0;CPXPARAM_Simplex_Refactor=0
90463818706945265,0,CPXPARAM_Advance=1;CPXPARAM_Barrier_Algorithm=0;CPXPARAM_Barrier_ColNonzeros=0;CPXPARAM_Barrier_Crossover=1;CPXPARAM_Barrier_Limits_Corrections=-1;CPXPARAM_Barrier_Ordering=0;CPXPARAM_Barrier_StartAlg=1;CPXPARAM_Emphasis_MIP=5;CPXPARAM_Emphasis_Memory=0;CPXPARAM_Emphasis_Numerical=0;CPXPARAM_Feasopt_Mode=0;CPXPARAM_LPMethod=0;CPXPARAM_MIP_Cuts_Cliques=0;CPXPARAM_MIP_Cuts_Covers=0;CPXPARAM_MIP_Cuts_Disjunctive=0;CPXPARAM_MIP_Cuts_FlowCovers=1;CPXPARAM_MIP_Cuts_GUBCovers=0;CPXPARAM_MIP_Cuts_Gomory=0;CPXPARAM_MIP_Cuts_Implied=0;CPXPARAM_MIP_Cuts_MIRCut=0;CPXPARAM_MIP_Cuts_PathCut=0;CPXPARAM_MIP_Limits_AggForCut=3;CPXPARAM_MIP_Limits_CutPasses=0;CPXPARAM_MIP_Limits_CutsFactor=-1;CPXPARAM_MIP_Limits_GomoryCand=200;CPXPARAM_MIP_Limits_GomoryPass=0;CPXPARAM_MIP_Limits_Nodes=9223372036800000000;CPXPARAM_MIP_Limits_ProbeTime=1e+75;CPXPARAM_MIP_Limits_RepairTries=0;CPXPARAM_MIP_Limits_StrongCand=10;CPXPARAM_MIP_Limits_StrongIt=0;CPXPARAM_MIP_OrderType=0;CPXPARAM_MIP_Strategy_BBInterval=7;CPXPARAM_MIP_Strategy_Branch=0;CPXPARAM_MIP_Strategy_Dive=0;CPXPARAM_MIP_Strategy_File=1;CPXPARAM_MIP_Strategy_HeuristicFreq=0;CPXPARAM_MIP_Strategy_LBHeur=0;CPXPARAM_MIP_Strategy_NodeSelect=1;CPXPARAM_MIP_Strategy_Order=1;CPXPARAM_MIP_Strategy_PresolveNode=0;CPXPARAM_MIP_Strategy_Probe=0;CPXPARAM_MIP_Strategy_RINSHeur=0;CPXPARAM_MIP_Strategy_StartAlgorithm=0;CPXPARAM_MIP_Strategy_SubAlgorithm=0;CPXPARAM_MIP_Strategy_VariableSelect=0;CPXPARAM_Network_NetFind=2;CPXPARAM_Network_Pricing=0;CPXPARAM_Parallel=1;CPXPARAM_Preprocessing_Aggregator=-1;CPXPARAM_Preprocessing_BoundStrength=-1;CPXPARAM_Preprocessing_CoeffReduce=-1;CPXPARAM_Preprocessing_Dependency=-1;CPXPARAM_Preprocessing_Dual=0;CPXPARAM_Preprocessing_Fill=10;CPXPARAM_Preprocessing_NumPass=-1;CPXPARAM_Preprocessing_Presolve=1;CPXPARAM_Preprocessing_QPMakePSD=1;CPXPARAM_Preprocessing_Reduce=3;CPXPARAM_Preprocessing_Relax=-1;CPXPARAM_Preprocessing_RepeatPresolve=-1;CPXPARAM_Preprocessing_Symmetry=-1;CPXPARAM_Read_Scale=0;CPXPARAM_Sifting_Algorithm=0;CPXPARAM_Simplex_Crash=1;CPXPARAM_Simplex_DGradient=0;CPXPARAM_Simplex_Limits_Perturbation=0;CPXPARAM_Simplex_Limits_Singularity=10;CPXPARAM_Simplex_PGradient=0;CPXPARAM_Simplex_Pricing=0;CPXPARAM_Simplex_Refactor=0
4640111584818754696,0,CPXPARAM_Advance=1;CPXPARAM_Barrier_Algorithm=0;CPXPARAM_Barrier_ColNonzeros=0;CPXPARAM_Barrier_Crossover=0;CPXPARAM_Barrier_Limits_Corrections=-1;CPXPARAM_Barrier_Ordering=0;CPXPARAM_Barrier_StartAlg=1;CPXPARAM_Emphasis_MIP=5;CPXPARAM_Emphasis_Memory=0;CPXPARAM_Emphasis_Numerical=0;CPXPARAM_Feasopt_Mode=0;CPXPARAM_LPMethod=0;CPXPARAM_MIP_Cuts_Cliques=0;CPXPARAM_MIP_Cuts_Covers=0;CPXPARAM_MIP_Cuts_Disjunctive=0;CPXPARAM_MIP_Cuts_FlowCovers=1;CPXPARAM_MIP_Cuts_GUBCovers=0;CPXPARAM_MIP_Cuts_Gomory=0;CPXPARAM_MIP_Cuts_Implied=0;CPXPARAM_MIP_Cuts_MIRCut=0;CPXPARAM_MIP_Cuts_PathCut=0;CPXPARAM_MIP_Limits_AggForCut=3;CPXPARAM_MIP_Limits_CutPasses=0;CPXPARAM_MIP_Limits_CutsFactor=-1;CPXPARAM_MIP_Limits_GomoryCand=200;CPXPARAM_MIP_Limits_GomoryPass=0;CPXPARAM_MIP_Limits_Nodes=9223372036800000000;CPXPARAM_MIP_Limits_ProbeTime=1e+75;CPXPARAM_MIP_Limits_RepairTries=0;CPXPARAM_MIP_Limits_StrongCand=10;CPXPARAM_MIP_Limits_StrongIt=0;CPXPARAM_MIP_OrderType=0;CPXPARAM_MIP_Strategy_BBInterval=7;CPXPARAM_MIP_Strategy_Branch=0;CPXPARAM_MIP_Strategy_Dive=0;CPXPARAM_MIP_Strategy_File=1;CPXPARAM_MIP_Strategy_HeuristicFreq=0;CPXPARAM_MIP_Strategy_LBHeur=0;CPXPARAM_MIP_Strategy_NodeSelect=1;CPXPARAM_MIP_Strategy_Order=1;CPXPARAM_MIP_Strategy_PresolveNode=0;CPXPARAM_MIP_Strategy_Probe=0;CPXPARAM_MIP_Strategy_RINSHeur=0;CPXPARAM_MIP_Strategy_StartAlgorithm=0;CPXPARAM_MIP_Strategy_SubAlgorithm=0;CPXPARAM_MIP_Strategy_VariableSelect=0;CPXPARAM_Network_NetFind=2;CPXPARAM_Network_Pricing=0;CPXPARAM_Parallel=1;CPXPARAM_Preprocessing_Aggregator=-1;CPXPARAM_Preprocessing_BoundStrength=-1;CPXPARAM_Preprocessing_CoeffReduce=-1;CPXPARAM_Preprocessing_Dependency=-1;CPXPARAM_Preprocessing_Dual=0;CPXPARAM_Preprocessing_Fill=5;CPXPARAM_Preprocessing_NumPass=-1;CPXPARAM_Preprocessing_Presolve=1;CPXPARAM_Preprocessing_QPMakePSD=1;CPXPARAM_Preprocessing_Reduce=3;CPXPARAM_Preprocessing_Relax=-1;CPXPARAM_Preprocessing_RepeatPresolve=-1;CPXPARAM_Preprocessing_Symmetry=-1;CPXPARAM_Read_Scale=0;CPXPARAM_Sifting_Algorithm=0;CPXPARAM_Simplex_Crash=1;CPXPARAM_Simplex_DGradient=0;CPXPARAM_Simplex_Limits_Perturbation=0;CPXPARAM_Simplex_Limits_Singularity=10;CPXPARAM_Simplex_PGradient=0;CPXPARAM_Simplex_Pricing=0;CPXPARAM_Simplex_Refactor=0
4112080924622862301,0,CPXPARAM_Advance=1;CPXPARAM_Barrier_Algorithm=0;CPXPARAM_Barrier_ColNonzeros=0;CPXPARAM_Barrier_Crossover=0;CPXPARAM_Barrier_Limits_Corrections=-1;CPXPARAM_Barrier_Ordering=0;CPXPARAM_Barrier_StartAlg=1;CPXPARAM_Emphasis_MIP=5;CPXPARAM_Emphasis_Memory=0;CPXPARAM_Emphasis_Numerical=0;CPXPARAM_Feasopt_Mode=0;CPXPARAM_LPMethod=0;CPXPARAM_MIP_Cuts_Cliques=0;CPXPARAM_MIP_Cuts_Covers=0;CPXPARAM_MIP_Cuts_Disjunctive=0;CPXPARAM_MIP_Cuts_FlowCovers=1;CPXPARAM_MIP_Cuts_GUBCovers=0;CPXPARAM_MIP_Cuts_Gomory=0;CPXPARAM_MIP_Cuts_Implied=0;CPXPARAM_MIP_Cuts_MIRCut=0;CPXPARAM_MIP_Cuts_PathCut=0;CPXPARAM_MIP_Limits_AggForCut=3;CPXPARAM_MIP_Limits_CutPasses=0;CPXPARAM_MIP_Limits_CutsFactor=-1;CPXPARAM_MIP_Limits_GomoryCand=200;CPXPARAM_MIP_Limits_GomoryPass=0;CPXPARAM_MIP_Limits_Nodes=9223372036800000000;CPXPARAM_MIP_Limits_ProbeTime=1e+75;CPXPARAM_MIP_Limits_RepairTries=0;CPXPARAM_MIP_Limits_StrongCand=10;CPXPARAM_MIP_Limits_StrongIt=0;CPXPARAM_MIP_OrderType=0;CPXPARAM_MIP_Strategy_BBInterval=7;CPXPARAM_MIP_Strategy_Branch=0;CPXPARAM_MIP_Strategy_Dive=0;CPXPARAM_MIP_Strategy_File=1;CPXPARAM_MIP_Strategy_HeuristicFreq=0;CPXPARAM_MIP_Strategy_LBHeur=0;CPXPARAM_MIP_Strategy_NodeSelect=1;CPXPARAM_MIP_Strategy_Order=1;CPXPARAM_MIP_Strategy_PresolveNode=0;CPXPARAM_MIP_Strategy_Probe=0;CPXPARAM_MIP_Strategy_RINSHeur=0;CPXPARAM_MIP_Strategy_StartAlgorithm=0;CPXPARAM_MIP_Strategy_SubAlgorithm=0;CPXPARAM_MIP_Strategy_VariableSelect=0;CPXPARAM_Network_NetFind=2;CPXPARAM_Network_Pricing=0;CPXPARAM_Parallel=1;CPXPARAM_Preprocessing_Aggregator=-1;CPXPARAM_Preprocessing_BoundStrength=-1;CPXPARAM_Preprocessing_CoeffReduce=-1;CPXPARAM_Preprocessing_Dependency=-1;CPXPARAM_Preprocessing_Dual=0;CPXPARAM_Preprocessing_Fill=2;CPXPARAM_Preprocessing_NumPass=-1;CPXPARAM_Preprocessing_Presolve=1;CPXPARAM_Preprocessing_QPMakePSD=1;CPXPARAM_Preprocessing_Reduce=3;CPXPARAM_Preprocessing_Relax=-1;CPXPARAM_Preprocessing_RepeatPresolve=-1;CPXPARAM_Preprocessing_Symmetry=-1;CPXPARAM_Read_Scale=0;CPXPARAM_Sifting_Algorithm=0;CPXPARAM_Simplex_Crash=1;CPXPARAM_Simplex_DGradient=0;CPXPARAM_Simplex_Limits_Perturbation=0;CPXPARAM_Simplex_Limits_Singularity=10;CPXPARAM_Simplex_PGradient=0;CPXPARAM_Simplex_Pricing=0;CPXPARAM_Simplex_Refactor=0
6790936868244168518,0,CPXPARAM_Advance=1;CPXPARAM_Barrier_Algorithm=0;CPXPARAM_Barrier_ColNonzeros=0;CPXPARAM_Barrier_Crossover=0;CPXPARAM_Barrier_Limits_Corrections=-1;CPXPARAM_Barrier_Ordering=0;CPXPARAM_Barrier_StartAlg=1;CPXPARAM_Emphasis_MIP=5;CPXPARAM_Emphasis_Memory=0;CPXPARAM_Emphasis_Numerical=0;CPXPARAM_Feasopt_Mode=0;CPXPARAM_LPMethod=0;CPXPARAM_MIP_Cuts_Cliques=0;CPXPARAM_MIP_Cuts_Covers=0;CPXPARAM_MIP_Cuts_Disjunctive=0;CPXPARAM_MIP_Cuts_FlowCovers=1;CPXPARAM_MIP_Cuts_GUBCovers=0;CPXPARAM_MIP_Cuts_Gomory=0;CPXPARAM_MIP_Cuts_Implied=0;CPXPARAM_MIP_Cuts_MIRCut=0;CPXPARAM_MIP_Cuts_PathCut=0;CPXPARAM_MIP_Limits_AggForCut=10;CPXPARAM_MIP_Limits_CutPasses=0;CPXPARAM_MIP_Limits_CutsFactor=-1;CPXPARAM_MIP_Limits_GomoryCand=200;CPXPARAM_MIP_Limits_GomoryPass=0;CPXPARAM_MIP_Limits_Nodes=9223372036800000000;CPXPARAM_MIP_Limits_ProbeTime=1e+75;CPXPARAM_MIP_Limits_RepairTries=0;CPXPARAM_MIP_Limits_StrongCand=10;CPXPARAM_MIP_Limits_StrongIt=0;CPXPARAM_MIP_OrderType=0;CPXPARAM_MIP_Strategy_BBInterval=7;CPXPARAM_MIP_Strategy_Branch=0;CPXPARAM_MIP_Strategy_Dive=0;CPXPARAM_MIP_Strategy_File=1;CPXPARAM_MIP_Strategy_HeuristicFreq=0;CPXPARAM_MIP_Strategy_LBHeur=0;CPXPARAM_MIP_Strategy_NodeSelect=1;CPXPARAM_MIP_Strategy_Order=1;CPXPARAM_MIP_Strategy_PresolveNode=0;CPXPARAM_MIP_Strategy_Probe=0;CPXPARAM_MIP_Strategy_RINSHeur=0;CPXPARAM_MIP_Strategy_StartAlgorithm=0;CPXPARAM_MIP_Strategy_SubAlgorithm=0;CPXPARAM_MIP_Strategy_VariableSelect=0;CPXPARAM_Network_NetFind=2;CPXPARAM_Network_Pricing=0;CPXPARAM_Parallel=1;CPXPARAM_Preprocessing_Aggregator=-1;CPXPARAM_Preprocessing_BoundStrength=-1;CPXPARAM_Preprocessing_CoeffReduce=-1;CPXPARAM_Preprocessing_Dependency=-1;CPXPARAM_Preprocessing_Dual=0;CPXPARAM_Preprocessing_Fill=10;CPXPARAM_Preprocessing_NumPass=-1;CPXPARAM_Preprocessing_Presolve=1;CPXPARAM_Preprocessing_QPMakePSD=1;CPXPARAM_Preprocessing_Reduce=3;CPXPARAM_Preprocessing_Relax=-1;CPXPARAM_Preprocessing_RepeatPresolve=-1;CPXPARAM_Preprocessing_Symmetry=-1;CPXPARAM_Read_Scale=0;CPXPARAM_Sifting_Algorithm=0;CPXPARAM_Simplex_Crash=1;CPXPARAM_Simplex_DGradient=0;CPXPARAM_Simplex_Limits_Perturbation=0;CPXPARAM_Simplex_Limits_Singularity=10;CPXPARAM_Simplex_PGradient=0;CPXPARAM_Simplex_Pricing=0;CPXPARAM_Simplex_Refactor=0
13912404471507305326,0,CPXPARAM_Advance=1;CPXPARAM_Barrier_Algorithm=0;CPXPARAM_Barrier_ColNonzeros=0;CPXPARAM_Barrier_Crossover=0;CPXPARAM_Barrier_Limits_Corrections=-1;CPXPARAM_Barrier_Ordering=0;CPXPARAM_Barrier_StartAlg=1;CPXPARAM_Emphasis_MIP=5;CPXPARAM_Emphasis_Memory=0;CPXPARAM_Emphasis_Numerical=0;CPXPARAM_Feasopt_Mode=0;CPXPARAM_LPMethod=0;CPXPARAM_MIP_Cuts_Cliques=0;CPXPARAM_MIP_Cuts_Covers=0;CPXPARAM_MIP_Cuts_Disjunctive=0;CPXPARAM_MIP_Cuts_FlowCovers=1;CPXPARAM_MIP_Cuts_GUBCovers=0;CPXPARAM_MIP_Cuts_Gomory=0;CPXPARAM_MIP_Cuts_Implied=0;CPXPARAM_MIP_Cuts_MIRCut=0;CPXPARAM_MIP_Cuts_PathCut=0;CPXPARAM_MIP_Limits_AggForCut=3;CPXPARAM_MIP_Limits_CutPasses=0;CPXPARAM_MIP_Limits_CutsFactor=-1;CPXPARAM_MIP_Limits_GomoryCand=200;CPXPARAM_MIP_Limits_GomoryPass=0;CPXPARAM_MIP_Limits_Nodes=9223372036800000000;CPXPARAM_MIP_Limits_ProbeTime=1e+75;CPXPARAM_MIP_Limits_RepairTries=0;CPXPARAM_MIP_Limits_StrongCand=10;CPXPARAM_MIP_Limits_StrongIt=0;CPXPARAM_MIP_OrderType=0;CPXPARAM_MIP_Strategy_BBInterval=7;CPXPARAM_MIP_Strategy_Branch=0;CPXPARAM_MIP_Strategy_Dive=0;CPXPARAM_MIP_Strategy_File=1;CPXPARAM_MIP_Strategy_HeuristicFreq=0;CPXPARAM_MIP_Strategy_LBHeur=0;CPXPARAM_MIP_Strategy_NodeSelect=1;CPXPARAM_MIP_Strategy_Order=1;CPXPARAM_MIP_Strategy_PresolveNode=0;CPXPARAM_MIP_Strategy_Probe=0;CPXPARAM_MIP_Strategy_RINSHeur=0;CPXPARAM_MIP_Strategy_StartAlgorithm=0;CPXPARAM_MIP_Strategy_SubAlgorithm=0;CPXPARAM_MIP_Strategy_VariableSelect=0;CPXPARAM_Network_NetFind=2;CPXPARAM_Network_Pricing=3;CPXPARAM_Parallel=1;CPXPARAM_Preprocessing_Aggregator=-1;CPXPARAM_Preprocessing_BoundStrength=-1;CPXPARAM_Preprocessing_CoeffReduce=-1;CPXPARAM_Preprocessing_Dependency=-1;CPXPARAM_Preprocessing_Dual=0;CPXPARAM_Preprocessing_Fill=10;CPXPARAM_Preprocessing_NumPass=-1;CPXPARAM_Preprocessing_Presolve=1;CPXPARAM_Preprocessing_QPMakePSD=1;CPXPARAM_Preprocessing_Reduce=3;CPXPARAM_Preprocessing_Relax=-1;CPXPARAM_Preprocessing_RepeatPresolve=-1;CPXPARAM_Preprocessing_Symmetry=-1;CPXPARAM_Read_Scale=0;CPXPARAM_Sifting_Algorithm=0;CPXPARAM_Simplex_Crash=1;CPXPARAM_Simplex_DGradient=0;CPXPARAM_Simplex_Limits_Perturbation=0;CPXPARAM_Simplex_Limits_Singularity=10;CPXPARAM_Simplex_PGradient=0;CPXPARAM_Simplex_Pricing=0;CPXPARAM_Simplex_Refactor=0
10071608635932429048,0,CPXPARAM_Advance=1;CPXPARAM_Barrier_Algorithm=0;CPXPARAM_Barrier_ColNonzeros=0;CPXPARAM_Barrier_Crossover=0;CPXPARAM_Barrier_Limits_Corrections=-1;CPXPARAM_Barrier_Ordering=0;CPXPARAM_Barrier_StartAlg=1;CPXPARAM_Emphasis_MIP=5;CPXPARAM_Emphasis_Memory=0;CPXPARAM_Emphasis_Numerical=0;CPXPARAM_Feasopt_Mode=0;CPXPARAM_LPMethod=0;CPXPARAM_MIP_Cuts_Cliques=0;CPXPARAM_MIP_Cuts_Covers=0;CPXPARAM_MIP_Cuts_Disjunctive=0;CPXPARAM_MIP_Cuts_FlowCovers=1;CPXPARAM_MIP_Cuts_GUBCovers=0;CPXPARAM_MIP_Cuts_Gomory=0;CPXPARAM_MIP_Cuts_Implied=0;CPXPARAM_MIP_Cuts_MIRCut=0;CPXPARAM_MIP_Cuts_PathCut=0;CPXPARAM_MIP_Limits_AggForCut=5;CPXPARAM_MIP_Limits_CutPasses=0;CPXPARAM_MIP_Limits_CutsFactor=-1;CPXPARAM_MIP_Limits_GomoryCand=200;CPXPARAM_MIP_Limits_GomoryPass=0;CPXPARAM_MIP_Limits_Nodes=9223372036800000000;CPXPARAM_MIP_Limits_ProbeTime=1e+75;CPXPARAM_MIP_Limits_RepairTries=0;CPXPARAM_MIP_Limits_StrongCand=10;CPXPARAM_MIP_Limits_StrongIt=0;CPXPARAM_MIP_OrderType=0;CPXPARAM_MIP_Strategy_BBInterval=7;CPXPARAM_MIP_Strategy_Branch=0;CPXPARAM_MIP_Strategy_Dive=0;CPXPARAM_MIP_Strategy_File=1;CPXPARAM_MIP_Strategy_HeuristicFreq=0;CPXPARAM_MIP_Strategy_LBHeur=0;CPXPARAM_MIP_Strategy_NodeSelect=1;CPXPARAM_MIP_Strategy_Order=1;CPXPARAM_MIP_Strategy_PresolveNode=0;CPXPARAM_MIP_Strategy_Probe=0;CPXPARAM_MIP_Strategy_RINSHeur=0;CPXPARAM_MIP_Strategy_StartAlgorithm=0;CPXPARAM_MIP_Strategy_SubAlgorithm=0;CPXPARAM_MIP_Strategy_VariableSelect=0;CPXPARAM_Network_NetFind=2;CPXPARAM_Network_Pricing=0;CPXPARAM_Parallel=1;CPXPARAM_Preprocessing_Aggregator=-1;CPXPARAM_Preprocessing_BoundStrength=-1;CPXPARAM_Preprocessing_CoeffReduce=-1;CPXPARAM_Preprocessing_Dependency=-1;CPXPARAM_Preprocessing_Dual=0;CPXPARAM_Preprocessing_Fill=10;CPXPARAM_Preprocessing_NumPass=-1;CPXPARAM_Preprocessing_Presolve=1;CPXPARAM_Preprocessing_QPMakePSD=1;CPXPARAM_Preprocessing_Reduce=3;CPXPARAM_Preprocessing_Relax=-1;CPXPARAM_Preprocessing_RepeatPresolve=-1;CPXPARAM_Preprocessing_Symmetry=-1;CPXPARAM_Read_Scale=0;CPXPARAM_Sifting_Algorithm=0;CPXPARAM_Simplex_Crash=1;CPXPARAM_Simplex_DGradient=0;CPXPARAM_Simplex_Limits_Perturbation=0;CPXPARAM_Simplex_Limits_Singularity=10;CPXPARAM_Simplex_PGradient=0;CPXPARAM_Simplex_Pricing=0;CPXPARAM_Simplex_Refactor=0
17026663480666973903,0,CPXPARAM_Advance=1;CPXPARAM_Barrier_Algorithm=0;CPXPARAM_Barrier_ColNonzeros=0;CPXPARAM_Barrier_Crossover=0;CPXPARAM_Barrier_Limits_Corrections=-1;CPXPARAM_Barrier_Ordering=0;CPXPARAM_Barrier_StartAlg=1;CPXPARAM_Emphasis_MIP=5;CPXPARAM_Emphasis_Memory=0;CPXPARAM_Emphasis_Numerical=0;CPXPARAM_Feasopt_Mode=0;CPXPARAM_LPMethod=0;CPXPARAM_MIP_Cuts_Cliques=0;CPXPARAM_MIP_Cuts_Covers=0;CPXPARAM_MIP_Cuts_Disjunctive=0;CPXPARAM_MIP_Cuts_FlowCovers=1;CPXPARAM_MIP_Cuts_GUBCovers=0;CPXPARAM_MIP_Cuts_Gomory=0;CPXPARAM_MIP_Cuts_Implied=0;CPXPARAM_MIP_Cuts_MIRCut=0;CPXPARAM_MIP_Cuts_PathCut=0;CPXPARAM_MIP_Limits_AggForCut=2;CPXPARAM_MIP_Limits_CutPasses=0;CPXPARAM_MIP_Limits_CutsFactor=-1;CPXPARAM_MIP_Limits_GomoryCand=200;CPXPARAM_MIP_Limits_GomoryPass=0;CPXPARAM_MIP_Limits_Nodes=9223372036800000000;CPXPARAM_MIP_Limits_ProbeTime=1e+75;CPXPARAM_MIP_Limits_RepairTries=0;CPXPARAM_MIP_Limits_StrongCand=10;CPXPARAM_MIP_Limits_StrongIt=0;CPXPARAM_MIP_OrderType=0;CPXPARAM_MIP_Strategy_BBInterval=7;CPXPARAM_MIP_Strategy_Branch=0;CPXPARAM_MIP_Strategy_Dive=0;CPXPARAM_MIP_Strategy_File=1;CPXPARAM_MIP_Strategy_HeuristicFreq=0;CPXPARAM_MIP_Strategy_LBHeur=0;CPXPARAM_MIP_Strategy_NodeSelect=1;CPXPARAM_MIP_Strategy_Order=1;CPXPARAM_MIP_Strategy_PresolveNode=0;CPXPARAM_MIP_Strategy_Probe=0;CPXPARAM_MIP_Strategy_RINSHeur=0;CPXPARAM_MIP_Strategy_StartAlgorithm=0;CPXPARAM_MIP_Strategy_SubAlgorithm=0;CPXPARAM_MIP_Strategy_VariableSelect=0;CPXPARAM_Network_NetFind=2;CPXPARAM_Network_Pricing=0;CPXPARAM_Parallel=1;CPXPARAM_Preprocessing_Aggregator=-1;CPXPARAM_Preprocessing_BoundStrength=-1;CPXPARAM_Preprocessing_CoeffReduce=-1;CPXPARAM_Preprocessing_Dependency=-1;CPXPARAM_Preprocessing_Dual=0;CPXPARAM_Preprocessing_Fill=10;CPXPARAM_Preprocessing_NumPass=-1;CPXPARAM_Preprocessing_Presolve=1;CPXPARAM_Preprocessing_QPMakePSD=1;CPXPARAM_Preprocessing_Reduce=3;CPXPARAM_Preprocessing_Relax=-1;CPXPARAM_Preprocessing_RepeatPresolve=-1;CPXPARAM_Preprocessing_Symmetry=-1;CPXPARAM_Read_Scale=0;CPXPARAM_Sifting_Algorithm=0;CPXPARAM_Simplex_Crash=1;CPXPARAM_Simplex_DGradient=0;CPXPARAM_Simplex_Limits_Perturbation=0;CPXPARAM_Simplex_Limits_Singularity=10;CPXPARAM_Simplex_PGradient=0;CPXPARAM_Simplex_Pricing=0;CPXPARAM_Simplex_Refactor=0
11964911869259997042,0,CPXPARAM_Advance=1;CPXPARAM_Barrier_Algorithm=0;CPXPARAM_Barrier_ColNonzeros=0;CPXPARAM_Barrier_Crossover=0;CPXPARAM_Barrier_Limits_Corrections=-1;CPXPARAM_Barrier_Ordering=0;CPXPARAM_Barrier_StartAlg=1;CPXPARAM_Emphasis_MIP=5;CPXPARAM_Emphasis_Memory=0;CPXPARAM_Emphasis_Numerical=0;CPXPARAM_Feasopt_Mode=0;CPXPARAM_LPMethod=0;CPXPARAM_MIP_Cuts_Cliques=0;CPXPARAM_MIP_Cuts_Covers=0;CPXPARAM_MIP_Cuts_Disjunctive=0;CPXPARAM_MIP_Cuts_FlowCovers=1;CPXPARAM_MIP_Cuts_GUBCovers=0;CPXPARAM_MIP_Cuts_Gomory=0;CPXPARAM_MIP_Cuts_Implied=0;CPXPARAM_MIP_Cuts_MIRCut=0;CPXPARAM_MIP_Cuts_PathCut=0;CPXPARAM_MIP_Limits_AggForCut=1;CPXPARAM_MIP_Limits_CutPasses=0;CPXPARAM_MIP_Limits_CutsFactor=-1;CPXPARAM_MIP_Limits_GomoryCand=200;CPXPARAM_MIP_Limits_GomoryPass=0;CPXPARAM_MIP_Limits_Nodes=9223372036800000000;CPXPARAM_MIP_Limits_ProbeTime=1e+75;CPXPARAM_MIP_Limits_RepairTries=0;CPXPARAM_MIP_Limits_StrongCand=10;CPXPARAM_MIP_Limits_StrongIt=0;CPXPARAM_MIP_OrderType=0;CPXPARAM_MIP_Strategy_BBInterval=7;CPXPARAM_MIP_Strategy_Branch=0;CPXPARAM_MIP_Strategy_Dive=0;CPXPARAM_MIP_Strategy_File=1;CPXPARAM_MIP_Strategy_HeuristicFreq=0;CPXPARAM_MIP_Strategy_LBHeur=0;CPXPARAM_MIP_Strategy_NodeSelect=1;CPXPARAM_MIP_Strategy_Order=1;CPXPARAM_MIP_Strategy_PresolveNode=0;CPXPARAM_MIP_Strategy_Probe=0;CPXPARAM_MIP_Strategy_RINSHeur=0;CPXPARAM_MIP_Strategy_StartAlgorithm=0;CPXPARAM_MIP_Strategy_SubAlgorithm=0;CPXPARAM_MIP_Strategy_VariableSelect=0;CPXPARAM_Network_NetFind=2;CPXPARAM_Network_Pricing=0;CPXPARAM_Parallel=1;CPXPARAM_Preprocessing_Aggregator=-1;CPXPARAM_Preprocessing_BoundStrength=-1;CPXPARAM_Preprocessing_CoeffReduce=-1;CPXPARAM_Preprocessing_Dependency=-1;CPXPARAM_Preprocessing_Dual=0;CPXPARAM_Preprocessing_Fill=10;CPXPARAM_Preprocessing_NumPass=-1;CPXPARAM_Preprocessing_Presolve=1;CPXPARAM_Preprocessing_QPMakePSD=1;CPXPARAM_Preprocessing_Reduce=3;CPXPARAM_Preprocessing_Relax=-1;CPXPARAM_Preprocessing_RepeatPresolve=-1;CPXPARAM_Preprocessing_Symmetry=-1;CPXPARAM_Read_Scale=0;CPXPARAM_Sifting_Algorithm=0;CPXPARAM_Simplex_Crash=1;CPXPARAM_Simplex_DGradient=0;CPXPARAM_Simplex_Limits_Perturbation=0;CPXPARAM_Simplex_Limits_Singularity=10;CPXPARAM_Simplex_PGradient=0;CPXPARAM_Simplex_Pricing=0;CPXPARAM_Simplex_Refactor=0
1913330783852028004,0,CPXPARAM_Advance=1;CPXPARAM_Barrier_Algorithm=0;CPXPARAM_Barrier_ColNonzeros=0;CPXPARAM_Barrier_Crossover=0;CPXPARAM_Barrier_Limits_Corrections=-1;CPXPARAM_Barrier_Ordering=0;CPXPARAM_Barrier_StartAlg=1;CPXPARAM_Emphasis_MIP=5;CPXPARAM_Emphasis_Memory=0;CPXPARAM_Emphasis_Numerical=0;CPXPARAM_Feasopt_Mode=0;CPXPARAM_LPMethod=0;CPXPARAM_MIP_Cuts_Cliques=0;CPXPARAM_MIP_Cuts_Covers=0;CPXPARAM_MIP_Cuts_Disjunctive=0;CPXPARAM_MIP_Cuts_FlowCovers=1;CPXPARAM_MIP_Cuts_GUBCovers=0;CPXPARAM_MIP_Cuts_Gomory=0;CPXPARAM_MIP_Cuts_Implied=0;CPXPARAM_MIP_Cuts_MIRCut=0;CPXPARAM_MIP_Cuts_PathCut=0;CPXPARAM_MIP_Limits_AggForCut=3;CPXPARAM_MIP_Limits_CutPasses=0;CPXPARAM_MIP_Limits_CutsFactor=-1;CPXPARAM_MIP_Limits_GomoryCand=200;CPXPARAM_MIP_Limits_GomoryPass=0;CPXPARAM_MIP_Limits_Nodes=9223372036800000000;CPXPARAM_MIP_Limits_ProbeTime=1e+75;CPXPARAM_MIP_Limits_RepairTries=0;CPXPARAM_MIP_Limits_StrongCand=10;CPXPARAM_MIP_Limits_StrongIt=0;CPXPARAM_MIP_OrderType=0;CPXPARAM_MIP_Strategy_BBInterval=7;CPXPARAM_MIP_Strategy_Branch=0;CPXPARAM_MIP_Strategy_Dive=0;CPXPARAM_MIP_Strategy_File=1;CPXPARAM_MIP_Strategy_HeuristicFreq=0;CPXPARAM_MIP_Strategy_LBHeur=0;CPXPARAM_MIP_Strategy_NodeSelect=1;CPXPARAM_MIP_Strategy_Order=1;CPXPARAM_MIP_Strategy_PresolveNode=0;CPXPARAM_MIP_Strategy_Probe=0;CPXPARAM_MIP_Strategy_RINSHeur=0;CPXPARAM_MIP_Strategy_StartAlgorithm=0;CPXPARAM_MIP_Strategy_SubAlgorithm=0;CPXPARAM_MIP_Strategy_VariableSelect=0;CPXPARAM_Network_NetFind=2;CPXPARAM_Network_Pricing=0;CPXPARAM_Parallel=1;CPXPARAM_Preprocessing_Aggregator=-1;CPXPARAM_Preprocessing_BoundStrength=-1;CPXPARAM_Preprocessing_CoeffReduce=2;CPXPARAM_Preprocessing_Dependency=-1;CPXPARAM_Preprocessing_Dual=0;CPXPARAM_Preprocessing_Fill=10;CPXPARAM_Preprocessing_NumPass=-1;CPXPARAM_Preprocessing_Presolve=1;CPXPARAM_Preprocessing_QPMakePSD=1;CPXPARAM_Preprocessing_Reduce=3;CPXPARAM_Preprocessing_Relax=-1;CPXPARAM_Preprocessing_RepeatPresolve=-1;CPXPARAM_Preprocessing_Symmetry=-1;CPXPARAM_Read_Scale=0;CPXPARAM_Sifting_Algorithm=0;CPXPARAM_Simplex_Crash=1;CPXPARAM_Simplex_DGradient=0;CPXPARAM_Simplex_Limits_Perturbation=0;CPXPARAM_Simplex_Limits_Singularity=10;CPXPARAM_Simplex_PGradient=0;CPXPARAM_Simplex_Pricing=0;CPXPARAM_Simplex_Refactor=0
3151818830376029638,0,CPXPARAM_Advance=1;CPXPARAM_Barrier_Algorithm=0;CPXPARAM_Barrier_ColNonzeros=0;CPXPARAM_Barrier_Crossover=0;CPXPARAM_Barrier_Limits_Corrections=-1;CPXPARAM_Barrier_Ordering=0;CPXPARAM_Barrier_StartAlg=1;CPXPARAM_Emphasis_MIP=5;CPXPARAM_Emphasis_Memory=0;CPXPARAM_Emphasis_Numerical=0;CPXPARAM_Feasopt_Mode=0;CPXPARAM_LPMethod=0;CPXPARAM_MIP_Cuts_Cliques=0;CPXPARAM_MIP_Cuts_Covers=0;CPXPARAM_MIP_Cuts_Disjunctive=0;CPXPARAM_MIP_Cuts_FlowCovers=1;CPXPARAM_MIP_Cuts_GUBCovers=0;CPXPARAM_MIP_Cuts_Gomory=0;CPXPARAM_MIP_Cuts_Implied=0;CPXPARAM_MIP_Cuts_MIRCut=0;CPXPARAM_MIP_Cuts_PathCut=0;CPXPARAM_MIP_Limits_AggForCut=0;CPXPARAM_MIP_Limits_CutPasses=0;CPXPARAM_MIP_Limits_CutsFactor=-1;CPXPARAM_MIP_Limits_GomoryCand=200;CPXPARAM_MIP_Limits_GomoryPass=0;CPXPARAM_MIP_Limits_Nodes=9223372036800000000;CPXPARAM_MIP_Limits_ProbeTime=1e+75;CPXPARAM_MIP_Limits_RepairTries=0;CPXPARAM_MIP_Limits_StrongCand=10;CPXPARAM_MIP_Limits_StrongIt=0;CPXPARAM_MIP_OrderType=0;CPXPARAM_MIP_Strategy_BBInterval=7;CPXPARAM_MIP_Strategy_Branch=0;CPXPARAM_MIP_Strategy_Dive=0;CPXPARAM_MIP_Strategy_File=1;CPXPARAM_MIP_Strategy_HeuristicFreq=0;CPXPARAM_MIP_Strategy_LBHeur=0;CPXPARAM_MIP_Strategy_NodeSelect=1;CPXPARAM_MIP_Strategy_Order=1;CPXPARAM_MIP_Strategy_PresolveNode=0;CPXPARAM_MIP_Strategy_Probe=0;CPXPARAM_MIP_Strategy_RINSHeur=0;CPXPARAM_MIP_Strategy_StartAlgorithm=0;CPXPARAM_MIP_Strategy_SubAlgorithm=0;CPXPARAM_MIP_Strategy_VariableSelect=0;CPXPARAM_Network_NetFind=2;CPXPARAM_Network_Pricing=0;CPXPARAM_Parallel=1;CPXPARAM_Preprocessing_Aggregator=-1;CPXPARAM_Preprocessing_BoundStrength=-1;CPXPARAM_Preprocessing_CoeffReduce=-1;CPXPARAM_Preprocessing_Dependency=-1;CPXPARAM_Preprocessing_Dual=0;CPXPARAM_Preprocessing_Fill=10;CPXPARAM_Preprocessing_NumPass=-1;CPXPARAM_Preprocessing_Presolve=1;CPXPARAM_Preprocessing_QPMakePSD=1;CPXPARAM_Preprocessing_Reduce=3;CPXPARAM_Preprocessing_Relax=-1;CPXPARAM_Preprocessing_RepeatPresolve=-1;CPXPARAM_Preprocessing_Symmetry=-1;CPXPARAM_Read_Scale=0;CPXPARAM_Sifting_Algorithm=0;CPXPARAM_Simplex_Crash=1;CPXPARAM_Simplex_DGradient=0;CPXPARAM_Simplex_Limits_Perturbation=0;CPXPARAM_Simplex_Limits_Singularity=10;CPXPARAM_Simplex_PGradient=0;CPXPARAM_Simplex_Pricing=0;CPXPARAM_Simplex_Refactor=0
8398684546975208826,0,CPXPARAM_Advance=2;CPXPARAM_Barrier_Algorithm=0;CPXPARAM_Barrier_ColNonzeros=0;CPXPARAM_Barrier_Crossover=0;CPXPARAM_Barrier_Limits_Corrections=-1;CPXPARAM_Barrier_Ordering=0;CPXPARAM_Barrier_StartAlg=1;CPXPARAM_Emphasis_MIP=5;CPXPARAM_Emphasis_Memory=0;CPXPARAM_Emphasis_Numerical=0;CPXPARAM_Feasopt_Mode=0;CPXPARAM_LPMethod=0;CPXPARAM_MIP_Cuts_Cliques=0;CPXPARAM_MIP_Cuts_Covers=0;CPXPARAM_MIP_Cuts_Disjunctive=0;CPXPARAM_MIP_Cuts_FlowCovers=1;CPXPARAM_MIP_Cuts_GUBCovers=0;CPXPARAM_MIP_Cuts_Gomory=0;CPXPARAM_MIP_Cuts_Implied=0;CPXPARAM_MIP_Cuts_MIRCut=0;CPXPARAM_MIP_Cuts_PathCut=0;CPXPARAM_MIP_Limits_AggForCut=3;CPXPARAM_MIP_Limits_CutPasses=0;CPXPARAM_MIP_Limits_CutsFactor=-1;CPXPARAM_MIP_Limits_GomoryCand=200;CPXPARAM_MIP_Limits_GomoryPass=0;CPXPARAM_MIP_Limits_Nodes=9223372036800000000;CPXPARAM_MIP_Limits_ProbeTime=1e+75;CPXPARAM_MIP_Limits_RepairTries=0;CPXPARAM_MIP_Limits_StrongCand=10;CPXPARAM_MIP_Limits_StrongIt=0;CPXPARAM_MIP_OrderType=0;CPXPARAM_MIP_Strategy_BBInterval=7;CPXPARAM_MIP_Strategy_Branch=0;CPXPARAM_MIP_Strategy_Dive=0;CPXPARAM_MIP_Strategy_File=1;CPXPARAM_MIP_Strategy_HeuristicFreq=0;CPXPARAM_MIP_Strategy_LBHeur=0;CPXPARAM_MIP_Strategy_NodeSelect=1;CPXPARAM_MIP_Strategy_Order=1;CPXPARAM_MIP_Strategy_PresolveNode=0;CPXPARAM_MIP_Strategy_Probe=0;CPXPARAM_MIP_Strategy_RINSHeur=0;CPXPARAM_MIP_Strategy_StartAlgorithm=0;CPXPARAM_MIP_Strategy_SubAlgorithm=0;CPXPARAM_MIP_Strategy_VariableSelect=0;CPXPARAM_Network_NetFind=2;CPXPARAM_Network_Pricing=0;CPXPARAM_Parallel=1;CPXPARAM_Preprocessing_Aggregator=-1;CPXPARAM_Preprocessing_BoundStrength=-1;CPXPARAM_Preprocessing_CoeffReduce=-1;CPXPARAM_Preprocessing_Dependency=-1;CPXPARAM_Preprocessing_Dual=0;CPXPARAM_Preprocessing_Fill=10;CPXPARAM_Preprocessing_NumPass=-1;CPXPARAM_Preprocessing_Presolve=1;CPXPARAM_Preprocessing_QPMakePSD=1;CPXPARAM_Preprocessing_Reduce=3;CPXPARAM_Preprocessing_Relax=-1;CPXPARAM_Preprocessing_RepeatPresolve=-1;CPXPARAM_Preprocessing_Symmetry=-1;CPXPARAM_Read_Scale=0;CPXPARAM_Sifting_Algorithm=0;CPXPARAM_Simplex_Crash=1;CPXPARAM_Simplex_DGradient=0;CPXPARAM_Simplex_Limits_Perturbation=0;CPXPARAM_Simplex_Limits_Singularity=10;CPXPARAM_Simplex_PGradient=0;CPXPARAM_Simplex_Pricing=0;CPXPARAM_Simplex_Refactor=0
3714809698978250763,0,CPXPARAM_Advance=0;CPXPARAM_Barrier_Algorithm=0;CPXPARAM_Barrier_ColNonzeros=0;CPXPARAM_Barrier_Crossover=0;CPXPARAM_Barrier_Limits_Corrections=-1;CPXPARAM_Barrier_Ordering=0;CPXPARAM_Barrier_StartAlg=1;CPXPARAM_Emphasis_MIP=5;CPXPARAM_Emphasis_Memory=0;CPXPARAM_Emphasis_Numerical=0;CPXPARAM_Feasopt_Mode=0;CPXPARAM_LPMethod=0;CPXPARAM_MIP_Cuts_Cliques=0;CPXPARAM_MIP_Cuts_Covers=0;CPXPARAM_MIP_Cuts_Disjunctive=0;CPXPARAM_MIP_Cuts_FlowCovers=1;CPXPARAM_MIP_Cuts_GUBCovers=0;CPXPARAM_MIP_Cuts_Gomory=0;CPXPARAM_MIP_Cuts_Implied=0;CPXPARAM_MIP_Cuts_MIRCut=0;CPXPARAM_MIP_Cuts_PathCut=0;CPXPARAM_MIP_Limits_AggForCut=3;CPXPARAM_MIP_Limits_CutPasses=0;CPXPARAM_MIP_Limits_CutsFactor=-1;CPXPARAM_MIP_Limits_GomoryCand=200;CPXPARAM_MIP_Limits_GomoryPass=0;CPXPARAM_MIP_Limits_Nodes=9223372036800000000;CPXPARAM_MIP_Limits_ProbeTime=1e+75;CPXPARAM_MIP_Limits_RepairTries=0;CPXPARAM_MIP_Limits_StrongCand=10;CPXPARAM_MIP_Limits_StrongIt=0;CPXPARAM_MIP_OrderType=0;CPXPARAM_MIP_Strategy_BBInterval=7;CPXPARAM_MIP_Strategy_Branch=0;CPXPARAM_MIP_Strategy_Dive=0;CPXPARAM_MIP_Strategy_File=1;CPXPARAM_MIP_Strategy_HeuristicFreq=0;CPXPARAM_MIP_Strategy_LBHeur=0;CPXPARAM_MIP_Strategy_NodeSelect=1;CPXPARAM_MIP_Strategy_Order=1;CPXPARAM_MIP_Strategy_PresolveNode=0;CPXPARAM_MIP_Strategy_Probe=0;CPXPARAM_MIP_Strategy_RINSHeur=0;CPXPARAM_MIP_Strategy_StartAlgorithm=0;CPXPARAM_MIP_Strategy_SubAlgorithm=0;CPXPARAM_MIP_Strategy_VariableSelect=0;CPXPARAM_Network_NetFind=2;CPXPARAM_Network_Pricing=0;CPXPARAM_Parallel=1;CPXPARAM_Preprocessing_Aggregator=-1;CPXPARAM_Preprocessing_BoundStrength=-1;CPXPARAM_Preprocessing_CoeffReduce=-1;CPXPARAM_Preprocessing_Dependency=-1;CPXPARAM_Preprocessing_Dual=0;CPXPARAM_Preprocessing_Fill=10;CPXPARAM_Preprocessing_NumPass=-1;CPXPARAM_Preprocessing_Presolve=1;CPXPARAM_Preprocessing_QPMakePSD=1;CPXPARAM_Preprocessing_Reduce=3;CPXPARAM_Preprocessing_Relax=-1;CPXPARAM_Preprocessing_RepeatPresolve=-1;CPXPARAM_Preprocessing_Symmetry=-1;CPXPARAM_Read_Scale=0;CPXPARAM_Sifting_Algorithm=0;CPXPARAM_Simplex_Crash=1;CPXPARAM_Simplex_DGradient=0;CPXPARAM_Simplex_Limits_Perturbation=0;CPXPARAM_Simplex_Limits_Singularity=10;CPXPARAM_Simplex_PGradient=0;CPXPARAM_Simplex_Pricing=0;CPXPARAM_Simplex_Refactor=0
1536773840751730278,0,CPXPARAM_Advance=1;CPXPARAM_Barrier_Algorithm=0;CPXPARAM_Barrier_ColNonzeros=0;CPXPARAM_Barrier_Crossover=0;CPXPARAM_Barrier_Limits_Corrections=-1;CPXPARAM_Barrier_Ordering=0;CPXPARAM_Barrier_StartAlg=1;CPXPARAM_Emphasis_MIP=5;CPXPARAM_Emphasis_Memory=0;CPXPARAM_Emphasis_Numerical=0;CPXPARAM_Feasopt_Mode=0;CPXPARAM_LPMethod=0;CPXPARAM_MIP_Cuts_Cliques=0;CPXPARAM_MIP_Cuts_Covers=0;CPXPARAM_MIP_Cuts_Disjunctive=0;CPXPARAM_MIP_Cuts_FlowCovers=1;CPXPARAM_MIP_Cuts_GUBCovers=0;CPXPARAM_MIP_Cuts_Gomory=0;CPXPARAM_MIP_Cuts_Implied=0;CPXPARAM_MIP_Cuts_MIRCut=0;CPXPARAM_MIP_Cuts_PathCut=0;CPXPARAM_MIP_Limits_AggForCut=3;CPXPARAM_MIP_Limits_CutPasses=0;CPXPARAM_MIP_Limits_CutsFactor=-1;CPXPARAM_MIP_Limits_GomoryCand=200;CPXPARAM_MIP_Limits_GomoryPass=0;CPXPARAM_MIP_Limits_Nodes=9223372036800000000;CPXPARAM_MIP_Limits_ProbeTime=1e+75;CPXPARAM_MIP_Limits_RepairTries=0;CPXPARAM_MIP_Limits_StrongCand=10;CPXPARAM_MIP_Limits_StrongIt=0;CPXPARAM_MIP_OrderType=0;CPXPARAM_MIP_Strategy_BBInterval=7;CPXPARAM_MIP_Strategy_Branch=0;CPXPARAM_MIP_Strategy_Dive=0;CPXPARAM_MIP_Strategy_File=1;CPXPARAM_MIP_Strategy_HeuristicFreq=0;CPXPARAM_MIP_Strategy_LBHeur=0;CPXPARAM_MIP_Strategy_NodeSelect=1;CPXPARAM_MIP_Strategy_Order=1;CPXPARAM_MIP_Strategy_PresolveNode=0;CPXPARAM_MIP_Strategy_Probe=0;CPXPARAM_MIP_Strategy_RINSHeur=0;CPXPARAM_MIP_Strategy_StartAlgorithm=0;CPXPARAM_MIP_Strategy_SubAlgorithm=0;CPXPARAM_MIP_Strategy_VariableSelect=0;CPXPARAM_Network_NetFind=2;CPXPARAM_Network_Pricing=0;CPXPARAM_Parallel=1;CPXPARAM_Preprocessing_Aggregator=-1;CPXPARAM_Preprocessing_BoundStrength=-1;CPXPARAM_Preprocessing_CoeffReduce=-1;CPXPARAM_Preprocessing_Dependency=-1;CPXPARAM_Preprocessing_Dual=0;CPXPARAM_Preprocessing_Fill=10;CPXPARAM_Preprocessing_NumPass=-1;CPXPARAM_Preprocessing_Presolve=1;CPXPARAM_Preprocessing_QPMakePSD=1;CPXPARAM_Preprocessing_Reduce=3;CPXPARAM_Preprocessing_Relax=-1;CPXPARAM_Preprocessing_RepeatPresolve=-1;CPXPARAM_Preprocessing_Symmetry=-1;CPXPARAM_Read_Scale=0;CPXPARAM_Sifting_Algorithm=0;CPXPARAM_Simplex_Crash=1;CPXPARAM_Simplex_DGradient=0;CPXPARAM_Simplex_Limits_Perturbation=0;CPXPARAM_Simplex_Limits_Singularity=10;CPXPARAM_Simplex_PGradient=3;CPXPARAM_Simplex_Pricing=0;CPXPARAM_Simplex_Refactor=0
13531804786141446551,0,CPXPARAM_Advance=1;CPXPARAM_Barrier_Algorithm=0;CPXPARAM_Barrier_ColNonzeros=0;CPXPARAM_Barrier_Crossover=0;CPXPARAM_Barrier_Limits_Corrections=-1;CPXPARAM_Barrier_Ordering=0;CPXPARAM_Barrier_StartAlg=1;CPXPARAM_Emphasis_MIP=5;CPXPARAM_Emphasis_Memory=0;CPXPARAM_Emphasis_Numerical=0;CPXPARAM_Feasopt_Mode=0;CPXPARAM_LPMethod=0;CPXPARAM_MIP_Cuts_Cliques=0;CPXPARAM_MIP_Cuts_Covers=0;CPXPARAM_MIP_Cuts_Disjunctive=0;CPXPARAM_MIP_Cuts_FlowCovers=1;CPXPARAM_MIP_Cuts_GUBCovers=0;CPXPARAM_MIP_Cuts_Gomory=0;CPXPARAM_MIP_Cuts_Implied=0;CPXPARAM_MIP_Cuts_MIRCut=0;CPXPARAM_MIP_Cuts_PathCut=0;CPXPARAM_MIP_Limits_AggForCut=3;CPXPARAM_MIP_Limits_CutPasses=0;CPXPARAM_MIP_Limits_CutsFactor=-1;CPXPARAM_MIP_Limits_GomoryCand=200;CPXPARAM_MIP_Limits_GomoryPass=0;CPXPARAM_MIP_Limits_Nodes=9223372036800000000;CPXPARAM_MIP_Limits_ProbeTime=1e+75;CPXPARAM_MIP_Limits_RepairTries=0;CPXPARAM_MIP_Limits_StrongCand=10;CPXPARAM_MIP_Limits_StrongIt=0;CPXPARAM_MIP_OrderType=0;CPXPARAM_MIP_Strategy_BBInterval=7;CPXPARAM_MIP_Strategy_Branch=0;CPXPARAM_MIP_Strategy_Dive=0;CPXPARAM_MIP_Strategy_File=1;CPXPARAM_MIP_Strategy_HeuristicFreq=0;CPXPARAM_MIP_Strategy_LBHeur=0;CPXPARAM_MIP_Strategy_NodeSelect=1;CPXPARAM_MIP_Strategy_Order=1;CPXPARAM_MIP_Strategy_PresolveNode=0;CPXPARAM_MIP_Strategy_Probe=0;CPXPARAM_MIP_Strategy_RINSHeur=0;CPXPARAM_MIP_Strategy_StartAlgorithm=0;CPXPARAM_MIP_Strategy_SubAlgorithm=0;CPXPARAM_MIP_Strategy_VariableSelect=0;CPXPARAM_Network_NetFind=2;CPXPARAM_Network_Pricing=0;CPXPARAM_Parallel=1;CPXPARAM_Preprocessing_Aggregator=-1;CPXPARAM_Preprocessing_BoundStrength=-1;CPXPARAM_Preprocessing_CoeffReduce=-1;CPXPARAM_Preprocessing_Dependency=-1;CPXPARAM_Preprocessing_Dual=0;CPXPARAM_Preprocessing_Fill=10;CPXPARAM_Preprocessing_NumPass=-1;CPXPARAM_Preprocessing_Presolve=1;CPXPARAM_Preprocessing_QPMakePSD=1;CPXPARAM_Preprocessing_Reduce=3;CPXPARAM_Preprocessing_Relax=-1;CPXPARAM_Preprocessing_RepeatPresolve=-1;CPXPARAM_Preprocessing_Symmetry=-1;CPXPARAM_Read_Scale=0;CPXPARAM_Sifting_Algorithm=0;CPXPARAM_Simplex_Crash=1;CPXPARAM_Simplex_DGradient=0;CPXPARAM_Simplex_Limits_Perturbation=0;CPXPARAM_Simplex_Limits_Singularity=10;CPXPARAM_Simplex_PGradient=2;CPXPARAM_Simplex_Pricing=0;CPXPARAM_Simplex_Refactor=0
15944812381176108921,0,CPXPARAM_Advance=1;CPXPARAM_Barrier_Algorithm=0;CPXPARAM_Barrier_ColNonzeros=0;CPXPARAM_Barrier_Crossover=0;CPXPARAM_Barrier_Limits_Corrections=-1;CPXPARAM_Barrier_Ordering=0;CPXPARAM_Barrier_StartAlg=1;CPXPARAM_Emphasis_MIP=5;CPXPARAM_Emphasis_Memory=0;CPXPARAM_Emphasis_Numerical=0;CPXPARAM_Feasopt_Mode=0;CPXPARAM_LPMethod=0;CPXPARAM_MIP_Cuts_Cliques=0;CPXPARAM_MIP_Cuts_Covers=0;CPXPARAM_MIP_Cuts_Disjunctive=0;CPXPARAM_MIP_Cuts_FlowCovers=1;CPXPARAM_MIP_Cuts_GUBCovers=0;CPXPARAM_MIP_Cuts_Gomory=0;CPXPARAM_MIP_Cuts_Implied=0;CPXPARAM_MIP_Cuts_MIRCut=0;CPXPARAM_MIP_Cuts_PathCut=0;CPXPARAM_MIP_Limits_AggForCut=3;CPXPARAM_MIP_Limits_CutPasses=0;CPXPARAM_MIP_Limits_CutsFactor=-1;CPXPARAM_MIP_Limits_GomoryCand=200;CPXPARAM_MIP_Limits_GomoryPass=0;CPXPARAM_MIP_Limits_Nodes=9223372036800000000;CPXPARAM_MIP_Limits_ProbeTime=1e+75;CPXPARAM_MIP_Limits_RepairTries=0;CPXPARAM_MIP_Limits_StrongCand=10;CPXPARAM_MIP_Limits_StrongIt=0;CPXPARAM_MIP_OrderType=0;CPXPARAM_MIP_Strategy_BBInterval=7;CPXPARAM_MIP_Strategy_Branch=0;CPXPARAM_MIP_Strategy_Dive=0;CPXPARAM_MIP_Strategy_File=1;CPXPARAM_MIP_Strategy_HeuristicFreq=0;CPXPARAM_MIP_Strategy_LBHeur=0;CPXPARAM_MIP_Strategy_NodeSelect=1;CPXPARAM_MIP_Strategy_Order=1;CPXPARAM_MIP_Strategy_PresolveNode=0;CPXPARAM_MIP_Strategy_Probe=0;CPXPARAM_MIP_Strategy_RINSHeur=0;CPXPARAM_MIP_Strategy_StartAlgorithm=0;CPXPARAM_MIP_Strategy_SubAlgorithm=0;CPXPARAM_MIP_Strategy_VariableSelect=0;CPXPARAM_Network_NetFind=2;CPXPARAM_Network_Pricing=0;CPXPARAM_Parallel=1;CPXPARAM_Preprocessing_Aggregator=-1;CPXPARAM_Preprocessing_BoundStrength=-1;CPXPARAM_Preprocessing_CoeffReduce=-1;CPXPARAM_Preprocessing_Dependency=-1;CPXPARAM_Preprocessing_Dual=0;CPXPARAM_Preprocessing_Fill=10;CPXPARAM_Preprocessing_NumPass=-1;CPXPARAM_Preprocessing_Presolve=1;CPXPARAM_Preprocessing_QPMakePSD=1;CPXPARAM_Preprocessing_Reduce=3;CPXPARAM_Preprocessing_Relax=-1;CPXPARAM_Preprocessing_RepeatPresolve=-1;CPXPARAM_Preprocessing_Symmetry=-1;CPXPARAM_Read_Scale=0;CPXPARAM_Sifting_Algorithm=0;CPXPARAM_Simplex_Crash=1;CPXPARAM_Simplex_DGradient=0;CPXPARAM_Simplex_Limits_Perturbation=0;CPXPARAM_Simplex_Limits_Singularity=10;CPXPARAM_Simplex_PGradient=1;CPXPARAM_Simplex_Pricing=0;CPXPARAM_Simplex_Refactor=0
2590716106491026213,0,CPXPARAM_Advance=1;CPXPARAM_Barrier_Algorithm=0;CPXPARAM_Barrier_ColNonzeros=0;CPXPARAM_Barrier_Crossover=0;CPXPARAM_Barrier_Limits_Corrections=-1;CPXPARAM_Barrier_Ordering=0;CPXPARAM_Barrier_StartAlg=1;CPXPARAM_Emphasis_MIP=5;CPXPARAM_Emphasis_Memory=0;CPXPARAM_Emphasis_Numerical=0;CPXPARAM_Feasopt_Mode=0;CPXPARAM_LPMethod=0;CPXPARAM_MIP_Cuts_Cliques=0;CPXPARAM_MIP_Cuts_Covers=0;CPXPARAM_MIP_Cuts_Disjunctive=0;CPXPARAM_MIP_Cuts_FlowCovers=1;CPXPARAM_MIP_Cuts_GUBCovers=0;CPXPARAM_MIP_Cuts_Gomory=0;CPXPARAM_MIP_Cuts_Implied=0;CPXPARAM_MIP_Cuts_MIRCut=0;CPXPARAM_MIP_Cuts_PathCut=0;CPXPARAM_MIP_Limits_AggForCut=3;CPXPARAM_MIP_Limits_CutPasses=0;CPXPARAM_MIP_Limits_CutsFactor=-1;CPXPARAM_MIP_Limits_GomoryCand=200;CPXPARAM_MIP_Limits_GomoryPass=0;CPXPARAM_MIP_Limits_Nodes=9223372036800000000;CPXPARAM_MIP_Limits_ProbeTime=1e+75;CPXPARAM_MIP_Limits_RepairTries=0;CPXPARAM_MIP_Limits_StrongCand=10;CPXPARAM_MIP_Limits_StrongIt=0;CPXPARAM_MIP_OrderType=0;CPXPARAM_MIP_Strategy_BBInterval=7;CPXPARAM_MIP_Strategy_Branch=0;CPXPARAM_MIP_Strategy_Dive=0;CPXPARAM_MIP_Strategy_File=1;CPXPARAM_MIP_Strategy_HeuristicFreq=0;CPXPARAM_MIP_Strategy_LBHeur=0;CPXPARAM_MIP_Strategy_NodeSelect=1;CPXPARAM_MIP_Strategy_Order=1;CPXPARAM_MIP_Strategy_PresolveNode=0;CPXPARAM_MIP_Strategy_Probe=0;CPXPARAM_MIP_Strategy_RINSHeur=0;CPXPARAM_MIP_Strategy_StartAlgorithm=0;CPXPARAM_MIP_Strategy_SubAlgorithm=0;CPXPARAM_MIP_Strategy_VariableSelect=0;CPXPARAM_Network_NetFind=2;CPXPARAM_Network_Pricing=0;CPXPARAM_Parallel=1;CPXPARAM_Preprocessing_Aggregator=-1;CPXPARAM_Preprocessing_BoundStrength=-1;CPXPARAM_Preprocessing_CoeffReduce=-1;CPXPARAM_Preprocessing_Dependency=-1;CPXPARAM_Preprocessing_Dual=0;CPXPARAM_Preprocessing_Fill=10;CPXPARAM_Preprocessing_NumPass=-1;CPXPARAM_Preprocessing_Presolve=1;CPXPARAM_Preprocessing_QPMakePSD=1;CPXPARAM_Preprocessing_Reduce=3;CPXPARAM_Preprocessing_Relax=0;CPXPARAM_Preprocessing_RepeatPresolve=-1;CPXPARAM_Preprocessing_Symmetry=-1;CPXPARAM_Read_Scale=0;CPXPARAM_Sifting_Algorithm=0;CPXPARAM_Simplex_Crash=1;CPXPARAM_Simplex_DGradient=0;CPXPARAM_Simplex_Limits_Perturbation=0;CPXPARAM_Simplex_Limits_Singularity=10;CPXPARAM_Simplex_PGradient=0;CPXPARAM_Simplex_Pricing=0;CPXPARAM_Simplex_Refactor=0
13869698169001191436,0,CPXPARAM_Advance=1;CPXPARAM_Barrier_Algorithm=0;CPXPARAM_Barrier_ColNonzeros=0;CPXPARAM_Barrier_Crossover=0;CPXPARAM_Barrier_Limits_Corrections=-1;CPXPARAM_Barrier_Ordering=0;CPXPARAM_Barrier_StartAlg=1;CPXPARAM_Emphasis_MIP=5;CPXPARAM_Emphasis_Memory=0;CPXPARAM_Emphasis_Numerical=0;CPXPARAM_Feasopt_Mode=0;CPXPARAM_LPMethod=0;CPXPARAM_MIP_Cuts_Cliques=0;CPXPARAM_MIP_Cuts_Covers=0;CPXPARAM_MIP_Cuts_Disjunctive=0;CPXPARAM_MIP_Cuts_FlowCovers=1;CPXPARAM_MIP_Cuts_GUBCovers=0;CPXPARAM_MIP_Cuts_Gomory=0;CPXPARAM_MIP_Cuts_Implied=0;CPXPARAM_MIP_Cuts_MIRCut=0;CPXPARAM_MIP_Cuts_PathCut=0;CPXPARAM_MIP_Limits_AggForCut=3;CPXPARAM_MIP_Limits_CutPasses=0;CPXPARAM_MIP_Limits_CutsFactor=-1;CPXPARAM_MIP_Limits_GomoryCand=200;CPXPARAM_MIP_Limits_GomoryPass=0;CPXPARAM_MIP_Limits_Nodes=9223372036800000000;CPXPARAM_MIP_Limits_ProbeTime=1e+75;CPXPARAM_MIP_Limits_RepairTries=0;CPXPARAM_MIP_Limits_StrongCand=10;CPXPARAM_MIP_Limits_StrongIt=0;CPXPARAM_MIP_OrderType=0;CPXPARAM_MIP_Strategy_BBInterval=7;CPXPARAM_MIP_Strategy_Branch=0;CPXPARAM_MIP_Strategy_Dive=0;CPXPARAM_MIP_Strategy_File=1;CPXPARAM_MIP_Strategy_HeuristicFreq=0;CPXPARAM_MIP_Strategy_LBHeur=0;CPXPARAM_MIP_Strategy_NodeSelect=1;CPXPARAM_MIP_Strategy_Order=1;CPXPARAM_MIP_Strategy_PresolveNode=0;CPXPARAM_MIP_Strategy_Probe=0;CPXPARAM_MIP_Strategy_RINSHeur=0;CPXPARAM_MIP_Strategy_StartAlgorithm=0;CPXPARAM_MIP_Strategy_SubAlgorithm=0;CPXPARAM_MIP_Strategy_VariableSelect=0;CPXPARAM_Network_NetFind=2;CPXPARAM_Network_Pricing=0;CPXPARAM_Parallel=1;CPXPARAM_Preprocessing_Aggregator=-1;CPXPARAM_Preprocessing_BoundStrength=-1;CPXPARAM_Preprocessing_CoeffReduce=-1;CPXPARAM_Preprocessing_Dependency=-1;CPXPARAM_Preprocessing_Dual=0;CPXPARAM_Preprocessing_Fill=10;CPXPARAM_Preprocessing_NumPass=-1;CPXPARAM_Preprocessing_Presolve=1;CPXPARAM_Preprocessing_QPMakePSD=1;CPXPARAM_Preprocessing_Reduce=3;CPXPARAM_Preprocessing_Relax=-1;CPXPARAM_Preprocessing_RepeatPresolve=-1;CPXPARAM_Preprocessing_Symmetry=-1;CPXPARAM_Read_Scale=0;CPXPARAM_Sifting_Algorithm=0;CPXPARAM_Simplex_Crash=1;CPXPARAM_Simplex_DGradient=0;CPXPARAM_Simplex_Limits_Perturbation=0;CPXPARAM_Simplex_Limits_Singularity=10;CPXPARAM_Simplex_PGradient=-1;CPXPARAM_Simplex_Pricing=0;CPXPARAM_Simplex_Refactor=0
7065211699951127692,0,CPXPARAM_Advance=1;CPXPARAM_Barrier_Algorithm=0;CPXPARAM_Barrier_ColNonzeros=0;CPXPARAM_Barrier_Crossover=0;CPXPARAM_Barrier_Limits_Corrections=-1;CPXPARAM_Barrier_Ordering=0;CPXPARAM_Barrier_StartAlg=1;CPXPARAM_Emphasis_MIP=1;CPXPARAM_Emphasis_Memory=0;CPXPARAM_Emphasis_Numerical=0;CPXPARAM_Feasopt_Mode=0;CPXPARAM_LPMethod=0;CPXPARAM_MIP_Cuts_Cliques=0;CPXPARAM_MIP_Cuts_Covers=0;CPXPARAM_MIP_Cuts_Disjunctive=2;CPXPARAM_MIP_Cuts_FlowCovers=0;CPXPARAM_MIP_Cuts_GUBCovers=0;CPXPARAM_MIP_Cuts_Gomory=-1;CPXPARAM_MIP_Cuts_Implied=1;CPXPARAM_MIP_Cuts_MIRCut=2;CPXPARAM_MIP_Cuts_PathCut=-1;CPXPARAM_MIP_Limits_AggForCut=3;CPXPARAM_MIP_Limits_CutPasses=0;CPXPARAM_MIP_Limits_CutsFactor=-1;CPXPARAM_MIP_Limits_GomoryCand=800;CPXPARAM_MIP_Limits_GomoryPass=0;CPXPARAM_MIP_Limits_Nodes=9223372036800000000;CPXPARAM_MIP_Limits_ProbeTime=1e+75;CPXPARAM_MIP_Limits_RepairTries=0;CPXPARAM_MIP_Limits_StrongCand=10;CPXPARAM_MIP_Limits_StrongIt=0;CPXPARAM_MIP_OrderType=0;CPXPARAM_MIP_Strategy_BBInterval=7;CPXPARAM_MIP_Strategy_Branch=0;CPXPARAM_MIP_Strategy_Dive=0;CPXPARAM_MIP_Strategy_File=1;CPXPARAM_MIP_Strategy_HeuristicFreq=0;CPXPARAM_MIP_Strategy_LBHeur=0;CPXPARAM_MIP_Strategy_NodeSelect=1;CPXPARAM_MIP_Strategy_Order=1;CPXPARAM_MIP_Strategy_PresolveNode=0;CPXPARAM_MIP_Strategy_Probe=3;CPXPARAM_MIP_Strategy_RINSHeur=0;CPXPARAM_MIP_Strategy_StartAlgorithm=0;CPXPARAM_MIP_Strategy_SubAlgorithm=0;CPXPARAM_MIP_Strategy_VariableSelect=0;CPXPARAM_Network_NetFind=2;CPXPARAM_Network_Pricing=0;CPXPARAM_Parallel=1;CPXPARAM_Preprocessing_Aggregator=-1;CPXPARAM_Preprocessing_BoundStrength=-1;CPXPARAM_Preprocessing_CoeffReduce=-1;CPXPARAM_Preprocessing_Dependency=-1;CPXPARAM_Preprocessing_Dual=1;CPXPARAM_Preprocessing_Fill=10;CPXPARAM_Preprocessing_NumPass=-1;CPXPARAM_Preprocessing_Presolve=1;CPXPARAM_Preprocessing_QPMakePSD=1;CPXPARAM_Preprocessing_Reduce=3;CPXPARAM_Preprocessing_Relax=-1;CPXPARAM_Preprocessing_RepeatPresolve=-1;CPXPARAM_Preprocessing_Symmetry=-1;CPXPARAM_Read_Scale=0;CPXPARAM_Sifting_Algorithm=0;CPXPARAM_Simplex_Crash=1;CPXPARAM_Simplex_DGradient=0;CPXPARAM_Simplex_Limits_Perturbation=0;CPXPARAM_Simplex_Limits_Singularity=10;CPXPARAM_Simplex_PGradient=0;CPXPARAM_Simplex_Pricing=0;CPXPARAM_Simplex_Refactor=0
5701336199271597620,0,CPXPARAM_Advance=1;CPXPARAM_Barrier_Algorithm=0;CPXPARAM_Barrier_ColNonzeros=0;CPXPARAM_Barrier_Crossover=0;CPXPARAM_Barrier_Limits_Corrections=-1;CPXPARAM_Barrier_Ordering=0;CPXPARAM_Barrier_StartAlg=1;CPXPARAM_Emphasis_MIP=1;CPXPARAM_Emphasis_Memory=0;CPXPARAM_Emphasis_Numerical=0;CPXPARAM_Feasopt_Mode=0;CPXPARAM_LPMethod=0;CPXPARAM_MIP_Cuts_Cliques=-1;CPXPARAM_MIP_Cuts_Covers=0;CPXPARAM_MIP_Cuts_Disjunctive=2;CPXPARAM_MIP_Cuts_FlowCovers=0;CPXPARAM_MIP_Cuts_GUBCovers=0;CPXPARAM_MIP_Cuts_Gomory=-1;CPXPARAM_MIP_Cuts_Implied=1;CPXPARAM_MIP_Cuts_MIRCut=2;CPXPARAM_MIP_Cuts_PathCut=2;CPXPARAM_MIP_Limits_AggForCut=3;CPXPARAM_MIP_Limits_CutPasses=0;CPXPARAM_MIP_Limits_CutsFactor=-1;CPXPARAM_MIP_Limits_GomoryCand=800;CPXPARAM_MIP_Limits_GomoryPass=0;CPXPARAM_MIP_Limits_Nodes=9223372036800000000;CPXPARAM_MIP_Limits_ProbeTime=1e+75;CPXPARAM_MIP_Limits_RepairTries=0;CPXPARAM_MIP_Limits_StrongCand=10;CPXPARAM_MIP_Limits_StrongIt=0;CPXPARAM_MIP_OrderType=0;CPXPARAM_MIP_Strategy_BBInterval=7;CPXPARAM_MIP_Strategy_Branch=0;CPXPARAM_MIP_Strategy_Dive=0;CPXPARAM_MIP_Strategy_File=1;CPXPARAM_MIP_Strategy_HeuristicFreq=0;CPXPARAM_MIP_Strategy_LBHeur=0;CPXPARAM_MIP_Strategy_NodeSelect=1;CPXPARAM_MIP_Strategy_Order=1;CPXPARAM_MIP_Strategy_PresolveNode=0;CPXPARAM_MIP_Strategy_Probe=3;CPXPARAM_MIP_Strategy_RINSHeur=0;CPXPARAM_MIP_Strategy_StartAlgorithm=0;CPXPARAM_MIP_Strategy_SubAlgorithm=0;CPXPARAM_MIP_Strategy_VariableSelect=0;CPXPARAM_Network_NetFind=2;CPXPARAM_Network_Pricing=0;CPXPARAM_Parallel=1;CPXPARAM_Preprocessing_Aggregator=-1;CPXPARAM_Preprocessing_BoundStrength=-1;CPXPARAM_Preprocessing_CoeffReduce=-1;CPXPARAM_Preprocessing_Dependency=-1;CPXPARAM_Preprocessing_Dual=1;CPXPARAM_Preprocessing_Fill=10;CPXPARAM_Preprocessing_NumPass=-1;CPXPARAM_Preprocessing_Presolve=1;CPXPARAM_Preprocessing_QPMakePSD=1;CPXPARAM_Preprocessing_Reduce=3;CPXPARAM_Preprocessing_Relax=-1;CPXPARAM_Preprocessing_RepeatPresolve=-1;CPXPARAM_Preprocessing_Symmetry=-1;CPXPARAM_Read_Scale=0;CPXPARAM_Sifting_Algorithm=0;CPXPARAM_Simplex_Crash=1;CPXPARAM_Simplex_DGradient=0;CPXPARAM_Simplex_Limits_Perturbation=0;CPXPARAM_Simplex_Limits_Singularity=10;CPXPARAM_Simplex_PGradient=0;CPXPARAM_Simplex_Pricing=0;CPXPARAM_Simplex_Refactor=0
13107580677993786124,0,CPXPARAM_Advance=1;CPXPARAM_Barrier_Algorithm=0;CPXPARAM_Barrier_ColNonzeros=0;CPXPARAM_Barrier_Crossover=0;CPXPARAM_Barrier_Limits_Corrections=-1;CPXPARAM_Barrier_Ordering=0;CPXPARAM_Barrier_StartAlg=1;CPXPARAM_Emphasis_MIP=1;CPXPARAM_Emphasis_Memory=0;CPXPARAM_Emphasis_Numerical=0;CPXPARAM_Feasopt_Mode=0;CPXPARAM_LPMethod=0;CPXPARAM_MIP_Cuts_Cliques=-1;CPXPARAM_MIP_Cuts_Covers=0;CPXPARAM_MIP_Cuts_Disjunctive=2;CPXPARAM_MIP_Cuts_FlowCovers=0;CPXPARAM_MIP_Cuts_GUBCovers=0;CPXPARAM_MIP_Cuts_Gomory=-1;CPXPARAM_MIP_Cuts_Implied=2;CPXPARAM_MIP_Cuts_MIRCut=2;CPXPARAM_MIP_Cuts_PathCut=-1;CPXPARAM_MIP_Limits_AggForCut=3;CPXPARAM_MIP_Limits_CutPasses=0;CPXPARAM_MIP_Limits_CutsFactor=-1;CPXPARAM_MIP_Limits_GomoryCand=800;CPXPARAM_MIP_Limits_GomoryPass=0;CPXPARAM_MIP_Limits_Nodes=9223372036800000000;CPXPARAM_MIP_Limits_ProbeTime=1e+75;CPXPARAM_MIP_Limits_RepairTries=0;CPXPARAM_MIP_Limits_StrongCand=10;CPXPARAM_MIP_Limits_StrongIt=0;CPXPARAM_MIP_OrderType=0;CPXPARAM_MIP_Strategy_BBInterval=7;CPXPARAM_MIP_Strategy_Branch=0;CPXPARAM_MIP_Strategy_Dive=0;CPXPARAM_MIP_Strategy_File=1;CPXPARAM_MIP_Strategy_HeuristicFreq=0;CPXPARAM_MIP_Strategy_LBHeur=0;CPXPARAM_MIP_Strategy_NodeSelect=1;CPXPARAM_MIP_Strategy_Order=1;CPXPARAM_MIP_Strategy_PresolveNode=0;CPXPARAM_MIP_Strategy_Probe=3;CPXPARAM_MIP_Strategy_RINSHeur=0;CPXPARAM_MIP_Strategy_StartAlgorithm=0;CPXPARAM_MIP_Strategy_SubAlgorithm=0;CPXPARAM_MIP_Strategy_VariableSelect=0;CPXPARAM_Network_NetFind=2;CPXPARAM_Network_Pricing=0;CPXPARAM_Parallel=1;CPXPARAM_Preprocessing_Aggregator=-1;CPXPARAM_Preprocessing_BoundStrength=-1;CPXPARAM_Preprocessing_CoeffReduce=-1;CPXPARAM_Preprocessing_Dependency=-1;CPXPARAM_Preprocessing_Dual=1;CPXPARAM_Preprocessing_Fill=10;CPXPARAM_Preprocessing_NumPass=-1;CPXPARAM_Preprocessing_Presolve=1;CPXPARAM_Preprocessing_QPMakePSD=1;CPXPARAM_Preprocessing_Reduce=3;CPXPARAM_Preprocessing_Relax=-1;CPXPARAM_Preprocessing_RepeatPresolve=-1;CPXPARAM_Preprocessing_Symmetry=-1;CPXPARAM_Read_Scale=0;CPXPARAM_Sifting_Algorithm=0;CPXPARAM_Simplex_Crash=1;CPXPARAM_Simplex_DGradient=0;CPXPARAM_Simplex_Limits_Perturbation=0;CPXPARAM_Simplex_Limits_Singularity=10;CPXPARAM_Simplex_PGradient=0;CPXPARAM_Simplex_Pricing=0;CPXPARAM_Simplex_Refactor=0
18393919876505716245,0,CPXPARAM_Advance=1;CPXPARAM_Barrier_Algorithm=0;CPXPARAM_Barrier_ColNonzeros=0;CPXPARAM_Barrier_Crossover=0;CPXPARAM_Barrier_Limits_Corrections=-1;CPXPARAM_Barrier_Ordering=0;CPXPARAM_Barrier_StartAlg=1;CPXPARAM_Emphasis_MIP=1;CPXPARAM_Emphasis_Memory=0;CPXPARAM_Emphasis_Numerical=0;CPXPARAM_Feasopt_Mode=0;CPXPARAM_LPMethod=0;CPXPARAM_MIP_Cuts_Cliques=-1;CPXPARAM_MIP_Cuts_Covers=0;CPXPARAM_MIP_Cuts_Disjunctive=2;CPXPARAM_MIP_Cuts_FlowCovers=0;CPXPARAM_MIP_Cuts_GUBCovers=0;CPXPARAM_MIP_Cuts_Gomory=-1;CPXPARAM_MIP_Cuts_Implied=1;CPXPARAM_MIP_Cuts_MIRCut=2;CPXPARAM_MIP_Cuts_PathCut=-1;CPXPARAM_MIP_Limits_AggForCut=3;CPXPARAM_MIP_Limits_CutPasses=0;CPXPARAM_MIP_Limits_CutsFactor=-1;CPXPARAM_MIP_Limits_GomoryCand=800;CPXPARAM_MIP_Limits_GomoryPass=0;CPXPARAM_MIP_Limits_Nodes=9223372036800000000;CPXPARAM_MIP_Limits_ProbeTime=1e+75;CPXPARAM_MIP_Limits_RepairTries=0;CPXPARAM_MIP_Limits_StrongCand=10;CPXPARAM_MIP_Limits_StrongIt=0;CPXPARAM_MIP_OrderType=0;CPXPARAM_MIP_Strategy_BBInterval=7;CPXPARAM_MIP_Strategy_Branch=0;CPXPARAM_MIP_Strategy_Dive=0;CPXPARAM_MIP_Strategy_File=1;CPXPARAM_MIP_Strategy_HeuristicFreq=0;CPXPARAM_MIP_Strategy_LBHeur=0;CPXPARAM_MIP_Strategy_NodeSelect=1;CPXPARAM_MIP_Strategy_Order=1;CPXPARAM_MIP_Strategy_PresolveNode=0;CPXPARAM_MIP_Strategy_Probe=3;CPXPARAM_MIP_Strategy_RINSHeur=0;CPXPARAM_MIP_Strategy_StartAlgorithm=0;CPXPARAM_MIP_Strategy_SubAlgorithm=0;CPXPARAM_MIP_Strategy_VariableSelect=0;CPXPARAM_Network_NetFind=2;CPXPARAM_Network_Pricing=0;CPXPARAM_Parallel=1;CPXPARAM_Preprocessing_Aggregator=-1;CPXPARAM_Preprocessing_BoundStrength=-1;CPXPARAM_Preprocessing_CoeffReduce=-1;CPXPARAM_Preprocessing_Dependency=-1;CPXPARAM_Preprocessing_Dual=1;CPXPARAM_Preprocessing_Fill=10;CPXPARAM_Preprocessing_NumPass=-1;CPXPARAM_Preprocessing_Presolve=1;CPXPARAM_Preprocessing_QPMakePSD=1;CPXPARAM_Preprocessing_Reduce=3;CPXPARAM_Preprocessing_Relax=-1;CPXPARAM_Preprocessing_RepeatPresolve=-1;CPXPARAM_Preprocessing_Symmetry=-1;CPXPARAM_Read_Scale=0;CPXPARAM_Sifting_Algorithm=0;CPXPARAM_Simplex_Crash=1;CPXPARAM_Simplex_DGradient=0;CPXPARAM_Simplex_Limits_Perturbation=0;CPXPARAM_Simplex_Limits_Singularity=10;CPXPARAM_Simplex_PGradient=0;CPXPARAM_Simplex_Pricing=0;CPXPARAM_Simplex_Refactor=0
2976543930823068414,0,CPXPARAM_Advance=1;CPXPARAM_Barrier_Algorithm=0;CPXPARAM_Barrier_ColNonzeros=0;CPXPARAM_Barrier_Crossover=0;CPXPARAM_Barrier_Limits_Corrections=-1;CPXPARAM_Barrier_Ordering=0;CPXPARAM_Barrier_StartAlg=1;CPXPARAM_Emphasis_MIP=5;CPXPARAM_Emphasis_Memory=0;CPXPARAM_Emphasis_Numerical=0;CPXPARAM_Feasopt_Mode=0;CPXPARAM_LPMethod=0;CPXPARAM_MIP_Cuts_Cliques=0;CPXPARAM_MIP_Cuts_Covers=0;CPXPARAM_MIP_Cuts_Disjunctive=-1;CPXPARAM_MIP_Cuts_FlowCovers=1;CPXPARAM_MIP_Cuts_GUBCovers=0;CPXPARAM_MIP_Cuts_Gomory=0;CPXPARAM_MIP_Cuts_Implied=0;CPXPARAM_MIP_Cuts_MIRCut=0;CPXPARAM_MIP_Cuts_PathCut=0;CPXPARAM_MIP_Limits_AggForCut=3;CPXPARAM_MIP_Limits_CutPasses=0;CPXPARAM_MIP_Limits_CutsFactor=-1;CPXPARAM_MIP_Limits_GomoryCand=200;CPXPARAM_MIP_Limits_GomoryPass=0;CPXPARAM_MIP_Limits_Nodes=9223372036800000000;CPXPARAM_MIP_Limits_ProbeTime=1e+75;CPXPARAM_MIP_Limits_RepairTries=0;CPXPARAM_MIP_Limits_StrongCand=10;CPXPARAM_MIP_Limits_StrongIt=0;CPXPARAM_MIP_OrderType=0;CPXPARAM_MIP_Strategy_BBInterval=7;CPXPARAM_MIP_Strategy_Branch=0;CPXPARAM_MIP_Strategy_Dive=0;CPXPARAM_MIP_Strategy_File=1;CPXPARAM_MIP_Strategy_HeuristicFreq=0;CPXPARAM_MIP_Strategy_LBHeur=0;CPXPARAM_MIP_Strategy_NodeSelect=1;CPXPARAM_MIP_Strategy_Order=1;CPXPARAM_MIP_Strategy_PresolveNode=0;CPXPARAM_MIP_Strategy_Probe=0;CPXPARAM_MIP_Strategy_RINSHeur=0;CPXPARAM_MIP_Strategy_StartAlgorithm=0;CPXPARAM_MIP_Strategy_SubAlgorithm=0;CPXPARAM_MIP_Strategy_VariableSelect=0;CPXPARAM_Network_NetFind=2;CPXPARAM_Network_Pricing=0;CPXPARAM_Parallel=1;CPXPARAM_Preprocessing_Aggregator=-1;CPXPARAM_Preprocessing_BoundStrength=-1;CPXPARAM_Preprocessing_CoeffReduce=-1;CPXPARAM_Preprocessing_Dependency=-1;CPXPARAM_Preprocessing_Dual=0;CPXPARAM_Preprocessing_Fill=10;CPXPARAM_Preprocessing_NumPass=-1;CPXPARAM_Preprocessing_Presolve=1;CPXPARAM_Preprocessing_QPMakePSD=1;CPXPARAM_Preprocessing_Reduce=3;CPXPARAM_Preprocessing_Relax=-1;CPXPARAM_Preprocessing_RepeatPresolve=-1;CPXPARAM_Preprocessing_Symmetry=-1;CPXPARAM_Read_Scale=0;CPXPARAM_Sifting_Algorithm=0;CPXPARAM_Simplex_Crash=1;CPXPARAM_Simplex_DGradient=0;CPXPARAM_Simplex_Limits_Perturbation=0;CPXPARAM_Simplex_Limits_Singularity=10;CPXPARAM_Simplex_PGradient=0;CPXPARAM_Simplex_Pricing=0;CPXPARAM_Simplex_Refactor=0
8489115347549586590,0,CPXPARAM_Advance=1;CPXPARAM_Barrier_Algorithm=0;CPXPARAM_Barrier_ColNonzeros=0;CPXPARAM_Barrier_Crossover=0;CPXPARAM_Barrier_Limits_Corrections=-1;CPXPARAM_Barrier_Ordering=0;CPXPARAM_Barrier_StartAlg=1;CPXPARAM_Emphasis_MIP=5;CPXPARAM_Emphasis_Memory=0;CPXPARAM_Emphasis_Numerical=0;CPXPARAM_Feasopt_Mode=0;CPXPARAM_LPMethod=0;CPXPARAM_MIP_Cuts_Cliques=0;CPXPARAM_MIP_Cuts_Covers=0;CPXPARAM_MIP_Cuts_Disjunctive=0;CPXPARAM_MIP_Cuts_FlowCovers=1;CPXPARAM_MIP_Cuts_GUBCovers=0;CPXPARAM_MIP_Cuts_Gomory=0;CPXPARAM_MIP_Cuts_Implied=0;CPXPARAM_MIP_Cuts_MIRCut=0;CPXPARAM_MIP_Cuts_PathCut=-1;CPXPARAM_MIP_Limits_AggForCut=3;CPXPARAM_MIP_Limits_CutPasses=0;CPXPARAM_MIP_Limits_CutsFactor=-1;CPXPARAM_MIP_Limits_GomoryCand=200;CPXPARAM_MIP_Limits_GomoryPass=0;CPXPARAM_MIP_Limits_Nodes=9223372036800000000;CPXPARAM_MIP_Limits_ProbeTime=1e+75;CPXPARAM_MIP_Limits_RepairTries=0;CPXPARAM_MIP_Limits_StrongCand=10;CPXPARAM_MIP_Limits_StrongIt=0;CPXPARAM_MIP_OrderType=0;CPXPARAM_MIP_Strategy_BBInterval=7;CPXPARAM_MIP_Strategy_Branch=0;CPXPARAM_MIP_Strategy_Dive=0;CPXPARAM_MIP_Strategy_File=1;CPXPARAM_MIP_Strategy_HeuristicFreq=0;CPXPARAM_MIP_Strategy_LBHeur=0;CPXPARAM_MIP_Strategy_NodeSelect=1;CPXPARAM_MIP_Strategy_Order=1;CPXPARAM_MIP_Strategy_PresolveNode=0;CPXPARAM_MIP_Strategy_Probe=0;CPXPARAM_MIP_Strategy_RINSHeur=0;CPXPARAM_MIP_Strategy_StartAlgorithm=0;CPXPARAM_MIP_Strategy_SubAlgorithm=0;CPXPARAM_MIP_Strategy_VariableSelect=0;CPXPARAM_Network_NetFind=2;CPXPARAM_Network_Pricing=0;CPXPARAM_Parallel=1;CPXPARAM_Preprocessing_Aggregator=-1;CPXPARAM_Preprocessing_BoundStrength=-1;CPXPARAM_Preprocessing_CoeffReduce=-1;CPXPARAM_Preprocessing_Dependency=-1;CPXPARAM_Preprocessing_Dual=0;CPXPARAM_Preprocessing_Fill=10;CPXPARAM_Preprocessing_NumPass=-1;CPXPARAM_Preprocessing_Presolve=1;CPXPARAM_Preprocessing_QPMakePSD=1;CPXPARAM_Preprocessing_Reduce=3;CPXPARAM_Preprocessing_Relax=-1;CPXPARAM_Preprocessing_RepeatPresolve=-1;CPXPARAM_Preprocessing_Symmetry=-1;CPXPARAM_Read_Scale=0;CPXPARAM_Sifting_Algorithm=0;CPXPARAM_Simplex_Crash=1;CPXPARAM_Simplex_DGradient=0;CPXPARAM_Simplex_Limits_Perturbation=0;CPXPARAM_Simplex_Limits_Singularity=10;CPXPARAM_Simplex_PGradient=0;CPXPARAM_Simplex_Pricing=0;CPXPARAM_Simplex_Refactor=0
4409227287277620853,0,CPXPARAM_Advance=1;CPXPARAM_Barrier_Algorithm=0;CPXPARAM_Barrier_ColNonzeros=0;CPXPARAM_Barrier_Crossover=0;CPXPARAM_Barrier_Limits_Corrections=-1;CPXPARAM_Barrier_Ordering=0;CPXPARAM_Barrier_StartAlg=1;CPXPARAM_Emphasis_MIP=5;CPXPARAM_Emphasis_Memory=0;CPXPARAM_Emphasis_Numerical=0;CPXPARAM_Feasopt_Mode=0;CPXPARAM_LPMethod=0;CPXPARAM_MIP_Cuts_Cliques=0;CPXPARAM_MIP_Cuts_Covers=0;CPXPARAM_MIP_Cuts_Disjunctive=0;CPXPARAM_MIP_Cuts_FlowCovers=1;CPXPARAM_MIP_Cuts_GUBCovers=0;CPXPARAM_MIP_Cuts_Gomory=0;CPXPARAM_MIP_Cuts_Implied=0;CPXPARAM_MIP_Cuts_MIRCut=0;CPXPARAM_MIP_Cuts_PathCut=0;CPXPARAM_MIP_Limits_AggForCut=3;CPXPARAM_MIP_Limits_CutPasses=0;CPXPARAM_MIP_Limits_CutsFactor=-1;CPXPARAM_MIP_Limits_GomoryCand=200;CPXPARAM_MIP_Limits_GomoryPass=0;CPXPARAM_MIP_Limits_Nodes=9223372036800000000;CPXPARAM_MIP_Limits_ProbeTime=1e+75;CPXPARAM_MIP_Limits_RepairTries=0;CPXPARAM_MIP_Limits_StrongCand=10;CPXPARAM_MIP_Limits_StrongIt=0;CPXPARAM_MIP_OrderType=0;CPXPARAM_MIP_Strategy_BBInterval=7;CPXPARAM_MIP_Strategy_Branch=0;CPXPARAM_MIP_Strategy_Dive=0;CPXPARAM_MIP_Strategy_File=1;CPXPARAM_MIP_Strategy_HeuristicFreq=0;CPXPARAM_MIP_Strategy_LBHeur=0;CPXPARAM_MIP_Strategy_NodeSelect=1;CPXPARAM_MIP_Strategy_Order=1;CPXPARAM_MIP_Strategy_PresolveNode=0;CPXPARAM_MIP_Strategy_Probe=0;CPXPARAM_MIP_Strategy_RINSHeur=0;CPXPARAM_MIP_Strategy_StartAlgorithm=0;CPXPARAM_MIP_Strategy_SubAlgorithm=0;CPXPARAM_MIP_Strategy_VariableSelect=0;CPXPARAM_Network_NetFind=2;CPXPARAM_Network_Pricing=0;CPXPARAM_Parallel=1;CPXPARAM_Preprocessing_Aggregator=-1;CPXPARAM_Preprocessing_BoundStrength=-1;CPXPARAM_Preprocessing_CoeffReduce=-1;CPXPARAM_Preprocessing_Dependency=-1;CPXPARAM_Preprocessing_Dual=0;CPXPARAM_Preprocessing_Fill=10;CPXPARAM_Preprocessing_NumPass=-1;CPXPARAM_Preprocessing_Presolve=1;CPXPARAM_Preprocessing_QPMakePSD=1;CPXPARAM_Preprocessing_Reduce=3;CPXPARAM_Preprocessing_Relax=-1;CPXPARAM_Preprocessing_RepeatPresolve=-1;CPXPARAM_Preprocessing_Symmetry=-1;CPXPARAM_Read_Scale=0;CPXPARAM_Sifting_Algorithm=0;CPXPARAM_Simplex_Crash=1;CPXPARAM_Simplex_DGradient=5;CPXPARAM_Simplex_Limits_Perturbation=0;CPXPARAM_Simplex_Limits_Singularity=10;CPXPARAM_Simplex_PGradient=0;CPXPARAM_Simplex_Pricing=0;CPXPARAM_Simplex_Refactor=0
10684381014924557778,0,CPXPARAM_Advance=1;CPXPARAM_Barrier_Algorithm=0;CPXPARAM_Barrier_ColNonzeros=0;CPXPARAM_Barrier_Crossover=0;CPXPARAM_Barrier_Limits_Corrections=-1;CPXPARAM_Barrier_Ordering=0;CPXPARAM_Barrier_StartAlg=1;CPXPARAM_Emphasis_MIP=5;CPXPARAM_Emphasis_Memory=0;CPXPARAM_Emphasis_Numerical=0;CPXPARAM_Feasopt_Mode=0;CPXPARAM_LPMethod=0;CPXPARAM_MIP_Cuts_Cliques=0;CPXPARAM_MIP_Cuts_Covers=0;CPXPARAM_MIP_Cuts_Disjunctive=0;CPXPARAM_MIP_Cuts_FlowCovers=1;CPXPARAM_MIP_Cuts_GUBCovers=0;CPXPARAM_MIP_Cuts_Gomory=0;CPXPARAM_MIP_Cuts_Implied=0;CPXPARAM_MIP_Cuts_MIRCut=0;CPXPARAM_MIP_Cuts_PathCut=0;CPXPARAM_MIP_Limits_AggForCut=3;CPXPARAM_MIP_Limits_CutPasses=0;CPXPARAM_MIP_Limits_CutsFactor=-1;CPXPARAM_MIP_Limits_GomoryCand=200;CPXPARAM_MIP_Limits_GomoryPass=0;CPXPARAM_MIP_Limits_Nodes=9223372036800000000;CPXPARAM_MIP_Limits_ProbeTime=1e+75;CPXPARAM_MIP_Limits_RepairTries=0;CPXPARAM_MIP_Limits_StrongCand=10;CPXPARAM_MIP_Limits_StrongIt=0;CPXPARAM_MIP_OrderType=0;CPXPARAM_MIP_Strategy_BBInterval=7;CPXPARAM_MIP_Strategy_Branch=0;CPXPARAM_MIP_Strategy_Dive=0;CPXPARAM_MIP_Strategy_File=1;CPXPARAM_MIP_Strategy_HeuristicFreq=0;CPXPARAM_MIP_Strategy_LBHeur=0;CPXPARAM_MIP_Strategy_NodeSelect=1;CPXPARAM_MIP_Strategy_Order=1;CPXPARAM_MIP_Strategy_PresolveNode=0;CPXPARAM_MIP_Strategy_Probe=0;CPXPARAM_MIP_Strategy_RINSHeur=0;CPXPARAM_MIP_Strategy_StartAlgorithm=0;CPXPARAM_MIP_Strategy_SubAlgorithm=0;CPXPARAM_MIP_Strategy_VariableSelect=0;CPXPARAM_Network_NetFind=2;CPXPARAM_Network_Pricing=0;CPXPARAM_Parallel=1;CPXPARAM_Preprocessing_Aggregator=-1;CPXPARAM_Preprocessing_BoundStrength=-1;CPXPARAM_Preprocessing_CoeffReduce=-1;CPXPARAM_Preprocessing_Dependency=-1;CPXPARAM_Preprocessing_Dual=0;CPXPARAM_Preprocessing_Fill=10;CPXPARAM_Preprocessing_NumPass=-1;CPXPARAM_Preprocessing_Presolve=1;CPXPARAM_Preprocessing_QPMakePSD=1;CPXPARAM_Preprocessing_Reduce=3;CPXPARAM_Preprocessing_Relax=-1;CPXPARAM_Preprocessing_RepeatPresolve=-1;CPXPARAM_Preprocessing_Symmetry=-1;CPXPARAM_Read_Scale=0;CPXPARAM_Sifting_Algorithm=0;CPXPARAM_Simplex_Crash=1;CPXPARAM_Simplex_DGradient=4;CPXPARAM_Simplex_Limits_Perturbation=0;CPXPARAM_Simplex_Limits_Singularity=10;CPXPARAM_Simplex_PGradient=0;CPXPARAM_Simplex_Pricing=0;CPXPARAM_Simplex_Refactor=0
8185657285949898649,0,CPXPARAM_Advance=1;CPXPARAM_Barrier_Algorithm=0;CPXPARAM_Barrier_ColNonzeros=0;CPXPARAM_Barrier_Crossover=0;CPXPARAM_Barrier_Limits_Corrections=-1;CPXPARAM_Barrier_Ordering=0;CPXPARAM_Barrier_StartAlg=1;CPXPARAM_Emphasis_MIP=5;CPXPARAM_Emphasis_Memory=0;CPXPARAM_Emphasis_Numerical=0;CPXPARAM_Feasopt_Mode=0;CPXPARAM_LPMethod=0;CPXPARAM_MIP_Cuts_Cliques=0;CPXPARAM_MIP_Cuts_Covers=0;CPXPARAM_MIP_Cuts_Disjunctive=0;CPXPARAM_MIP_Cuts_FlowCovers=1;CPXPARAM_MIP_Cuts_GUBCovers=0;CPXPARAM_MIP_Cuts_Gomory=0;CPXPARAM_MIP_Cuts_Implied=0;CPXPARAM_MIP_Cuts_MIRCut=0;CPXPARAM_MIP_Cuts_PathCut=0;CPXPARAM_MIP_Limits_AggForCut=3;CPXPARAM_MIP_Limits_CutPasses=0;CPXPARAM_MIP_Limits_CutsFactor=-1;CPXPARAM_MIP_Limits_GomoryCand=200;CPXPARAM_MIP_Limits_GomoryPass=0;CPXPARAM_MIP_Limits_Nodes=9223372036800000000;CPXPARAM_MIP_Limits_ProbeTime=1e+75;CPXPARAM_MIP_Limits_RepairTries=0;CPXPARAM_MIP_Limits_StrongCand=10;CPXPARAM_MIP_Limits_StrongIt=0;CPXPARAM_MIP_OrderType=0;CPXPARAM_MIP_Strategy_BBInterval=7;CPXPARAM_MIP_Strategy_Branch=0;CPXPARAM_MIP_Strategy_Dive=0;CPXPARAM_MIP_Strategy_File=1;CPXPARAM_MIP_Strategy_HeuristicFreq=0;CPXPARAM_MIP_Strategy_LBHeur=0;CPXPARAM_MIP_Strategy_NodeSelect=1;CPXPARAM_MIP_Strategy_Order=1;CPXPARAM_MIP_Strategy_PresolveNode=0;CPXPARAM_MIP_Strategy_Probe=0;CPXPARAM_MIP_Strategy_RINSHeur=0;CPXPARAM_MIP_Strategy_StartAlgorithm=0;CPXPARAM_MIP_Strategy_SubAlgorithm=0;CPXPARAM_MIP_Strategy_VariableSelect=0;CPXPARAM_Network_NetFind=2;CPXPARAM_Network_Pricing=0;CPXPARAM_Parallel=1;CPXPARAM_Preprocessing_Aggregator=-1;CPXPARAM_Preprocessing_BoundStrength=-1;CPXPARAM_Preprocessing_CoeffReduce=-1;CPXPARAM_Preprocessing_Dependency=-1;CPXPARAM_Preprocessing_Dual=0;CPXPARAM_Preprocessing_Fill=10;CPXPARAM_Preprocessing_NumPass=-1;CPXPARAM_Preprocessing_Presolve=1;CPXPARAM_Preprocessing_QPMakePSD=1;CPXPARAM_Preprocessing_Reduce=3;CPXPARAM_Preprocessing_Relax=-1;CPXPARAM_Preprocessing_RepeatPresolve=-1;CPXPARAM_Preprocessing_Symmetry=-1;CPXPARAM_Read_Scale=0;CPXPARAM_Sifting_Algorithm=0;CPXPARAM_Simplex_Crash=1;CPXPARAM_Simplex_DGradient=2;CPXPARAM_Simplex_Limits_Perturbation=0;CPXPARAM_Simplex_Limits_Singularity=10;CPXPARAM_Simplex_PGradient=0;CPXPARAM_Simplex_Pricing=0;CPXPARAM_Simplex_Refactor=0
453378572086879666,0,CPXPARAM_Advance=1;CPXPARAM_Barrier_Algorithm=0;CPXPARAM_Barrier_ColNonzeros=0;CPXPARAM_Barrier_Crossover=0;CPXPARAM_Barrier_Limits_Corrections=-1;CPXPARAM_Barrier_Ordering=0;CPXPARAM_Barrier_StartAlg=1;CPXPARAM_Emphasis_MIP=5;CPXPARAM_Emphasis_Memory=0;CPXPARAM_Emphasis_Numerical=0;CPXPARAM_Feasopt_Mode=0;CPXPARAM_LPMethod=0;CPXPARAM_MIP_Cuts_Cliques=0;CPXPARAM_MIP_Cuts_Covers=0;CPXPARAM_MIP_Cuts_Disjunctive=0;CPXPARAM_MIP_Cuts_FlowCovers=1;CPXPARAM_MIP_Cuts_GUBCovers=0;CPXPARAM_MIP_Cuts_Gomory=0;CPXPARAM_MIP_Cuts_Implied=0;CPXPARAM_MIP_Cuts_MIRCut=0;CPXPARAM_MIP_Cuts_PathCut=0;CPXPARAM_MIP_Limits_AggForCut=3;CPXPARAM_MIP_Limits_CutPasses=0;CPXPARAM_MIP_Limits_CutsFactor=-1;CPXPARAM_MIP_Limits_GomoryCand=200;CPXPARAM_MIP_Limits_GomoryPass=0;CPXPARAM_MIP_Limits_Nodes=9223372036800000000;CPXPARAM_MIP_Limits_ProbeTime=1e+75;CPXPARAM_MIP_Limits_RepairTries=0;CPXPARAM_MIP_Limits_StrongCand=10;CPXPARAM_MIP_Limits_StrongIt=0;CPXPARAM_MIP_OrderType=0;CPXPARAM_MIP_Strategy_BBInterval=7;CPXPARAM_MIP_Strategy_Branch=0;CPXPARAM_MIP_Strategy_Dive=0;CPXPARAM_MIP_Strategy_File=1;CPXPARAM_MIP_Strategy_HeuristicFreq=0;CPXPARAM_MIP_Strategy_LBHeur=0;CPXPARAM_MIP_Strategy_NodeSelect=1;CPXPARAM_MIP_Strategy_Order=1;CPXPARAM_MIP_Strategy_PresolveNode=0;CPXPARAM_MIP_Strategy_Probe=0;CPXPARAM_MIP_Strategy_RINSHeur=0;CPXPARAM_MIP_Strategy_StartAlgorithm=0;CPXPARAM_MIP_Strategy_SubAlgorithm=0;CPXPARAM_MIP_Strategy_VariableSelect=0;CPXPARAM_Network_NetFind=2;CPXPARAM_Network_Pricing=0;CPXPARAM_Parallel=1;CPXPARAM_Preprocessing_Aggregator=-1;CPXPARAM_Preprocessing_BoundStrength=-1;CPXPARAM_Preprocessing_CoeffReduce=-1;CPXPARAM_Preprocessing_Dependency=-1;CPXPARAM_Preprocessing_Dual=0;CPXPARAM_Preprocessing_Fill=10;CPXPARAM_Preprocessing_NumPass=-1;CPXPARAM_Preprocessing_Presolve=1;CPXPARAM_Preprocessing_QPMakePSD=1;CPXPARAM_Preprocessing_Reduce=3;CPXPARAM_Preprocessing_Relax=-1;CPXPARAM_Preprocessing_RepeatPresolve=-1;CPXPARAM_Preprocessing_Symmetry=-1;CPXPARAM_Read_Scale=0;CPXPARAM_Sifting_Algorithm=0;CPXPARAM_Simplex_Crash=1;CPXPARAM_Simplex_DGradient=1;CPXPARAM_Simplex_Limits_Perturbation=0;CPXPARAM_Simplex_Limits_Singularity=10;CPXPARAM_Simplex_PGradient=0;CPXPARAM_Simplex_Pricing=0;CPXPARAM_Simplex_Refactor=0
8388994833806843866,0,CPXPARAM_Advance=1;CPXPARAM_Barrier_Algorithm=0;CPXPARAM_Barrier_ColNonzeros=0;CPXPARAM_Barrier_Crossover=0;CPXPARAM_Barrier_Limits_Corrections=-1;CPXPARAM_Barrier_Ordering=0;CPXPARAM_Barrier_StartAlg=1;CPXPARAM_Emphasis_MIP=5;CPXPARAM_Emphasis_Memory=0;CPXPARAM_Emphasis_Numerical=0;CPXPARAM_Feasopt_Mode=0;CPXPARAM_LPMethod=0;CPXPARAM_MIP_Cuts_Cliques=0;CPXPARAM_MIP_Cuts_Covers=0;CPXPARAM_MIP_Cuts_Disjunctive=0;CPXPARAM_MIP_Cuts_FlowCovers=1;CPXPARAM_MIP_Cuts_GUBCovers=0;CPXPARAM_MIP_Cuts_Gomory=0;CPXPARAM_MIP_Cuts_Implied=0;CPXPARAM_MIP_Cuts_MIRCut=0;CPXPARAM_MIP_Cuts_PathCut=0;CPXPARAM_MIP_Limits_AggForCut=3;CPXPARAM_MIP_Limits_CutPasses=0;CPXPARAM_MIP_Limits_CutsFactor=-1;CPXPARAM_MIP_Limits_GomoryCand=200;CPXPARAM_MIP_Limits_GomoryPass=0;CPXPARAM_MIP_Limits_Nodes=9223372036800000000;CPXPARAM_MIP_Limits_ProbeTime=1e+75;CPXPARAM_MIP_Limits_RepairTries=0;CPXPARAM_MIP_Limits_StrongCand=10;CPXPARAM_MIP_Limits_StrongIt=0;CPXPARAM_MIP_OrderType=0;CPXPARAM_MIP_Strategy_BBInterval=7;CPXPARAM_MIP_Strategy_Branch=0;CPXPARAM_MIP_Strategy_Dive=0;CPXPARAM_MIP_Strategy_File=1;CPXPARAM_MIP_Strategy_HeuristicFreq=0;CPXPARAM_MIP_Strategy_LBHeur=0;CPXPARAM_MIP_Strategy_NodeSelect=1;CPXPARAM_MIP_Strategy_Order=1;CPXPARAM_MIP_Strategy_PresolveNode=0;CPXPARAM_MIP_Strategy_Probe=0;CPXPARAM_MIP_Strategy_RINSHeur=0;CPXPARAM_MIP_Strategy_StartAlgorithm=0;CPXPARAM_MIP_Strategy_SubAlgorithm=3;CPXPARAM_MIP_Strategy_VariableSelect=0;CPXPARAM_Network_NetFind=2;CPXPARAM_Network_Pricing=0;CPXPARAM_Parallel=1;CPXPARAM_Preprocessing_Aggregator=-1;CPXPARAM_Preprocessing_BoundStrength=-1;CPXPARAM_Preprocessing_CoeffReduce=-1;CPXPARAM_Preprocessing_Dependency=-1;CPXPARAM_Preprocessing_Dual=0;CPXPARAM_Preprocessing_Fill=10;CPXPARAM_Preprocessing_NumPass=-1;CPXPARAM_Preprocessing_Presolve=1;CPXPARAM_Preprocessing_QPMakePSD=1;CPXPARAM_Preprocessing_Reduce=3;CPXPARAM_Preprocessing_Relax=-1;CPXPARAM_Preprocessing_RepeatPresolve=-1;CPXPARAM_Preprocessing_Symmetry=-1;CPXPARAM_Read_Scale=0;CPXPARAM_Sifting_Algorithm=0;CPXPARAM_Simplex_Crash=1;CPXPARAM_Simplex_DGradient=0;CPXPARAM_Simplex_Limits_Perturbation=0;CPXPARAM_Simplex_Limits_Singularity=10;CPXPARAM_Simplex_PGradient=0;CPXPARAM_Simplex_Pricing=0;CPXPARAM_Simplex_Refactor=0
1365324639285105221,0,CPXPARAM_Advance=1;CPXPARAM_Barrier_Algorithm=0;CPXPARAM_Barrier_ColNonzeros=0;CPXPARAM_Barrier_Crossover=0;CPXPARAM_Barrier_Limits_Corrections=-1;CPXPARAM_Barrier_Ordering=0;CPXPARAM_Barrier_StartAlg=1;CPXPARAM_Emphasis_MIP=5;CPXPARAM_Emphasis_Memory=0;CPXPARAM_Emphasis_Numerical=0;CPXPARAM_Feasopt_Mode=0;CPXPARAM_LPMethod=0;CPXPARAM_MIP_Cuts_Cliques=0;CPXPARAM_MIP_Cuts_Covers=0;CPXPARAM_MIP_Cuts_Disjunctive=0;CPXPARAM_MIP_Cuts_FlowCovers=1;CPXPARAM_MIP_Cuts_GUBCovers=0;CPXPARAM_MIP_Cuts_Gomory=0;CPXPARAM_MIP_Cuts_Implied=0;CPXPARAM_MIP_Cuts_MIRCut=0;CPXPARAM_MIP_Cuts_PathCut=0;CPXPARAM_MIP_Limits_AggForCut=3;CPXPARAM_MIP_Limits_CutPasses=0;CPXPARAM_MIP_Limits_CutsFactor=-1;CPXPARAM_MIP_Limits_GomoryCand=200;CPXPARAM_MIP_Limits_GomoryPass=0;CPXPARAM_MIP_Limits_Nodes=9223372036800000000;CPXPARAM_MIP_Limits_ProbeTime=1e+75;CPXPARAM_MIP_Limits_RepairTries=0;CPXPARAM_MIP_Limits_StrongCand=10;CPXPARAM_MIP_Limits_StrongIt=0;CPXPARAM_MIP_OrderType=0;CPXPARAM_MIP_Strategy_BBInterval=7;CPXPARAM_MIP_Strategy_Branch=0;CPXPARAM_MIP_Strategy_Dive=0;CPXPARAM_MIP_Strategy_File=1;CPXPARAM_MIP_Strategy_HeuristicFreq=0;CPXPARAM_MIP_Strategy_LBHeur=0;CPXPARAM_MIP_Strategy_NodeSelect=1;CPXPARAM_MIP_Strategy_Order=1;CPXPARAM_MIP_Strategy_PresolveNode=0;CPXPARAM_MIP_Strategy_Probe=0;CPXPARAM_MIP_Strategy_RINSHeur=0;CPXPARAM_MIP_Strategy_StartAlgorithm=6;CPXPARAM_MIP_Strategy_SubAlgorithm=0;CPXPARAM_MIP_Strategy_VariableSelect=0;CPXPARAM_Network_NetFind=2;CPXPARAM_Network_Pricing=0;CPXPARAM_Parallel=1;CPXPARAM_Preprocessing_Aggregator=-1;CPXPARAM_Preprocessing_BoundStrength=-1;CPXPARAM_Preprocessing_CoeffReduce=-1;CPXPARAM_Preprocessing_Dependency=-1;CPXPARAM_Preprocessing_Dual=0;CPXPARAM_Preprocessing_Fill=10;CPXPARAM_Preprocessing_NumPass=-1;CPXPARAM_Preprocessing_Presolve=1;CPXPARAM_Preprocessing_QPMakePSD=1;CPXPARAM_Preprocessing_Reduce=3;CPXPARAM_Preprocessing_Relax=-1;CPXPARAM_Preprocessing_RepeatPresolve=-1;CPXPARAM_Preprocessing_Symmetry=-1;CPXPARAM_Read_Scale=0;CPXPARAM_Sifting_Algorithm=0;CPXPARAM_Simplex_Crash=1;CPXPARAM_Simplex_DGradient=0;CPXPARAM_Simplex_Limits_Perturbation=0;CPXPARAM_Simplex_Limits_Singularity=10;CPXPARAM_Simplex_PGradient=0;CPXPARAM_Simplex_Pricing=0;CPXPARAM_Simplex_Refactor=0
8676421531504400229,0,CPXPARAM_Advance=1;CPXPARAM_Barrier_Algorithm=0;CPXPARAM_Barrier_ColNonzeros=0;CPXPARAM_Barrier_Crossover=0;CPXPARAM_Barrier_Limits_Corrections=-1;CPXPARAM_Barrier_Ordering=0;CPXPARAM_Barrier_StartAlg=1;CPXPARAM_Emphasis_MIP=5;CPXPARAM_Emphasis_Memory=0;CPXPARAM_Emphasis_Numerical=0;CPXPARAM_Feasopt_Mode=0;CPXPARAM_LPMethod=0;CPXPARAM_MIP_Cuts_Cliques=0;CPXPARAM_MIP_Cuts_Covers=0;CPXPARAM_MIP_Cuts_Disjunctive=0;CPXPARAM_MIP_Cuts_FlowCovers=1;CPXPARAM_MIP_Cuts_GUBCovers=0;CPXPARAM_MIP_Cuts_Gomory=0;CPXPARAM_MIP_Cuts_Implied=0;CPXPARAM_MIP_Cuts_MIRCut=0;CPXPARAM_MIP_Cuts_PathCut=0;CPXPARAM_MIP_Limits_AggForCut=3;CPXPARAM_MIP_Limits_CutPasses=0;CPXPARAM_MIP_Limits_CutsFactor=-1;CPXPARAM_MIP_Limits_GomoryCand=200;CPXPARAM_MIP_Limits_GomoryPass=0;CPXPARAM_MIP_Limits_Nodes=9223372036800000000;CPXPARAM_MIP_Limits_ProbeTime=1e+75;CPXPARAM_MIP_Limits_RepairTries=0;CPXPARAM_MIP_Limits_StrongCand=10;CPXPARAM_MIP_Limits_StrongIt=0;CPXPARAM_MIP_OrderType=0;CPXPARAM_MIP_Strategy_BBInterval=7;CPXPARAM_MIP_Strategy_Branch=0;CPXPARAM_MIP_Strategy_Dive=1;CPXPARAM_MIP_Strategy_File=1;CPXPARAM_MIP_Strategy_HeuristicFreq=0;CPXPARAM_MIP_Strategy_LBHeur=0;CPXPARAM_MIP_Strategy_NodeSelect=1;CPXPARAM_MIP_Strategy_Order=1;CPXPARAM_MIP_Strategy_PresolveNode=0;CPXPARAM_MIP_Strategy_Probe=0;CPXPARAM_MIP_Strategy_RINSHeur=0;CPXPARAM_MIP_Strategy_StartAlgorithm=0;CPXPARAM_MIP_Strategy_SubAlgorithm=0;CPXPARAM_MIP_Strategy_VariableSelect=0;CPXPARAM_Network_NetFind=2;CPXPARAM_Network_Pricing=0;CPXPARAM_Parallel=1;CPXPARAM_Preprocessing_Aggregator=-1;CPXPARAM_Preprocessing_BoundStrength=-1;CPXPARAM_Preprocessing_CoeffReduce=-1;CPXPARAM_Preprocessing_Dependency=-1;CPXPARAM_Preprocessing_Dual=0;CPXPARAM_Preprocessing_Fill=10;CPXPARAM_Preprocessing_NumPass=-1;CPXPARAM_Preprocessing_Presolve=1;CPXPARAM_Preprocessing_QPMakePSD=1;CPXPARAM_Preprocessing_Reduce=3;CPXPARAM_Preprocessing_Relax=-1;CPXPARAM_Preprocessing_RepeatPresolve=-1;CPXPARAM_Preprocessing_Symmetry=-1;CPXPARAM_Read_Scale=0;CPXPARAM_Sifting_Algorithm=0;CPXPARAM_Simplex_Crash=1;CPXPARAM_Simplex_DGradient=0;CPXPARAM_Simplex_Limits_Perturbation=0;CPXPARAM_Simplex_Limits_Singularity=10;CPXPARAM_Simplex_PGradient=0;CPXPARAM_Simplex_Pricing=0;CPXPARAM_Simplex_Refactor=0
11406115674610741573,0,CPXPARAM_Advance=1;CPXPARAM_Barrier_Algorithm=0;CPXPARAM_Barrier_ColNonzeros=0;CPXPARAM_Barrier_Crossover=0;CPXPARAM_Barrier_Limits_Corrections=-1;CPXPARAM_Barrier_Ordering=0;CPXPARAM_Barrier_StartAlg=1;CPXPARAM_Emphasis_MIP=5;CPXPARAM_Emphasis_Memory=0;CPXPARAM_Emphasis_Numerical=0;CPXPARAM_Feasopt_Mode=0;CPXPARAM_LPMethod=0;CPXPARAM_MIP_Cuts_Cliques=0;CPXPARAM_MIP_Cuts_Covers=0;CPXPARAM_MIP_Cuts_Disjunctive=0;CPXPARAM_MIP_Cuts_FlowCovers=1;CPXPARAM_MIP_Cuts_GUBCovers=0;CPXPARAM_MIP_Cuts_Gomory=0;CPXPARAM_MIP_Cuts_Implied=0;CPXPARAM_MIP_Cuts_MIRCut=0;CPXPARAM_MIP_Cuts_PathCut=0;CPXPARAM_MIP_Limits_AggForCut=3;CPXPARAM_MIP_Limits_CutPasses=0;CPXPARAM_MIP_Limits_CutsFactor=-1;CPXPARAM_MIP_Limits_GomoryCand=200;CPXPARAM_MIP_Limits_GomoryPass=0;CPXPARAM_MIP_Limits_Nodes=9223372036800000000;CPXPARAM_MIP_Limits_ProbeTime=1e+75;CPXPARAM_MIP_Limits_RepairTries=0;CPXPARAM_MIP_Limits_StrongCand=10;CPXPARAM_MIP_Limits_StrongIt=0;CPXPARAM_MIP_OrderType=0;CPXPARAM_MIP_Strategy_BBInterval=7;CPXPARAM_MIP_Strategy_Branch=0;CPXPARAM_MIP_Strategy_Dive=0;CPXPARAM_MIP_Strategy_File=1;CPXPARAM_MIP_Strategy_HeuristicFreq=0;CPXPARAM_MIP_Strategy_LBHeur=0;CPXPARAM_MIP_Strategy_NodeSelect=0;CPXPARAM_MIP_Strategy_Order=1;CPXPARAM_MIP_Strategy_PresolveNode=0;CPXPARAM_MIP_Strategy_Probe=0;CPXPARAM_MIP_Strategy_RINSHeur=0;CPXPARAM_MIP_Strategy_StartAlgorithm=0;CPXPARAM_MIP_Strategy_SubAlgorithm=0;CPXPARAM_MIP_Strategy_VariableSelect=0;CPXPARAM_Network_NetFind=2;CPXPARAM_Network_Pricing=0;CPXPARAM_Parallel=1;CPXPARAM_Preprocessing_Aggregator=-1;CPXPARAM_Preprocessing_BoundStrength=-1;CPXPARAM_Preprocessing_CoeffReduce=-1;CPXPARAM_Preprocessing_Dependency=-1;CPXPARAM_Preprocessing_Dual=0;CPXPARAM_Preprocessing_Fill=10;CPXPARAM_Preprocessing_NumPass=-1;CPXPARAM_Preprocessing_Presolve=1;CPXPARAM_Preprocessing_QPMakePSD=1;CPXPARAM_Preprocessing_Reduce=3;CPXPARAM_Preprocessing_Relax=-1;CPXPARAM_Preprocessing_RepeatPresolve=-1;CPXPARAM_Preprocessing_Symmetry=-1;CPXPARAM_Read_Scale=0;CPXPARAM_Sifting_Algorithm=0;CPXPARAM_Simplex_Crash=1;CPXPARAM_Simplex_DGradient=0;CPXPARAM_Simplex_Limits_Perturbation=0;CPXPARAM_Simplex_Limits_Singularity=10;CPXPARAM_Simplex_PGradient=0;CPXPARAM_Simplex_Pricing=0;CPXPARAM_Simplex_Refactor=0
5938420179866142294,0,CPXPARAM_Advance=1;CPXPARAM_Barrier_Algorithm=0;CPXPARAM_Barrier_ColNonzeros=0;CPXPARAM_Barrier_Crossover=0;CPXPARAM_Barrier_Limits_Corrections=-1;CPXPARAM_Barrier_Ordering=0;CPXPARAM_Barrier_StartAlg=1;CPXPARAM_Emphasis_MIP=5;CPXPARAM_Emphasis_Memory=0;CPXPARAM_Emphasis_Numerical=0;CPXPARAM_Feasopt_Mode=0;CPXPARAM_LPMethod=0;CPXPARAM_MIP_Cuts_Cliques=0;CPXPARAM_MIP_Cuts_Covers=0;CPXPARAM_MIP_Cuts_Disjunctive=0;CPXPARAM_MIP_Cuts_FlowCovers=1;CPXPARAM_MIP_Cuts_GUBCovers=0;CPXPARAM_MIP_Cuts_Gomory=0;CPXPARAM_MIP_Cuts_Implied=0;CPXPARAM_MIP_Cuts_MIRCut=0;CPXPARAM_MIP_Cuts_PathCut=0;CPXPARAM_MIP_Limits_AggForCut=3;CPXPARAM_MIP_Limits_CutPasses=0;CPXPARAM_MIP_Limits_CutsFactor=-1;CPXPARAM_MIP_Limits_GomoryCand=200;CPXPARAM_MIP_Limits_GomoryPass=0;CPXPARAM_MIP_Limits_Nodes=9223372036800000000;CPXPARAM_MIP_Limits_ProbeTime=1e+75;CPXPARAM_MIP_Limits_RepairTries=0;CPXPARAM_MIP_Limits_StrongCand=10;CPXPARAM_MIP_Limits_StrongIt=0;CPXPARAM_MIP_OrderType=0;CPXPARAM_MIP_Strategy_BBInterval=7;CPXPARAM_MIP_Strategy_Branch=0;CPXPARAM_MIP_Strategy_Dive=0;CPXPARAM_MIP_Strategy_File=1;CPXPARAM_MIP_Strategy_HeuristicFreq=0;CPXPARAM_MIP_Strategy_LBHeur=0;CPXPARAM_MIP_Strategy_NodeSelect=3;CPXPARAM_MIP_Strategy_Order=1;CPXPARAM_MIP_Strategy_PresolveNode=0;CPXPARAM_MIP_Strategy_Probe=0;CPXPARAM_MIP_Strategy_RINSHeur=0;CPXPARAM_MIP_Strategy_StartAlgorithm=0;CPXPARAM_MIP_Strategy_SubAlgorithm=0;CPXPARAM_MIP_Strategy_VariableSelect=0;CPXPARAM_Network_NetFind=2;CPXPARAM_Network_Pricing=0;CPXPARAM_Parallel=1;CPXPARAM_Preprocessing_Aggregator=-1;CPXPARAM_Preprocessing_BoundStrength=-1;CPXPARAM_Preprocessing_CoeffReduce=-1;CPXPARAM_Preprocessing_Dependency=-1;CPXPARAM_Preprocessing_Dual=0;CPXPARAM_Preprocessing_Fill=10;CPXPARAM_Preprocessing_NumPass=-1;CPXPARAM_Preprocessing_Presolve=1;CPXPARAM_Preprocessing_QPMakePSD=1;CPXPARAM_Preprocessing_Reduce=3;CPXPARAM_Preprocessing_Relax=-1;CPXPARAM_Preprocessing_RepeatPresolve=-1;CPXPARAM_Preprocessing_Symmetry=-1;CPXPARAM_Read_Scale=0;CPXPARAM_Sifting_Algorithm=0;CPXPARAM_Simplex_Crash=1;CPXPARAM_Simplex_DGradient=0;CPXPARAM_Simplex_Limits_Perturbation=0;CPXPARAM_Simplex_Limits_Singularity=10;CPXPARAM_Simplex_PGradient=0;CPXPARAM_Simplex_Pricing=0;CPXPARAM_Simplex_Refactor=0
15278251883301971874,0,CPXPARAM_Advance=1;CPXPARAM_Barrier_Algorithm=0;CPXPARAM_Barrier_ColNonzeros=0;CPXPARAM_Barrier_Crossover=0;CPXPARAM_Barrier_Limits_Corrections=-1;CPXPARAM_Barrier_Ordering=0;CPXPARAM_Barrier_StartAlg=1;CPXPARAM_Emphasis_MIP=5;CPXPARAM_Emphasis_Memory=0;CPXPARAM_Emphasis_Numerical=0;CPXPARAM_Feasopt_Mode=0;CPXPARAM_LPMethod=0;CPXPARAM_MIP_Cuts_Cliques=0;CPXPARAM_MIP_Cuts_Covers=0;CPXPARAM_MIP_Cuts_Disjunctive=0;CPXPARAM_MIP_Cuts_FlowCovers=1;CPXPARAM_MIP_Cuts_GUBCovers=0;CPXPARAM_MIP_Cuts_Gomory=0;CPXPARAM_MIP_Cuts_Implied=0;CPXPARAM_MIP_Cuts_MIRCut=0;CPXPARAM_MIP_Cuts_PathCut=1;CPXPARAM_MIP_Limits_AggForCut=3;CPXPARAM_MIP_Limits_CutPasses=0;CPXPARAM_MIP_Limits_CutsFactor=-1;CPXPARAM_MIP_Limits_GomoryCand=200;CPXPARAM_MIP_Limits_GomoryPass=0;CPXPARAM_MIP_Limits_Nodes=9223372036800000000;CPXPARAM_MIP_Limits_ProbeTime=1e+75;CPXPARAM_MIP_Limits_RepairTries=0;CPXPARAM_MIP_Limits_StrongCand=10;CPXPARAM_MIP_Limits_StrongIt=0;CPXPARAM_MIP_OrderType=0;CPXPARAM_MIP_Strategy_BBInterval=7;CPXPARAM_MIP_Strategy_Branch=0;CPXPARAM_MIP_Strategy_Dive=0;CPXPARAM_MIP_Strategy_File=1;CPXPARAM_MIP_Strategy_HeuristicFreq=0;CPXPARAM_MIP_Strategy_LBHeur=0;CPXPARAM_MIP_Strategy_NodeSelect=1;CPXPARAM_MIP_Strategy_Order=1;CPXPARAM_MIP_Strategy_PresolveNode=0;CPXPARAM_MIP_Strategy_Probe=0;CPXPARAM_MIP_Strategy_RINSHeur=0;CPXPARAM_MIP_Strategy_StartAlgorithm=0;CPXPARAM_MIP_Strategy_SubAlgorithm=0;CPXPARAM_MIP_Strategy_VariableSelect=0;CPXPARAM_Network_NetFind=2;CPXPARAM_Network_Pricing=0;CPXPARAM_Parallel=1;CPXPARAM_Preprocessing_Aggregator=-1;CPXPARAM_Preprocessing_BoundStrength=-1;CPXPARAM_Preprocessing_CoeffReduce=-1;CPXPARAM_Preprocessing_Dependency=-1;CPXPARAM_Preprocessing_Dual=0;CPXPARAM_Preprocessing_Fill=10;CPXPARAM_Preprocessing_NumPass=-1;CPXPARAM_Preprocessing_Presolve=1;CPXPARAM_Preprocessing_QPMakePSD=1;CPXPARAM_Preprocessing_Reduce=3;CPXPARAM_Preprocessing_Relax=-1;CPXPARAM_Preprocessing_RepeatPresolve=-1;CPXPARAM_Preprocessing_Symmetry=-1;CPXPARAM_Read_Scale=0;CPXPARAM_Sifting_Algorithm=0;CPXPARAM_Simplex_Crash=1;CPXPARAM_Simplex_DGradient=0;CPXPARAM_Simplex_Limits_Perturbation=0;CPXPARAM_Simplex_Limits_Singularity=10;CPXPARAM_Simplex_PGradient=0;CPXPARAM_Simplex_Pricing=0;CPXPARAM_Simplex_Refactor=0
12326339075989193259,0,CPXPARAM_Advance=1;CPXPARAM_Barrier_Algorithm=0;CPXPARAM_Barrier_ColNonzeros=0;CPXPARAM_Barrier_Crossover=0;CPXPARAM_Barrier_Limits_Corrections=-1;CPXPARAM_Barrier_Ordering=0;CPXPARAM_Barrier_StartAlg=1;CPXPARAM_Emphasis_MIP=5;CPXPARAM_Emphasis_Memory=0;CPXPARAM_Emphasis_Numerical=0;CPXPARAM_Feasopt_Mode=0;CPXPARAM_LPMethod=0;CPXPARAM_MIP_Cuts_Cliques=0;CPXPARAM_MIP_Cuts_Covers=0;CPXPARAM_MIP_Cuts_Disjunctive=0;CPXPARAM_MIP_Cuts_FlowCovers=1;CPXPARAM_MIP_Cuts_GUBCovers=0;CPXPARAM_MIP_Cuts_Gomory=0;CPXPARAM_MIP_Cuts_Implied=0;CPXPARAM_MIP_Cuts_MIRCut=0;CPXPARAM_MIP_Cuts_PathCut=0;CPXPARAM_MIP_Limits_AggForCut=3;CPXPARAM_MIP_Limits_CutPasses=0;CPXPARAM_MIP_Limits_CutsFactor=-1;CPXPARAM_MIP_Limits_GomoryCand=200;CPXPARAM_MIP_Limits_GomoryPass=0;CPXPARAM_MIP_Limits_Nodes=9223372036800000000;CPXPARAM_MIP_Limits_ProbeTime=1e+75;CPXPARAM_MIP_Limits_RepairTries=0;CPXPARAM_MIP_Limits_StrongCand=10;CPXPARAM_MIP_Limits_StrongIt=0;CPXPARAM_MIP_OrderType=2;CPXPARAM_MIP_Strategy_BBInterval=7;CPXPARAM_MIP_Strategy_Branch=0;CPXPARAM_MIP_Strategy_Dive=0;CPXPARAM_MIP_Strategy_File=1;CPXPARAM_MIP_Strategy_HeuristicFreq=0;CPXPARAM_MIP_Strategy_LBHeur=0;CPXPARAM_MIP_Strategy_NodeSelect=1;CPXPARAM_MIP_Strategy_Order=1;CPXPARAM_MIP_Strategy_PresolveNode=0;CPXPARAM_MIP_Strategy_Probe=0;CPXPARAM_MIP_Strategy_RINSHeur=0;CPXPARAM_MIP_Strategy_StartAlgorithm=0;CPXPARAM_MIP_Strategy_SubAlgorithm=0;CPXPARAM_MIP_Strategy_VariableSelect=0;CPXPARAM_Network_NetFind=2;CPXPARAM_Network_Pricing=0;CPXPARAM_Parallel=1;CPXPARAM_Preprocessing_Aggregator=-1;CPXPARAM_Preprocessing_BoundStrength=-1;CPXPARAM_Preprocessing_CoeffReduce=-1;CPXPARAM_Preprocessing_Dependency=-1;CPXPARAM_Preprocessing_Dual=0;CPXPARAM_Preprocessing_Fill=10;CPXPARAM_Preprocessing_NumPass=-1;CPXPARAM_Preprocessing_Presolve=1;CPXPARAM_Preprocessing_QPMakePSD=1;CPXPARAM_Preprocessing_Reduce=3;CPXPARAM_Preprocessing_Relax=-1;CPXPARAM_Preprocessing_RepeatPresolve=-1;CPXPARAM_Preprocessing_Symmetry=-1;CPXPARAM_Read_Scale=0;CPXPARAM_Sifting_Algorithm=0;CPXPARAM_Simplex_Crash=1;CPXPARAM_Simplex_DGradient=0;CPXPARAM_Simplex_Limits_Perturbation=0;CPXPARAM_Simplex_Limits_Singularity=10;CPXPARAM_Simplex_PGradient=0;CPXPARAM_Simplex_Pricing=0;CPXPARAM_Simplex_Refactor=0
5924184396607733314,0,CPXPARAM_Advance=1;CPXPARAM_Barrier_Algorithm=0;CPXPARAM_Barrier_ColNonzeros=0;CPXPARAM_Barrier_Crossover=0;CPXPARAM_Barrier_Limits_Corrections=-1;CPXPARAM_Barrier_Ordering=0;CPXPARAM_Barrier_StartAlg=1;CPXPARAM_Emphasis_MIP=5;CPXPARAM_Emphasis_Memory=0;CPXPARAM_Emphasis_Numerical=0;CPXPARAM_Feasopt_Mode=0;CPXPARAM_LPMethod=0;CPXPARAM_MIP_Cuts_Cliques=0;CPXPARAM_MIP_Cuts_Covers=0;CPXPARAM_MIP_Cuts_Disjunctive=0;CPXPARAM_MIP_Cuts_FlowCovers=1;CPXPARAM_MIP_Cuts_GUBCovers=0;CPXPARAM_MIP_Cuts_Gomory=0;CPXPARAM_MIP_Cuts_Implied=0;CPXPARAM_MIP_Cuts_MIRCut=0;CPXPARAM_MIP_Cuts_PathCut=0;CPXPARAM_MIP_Limits_AggForCut=3;CPXPARAM_MIP_Limits_CutPasses=0;CPXPARAM_MIP_Limits_CutsFactor=-1;CPXPARAM_MIP_Limits_GomoryCand=200;CPXPARAM_MIP_Limits_GomoryPass=0;CPXPARAM_MIP_Limits_Nodes=9223372036800000000;CPXPARAM_MIP_Limits_ProbeTime=1e+75;CPXPARAM_MIP_Limits_RepairTries=0;CPXPARAM_MIP_Limits_StrongCand=10;CPXPARAM_MIP_Limits_StrongIt=0;CPXPARAM_MIP_OrderType=0;CPXPARAM_MIP_Strategy_BBInterval=7;CPXPARAM_MIP_Strategy_Branch=0;CPXPARAM_MIP_Strategy_Dive=0;CPXPARAM_MIP_Strategy_File=1;CPXPARAM_MIP_Strategy_HeuristicFreq=0;CPXPARAM_MIP_Strategy_LBHeur=0;CPXPARAM_MIP_Strategy_NodeSelect=1;CPXPARAM_MIP_Strategy_Order=1;CPXPARAM_MIP_Strategy_PresolveNode=0;CPXPARAM_MIP_Strategy_Probe=0;CPXPARAM_MIP_Strategy_RINSHeur=0;CPXPARAM_MIP_Strategy_StartAlgorithm=0;CPXPARAM_MIP_Strategy_SubAlgorithm=0;CPXPARAM_MIP_Strategy_VariableSelect=0;CPXPARAM_Network_NetFind=2;CPXPARAM_Network_Pricing=0;CPXPARAM_Parallel=1;CPXPARAM_Preprocessing_Aggregator=-1;CPXPARAM_Preprocessing_BoundStrength=-1;CPXPARAM_Preprocessing_CoeffReduce=-1;CPXPARAM_Preprocessing_Dependency=1;CPXPARAM_Preprocessing_Dual=0;CPXPARAM_Preprocessing_Fill=10;CPXPARAM_Preprocessing_NumPass=-1;CPXPARAM_Preprocessing_Presolve=1;CPXPARAM_Preprocessing_QPMakePSD=1;CPXPARAM_Preprocessing_Reduce=3;CPXPARAM_Preprocessing_Relax=-1;CPXPARAM_Preprocessing_RepeatPresolve=-1;CPXPARAM_Preprocessing_Symmetry=-1;CPXPARAM_Read_Scale=0;CPXPARAM_Sifting_Algorithm=0;CPXPARAM_Simplex_Crash=1;CPXPARAM_Simplex_DGradient=0;CPXPARAM_Simplex_Limits_Perturbation=0;CPXPARAM_Simplex_Limits_Singularity=10;CPXPARAM_Simplex_PGradient=0;CPXPARAM_Simplex_Pricing=0;CPXPARAM_Simplex_Refactor=0
2068674279296908945,0,CPXPARAM_Advance=1;CPXPARAM_Barrier_Algorithm=0;CPXPARAM_Barrier_ColNonzeros=0;CPXPARAM_Barrier_Crossover=0;CPXPARAM_Barrier_Limits_Corrections=-1;CPXPARAM_Barrier_Ordering=0;CPXPARAM_Barrier_StartAlg=1;CPXPARAM_Emphasis_MIP=5;CPXPARAM_Emphasis_Memory=0;CPXPARAM_Emphasis_Numerical=0;CPXPARAM_Feasopt_Mode=0;CPXPARAM_LPMethod=0;CPXPARAM_MIP_Cuts_Cliques=0;CPXPARAM_MIP_Cuts_Covers=0;CPXPARAM_MIP_Cuts_Disjunctive=0;CPXPARAM_MIP_Cuts_FlowCovers=1;CPXPARAM_MIP_Cuts_GUBCovers=0;CPXPARAM_MIP_Cuts_Gomory=0;CPXPARAM_MIP_Cuts_Implied=0;CPXPARAM_MIP_Cuts_MIRCut=0;CPXPARAM_MIP_Cuts_PathCut=0;CPXPARAM_MIP_Limits_AggForCut=3;CPXPARAM_MIP_Limits_CutPasses=0;CPXPARAM_MIP_Limits_CutsFactor=-1;CPXPARAM_MIP_Limits_GomoryCand=200;CPXPARAM_MIP_Limits_GomoryPass=0;CPXPARAM_MIP_Limits_Nodes=9223372036800000000;CPXPARAM_MIP_Limits_ProbeTime=1e+75;CPXPARAM_MIP_Limits_RepairTries=0;CPXPARAM_MIP_Limits_StrongCand=10;CPXPARAM_MIP_Limits_StrongIt=0;CPXPARAM_MIP_OrderType=0;CPXPARAM_MIP_Strategy_BBInterval=7;CPXPARAM_MIP_Strategy_Branch=0;CPXPARAM_MIP_Strategy_Dive=0;CPXPARAM_MIP_Strategy_File=1;CPXPARAM_MIP_Strategy_HeuristicFreq=0;CPXPARAM_MIP_Strategy_LBHeur=0;CPXPARAM_MIP_Strategy_NodeSelect=1;CPXPARAM_MIP_Strategy_Order=1;CPXPARAM_MIP_Strategy_PresolveNode=0;CPXPARAM_MIP_Strategy_Probe=0;CPXPARAM_MIP_Strategy_RINSHeur=0;CPXPARAM_MIP_Strategy_StartAlgorithm=0;CPXPARAM_MIP_Strategy_SubAlgorithm=0;CPXPARAM_MIP_Strategy_VariableSelect=1;CPXPARAM_Network_NetFind=2;CPXPARAM_Network_Pricing=0;CPXPARAM_Parallel=1;CPXPARAM_Preprocessing_Aggregator=-1;CPXPARAM_Preprocessing_BoundStrength=-1;CPXPARAM_Preprocessing_CoeffReduce=-1;CPXPARAM_Preprocessing_Dependency=-1;CPXPARAM_Preprocessing_Dual=0;CPXPARAM_Preprocessing_Fill=10;CPXPARAM_Preprocessing_NumPass=-1;CPXPARAM_Preprocessing_Presolve=1;CPXPARAM_Preprocessing_QPMakePSD=1;CPXPARAM_Preprocessing_Reduce=3;CPXPARAM_Preprocessing_Relax=-1;CPXPARAM_Preprocessing_RepeatPresolve=-1;CPXPARAM_Preprocessing_Symmetry=-1;CPXPARAM_Read_Scale=0;CPXPARAM_Sifting_Algorithm=0;CPXPARAM_Simplex_Crash=1;CPXPARAM_Simplex_DGradient=0;CPXPARAM_Simplex_Limits_Perturbation=0;CPXPARAM_Simplex_Limits_Singularity=10;CPXPARAM_Simplex_PGradient=0;CPXPARAM_Simplex_Pricing=0;CPXPARAM_Simplex_Refactor=0
14186252969439064091,0,CPXPARAM_Advance=1;CPXPARAM_Barrier_Algorithm=0;CPXPARAM_Barrier_ColNonzeros=0;CPXPARAM_Barrier_Crossover=0;CPXPARAM_Barrier_Limits_Corrections=-1;CPXPARAM_Barrier_Ordering=0;CPXPARAM_Barrier_StartAlg=1;CPXPARAM_Emphasis_MIP=5;CPXPARAM_Emphasis_Memory=0;CPXPARAM_Emphasis_Numerical=0;CPXPARAM_Feasopt_Mode=0;CPXPARAM_LPMethod=0;CPXPARAM_MIP_Cuts_Cliques=0;CPXPARAM_MIP_Cuts_Covers=0;CPXPARAM_MIP_Cuts_Disjunctive=0;CPXPARAM_MIP_Cuts_FlowCovers=1;CPXPARAM_MIP_Cuts_GUBCovers=0;CPXPARAM_MIP_Cuts_Gomory=0;CPXPARAM_MIP_Cuts_Implied=0;CPXPARAM_MIP_Cuts_MIRCut=0;CPXPARAM_MIP_Cuts_PathCut=0;CPXPARAM_MIP_Limits_AggForCut=3;CPXPARAM_MIP_Limits_CutPasses=0;CPXPARAM_MIP_Limits_CutsFactor=-1;CPXPARAM_MIP_Limits_GomoryCand=200;CPXPARAM_MIP_Limits_GomoryPass=0;CPXPARAM_MIP_Limits_Nodes=9223372036800000000;CPXPARAM_MIP_Limits_ProbeTime=1e+75;CPXPARAM_MIP_Limits_RepairTries=0;CPXPARAM_MIP_Limits_StrongCand=10;CPXPARAM_MIP_Limits_StrongIt=0;CPXPARAM_MIP_OrderType=0;CPXPARAM_MIP_Strategy_BBInterval=7;CPXPARAM_MIP_Strategy_Branch=0;CPXPARAM_MIP_Strategy_Dive=0;CPXPARAM_MIP_Strategy_File=1;CPXPARAM_MIP_Strategy_HeuristicFreq=0;CPXPARAM_MIP_Strategy_LBHeur=1;CPXPARAM_MIP_Strategy_NodeSelect=1;CPXPARAM_MIP_Strategy_Order=1;CPXPARAM_MIP_Strategy_PresolveNode=0;CPXPARAM_MIP_Strategy_Probe=0;CPXPARAM_MIP_Strategy_RINSHeur=0;CPXPARAM_MIP_Strategy_StartAlgorithm=0;CPXPARAM_MIP_Strategy_SubAlgorithm=0;CPXPARAM_MIP_Strategy_VariableSelect=0;CPXPARAM_Network_NetFind=2;CPXPARAM_Network_Pricing=0;CPXPARAM_Parallel=1;CPXPARAM_Preprocessing_Aggregator=-1;CPXPARAM_Preprocessing_BoundStrength=-1;CPXPARAM_Preprocessing_CoeffReduce=-1;CPXPARAM_Preprocessing_Dependency=-1;CPXPARAM_Preprocessing_Dual=0;CPXPARAM_Preprocessing_Fill=10;CPXPARAM_Preprocessing_NumPass=-1;CPXPARAM_Preprocessing_Presolve=1;CPXPARAM_Preprocessing_QPMakePSD=1;CPXPARAM_Preprocessing_Reduce=3;CPXPARAM_Preprocessing_Relax=-1;CPXPARAM_Preprocessing_RepeatPresolve=-1;CPXPARAM_Preprocessing_Symmetry=-1;CPXPARAM_Read_Scale=0;CPXPARAM_Sifting_Algorithm=0;CPXPARAM_Simplex_Crash=1;CPXPARAM_Simplex_DGradient=0;CPXPARAM_Simplex_Limits_Perturbation=0;CPXPARAM_Simplex_Limits_Singularity=10;CPXPARAM_Simplex_PGradient=0;CPXPARAM_Simplex_Pricing=0;CPXPARAM_Simplex_Refactor=0
14685218453206165405,0,CPXPARAM_Advance=1;CPXPARAM_Barrier_Algorithm=0;CPXPARAM_Barrier_ColNonzeros=0;CPXPARAM_Barrier_Crossover=0;CPXPARAM_Barrier_Limits_Corrections=-1;CPXPARAM_Barrier_Ordering=0;CPXPARAM_Barrier_StartAlg=1;CPXPARAM_Emphasis_MIP=5;CPXPARAM_Emphasis_Memory=0;CPXPARAM_Emphasis_Numerical=0;CPXPARAM_Feasopt_Mode=0;CPXPARAM_LPMethod=0;CPXPARAM_MIP_Cuts_Cliques=0;CPXPARAM_MIP_Cuts_Covers=0;CPXPARAM_MIP_Cuts_Disjunctive=0;CPXPARAM_MIP_Cuts_FlowCovers=1;CPXPARAM_MIP_Cuts_GUBCovers=0;CPXPARAM_MIP_Cuts_Gomory=0;CPXPARAM_MIP_Cuts_Implied=0;CPXPARAM_MIP_Cuts_MIRCut=0;CPXPARAM_MIP_Cuts_PathCut=0;CPXPARAM_MIP_Limits_AggForCut=3;CPXPARAM_MIP_Limits_CutPasses=0;CPXPARAM_MIP_Limits_CutsFactor=-1;CPXPARAM_MIP_Limits_GomoryCand=200;CPXPARAM_MIP_Limits_GomoryPass=0;CPXPARAM_MIP_Limits_Nodes=9223372036800000000;CPXPARAM_MIP_Limits_ProbeTime=1e+75;CPXPARAM_MIP_Limits_RepairTries=0;CPXPARAM_MIP_Limits_StrongCand=10;CPXPARAM_MIP_Limits_StrongIt=0;CPXPARAM_MIP_OrderType=0;CPXPARAM_MIP_Strategy_BBInterval=7;CPXPARAM_MIP_Strategy_Branch=0;CPXPARAM_MIP_Strategy_Dive=0;CPXPARAM_MIP_Strategy_File=1;CPXPARAM_MIP_Strategy_HeuristicFreq=0;CPXPARAM_MIP_Strategy_LBHeur=0;CPXPARAM_MIP_Strategy_NodeSelect=1;CPXPARAM_MIP_Strategy_Order=1;CPXPARAM_MIP_Strategy_PresolveNode=0;CPXPARAM_MIP_Strategy_Probe=0;CPXPARAM_MIP_Strategy_RINSHeur=0;CPXPARAM_MIP_Strategy_StartAlgorithm=0;CPXPARAM_MIP_Strategy_SubAlgorithm=0;CPXPARAM_MIP_Strategy_VariableSelect=-1;CPXPARAM_Network_NetFind=2;CPXPARAM_Network_Pricing=0;CPXPARAM_Parallel=1;CPXPARAM_Preprocessing_Aggregator=-1;CPXPARAM_Preprocessing_BoundStrength=-1;CPXPARAM_Preprocessing_CoeffReduce=-1;CPXPARAM_Preprocessing_Dependency=-1;CPXPARAM_Preprocessing_Dual=0;CPXPARAM_Preprocessing_Fill=10;CPXPARAM_Preprocessing_NumPass=-1;CPXPARAM_Preprocessing_Presolve=1;CPXPARAM_Preprocessing_QPMakePSD=1;CPXPARAM_Preprocessing_Reduce=3;CPXPARAM_Preprocessing_Relax=-1;CPXPARAM_Preprocessing_RepeatPresolve=-1;CPXPARAM_Preprocessing_Symmetry=-1;CPXPARAM_Read_Scale=0;CPXPARAM_Sifting_Algorithm=0;CPXPARAM_Simplex_Crash=1;CPXPARAM_Simplex_DGradient=0;CPXPARAM_Simplex_Limits_Perturbation=0;CPXPARAM_Simplex_Limits_Singularity=10;CPXPARAM_Simplex_PGradient=0;CPXPARAM_Simplex_Pricing=0;CPXPARAM_Simplex_Refactor=0
11722822428022996493,0,CPXPARAM_Advance=1;CPXPARAM_Barrier_Algorithm=0;CPXPARAM_Barrier_ColNonzeros=0;CPXPARAM_Barrier_Crossover=0;CPXPARAM_Barrier_Limits_Corrections=-1;CPXPARAM_Barrier_Ordering=0;CPXPARAM_Barrier_StartAlg=1;CPXPARAM_Emphasis_MIP=5;CPXPARAM_Emphasis_Memory=0;CPXPARAM_Emphasis_Numerical=0;CPXPARAM_Feasopt_Mode=0;CPXPARAM_LPMethod=0;CPXPARAM_MIP_Cuts_Cliques=0;CPXPARAM_MIP_Cuts_Covers=0;CPXPARAM_MIP_Cuts_Disjunctive=0;CPXPARAM_MIP_Cuts_FlowCovers=1;CPXPARAM_MIP_Cuts_GUBCovers=0;CPXPARAM_MIP_Cuts_Gomory=0;CPXPARAM_MIP_Cuts_Implied=0;CPXPARAM_MIP_Cuts_MIRCut=0;CPXPARAM_MIP_Cuts_PathCut=0;CPXPARAM_MIP_Limits_AggForCut=3;CPXPARAM_MIP_Limits_CutPasses=0;CPXPARAM_MIP_Limits_CutsFactor=-1;CPXPARAM_MIP_Limits_GomoryCand=200;CPXPARAM_MIP_Limits_GomoryPass=0;CPXPARAM_MIP_Limits_Nodes=9223372036800000000;CPXPARAM_MIP_Limits_ProbeTime=1e+75;CPXPARAM_MIP_Limits_RepairTries=0;CPXPARAM_MIP_Limits_StrongCand=10;CPXPARAM_MIP_Limits_StrongIt=0;CPXPARAM_MIP_OrderType=0;CPXPARAM_MIP_Strategy_BBInterval=7;CPXPARAM_MIP_Strategy_Branch=0;CPXPARAM_MIP_Strategy_Dive=0;CPXPARAM_MIP_Strategy_File=0;CPXPARAM_MIP_Strategy_HeuristicFreq=0;CPXPARAM_MIP_Strategy_LBHeur=0;CPXPARAM_MIP_Strategy_NodeSelect=1;CPXPARAM_MIP_Strategy_Order=1;CPXPARAM_MIP_Strategy_PresolveNode=0;CPXPARAM_MIP_Strategy_Probe=0;CPXPARAM_MIP_Strategy_RINSHeur=0;CPXPARAM_MIP_Strategy_StartAlgorithm=0;CPXPARAM_MIP_Strategy_SubAlgorithm=0;CPXPARAM_MIP_Strategy_VariableSelect=0;CPXPARAM_Network_NetFind=2;CPXPARAM_Network_Pricing=0;CPXPARAM_Parallel=1;CPXPARAM_Preprocessing_Aggregator=-1;CPXPARAM_Preprocessing_BoundStrength=-1;CPXPARAM_Preprocessing_CoeffReduce=-1;CPXPARAM_Preprocessing_Dependency=-1;CPXPARAM_Preprocessing_Dual=0;CPXPARAM_Preprocessing_Fill=10;CPXPARAM_Preprocessing_NumPass=-1;CPXPARAM_Preprocessing_Presolve=1;CPXPARAM_Preprocessing_QPMakePSD=1;CPXPARAM_Preprocessing_Reduce=3;CPXPARAM_Preprocessing_Relax=-1;CPXPARAM_Preprocessing_RepeatPresolve=-1;CPXPARAM_Preprocessing_Symmetry=-1;CPXPARAM_Read_Scale=0;CPXPARAM_Sifting_Algorithm=0;CPXPARAM_Simplex_Crash=1;CPXPARAM_Simplex_DGradient=0;CPXPARAM_Simplex_Limits_Perturbation=0;CPXPARAM_Simplex_Limits_Singularity=10;CPXPARAM_Simplex_PGradient=0;CPXPARAM_Simplex_Pricing=0;CPXPARAM_Simplex_Refactor=0
13025470872488051293,0,CPXPARAM_Advance=1;CPXPARAM_Barrier_Algorithm=0;CPXPARAM_Barrier_ColNonzeros=0;CPXPARAM_Barrier_Crossover=0;CPXPARAM_Barrier_Limits_Corrections=-1;CPXPARAM_Barrier_Ordering=0;CPXPARAM_Barrier_StartAlg=1;CPXPARAM_Emphasis_MIP=5;CPXPARAM_Emphasis_Memory=0;CPXPARAM_Emphasis_Numerical=0;CPXPARAM_Feasopt_Mode=0;CPXPARAM_LPMethod=0;CPXPARAM_MIP_Cuts_Cliques=0;CPXPARAM_MIP_Cuts_Covers=0;CPXPARAM_MIP_Cuts_Disjunctive=0;CPXPARAM_MIP_Cuts_FlowCovers=1;CPXPARAM_MIP_Cuts_GUBCovers=0;CPXPARAM_MIP_Cuts_Gomory=0;CPXPARAM_MIP_Cuts_Implied=0;CPXPARAM_MIP_Cuts_MIRCut=0;CPXPARAM_MIP_Cuts_PathCut=0;CPXPARAM_MIP_Limits_AggForCut=3;CPXPARAM_MIP_Limits_CutPasses=0;CPXPARAM_MIP_Limits_CutsFactor=-1;CPXPARAM_MIP_Limits_GomoryCand=200;CPXPARAM_MIP_Limits_GomoryPass=0;CPXPARAM_MIP_Limits_Nodes=9223372036800000000;CPXPARAM_MIP_Limits_ProbeTime=1e+75;CPXPARAM_MIP_Limits_RepairTries=0;CPXPARAM_MIP_Limits_StrongCand=10;CPXPARAM_MIP_Limits_StrongIt=0;CPXPARAM_MIP_OrderType=0;CPXPARAM_MIP_Strategy_BBInterval=7;CPXPARAM_MIP_Strategy_Branch=0;CPXPARAM_MIP_Strategy_Dive=0;CPXPARAM_MIP_Strategy_File=1;CPXPARAM_MIP_Strategy_HeuristicFreq=20;CPXPARAM_MIP_Strategy_LBHeur=0;CPXPARAM_MIP_Strategy_NodeSelect=1;CPXPARAM_MIP_Strategy_Order=1;CPXPARAM_MIP_Strategy_PresolveNode=0;CPXPARAM_MIP_Strategy_Probe=0;CPXPARAM_MIP_Strategy_RINSHeur=0;CPXPARAM_MIP_Strategy_StartAlgorithm=0;CPXPARAM_MIP_Strategy_SubAlgorithm=0;CPXPARAM_MIP_Strategy_VariableSelect=0;CPXPARAM_Network_NetFind=2;CPXPARAM_Network_Pricing=0;CPXPARAM_Parallel=1;CPXPARAM_Preprocessing_Aggregator=-1;CPXPARAM_Preprocessing_BoundStrength=-1;CPXPARAM_Preprocessing_CoeffReduce=-1;CPXPARAM_Preprocessing_Dependency=-1;CPXPARAM_Preprocessing_Dual=0;CPXPARAM_Preprocessing_Fill=10;CPXPARAM_Preprocessing_NumPass=-1;CPXPARAM_Preprocessing_Presolve=1;CPXPARAM_Preprocessing_QPMakePSD=1;CPXPARAM_Preprocessing_Reduce=3;CPXPARAM_Preprocessing_Relax=-1;CPXPARAM_Preprocessing_RepeatPresolve=-1;CPXPARAM_Preprocessing_Symmetry=-1;CPXPARAM_Read_Scale=0;CPXPARAM_Sifting_Algorithm=0;CPXPARAM_Simplex_Crash=1;CPXPARAM_Simplex_DGradient=0;CPXPARAM_Simplex_Limits_Perturbation=0;CPXPARAM_Simplex_Limits_Singularity=10;CPXPARAM_Simplex_PGradient=0;CPXPARAM_Simplex_Pricing=0;CPXPARAM_Simplex_Refactor=0
6295774103868232041,0,CPXPARAM_Advance=1;CPXPARAM_Barrier_Algorithm=0;CPXPARAM_Barrier_ColNonzeros=0;CPXPARAM_Barrier_Crossover=0;CPXPARAM_Barrier_Limits_Corrections=-1;CPXPARAM_Barrier_Ordering=0;CPXPARAM_Barrier_StartAlg=1;CPXPARAM_Emphasis_MIP=5;CPXPARAM_Emphasis_Memory=0;CPXPARAM_Emphasis_Numerical=0;CPXPARAM_Feasopt_Mode=0;CPXPARAM_LPMethod=0;CPXPARAM_MIP_Cuts_Cliques=0;CPXPARAM_MIP_Cuts_Covers=0;CPXPARAM_MIP_Cuts_Disjunctive=0;CPXPARAM_MIP_Cuts_FlowCovers=1;CPXPARAM_MIP_Cuts_GUBCovers=0;CPXPARAM_MIP_Cuts_Gomory=0;CPXPARAM_MIP_Cuts_Implied=0;CPXPARAM_MIP_Cuts_MIRCut=0;CPXPARAM_MIP_Cuts_PathCut=0;CPXPARAM_MIP_Limits_AggForCut=3;CPXPARAM_MIP_Limits_CutPasses=0;CPXPARAM_MIP_Limits_CutsFactor=-1;CPXPARAM_MIP_Limits_GomoryCand=200;CPXPARAM_MIP_Limits_GomoryPass=0;CPXPARAM_MIP_Limits_Nodes=9223372036800000000;CPXPARAM_MIP_Limits_ProbeTime=1e+75;CPXPARAM_MIP_Limits_RepairTries=0;CPXPARAM_MIP_Limits_StrongCand=10;CPXPARAM_MIP_Limits_StrongIt=0;CPXPARAM_MIP_OrderType=0;CPXPARAM_MIP_Strategy_BBInterval=7;CPXPARAM_MIP_Strategy_Branch=0;CPXPARAM_MIP_Strategy_Dive=0;CPXPARAM_MIP_Strategy_File=1;CPXPARAM_MIP_Strategy_HeuristicFreq=0;CPXPARAM_MIP_Strategy_LBHeur=0;CPXPARAM_MIP_Strategy_NodeSelect=1;CPXPARAM_MIP_Strategy_Order=1;CPXPARAM_MIP_Strategy_PresolveNode=0;CPXPARAM_MIP_Strategy_Probe=2;CPXPARAM_MIP_Strategy_RINSHeur=0;CPXPARAM_MIP_Strategy_StartAlgorithm=0;CPXPARAM_MIP_Strategy_SubAlgorithm=0;CPXPARAM_MIP_Strategy_VariableSelect=0;CPXPARAM_Network_NetFind=2;CPXPARAM_Network_Pricing=0;CPXPARAM_Parallel=1;CPXPARAM_Preprocessing_Aggregator=-1;CPXPARAM_Preprocessing_BoundStrength=-1;CPXPARAM_Preprocessing_CoeffReduce=-1;CPXPARAM_Preprocessing_Dependency=-1;CPXPARAM_Preprocessing_Dual=0;CPXPARAM_Preprocessing_Fill=10;CPXPARAM_Preprocessing_NumPass=-1;CPXPARAM_Preprocessing_Presolve=1;CPXPARAM_Preprocessing_QPMakePSD=1;CPXPARAM_Preprocessing_Reduce=3;CPXPARAM_Preprocessing_Relax=-1;CPXPARAM_Preprocessing_RepeatPresolve=-1;CPXPARAM_Preprocessing_Symmetry=-1;CPXPARAM_Read_Scale=0;CPXPARAM_Sifting_Algorithm=0;CPXPARAM_Simplex_Crash=1;CPXPARAM_Simplex_DGradient=0;CPXPARAM_Simplex_Limits_Perturbation=0;CPXPARAM_Simplex_Limits_Singularity=10;CPXPARAM_Simplex_PGradient=0;CPXPARAM_Simplex_Pricing=0;CPXPARAM_Simplex_Refactor=0
6511906073941028966,0,CPXPARAM_Advance=1;CPXPARAM_Barrier_Algorithm=0;CPXPARAM_Barrier_ColNonzeros=0;CPXPARAM_Barrier_Crossover=0;CPXPARAM_Barrier_Limits_Corrections=-1;CPXPARAM_Barrier_Ordering=0;CPXPARAM_Barrier_StartAlg=1;CPXPARAM_Emphasis_MIP=5;CPXPARAM_Emphasis_Memory=0;CPXPARAM_Emphasis_Numerical=0;CPXPARAM_Feasopt_Mode=0;CPXPARAM_LPMethod=0;CPXPARAM_MIP_Cuts_Cliques=0;CPXPARAM_MIP_Cuts_Covers=0;CPXPARAM_MIP_Cuts_Disjunctive=0;CPXPARAM_MIP_Cuts_FlowCovers=1;CPXPARAM_MIP_Cuts_GUBCovers=0;CPXPARAM_MIP_Cuts_Gomory=0;CPXPARAM_MIP_Cuts_Implied=0;CPXPARAM_MIP_Cuts_MIRCut=0;CPXPARAM_MIP_Cuts_PathCut=0;CPXPARAM_MIP_Limits_AggForCut=3;CPXPARAM_MIP_Limits_CutPasses=0;CPXPARAM_MIP_Limits_CutsFactor=-1;CPXPARAM_MIP_Limits_GomoryCand=200;CPXPARAM_MIP_Limits_GomoryPass=0;CPXPARAM_MIP_Limits_Nodes=9223372036800000000;CPXPARAM_MIP_Limits_ProbeTime=1;CPXPARAM_MIP_Limits_RepairTries=0;CPXPARAM_MIP_Limits_StrongCand=10;CPXPARAM_MIP_Limits_StrongIt=0;CPXPARAM_MIP_OrderType=0;CPXPARAM_MIP_Strategy_BBInterval=7;CPXPARAM_MIP_Strategy_Branch=0;CPXPARAM_MIP_Strategy_Dive=0;CPXPARAM_MIP_Strategy_File=1;CPXPARAM_MIP_Strategy_HeuristicFreq=0;CPXPARAM_MIP_Strategy_LBHeur=0;CPXPARAM_MIP_Strategy_NodeSelect=1;CPXPARAM_MIP_Strategy_Order=1;CPXPARAM_MIP_Strategy_PresolveNode=0;CPXPARAM_MIP_Strategy_Probe=0;CPXPARAM_MIP_Strategy_RINSHeur=0;CPXPARAM_MIP_Strategy_StartAlgorithm=0;CPXPARAM_MIP_Strategy_SubAlgorithm=0;CPXPARAM_MIP_Strategy_VariableSelect=0;CPXPARAM_Network_NetFind=2;CPXPARAM_Network_Pricing=0;CPXPARAM_Parallel=1;CPXPARAM_Preprocessing_Aggregator=-1;CPXPARAM_Preprocessing_BoundStrength=-1;CPXPARAM_Preprocessing_CoeffReduce=-1;CPXPARAM_Preprocessing_Dependency=-1;CPXPARAM_Preprocessing_Dual=0;CPXPARAM_Preprocessing_Fill=10;CPXPARAM_Preprocessing_NumPass=-1;CPXPARAM_Preprocessing_Presolve=1;CPXPARAM_Preprocessing_QPMakePSD=1;CPXPARAM_Preprocessing_Reduce=3;CPXPARAM_Preprocessing_Relax=-1;CPXPARAM_Preprocessing_RepeatPresolve=-1;CPXPARAM_Preprocessing_Symmetry=-1;CPXPARAM_Read_Scale=0;CPXPARAM_Sifting_Algorithm=0;CPXPARAM_Simplex_Crash=1;CPXPARAM_Simplex_DGradient=0;CPXPARAM_Simplex_Limits_Perturbation=0;CPXPARAM_Simplex_Limits_Singularity=10;CPXPARAM_Simplex_PGradient=0;CPXPARAM_Simplex_Pricing=0;CPXPARAM_Simplex_Refactor=0
6431638171608657243,0,CPXPARAM_Advance=1;CPXPARAM_Barrier_Algorithm=0;CPXPARAM_Barrier_ColNonzeros=0;CPXPARAM_Barrier_Crossover=0;CPXPARAM_Barrier_Limits_Corrections=-1;CPXPARAM_Barrier_Ordering=0;CPXPARAM_Barrier_StartAlg=1;CPXPARAM_Emphasis_MIP=5;CPXPARAM_Emphasis_Memory=0;CPXPARAM_Emphasis_Numerical=0;CPXPARAM_Feasopt_Mode=0;CPXPARAM_LPMethod=0;CPXPARAM_MIP_Cuts_Cliques=0;CPXPARAM_MIP_Cuts_Covers=0;CPXPARAM_MIP_Cuts_Disjunctive=0;CPXPARAM_MIP_Cuts_FlowCovers=1;CPXPARAM_MIP_Cuts_GUBCovers=0;CPXPARAM_MIP_Cuts_Gomory=0;CPXPARAM_MIP_Cuts_Implied=0;CPXPARAM_MIP_Cuts_MIRCut=0;CPXPARAM_MIP_Cuts_PathCut=0;CPXPARAM_MIP_Limits_AggForCut=3;CPXPARAM_MIP_Limits_CutPasses=0;CPXPARAM_MIP_Limits_CutsFactor=-1;CPXPARAM_MIP_Limits_GomoryCand=200;CPXPARAM_MIP_Limits_GomoryPass=0;CPXPARAM_MIP_Limits_Nodes=9223372036800000000;CPXPARAM_MIP_Limits_ProbeTime=1e+75;CPXPARAM_MIP_Limits_RepairTries=0;CPXPARAM_MIP_Limits_StrongCand=10;CPXPARAM_MIP_Limits_StrongIt=0;CPXPARAM_MIP_OrderType=0;CPXPARAM_MIP_Strategy_BBInterval=3;CPXPARAM_MIP_Strategy_Branch=0;CPXPARAM_MIP_Strategy_Dive=0;CPXPARAM_MIP_Strategy_File=1;CPXPARAM_MIP_Strategy_HeuristicFreq=0;CPXPARAM_MIP_Strategy_LBHeur=0;CPXPARAM_MIP_Strategy_NodeSelect=1;CPXPARAM_MIP_Strategy_Order=1;CPXPARAM_MIP_Strategy_PresolveNode=0;CPXPARAM_MIP_Strategy_Probe=0;CPXPARAM_MIP_Strategy_RINSHeur=0;CPXPARAM_MIP_Strategy_StartAlgorithm=0;CPXPARAM_MIP_Strategy_SubAlgorithm=0;CPXPARAM_MIP_Strategy_VariableSelect=0;CPXPARAM_Network_NetFind=2;CPXPARAM_Network_Pricing=0;CPXPARAM_Parallel=1;CPXPARAM_Preprocessing_Aggregator=-1;CPXPARAM_Preprocessing_BoundStrength=-1;CPXPARAM_Preprocessing_CoeffReduce=-1;CPXPARAM_Preprocessing_Dependency=-1;CPXPARAM_Preprocessing_Dual=0;CPXPARAM_Preprocessing_Fill=10;CPXPARAM_Preprocessing_NumPass=-1;CPXPARAM_Preprocessing_Presolve=1;CPXPARAM_Preprocessing_QPMakePSD=1;CPXPARAM_Preprocessing_Reduce=3;CPXPARAM_Preprocessing_Relax=-1;CPXPARAM_Preprocessing_RepeatPresolve=-1;CPXPARAM_Preprocessing_Symmetry=-1;CPXPARAM_Read_Scale=0;CPXPARAM_Sifting_Algorithm=0;CPXPARAM_Simplex_Crash=1;CPXPARAM_Simplex_DGradient=0;CPXPARAM_Simplex_Limits_Perturbation=0;CPXPARAM_Simplex_Limits_Singularity=10;CPXPARAM_Simplex_PGradient=0;CPXPARAM_Simplex_Pricing=0;CPXPARAM_Simplex_Refactor=0
7960757864082492537,0,CPXPARAM_Advance=1;CPXPARAM_Barrier_Algorithm=0;CPXPARAM_Barrier_ColNonzeros=0;CPXPARAM_Barrier_Crossover=0;CPXPARAM_Barrier_Limits_Corrections=-1;CPXPARAM_Barrier_Ordering=0;CPXPARAM_Barrier_StartAlg=1;CPXPARAM_Emphasis_MIP=5;CPXPARAM_Emphasis_Memory=0;CPXPARAM_Emphasis_Numerical=0;CPXPARAM_Feasopt_Mode=0;CPXPARAM_LPMethod=0;CPXPARAM_MIP_Cuts_Cliques=0;CPXPARAM_MIP_Cuts_Covers=0;CPXPARAM_MIP_Cuts_Disjunctive=0;CPXPARAM_MIP_Cuts_FlowCovers=1;CPXPARAM_MIP_Cuts_GUBCovers=0;CPXPARAM_MIP_Cuts_Gomory=0;CPXPARAM_MIP_Cuts_Implied=0;CPXPARAM_MIP_Cuts_MIRCut=0;CPXPARAM_MIP_Cuts_PathCut=0;CPXPARAM_MIP_Limits_AggForCut=3;CPXPARAM_MIP_Limits_CutPasses=0;CPXPARAM_MIP_Limits_CutsFactor=-1;CPXPARAM_MIP_Limits_GomoryCand=200;CPXPARAM_MIP_Limits_GomoryPass=0;CPXPARAM_MIP_Limits_Nodes=9223372036800000000;CPXPARAM_MIP_Limits_ProbeTime=1e+75;CPXPARAM_MIP_Limits_RepairTries=0;CPXPARAM_MIP_Limits_StrongCand=10;CPXPARAM_MIP_Limits_StrongIt=0;CPXPARAM_MIP_OrderType=1;CPXPARAM_MIP_Strategy_BBInterval=7;CPXPARAM_MIP_Strategy_Branch=0;CPXPARAM_MIP_Strategy_Dive=0;CPXPARAM_MIP_Strategy_File=1;CPXPARAM_MIP_Strategy_HeuristicFreq=0;CPXPARAM_MIP_Strategy_LBHeur=0;CPXPARAM_MIP_Strategy_NodeSelect=1;CPXPARAM_MIP_Strategy_Order=1;CPXPARAM_MIP_Strategy_PresolveNode=0;CPXPARAM_MIP_Strategy_Probe=0;CPXPARAM_MIP_Strategy_RINSHeur=0;CPXPARAM_MIP_Strategy_StartAlgorithm=0;CPXPARAM_MIP_Strategy_SubAlgorithm=0;CPXPARAM_MIP_Strategy_VariableSelect=0;CPXPARAM_Network_NetFind=2;CPXPARAM_Network_Pricing=0;CPXPARAM_Parallel=1;CPXPARAM_Preprocessing_Aggregator=-1;CPXPARAM_Preprocessing_BoundStrength=-1;CPXPARAM_Preprocessing_CoeffReduce=-1;CPXPARAM_Preprocessing_Dependency=-1;CPXPARAM_Preprocessing_Dual=0;CPXPARAM_Preprocessing_Fill=10;CPXPARAM_Preprocessing_NumPass=-1;CPXPARAM_Preprocessing_Presolve=1;CPXPARAM_Preprocessing_QPMakePSD=1;CPXPARAM_Preprocessing_Reduce=3;CPXPARAM_Preprocessing_Relax=-1;CPXPARAM_Preprocessing_RepeatPresolve=-1;CPXPARAM_Preprocessing_Symmetry=-1;CPXPARAM_Read_Scale=0;CPXPARAM_Sifting_Algorithm=0;CPXPARAM_Simplex_Crash=1;CPXPARAM_Simplex_DGradient=0;CPXPARAM_Simplex_Limits_Perturbation=0;CPXPARAM_Simplex_Limits_Singularity=10;CPXPARAM_Simplex_PGradient=0;CPXPARAM_Simplex_Pricing=0;CPXPARAM_Simplex_Refactor=0
17425415898166955819,0,CPXPARAM_Advance=1;CPXPARAM_Barrier_Algorithm=0;CPXPARAM_Barrier_ColNonzeros=0;CPXPARAM_Barrier_Crossover=0;CPXPARAM_Barrier_Limits_Corrections=-1;CPXPARAM_Barrier_Ordering=0;CPXPARAM_Barrier_StartAlg=1;CPXPARAM_Emphasis_MIP=5;CPXPARAM_Emphasis_Memory=0;CPXPARAM_Emphasis_Numerical=0;CPXPARAM_Feasopt_Mode=0;CPXPARAM_LPMethod=0;CPXPARAM_MIP_Cuts_Cliques=0;CPXPARAM_MIP_Cuts_Covers=0;CPXPARAM_MIP_Cuts_Disjunctive=0;CPXPARAM_MIP_Cuts_FlowCovers=1;CPXPARAM_MIP_Cuts_GUBCovers=0;CPXPARAM_MIP_Cuts_Gomory=0;CPXPARAM_MIP_Cuts_Implied=0;CPXPARAM_MIP_Cuts_MIRCut=0;CPXPARAM_MIP_Cuts_PathCut=0;CPXPARAM_MIP_Limits_AggForCut=3;CPXPARAM_MIP_Limits_CutPasses=0;CPXPARAM_MIP_Limits_CutsFactor=-1;CPXPARAM_MIP_Limits_GomoryCand=200;CPXPARAM_MIP_Limits_GomoryPass=0;CPXPARAM_MIP_Limits_Nodes=9223372036800000000;CPXPARAM_MIP_Limits_ProbeTime=1e+75;CPXPARAM_MIP_Limits_RepairTries=0;CPXPARAM_MIP_Limits_StrongCand=10;CPXPARAM_MIP_Limits_StrongIt=0;CPXPARAM_MIP_OrderType=0;CPXPARAM_MIP_Strategy_BBInterval=7;CPXPARAM_MIP_Strategy_Branch=0;CPXPARAM_MIP_Strategy_Dive=0;CPXPARAM_MIP_Strategy_File=1;CPXPARAM_MIP_Strategy_HeuristicFreq=40;CPXPARAM_MIP_Strategy_LBHeur=0;CPXPARAM_MIP_Strategy_NodeSelect=1;CPXPARAM_MIP_Strategy_Order=1;CPXPARAM_MIP_Strategy_PresolveNode=0;CPXPARAM_MIP_Strategy_Probe=0;CPXPARAM_MIP_Strategy_RINSHeur=0;CPXPARAM_MIP_Strategy_StartAlgorithm=0;CPXPARAM_MIP_Strategy_SubAlgorithm=0;CPXPARAM_MIP_Strategy_VariableSelect=0;CPXPARAM_Network_NetFind=2;CPXPARAM_Network_Pricing=0;CPXPARAM_Parallel=1;CPXPARAM_Preprocessing_Aggregator=-1;CPXPARAM_Preprocessing_BoundStrength=-1;CPXPARAM_Preprocessing_CoeffReduce=-1;CPXPARAM_Preprocessing_Dependency=-1;CPXPARAM_Preprocessing_Dual=0;CPXPARAM_Preprocessing_Fill=10;CPXPARAM_Preprocessing_NumPass=-1;CPXPARAM_Preprocessing_Presolve=1;CPXPARAM_Preprocessing_QPMakePSD=1;CPXPARAM_Preprocessing_Reduce=3;CPXPARAM_Preprocessing_Relax=-1;CPXPARAM_Preprocessing_RepeatPresolve=-1;CPXPARAM_Preprocessing_Symmetry=-1;CPXPARAM_Read_Scale=0;CPXPARAM_Sifting_Algorithm=0;CPXPARAM_Simplex_Crash=1;CPXPARAM_Simplex_DGradient=0;CPXPARAM_Simplex_Limits_Perturbation=0;CPXPARAM_Simplex_Limits_Singularity=10;CPXPARAM_Simplex_PGradient=0;CPXPARAM_Simplex_Pricing=0;CPXPARAM_Simplex_Refactor=0
9133066277983788961,0,CPXPARAM_Advance=1;CPXPARAM_Barrier_Algorithm=0;CPXPARAM_Barrier_ColNonzeros=0;CPXPARAM_Barrier_Crossover=0;CPXPARAM_Barrier_Limits_Corrections=-1;CPXPARAM_Barrier_Ordering=0;CPXPARAM_Barrier_StartAlg=1;CPXPARAM_Emphasis_MIP=1;CPXPARAM_Emphasis_Memory=0;CPXPARAM_Emphasis_Numerical=0;CPXPARAM_Feasopt_Mode=0;CPXPARAM_LPMethod=0;CPXPARAM_MIP_Cuts_Cliques=1;CPXPARAM_MIP_Cuts_Covers=0;CPXPARAM_MIP_Cuts_Disjunctive=-1;CPXPARAM_MIP_Cuts_FlowCovers=-1;CPXPARAM_MIP_Cuts_GUBCovers=1;CPXPARAM_MIP_Cuts_Gomory=1;CPXPARAM_MIP_Cuts_Implied=1;CPXPARAM_MIP_Cuts_MIRCut=-1;CPXPARAM_MIP_Cuts_PathCut=-1;CPXPARAM_MIP_Limits_AggForCut=3;CPXPARAM_MIP_Limits_CutPasses=0;CPXPARAM_MIP_Limits_CutsFactor=-1;CPXPARAM_MIP_Limits_GomoryCand=10;CPXPARAM_MIP_Limits_GomoryPass=0;CPXPARAM_MIP_Limits_Nodes=9223372036800000000;CPXPARAM_MIP_Limits_ProbeTime=1e+75;CPXPARAM_MIP_Limits_RepairTries=0;CPXPARAM_MIP_Limits_StrongCand=10;CPXPARAM_MIP_Limits_StrongIt=0;CPXPARAM_MIP_OrderType=2;CPXPARAM_MIP_Strategy_BBInterval=7;CPXPARAM_MIP_Strategy_Branch=0;CPXPARAM_MIP_Strategy_Dive=0;CPXPARAM_MIP_Strategy_File=2;CPXPARAM_MIP_Strategy_HeuristicFreq=0;CPXPARAM_MIP_Strategy_LBHeur=0;CPXPARAM_MIP_Strategy_NodeSelect=1;CPXPARAM_MIP_Strategy_Order=1;CPXPARAM_MIP_Strategy_PresolveNode=0;CPXPARAM_MIP_Strategy_Probe=0;CPXPARAM_MIP_Strategy_RINSHeur=0;CPXPARAM_MIP_Strategy_StartAlgorithm=0;CPXPARAM_MIP_Strategy_SubAlgorithm=0;CPXPARAM_MIP_Strategy_VariableSelect=0;CPXPARAM_Network_NetFind=3;CPXPARAM_Network_Pricing=1;CPXPARAM_Parallel=1;CPXPARAM_Preprocessing_Aggregator=-1;CPXPARAM_Preprocessing_BoundStrength=-1;CPXPARAM_Preprocessing_CoeffReduce=-1;CPXPARAM_Preprocessing_Dependency=-1;CPXPARAM_Preprocessing_Dual=-1;CPXPARAM_Preprocessing_Fill=10;CPXPARAM_Preprocessing_NumPass=-1;CPXPARAM_Preprocessing_Presolve=1;CPXPARAM_Preprocessing_QPMakePSD=1;CPXPARAM_Preprocessing_Reduce=3;CPXPARAM_Preprocessing_Relax=1;CPXPARAM_Preprocessing_RepeatPresolve=-1;CPXPARAM_Preprocessing_Symmetry=-1;CPXPARAM_Read_Scale=0;CPXPARAM_Sifting_Algorithm=0;CPXPARAM_Simplex_Crash=1;CPXPARAM_Simplex_DGradient=0;CPXPARAM_Simplex_Limits_Perturbation=0;CPXPARAM_Simplex_Limits_Singularity=10;CPXPARAM_Simplex_PGradient=-1;CPXPARAM_Simplex_Pricing=0;CPXPARAM_Simplex_Refactor=0
16041095272913867758,0,CPXPARAM_Advance=1;CPXPARAM_Barrier_Algorithm=0;CPXPARAM_Barrier_ColNonzeros=0;CPXPARAM_Barrier_Crossover=0;CPXPARAM_Barrier_Limits_Corrections=-1;CPXPARAM_Barrier_Ordering=0;CPXPARAM_Barrier_StartAlg=1;CPXPARAM_Emphasis_MIP=5;CPXPARAM_Emphasis_Memory=0;CPXPARAM_Emphasis_Numerical=0;CPXPARAM_Feasopt_Mode=0;CPXPARAM_LPMethod=0;CPXPARAM_MIP_Cuts_Cliques=0;CPXPARAM_MIP_Cuts_Covers=0;CPXPARAM_MIP_Cuts_Disjunctive=0;CPXPARAM_MIP_Cuts_FlowCovers=1;CPXPARAM_MIP_Cuts_GUBCovers=0;CPXPARAM_MIP_Cuts_Gomory=0;CPXPARAM_MIP_Cuts_Implied=0;CPXPARAM_MIP_Cuts_MIRCut=0;CPXPARAM_MIP_Cuts_PathCut=0;CPXPARAM_MIP_Limits_AggForCut=3;CPXPARAM_MIP_Limits_CutPasses=0;CPXPARAM_MIP_Limits_CutsFactor=-1;CPXPARAM_MIP_Limits_GomoryCand=200;CPXPARAM_MIP_Limits_GomoryPass=0;CPXPARAM_MIP_Limits_Nodes=9223372036800000000;CPXPARAM_MIP_Limits_ProbeTime=1e+75;CPXPARAM_MIP_Limits_RepairTries=0;CPXPARAM_MIP_Limits_StrongCand=10;CPXPARAM_MIP_Limits_StrongIt=0;CPXPARAM_MIP_OrderType=0;CPXPARAM_MIP_Strategy_BBInterval=7;CPXPARAM_MIP_Strategy_Branch=0;CPXPARAM_MIP_Strategy_Dive=0;CPXPARAM_MIP_Strategy_File=1;CPXPARAM_MIP_Strategy_HeuristicFreq=0;CPXPARAM_MIP_Strategy_LBHeur=0;CPXPARAM_MIP_Strategy_NodeSelect=1;CPXPARAM_MIP_Strategy_Order=1;CPXPARAM_MIP_Strategy_PresolveNode=0;CPXPARAM_MIP_Strategy_Probe=0;CPXPARAM_MIP_Strategy_RINSHeur=0;CPXPARAM_MIP_Strategy_StartAlgorithm=0;CPXPARAM_MIP_Strategy_SubAlgorithm=0;CPXPARAM_MIP_Strategy_VariableSelect=0;CPXPARAM_Network_NetFind=2;CPXPARAM_Network_Pricing=2;CPXPARAM_Parallel=1;CPXPARAM_Preprocessing_Aggregator=-1;CPXPARAM_Preprocessing_BoundStrength=-1;CPXPARAM_Preprocessing_CoeffReduce=-1;CPXPARAM_Preprocessing_Dependency=-1;CPXPARAM_Preprocessing_Dual=0;CPXPARAM_Preprocessing_Fill=10;CPXPARAM_Preprocessing_NumPass=-1;CPXPARAM_Preprocessing_Presolve=1;CPXPARAM_Preprocessing_QPMakePSD=1;CPXPARAM_Preprocessing_Reduce=3;CPXPARAM_Preprocessing_Relax=-1;CPXPARAM_Preprocessing_RepeatPresolve=-1;CPXPARAM_Preprocessing_Symmetry=-1;CPXPARAM_Read_Scale=0;CPXPARAM_Sifting_Algorithm=0;CPXPARAM_Simplex_Crash=1;CPXPARAM_Simplex_DGradient=0;CPXPARAM_Simplex_Limits_Perturbation=0;CPXPARAM_Simplex_Limits_Singularity=10;CPXPARAM_Simplex_PGradient=0;CPXPARAM_Simplex_Pricing=0;CPXPARAM_Simplex_Refactor=0
2671522183611337299,0,CPXPARAM_Advance=1;CPXPARAM_Barrier_Algorithm=0;CPXPARAM_Barrier_ColNonzeros=0;CPXPARAM_Barrier_Crossover=0;CPXPARAM_Barrier_Limits_Corrections=-1;CPXPARAM_Barrier_Ordering=1;CPXPARAM_Barrier_StartAlg=1;CPXPARAM_Emphasis_MIP=5;CPXPARAM_Emphasis_Memory=0;CPXPARAM_Emphasis_Numerical=0;CPXPARAM_Feasopt_Mode=0;CPXPARAM_LPMethod=0;CPXPARAM_MIP_Cuts_Cliques=0;CPXPARAM_MIP_Cuts_Covers=0;CPXPARAM_MIP_Cuts_Disjunctive=0;CPXPARAM_MIP_Cuts_FlowCovers=1;CPXPARAM_MIP_Cuts_GUBCovers=0;CPXPARAM_MIP_Cuts_Gomory=0;CPXPARAM_MIP_Cuts_Implied=0;CPXPARAM_MIP_Cuts_MIRCut=0;CPXPARAM_MIP_Cuts_PathCut=0;CPXPARAM_MIP_Limits_AggForCut=3;CPXPARAM_MIP_Limits_CutPasses=0;CPXPARAM_MIP_Limits_CutsFactor=-1;CPXPARAM_MIP_Limits_GomoryCand=200;CPXPARAM_MIP_Limits_GomoryPass=0;CPXPARAM_MIP_Limits_Nodes=9223372036800000000;CPXPARAM_MIP_Limits_ProbeTime=1e+75;CPXPARAM_MIP_Limits_RepairTries=0;CPXPARAM_MIP_Limits_StrongCand=10;CPXPARAM_MIP_Limits_StrongIt=0;CPXPARAM_MIP_OrderType=0;CPXPARAM_MIP_Strategy_BBInterval=7;CPXPARAM_MIP_Strategy_Branch=0;CPXPARAM_MIP_Strategy_Dive=0;CPXPARAM_MIP_Strategy_File=1;CPXPARAM_MIP_Strategy_HeuristicFreq=0;CPXPARAM_MIP_Strategy_LBHeur=0;CPXPARAM_MIP_Strategy_NodeSelect=1;CPXPARAM_MIP_Strategy_Order=1;CPXPARAM_MIP_Strategy_PresolveNode=0;CPXPARAM_MIP_Strategy_Probe=0;CPXPARAM_MIP_Strategy_RINSHeur=0;CPXPARAM_MIP_Strategy_StartAlgorithm=0;CPXPARAM_MIP_Strategy_SubAlgorithm=0;CPXPARAM_MIP_Strategy_VariableSelect=0;CPXPARAM_Network_NetFind=2;CPXPARAM_Network_Pricing=0;CPXPARAM_Parallel=1;CPXPARAM_Preprocessing_Aggregator=-1;CPXPARAM_Preprocessing_BoundStrength=-1;CPXPARAM_Preprocessing_CoeffReduce=-1;CPXPARAM_Preprocessing_Dependency=-1;CPXPARAM_Preprocessing_Dual=0;CPXPARAM_Preprocessing_Fill=10;CPXPARAM_Preprocessing_NumPass=-1;CPXPARAM_Preprocessing_Presolve=1;CPXPARAM_Preprocessing_QPMakePSD=1;CPXPARAM_Preprocessing_Reduce=3;CPXPARAM_Preprocessing_Relax=-1;CPXPARAM_Preprocessing_RepeatPresolve=-1;CPXPARAM_Preprocessing_Symmetry=-1;CPXPARAM_Read_Scale=0;CPXPARAM_Sifting_Algorithm=0;CPXPARAM_Simplex_Crash=1;CPXPARAM_Simplex_DGradient=0;CPXPARAM_Simplex_Limits_Perturbation=0;CPXPARAM_Simplex_Limits_Singularity=10;CPXPARAM_Simplex_PGradient=0;CPXPARAM_Simplex_Pricing=0;CPXPARAM_Simplex_Refactor=0
12295930551298121980,0,CPXPARAM_Advance=1;CPXPARAM_Barrier_Algorithm=0;CPXPARAM_Barrier_ColNonzeros=0;CPXPARAM_Barrier_Crossover=0;CPXPARAM_Barrier_Limits_Corrections=-1;CPXPARAM_Barrier_Ordering=0;CPXPARAM_Barrier_StartAlg=1;CPXPARAM_Emphasis_MIP=5;CPXPARAM_Emphasis_Memory=0;CPXPARAM_Emphasis_Numerical=0;CPXPARAM_Feasopt_Mode=0;CPXPARAM_LPMethod=0;CPXPARAM_MIP_Cuts_Cliques=0;CPXPARAM_MIP_Cuts_Covers=0;CPXPARAM_MIP_Cuts_Disjunctive=2;CPXPARAM_MIP_Cuts_FlowCovers=0;CPXPARAM_MIP_Cuts_GUBCovers=2;CPXPARAM_MIP_Cuts_Gomory=0;CPXPARAM_MIP_Cuts_Implied=1;CPXPARAM_MIP_Cuts_MIRCut=-1;CPXPARAM_MIP_Cuts_PathCut=2;CPXPARAM_MIP_Limits_AggForCut=3;CPXPARAM_MIP_Limits_CutPasses=0;CPXPARAM_MIP_Limits_CutsFactor=-1;CPXPARAM_MIP_Limits_GomoryCand=400;CPXPARAM_MIP_Limits_GomoryPass=0;CPXPARAM_MIP_Limits_Nodes=9223372036800000000;CPXPARAM_MIP_Limits_ProbeTime=1e+75;CPXPARAM_MIP_Limits_RepairTries=0;CPXPARAM_MIP_Limits_StrongCand=10;CPXPARAM_MIP_Limits_StrongIt=0;CPXPARAM_MIP_OrderType=0;CPXPARAM_MIP_Strategy_BBInterval=7;CPXPARAM_MIP_Strategy_Branch=0;CPXPARAM_MIP_Strategy_Dive=0;CPXPARAM_MIP_Strategy_File=1;CPXPARAM_MIP_Strategy_HeuristicFreq=0;CPXPARAM_MIP_Strategy_LBHeur=0;CPXPARAM_MIP_Strategy_NodeSelect=1;CPXPARAM_MIP_Strategy_Order=1;CPXPARAM_MIP_Strategy_PresolveNode=0;CPXPARAM_MIP_Strategy_Probe=0;CPXPARAM_MIP_Strategy_RINSHeur=0;CPXPARAM_MIP_Strategy_StartAlgorithm=0;CPXPARAM_MIP_Strategy_SubAlgorithm=0;CPXPARAM_MIP_Strategy_VariableSelect=0;CPXPARAM_Network_NetFind=2;CPXPARAM_Network_Pricing=0;CPXPARAM_Parallel=1;CPXPARAM_Preprocessing_Aggregator=-1;CPXPARAM_Preprocessing_BoundStrength=-1;CPXPARAM_Preprocessing_CoeffReduce=-1;CPXPARAM_Preprocessing_Dependency=-1;CPXPARAM_Preprocessing_Dual=0;CPXPARAM_Preprocessing_Fill=10;CPXPARAM_Preprocessing_NumPass=-1;CPXPARAM_Preprocessing_Presolve=1;CPXPARAM_Preprocessing_QPMakePSD=1;CPXPARAM_Preprocessing_Reduce=3;CPXPARAM_Preprocessing_Relax=-1;CPXPARAM_Preprocessing_RepeatPresolve=-1;CPXPARAM_Preprocessing_Symmetry=-1;CPXPARAM_Read_Scale=0;CPXPARAM_Sifting_Algorithm=0;CPXPARAM_Simplex_Crash=1;CPXPARAM_Simplex_DGradient=0;CPXPARAM_Simplex_Limits_Perturbation=0;CPXPARAM_Simplex_Limits_Singularity=10;CPXPARAM_Simplex_PGradient=0;CPXPARAM_Simplex_Pricing=0;CPXPARAM_Simplex_Refactor=0
13956730078803840182,0,CPXPARAM_Advance=1;CPXPARAM_Barrier_Algorithm=0;CPXPARAM_Barrier_ColNonzeros=0;CPXPARAM_Barrier_Crossover=0;CPXPARAM_Barrier_Limits_Corrections=-1;CPXPARAM_Barrier_Ordering=0;CPXPARAM_Barrier_StartAlg=1;CPXPARAM_Emphasis_MIP=5;CPXPARAM_Emphasis_Memory=0;CPXPARAM_Emphasis_Numerical=0;CPXPARAM_Feasopt_Mode=0;CPXPARAM_LPMethod=0;CPXPARAM_MIP_Cuts_Cliques=0;CPXPARAM_MIP_Cuts_Covers=0;CPXPARAM_MIP_Cuts_Disjunctive=0;CPXPARAM_MIP_Cuts_FlowCovers=1;CPXPARAM_MIP_Cuts_GUBCovers=0;CPXPARAM_MIP_Cuts_Gomory=0;CPXPARAM_MIP_Cuts_Implied=0;CPXPARAM_MIP_Cuts_MIRCut=0;CPXPARAM_MIP_Cuts_PathCut=0;CPXPARAM_MIP_Limits_AggForCut=3;CPXPARAM_MIP_Limits_CutPasses=0;CPXPARAM_MIP_Limits_CutsFactor=-1;CPXPARAM_MIP_Limits_GomoryCand=200;CPXPARAM_MIP_Limits_GomoryPass=0;CPXPARAM_MIP_Limits_Nodes=9223372036800000000;CPXPARAM_MIP_Limits_ProbeTime=1e+75;CPXPARAM_MIP_Limits_RepairTries=0;CPXPARAM_MIP_Limits_StrongCand=10;CPXPARAM_MIP_Limits_StrongIt=0;CPXPARAM_MIP_OrderType=0;CPXPARAM_MIP_Strategy_BBInterval=7;CPXPARAM_MIP_Strategy_Branch=0;CPXPARAM_MIP_Strategy_Dive=0;CPXPARAM_MIP_Strategy_File=1;CPXPARAM_MIP_Strategy_HeuristicFreq=0;CPXPARAM_MIP_Strategy_LBHeur=0;CPXPARAM_MIP_Strategy_NodeSelect=1;CPXPARAM_MIP_Strategy_Order=1;CPXPARAM_MIP_Strategy_PresolveNode=0;CPXPARAM_MIP_Strategy_Probe=0;CPXPARAM_MIP_Strategy_RINSHeur=0;CPXPARAM_MIP_Strategy_StartAlgorithm=0;CPXPARAM_MIP_Strategy_SubAlgorithm=0;CPXPARAM_MIP_Strategy_VariableSelect=0;CPXPARAM_Network_NetFind=2;CPXPARAM_Network_Pricing=0;CPXPARAM_Parallel=1;CPXPARAM_Preprocessing_Aggregator=-1;CPXPARAM_Preprocessing_BoundStrength=-1;CPXPARAM_Preprocessing_CoeffReduce=-1;CPXPARAM_Preprocessing_Dependency=-1;CPXPARAM_Preprocessing_Dual=0;CPXPARAM_Preprocessing_Fill=20;CPXPARAM_Preprocessing_NumPass=-1;CPXPARAM_Preprocessing_Presolve=1;CPXPARAM_Preprocessing_QPMakePSD=1;CPXPARAM_Preprocessing_Reduce=3;CPXPARAM_Preprocessing_Relax=-1;CPXPARAM_Preprocessing_RepeatPresolve=-1;CPXPARAM_Preprocessing_Symmetry=-1;CPXPARAM_Read_Scale=0;CPXPARAM_Sifting_Algorithm=0;CPXPARAM_Simplex_Crash=1;CPXPARAM_Simplex_DGradient=0;CPXPARAM_Simplex_Limits_Perturbation=0;CPXPARAM_Simplex_Limits_Singularity=10;CPXPARAM_Simplex_PGradient=0;CPXPARAM_Simplex_Pricing=0;CPXPARAM_Simplex_Refactor=0
11381649577758823537,0,CPXPARAM_Advance=1;CPXPARAM_Barrier_Algorithm=0;CPXPARAM_Barrier_ColNonzeros=0;CPXPARAM_Barrier_Crossover=0;CPXPARAM_Barrier_Limits_Corrections=-1;CPXPARAM_Barrier_Ordering=0;CPXPARAM_Barrier_StartAlg=1;CPXPARAM_Emphasis_MIP=5;CPXPARAM_Emphasis_Memory=0;CPXPARAM_Emphasis_Numerical=0;CPXPARAM_Feasopt_Mode=0;CPXPARAM_LPMethod=0;CPXPARAM_MIP_Cuts_Cliques=0;CPXPARAM_MIP_Cuts_Covers=0;CPXPARAM_MIP_Cuts_Disjunctive=0;CPXPARAM_MIP_Cuts_FlowCovers=1;CPXPARAM_MIP_Cuts_GUBCovers=0;CPXPARAM_MIP_Cuts_Gomory=0;CPXPARAM_MIP_Cuts_Implied=0;CPXPARAM_MIP_Cuts_MIRCut=0;CPXPARAM_MIP_Cuts_PathCut=0;CPXPARAM_MIP_Limits_AggForCut=3;CPXPARAM_MIP_Limits_CutPasses=0;CPXPARAM_MIP_Limits_CutsFactor=-1;CPXPARAM_MIP_Limits_GomoryCand=200;CPXPARAM_MIP_Limits_GomoryPass=0;CPXPARAM_MIP_Limits_Nodes=9223372036800000000;CPXPARAM_MIP_Limits_ProbeTime=1e+75;CPXPARAM_MIP_Limits_RepairTries=0;CPXPARAM_MIP_Limits_StrongCand=10;CPXPARAM_MIP_Limits_StrongIt=0;CPXPARAM_MIP_OrderType=0;CPXPARAM_MIP_Strategy_BBInterval=7;CPXPARAM_MIP_Strategy_Branch=0;CPXPARAM_MIP_Strategy_Dive=2;CPXPARAM_MIP_Strategy_File=1;CPXPARAM_MIP_Strategy_HeuristicFreq=0;CPXPARAM_MIP_Strategy_LBHeur=0;CPXPARAM_MIP_Strategy_NodeSelect=1;CPXPARAM_MIP_Strategy_Order=1;CPXPARAM_MIP_Strategy_PresolveNode=0;CPXPARAM_MIP_Strategy_Probe=0;CPXPARAM_MIP_Strategy_RINSHeur=0;CPXPARAM_MIP_Strategy_StartAlgorithm=0;CPXPARAM_MIP_Strategy_SubAlgorithm=0;CPXPARAM_MIP_Strategy_VariableSelect=0;CPXPARAM_Network_NetFind=2;CPXPARAM_Network_Pricing=0;CPXPARAM_Parallel=1;CPXPARAM_Preprocessing_Aggregator=-1;CPXPARAM_Preprocessing_BoundStrength=-1;CPXPARAM_Preprocessing_CoeffReduce=-1;CPXPARAM_Preprocessing_Dependency=-1;CPXPARAM_Preprocessing_Dual=0;CPXPARAM_Preprocessing_Fill=10;CPXPARAM_Preprocessing_NumPass=-1;CPXPARAM_Preprocessing_Presolve=1;CPXPARAM_Preprocessing_QPMakePSD=1;CPXPARAM_Preprocessing_Reduce=3;CPXPARAM_Preprocessing_Relax=-1;CPXPARAM_Preprocessing_RepeatPresolve=-1;CPXPARAM_Preprocessing_Symmetry=-1;CPXPARAM_Read_Scale=0;CPXPARAM_Sifting_Algorithm=0;CPXPARAM_Simplex_Crash=1;CPXPARAM_Simplex_DGradient=0;CPXPARAM_Simplex_Limits_Perturbation=0;CPXPARAM_Simplex_Limits_Singularity=10;CPXPARAM_Simplex_PGradient=0;CPXPARAM_Simplex_Pricing=0;CPXPARAM_Simplex_Refactor=0
2436346384960243993,0,CPXPARAM_Advance=1;CPXPARAM_Barrier_Algorithm=0;CPXPARAM_Barrier_ColNonzeros=0;CPXPARAM_Barrier_Crossover=0;CPXPARAM_Barrier_Limits_Corrections=-1;CPXPARAM_Barrier_Ordering=0;CPXPARAM_Barrier_StartAlg=1;CPXPARAM_Emphasis_MIP=5;CPXPARAM_Emphasis_Memory=0;CPXPARAM_Emphasis_Numerical=0;CPXPARAM_Feasopt_Mode=0;CPXPARAM_LPMethod=0;CPXPARAM_MIP_Cuts_Cliques=0;CPXPARAM_MIP_Cuts_Covers=1;CPXPARAM_MIP_Cuts_Disjunctive=0;CPXPARAM_MIP_Cuts_FlowCovers=1;CPXPARAM_MIP_Cuts_GUBCovers=0;CPXPARAM_MIP_Cuts_Gomory=0;CPXPARAM_MIP_Cuts_Implied=0;CPXPARAM_MIP_Cuts_MIRCut=0;CPXPARAM_MIP_Cuts_PathCut=0;CPXPARAM_MIP_Limits_AggForCut=3;CPXPARAM_MIP_Limits_CutPasses=0;CPXPARAM_MIP_Limits_CutsFactor=-1;CPXPARAM_MIP_Limits_GomoryCand=200;CPXPARAM_MIP_Limits_GomoryPass=0;CPXPARAM_MIP_Limits_Nodes=9223372036800000000;CPXPARAM_MIP_Limits_ProbeTime=1e+75;CPXPARAM_MIP_Limits_RepairTries=0;CPXPARAM_MIP_Limits_StrongCand=10;CPXPARAM_MIP_Limits_StrongIt=0;CPXPARAM_MIP_OrderType=0;CPXPARAM_MIP_Strategy_BBInterval=7;CPXPARAM_MIP_Strategy_Branch=0;CPXPARAM_MIP_Strategy_Dive=0;CPXPARAM_MIP_Strategy_File=1;CPXPARAM_MIP_Strategy_HeuristicFreq=0;CPXPARAM_MIP_Strategy_LBHeur=0;CPXPARAM_MIP_Strategy_NodeSelect=1;CPXPARAM_MIP_Strategy_Order=1;CPXPARAM_MIP_Strategy_PresolveNode=0;CPXPARAM_MIP_Strategy_Probe=0;CPXPARAM_MIP_Strategy_RINSHeur=0;CPXPARAM_MIP_Strategy_StartAlgorithm=0;CPXPARAM_MIP_Strategy_SubAlgorithm=0;CPXPARAM_MIP_Strategy_VariableSelect=0;CPXPARAM_Network_NetFind=2;CPXPARAM_Network_Pricing=0;CPXPARAM_Parallel=1;CPXPARAM_Preprocessing_Aggregator=-1;CPXPARAM_Preprocessing_BoundStrength=-1;CPXPARAM_Preprocessing_CoeffReduce=-1;CPXPARAM_Preprocessing_Dependency=-1;CPXPARAM_Preprocessing_Dual=0;CPXPARAM_Preprocessing_Fill=10;CPXPARAM_Preprocessing_NumPass=-1;CPXPARAM_Preprocessing_Presolve=1;CPXPARAM_Preprocessing_QPMakePSD=1;CPXPARAM_Preprocessing_Reduce=3;CPXPARAM_Preprocessing_Relax=-1;CPXPARAM_Preprocessing_RepeatPresolve=-1;CPXPARAM_Preprocessing_Symmetry=-1;CPXPARAM_Read_Scale=0;CPXPARAM_Sifting_Algorithm=0;CPXPARAM_Simplex_Crash=1;CPXPARAM_Simplex_DGradient=0;CPXPARAM_Simplex_Limits_Perturbation=0;CPXPARAM_Simplex_Limits_Singularity=10;CPXPARAM_Simplex_PGradient=0;CPXPARAM_Simplex_Pricing=0;CPXPARAM_Simplex_Refactor=0
9368038675014083537,0,CPXPARAM_Advance=1;CPXPARAM_Barrier_Algorithm=0;CPXPARAM_Barrier_ColNonzeros=0;CPXPARAM_Barrier_Crossover=0;CPXPARAM_Barrier_Limits_Corrections=-1;CPXPARAM_Barrier_Ordering=0;CPXPARAM_Barrier_StartAlg=1;CPXPARAM_Emphasis_MIP=5;CPXPARAM_Emphasis_Memory=0;CPXPARAM_Emphasis_Numerical=0;CPXPARAM_Feasopt_Mode=0;CPXPARAM_LPMethod=0;CPXPARAM_MIP_Cuts_Cliques=0;CPXPARAM_MIP_Cuts_Covers=0;CPXPARAM_MIP_Cuts_Disjunctive=0;CPXPARAM_MIP_Cuts_FlowCovers=1;CPXPARAM_MIP_Cuts_GUBCovers=0;CPXPARAM_MIP_Cuts_Gomory=0;CPXPARAM_MIP_Cuts_Implied=0;CPXPARAM_MIP_Cuts_MIRCut=0;CPXPARAM_MIP_Cuts_PathCut=0;CPXPARAM_MIP_Limits_AggForCut=3;CPXPARAM_MIP_Limits_CutPasses=0;CPXPARAM_MIP_Limits_CutsFactor=-1;CPXPARAM_MIP_Limits_GomoryCand=100;CPXPARAM_MIP_Limits_GomoryPass=0;CPXPARAM_MIP_Limits_Nodes=9223372036800000000;CPXPARAM_MIP_Limits_ProbeTime=1e+75;CPXPARAM_MIP_Limits_RepairTries=0;CPXPARAM_MIP_Limits_StrongCand=10;CPXPARAM_MIP_Limits_StrongIt=0;CPXPARAM_MIP_OrderType=0;CPXPARAM_MIP_Strategy_BBInterval=7;CPXPARAM_MIP_Strategy_Branch=0;CPXPARAM_MIP_Strategy_Dive=0;CPXPARAM_MIP_Strategy_File=1;CPXPARAM_MIP_Strategy_HeuristicFreq=0;CPXPARAM_MIP_Strategy_LBHeur=0;CPXPARAM_MIP_Strategy_NodeSelect=1;CPXPARAM_MIP_Strategy_Order=1;CPXPARAM_MIP_Strategy_PresolveNode=0;CPXPARAM_MIP_Strategy_Probe=0;CPXPARAM_MIP_Strategy_RINSHeur=0;CPXPARAM_MIP_Strategy_StartAlgorithm=0;CPXPARAM_MIP_Strategy_SubAlgorithm=0;CPXPARAM_MIP_Strategy_VariableSelect=0;CPXPARAM_Network_NetFind=2;CPXPARAM_Network_Pricing=0;CPXPARAM_Parallel=1;CPXPARAM_Preprocessing_Aggregator=-1;CPXPARAM_Preprocessing_BoundStrength=-1;CPXPARAM_Preprocessing_CoeffReduce=-1;CPXPARAM_Preprocessing_Dependency=-1;CPXPARAM_Preprocessing_Dual=0;CPXPARAM_Preprocessing_Fill=10;CPXPARAM_Preprocessing_NumPass=-1;CPXPARAM_Preprocessing_Presolve=1;CPXPARAM_Preprocessing_QPMakePSD=1;CPXPARAM_Preprocessing_Reduce=3;CPXPARAM_Preprocessing_Relax=-1;CPXPARAM_Preprocessing_RepeatPresolve=-1;CPXPARAM_Preprocessing_Symmetry=-1;CPXPARAM_Read_Scale=0;CPXPARAM_Sifting_Algorithm=0;CPXPARAM_Simplex_Crash=1;CPXPARAM_Simplex_DGradient=0;CPXPARAM_Simplex_Limits_Perturbation=0;CPXPARAM_Simplex_Limits_Singularity=10;CPXPARAM_Simplex_PGradient=0;CPXPARAM_Simplex_Pricing=0;CPXPARAM_Simplex_Refactor=0
7806943546221993531,0,CPXPARAM_Advance=1;CPXPARAM_Barrier_Algorithm=0;CPXPARAM_Barrier_ColNonzeros=0;CPXPARAM_Barrier_Crossover=0;CPXPARAM_Barrier_Limits_Corrections=-1;CPXPARAM_Barrier_Ordering=0;CPXPARAM_Barrier_StartAlg=1;CPXPARAM_Emphasis_MIP=5;CPXPARAM_Emphasis_Memory=0;CPXPARAM_Emphasis_Numerical=0;CPXPARAM_Feasopt_Mode=0;CPXPARAM_LPMethod=0;CPXPARAM_MIP_Cuts_Cliques=0;CPXPARAM_MIP_Cuts_Covers=0;CPXPARAM_MIP_Cuts_Disjunctive=0;CPXPARAM_MIP_Cuts_FlowCovers=1;CPXPARAM_MIP_Cuts_GUBCovers=0;CPXPARAM_MIP_Cuts_Gomory=0;CPXPARAM_MIP_Cuts_Implied=0;CPXPARAM_MIP_Cuts_MIRCut=0;CPXPARAM_MIP_Cuts_PathCut=0;CPXPARAM_MIP_Limits_AggForCut=3;CPXPARAM_MIP_Limits_CutPasses=0;CPXPARAM_MIP_Limits_CutsFactor=-1;CPXPARAM_MIP_Limits_GomoryCand=200;CPXPARAM_MIP_Limits_GomoryPass=0;CPXPARAM_MIP_Limits_Nodes=9223372036800000000;CPXPARAM_MIP_Limits_ProbeTime=1e+75;CPXPARAM_MIP_Limits_RepairTries=0;CPXPARAM_MIP_Limits_StrongCand=10;CPXPARAM_MIP_Limits_StrongIt=0;CPXPARAM_MIP_OrderType=0;CPXPARAM_MIP_Strategy_BBInterval=7;CPXPARAM_MIP_Strategy_Branch=0;CPXPARAM_MIP_Strategy_Dive=0;CPXPARAM_MIP_Strategy_File=1;CPXPARAM_MIP_Strategy_HeuristicFreq=0;CPXPARAM_MIP_Strategy_LBHeur=0;CPXPARAM_MIP_Strategy_NodeSelect=1;CPXPARAM_MIP_Strategy_Order=1;CPXPARAM_MIP_Strategy_PresolveNode=0;CPXPARAM_MIP_Strategy_Probe=0;CPXPARAM_MIP_Strategy_RINSHeur=0;CPXPARAM_MIP_Strategy_StartAlgorithm=0;CPXPARAM_MIP_Strategy_SubAlgorithm=0;CPXPARAM_MIP_Strategy_VariableSelect=0;CPXPARAM_Network_NetFind=2;CPXPARAM_Network_Pricing=0;CPXPARAM_Parallel=1;CPXPARAM_Preprocessing_Aggregator=-1;CPXPARAM_Preprocessing_BoundStrength=-1;CPXPARAM_Preprocessing_CoeffReduce=-1;CPXPARAM_Preprocessing_Dependency=-1;CPXPARAM_Preprocessing_Dual=0;CPXPARAM_Preprocessing_Fill=10;CPXPARAM_Preprocessing_NumPass=-1;CPXPARAM_Preprocessing_Presolve=1;CPXPARAM_Preprocessing_QPMakePSD=1;CPXPARAM_Preprocessing_Reduce=3;CPXPARAM_Preprocessing_Relax=-1;CPXPARAM_Preprocessing_RepeatPresolve=-1;CPXPARAM_Preprocessing_Symmetry=-1;CPXPARAM_Read_Scale=0;CPXPARAM_Sifting_Algorithm=0;CPXPARAM_Simplex_Crash=0;CPXPARAM_Simplex_DGradient=0;CPXPARAM_Simplex_Limits_Perturbation=0;CPXPARAM_Simplex_Limits_Singularity=10;CPXPARAM_Simplex_PGradient=0;CPXPARAM_Simplex_Pricing=0;CPXPARAM_Simplex_Refactor=0
836676339191768431,0,CPXPARAM_Advance=1;CPXPARAM_Barrier_Algorithm=0;CPXPARAM_Barrier_ColNonzeros=0;CPXPARAM_Barrier_Crossover=0;CPXPARAM_Barrier_Limits_Corrections=-1;CPXPARAM_Barrier_Ordering=0;CPXPARAM_Barrier_StartAlg=1;CPXPARAM_Emphasis_MIP=5;CPXPARAM_Emphasis_Memory=0;CPXPARAM_Emphasis_Numerical=0;CPXPARAM_Feasopt_Mode=0;CPXPARAM_LPMethod=0;CPXPARAM_MIP_Cuts_Cliques=0;CPXPARAM_MIP_Cuts_Covers=0;CPXPARAM_MIP_Cuts_Disjunctive=0;CPXPARAM_MIP_Cuts_FlowCovers=1;CPXPARAM_MIP_Cuts_GUBCovers=0;CPXPARAM_MIP_Cuts_Gomory=0;CPXPARAM_MIP_Cuts_Implied=0;CPXPARAM_MIP_Cuts_MIRCut=0;CPXPARAM_MIP_Cuts_PathCut=0;CPXPARAM_MIP_Limits_AggForCut=3;CPXPARAM_MIP_Limits_CutPasses=0;CPXPARAM_MIP_Limits_CutsFactor=-1;CPXPARAM_MIP_Limits_GomoryCand=200;CPXPARAM_MIP_Limits_GomoryPass=0;CPXPARAM_MIP_Limits_Nodes=9223372036800000000;CPXPARAM_MIP_Limits_ProbeTime=1e+75;CPXPARAM_MIP_Limits_RepairTries=0;CPXPARAM_MIP_Limits_StrongCand=10;CPXPARAM_MIP_Limits_StrongIt=0;CPXPARAM_MIP_OrderType=0;CPXPARAM_MIP_Strategy_BBInterval=7;CPXPARAM_MIP_Strategy_Branch=0;CPXPARAM_MIP_Strategy_Dive=0;CPXPARAM_MIP_Strategy_File=1;CPXPARAM_MIP_Strategy_HeuristicFreq=0;CPXPARAM_MIP_Strategy_LBHeur=0;CPXPARAM_MIP_Strategy_NodeSelect=1;CPXPARAM_MIP_Strategy_Order=1;CPXPARAM_MIP_Strategy_PresolveNode=0;CPXPARAM_MIP_Strategy_Probe=0;CPXPARAM_MIP_Strategy_RINSHeur=0;CPXPARAM_MIP_Strategy_StartAlgorithm=0;CPXPARAM_MIP_Strategy_SubAlgorithm=0;CPXPARAM_MIP_Strategy_VariableSelect=0;CPXPARAM_Network_NetFind=2;CPXPARAM_Network_Pricing=0;CPXPARAM_Parallel=1;CPXPARAM_Preprocessing_Aggregator=-1;CPXPARAM_Preprocessing_BoundStrength=-1;CPXPARAM_Preprocessing_CoeffReduce=-1;CPXPARAM_Preprocessing_Dependency=-1;CPXPARAM_Preprocessing_Dual=1;CPXPARAM_Preprocessing_Fill=10;CPXPARAM_Preprocessing_NumPass=-1;CPXPARAM_Preprocessing_Presolve=1;CPXPARAM_Preprocessing_QPMakePSD=1;CPXPARAM_Preprocessing_Reduce=3;CPXPARAM_Preprocessing_Relax=-1;CPXPARAM_Preprocessing_RepeatPresolve=-1;CPXPARAM_Preprocessing_Symmetry=-1;CPXPARAM_Read_Scale=0;CPXPARAM_Sifting_Algorithm=0;CPXPARAM_Simplex_Crash=1;CPXPARAM_Simplex_DGradient=0;CPXPARAM_Simplex_Limits_Perturbation=0;CPXPARAM_Simplex_Limits_Singularity=10;CPXPARAM_Simplex_PGradient=0;CPXPARAM_Simplex_Pricing=0;CPXPARAM_Simplex_Refactor=0
6316873505675955240,0,CPXPARAM_Advance=1;CPXPARAM_Barrier_Algorithm=0;CPXPARAM_Barrier_ColNonzeros=0;CPXPARAM_Barrier_Crossover=0;CPXPARAM_Barrier_Limits_Corrections=-1;CPXPARAM_Barrier_Ordering=0;CPXPARAM_Barrier_StartAlg=1;CPXPARAM_Emphasis_MIP=5;CPXPARAM_Emphasis_Memory=0;CPXPARAM_Emphasis_Numerical=0;CPXPARAM_Feasopt_Mode=0;CPXPARAM_LPMethod=0;CPXPARAM_MIP_Cuts_Cliques=0;CPXPARAM_MIP_Cuts_Covers=0;CPXPARAM_MIP_Cuts_Disjunctive=0;CPXPARAM_MIP_Cuts_FlowCovers=1;CPXPARAM_MIP_Cuts_GUBCovers=0;CPXPARAM_MIP_Cuts_Gomory=0;CPXPARAM_MIP_Cuts_Implied=0;CPXPARAM_MIP_Cuts_MIRCut=0;CPXPARAM_MIP_Cuts_PathCut=0;CPXPARAM_MIP_Limits_AggForCut=3;CPXPARAM_MIP_Limits_CutPasses=0;CPXPARAM_MIP_Limits_CutsFactor=-1;CPXPARAM_MIP_Limits_GomoryCand=200;CPXPARAM_MIP_Limits_GomoryPass=0;CPXPARAM_MIP_Limits_Nodes=9223372036800000000;CPXPARAM_MIP_Limits_ProbeTime=1e+75;CPXPARAM_MIP_Limits_RepairTries=0;CPXPARAM_MIP_Limits_StrongCand=10;CPXPARAM_MIP_Limits_StrongIt=0;CPXPARAM_MIP_OrderType=0;CPXPARAM_MIP_Strategy_BBInterval=7;CPXPARAM_MIP_Strategy_Branch=0;CPXPARAM_MIP_Strategy_Dive=0;CPXPARAM_MIP_Strategy_File=1;CPXPARAM_MIP_Strategy_HeuristicFreq=0;CPXPARAM_MIP_Strategy_LBHeur=0;CPXPARAM_MIP_Strategy_NodeSelect=1;CPXPARAM_MIP_Strategy_Order=1;CPXPARAM_MIP_Strategy_PresolveNode=0;CPXPARAM_MIP_Strategy_Probe=0;CPXPARAM_MIP_Strategy_RINSHeur=0;CPXPARAM_MIP_Strategy_StartAlgorithm=0;CPXPARAM_MIP_Strategy_SubAlgorithm=0;CPXPARAM_MIP_Strategy_VariableSelect=4;CPXPARAM_Network_NetFind=2;CPXPARAM_Network_Pricing=0;CPXPARAM_Parallel=1;CPXPARAM_Preprocessing_Aggregator=-1;CPXPARAM_Preprocessing_BoundStrength=-1;CPXPARAM_Preprocessing_CoeffReduce=-1;CPXPARAM_Preprocessing_Dependency=-1;CPXPARAM_Preprocessing_Dual=0;CPXPARAM_Preprocessing_Fill=10;CPXPARAM_Preprocessing_NumPass=-1;CPXPARAM_Preprocessing_Presolve=1;CPXPARAM_Preprocessing_QPMakePSD=1;CPXPARAM_Preprocessing_Reduce=3;CPXPARAM_Preprocessing_Relax=-1;CPXPARAM_Preprocessing_RepeatPresolve=-1;CPXPARAM_Preprocessing_Symmetry=-1;CPXPARAM_Read_Scale=0;CPXPARAM_Sifting_Algorithm=0;CPXPARAM_Simplex_Crash=1;CPXPARAM_Simplex_DGradient=0;CPXPARAM_Simplex_Limits_Perturbation=0;CPXPARAM_Simplex_Limits_Singularity=10;CPXPARAM_Simplex_PGradient=0;CPXPARAM_Simplex_Pricing=0;CPXPARAM_Simplex_Refactor=0
1502526133139611853,0,CPXPARAM_Advance=1;CPXPARAM_Barrier_Algorithm=0;CPXPARAM_Barrier_ColNonzeros=0;CPXPARAM_Barrier_Crossover=0;CPXPARAM_Barrier_Limits_Corrections=-1;CPXPARAM_Barrier_Ordering=0;CPXPARAM_Barrier_StartAlg=1;CPXPARAM_Emphasis_MIP=5;CPXPARAM_Emphasis_Memory=0;CPXPARAM_Emphasis_Numerical=0;CPXPARAM_Feasopt_Mode=0;CPXPARAM_LPMethod=0;CPXPARAM_MIP_Cuts_Cliques=0;CPXPARAM_MIP_Cuts_Covers=0;CPXPARAM_MIP_Cuts_Disjunctive=0;CPXPARAM_MIP_Cuts_FlowCovers=1;CPXPARAM_MIP_Cuts_GUBCovers=0;CPXPARAM_MIP_Cuts_Gomory=0;CPXPARAM_MIP_Cuts_Implied=0;CPXPARAM_MIP_Cuts_MIRCut=0;CPXPARAM_MIP_Cuts_PathCut=0;CPXPARAM_MIP_Limits_AggForCut=3;CPXPARAM_MIP_Limits_CutPasses=0;CPXPARAM_MIP_Limits_CutsFactor=-1;CPXPARAM_MIP_Limits_GomoryCand=200;CPXPARAM_MIP_Limits_GomoryPass=0;CPXPARAM_MIP_Limits_Nodes=9223372036800000000;CPXPARAM_MIP_Limits_ProbeTime=1e+75;CPXPARAM_MIP_Limits_RepairTries=0;CPXPARAM_MIP_Limits_StrongCand=10;CPXPARAM_MIP_Limits_StrongIt=0;CPXPARAM_MIP_OrderType=0;CPXPARAM_MIP_Strategy_BBInterval=7;CPXPARAM_MIP_Strategy_Branch=0;CPXPARAM_MIP_Strategy_Dive=0;CPXPARAM_MIP_Strategy_File=1;CPXPARAM_MIP_Strategy_HeuristicFreq=0;CPXPARAM_MIP_Strategy_LBHeur=0;CPXPARAM_MIP_Strategy_NodeSelect=1;CPXPARAM_MIP_Strategy_Order=1;CPXPARAM_MIP_Strategy_PresolveNode=0;CPXPARAM_MIP_Strategy_Probe=0;CPXPARAM_MIP_Strategy_RINSHeur=0;CPXPARAM_MIP_Strategy_StartAlgorithm=0;CPXPARAM_MIP_Strategy_SubAlgorithm=5;CPXPARAM_MIP_Strategy_VariableSelect=0;CPXPARAM_Network_NetFind=2;CPXPARAM_Network_Pricing=0;CPXPARAM_Parallel=1;CPXPARAM_Preprocessing_Aggregator=-1;CPXPARAM_Preprocessing_BoundStrength=-1;CPXPARAM_Preprocessing_CoeffReduce=-1;CPXPARAM_Preprocessing_Dependency=-1;CPXPARAM_Preprocessing_Dual=0;CPXPARAM_Preprocessing_Fill=10;CPXPARAM_Preprocessing_NumPass=-1;CPXPARAM_Preprocessing_Presolve=1;CPXPARAM_Preprocessing_QPMakePSD=1;CPXPARAM_Preprocessing_Reduce=3;CPXPARAM_Preprocessing_Relax=-1;CPXPARAM_Preprocessing_RepeatPresolve=-1;CPXPARAM_Preprocessing_Symmetry=-1;CPXPARAM_Read_Scale=0;CPXPARAM_Sifting_Algorithm=0;CPXPARAM_Simplex_Crash=1;CPXPARAM_Simplex_DGradient=0;CPXPARAM_Simplex_Limits_Perturbation=0;CPXPARAM_Simplex_Limits_Singularity=10;CPXPARAM_Simplex_PGradient=0;CPXPARAM_Simplex_Pricing=0;CPXPARAM_Simplex_Refactor=0
5624347858074113008,0,CPXPARAM_Advance=1;CPXPARAM_Barrier_Algorithm=0;CPXPARAM_Barrier_ColNonzeros=0;CPXPARAM_Barrier_Crossover=0;CPXPARAM_Barrier_Limits_Corrections=-1;CPXPARAM_Barrier_Ordering=0;CPXPARAM_Barrier_StartAlg=1;CPXPARAM_Emphasis_MIP=5;CPXPARAM_Emphasis_Memory=0;CPXPARAM_Emphasis_Numerical=0;CPXPARAM_Feasopt_Mode=0;CPXPARAM_LPMethod=0;CPXPARAM_MIP_Cuts_Cliques=0;CPXPARAM_MIP_Cuts_Covers=0;CPXPARAM_MIP_Cuts_Disjunctive=0;CPXPARAM_MIP_Cuts_FlowCovers=1;CPXPARAM_MIP_Cuts_GUBCovers=0;CPXPARAM_MIP_Cuts_Gomory=0;CPXPARAM_MIP_Cuts_Implied=-1;CPXPARAM_MIP_Cuts_MIRCut=0;CPXPARAM_MIP_Cuts_PathCut=0;CPXPARAM_MIP_Limits_AggForCut=3;CPXPARAM_MIP_Limits_CutPasses=0;CPXPARAM_MIP_Limits_CutsFactor=-1;CPXPARAM_MIP_Limits_GomoryCand=200;CPXPARAM_MIP_Limits_GomoryPass=0;CPXPARAM_MIP_Limits_Nodes=9223372036800000000;CPXPARAM_MIP_Limits_ProbeTime=1e+75;CPXPARAM_MIP_Limits_RepairTries=0;CPXPARAM_MIP_Limits_StrongCand=10;CPXPARAM_MIP_Limits_StrongIt=0;CPXPARAM_MIP_OrderType=0;CPXPARAM_MIP_Strategy_BBInterval=7;CPXPARAM_MIP_Strategy_Branch=0;CPXPARAM_MIP_Strategy_Dive=0;CPXPARAM_MIP_Strategy_File=1;CPXPARAM_MIP_Strategy_HeuristicFreq=0;CPXPARAM_MIP_Strategy_LBHeur=0;CPXPARAM_MIP_Strategy_NodeSelect=1;CPXPARAM_MIP_Strategy_Order=1;CPXPARAM_MIP_Strategy_PresolveNode=0;CPXPARAM_MIP_Strategy_Probe=0;CPXPARAM_MIP_Strategy_RINSHeur=0;CPXPARAM_MIP_Strategy_StartAlgorithm=0;CPXPARAM_MIP_Strategy_SubAlgorithm=0;CPXPARAM_MIP_Strategy_VariableSelect=0;CPXPARAM_Network_NetFind=2;CPXPARAM_Network_Pricing=0;CPXPARAM_Parallel=1;CPXPARAM_Preprocessing_Aggregator=-1;CPXPARAM_Preprocessing_BoundStrength=-1;CPXPARAM_Preprocessing_CoeffReduce=-1;CPXPARAM_Preprocessing_Dependency=-1;CPXPARAM_Preprocessing_Dual=0;CPXPARAM_Preprocessing_Fill=10;CPXPARAM_Preprocessing_NumPass=-1;CPXPARAM_Preprocessing_Presolve=1;CPXPARAM_Preprocessing_QPMakePSD=1;CPXPARAM_Preprocessing_Reduce=3;CPXPARAM_Preprocessing_Relax=-1;CPXPARAM_Preprocessing_RepeatPresolve=-1;CPXPARAM_Preprocessing_Symmetry=-1;CPXPARAM_Read_Scale=0;CPXPARAM_Sifting_Algorithm=0;CPXPARAM_Simplex_Crash=1;CPXPARAM_Simplex_DGradient=0;CPXPARAM_Simplex_Limits_Perturbation=0;CPXPARAM_Simplex_Limits_Singularity=10;CPXPARAM_Simplex_PGradient=0;CPXPARAM_Simplex_Pricing=0;CPXPARAM_Simplex_Refactor=0
6640341280984945488,0,CPXPARAM_Advance=1;CPXPARAM_Barrier_Algorithm=0;CPXPARAM_Barrier_ColNonzeros=0;CPXPARAM_Barrier_Crossover=0;CPXPARAM_Barrier_Limits_Corrections=-1;CPXPARAM_Barrier_Ordering=0;CPXPARAM_Barrier_StartAlg=1;CPXPARAM_Emphasis_MIP=5;CPXPARAM_Emphasis_Memory=0;CPXPARAM_Emphasis_Numerical=0;CPXPARAM_Feasopt_Mode=0;CPXPARAM_LPMethod=0;CPXPARAM_MIP_Cuts_Cliques=0;CPXPARAM_MIP_Cuts_Covers=0;CPXPARAM_MIP_Cuts_Disjunctive=2;CPXPARAM_MIP_Cuts_FlowCovers=-1;CPXPARAM_MIP_Cuts_GUBCovers=1;CPXPARAM_MIP_Cuts_Gomory=0;CPXPARAM_MIP_Cuts_Implied=1;CPXPARAM_MIP_Cuts_MIRCut=-1;CPXPARAM_MIP_Cuts_PathCut=2;CPXPARAM_MIP_Limits_AggForCut=3;CPXPARAM_MIP_Limits_CutPasses=0;CPXPARAM_MIP_Limits_CutsFactor=-1;CPXPARAM_MIP_Limits_GomoryCand=400;CPXPARAM_MIP_Limits_GomoryPass=0;CPXPARAM_MIP_Limits_Nodes=9223372036800000000;CPXPARAM_MIP_Limits_ProbeTime=1e+75;CPXPARAM_MIP_Limits_RepairTries=0;CPXPARAM_MIP_Limits_StrongCand=10;CPXPARAM_MIP_Limits_StrongIt=0;CPXPARAM_MIP_OrderType=0;CPXPARAM_MIP_Strategy_BBInterval=7;CPXPARAM_MIP_Strategy_Branch=0;CPXPARAM_MIP_Strategy_Dive=0;CPXPARAM_MIP_Strategy_File=1;CPXPARAM_MIP_Strategy_HeuristicFreq=0;CPXPARAM_MIP_Strategy_LBHeur=0;CPXPARAM_MIP_Strategy_NodeSelect=1;CPXPARAM_MIP_Strategy_Order=1;CPXPARAM_MIP_Strategy_PresolveNode=0;CPXPARAM_MIP_Strategy_Probe=0;CPXPARAM_MIP_Strategy_RINSHeur=0;CPXPARAM_MIP_Strategy_StartAlgorithm=0;CPXPARAM_MIP_Strategy_SubAlgorithm=0;CPXPARAM_MIP_Strategy_VariableSelect=0;CPXPARAM_Network_NetFind=2;CPXPARAM_Network_Pricing=0;CPXPARAM_Parallel=1;CPXPARAM_Preprocessing_Aggregator=-1;CPXPARAM_Preprocessing_BoundStrength=-1;CPXPARAM_Preprocessing_CoeffReduce=-1;CPXPARAM_Preprocessing_Dependency=-1;CPXPARAM_Preprocessing_Dual=0;CPXPARAM_Preprocessing_Fill=10;CPXPARAM_Preprocessing_NumPass=-1;CPXPARAM_Preprocessing_Presolve=1;CPXPARAM_Preprocessing_QPMakePSD=1;CPXPARAM_Preprocessing_Reduce=3;CPXPARAM_Preprocessing_Relax=-1;CPXPARAM_Preprocessing_RepeatPresolve=-1;CPXPARAM_Preprocessing_Symmetry=-1;CPXPARAM_Read_Scale=0;CPXPARAM_Sifting_Algorithm=0;CPXPARAM_Simplex_Crash=1;CPXPARAM_Simplex_DGradient=0;CPXPARAM_Simplex_Limits_Perturbation=0;CPXPARAM_Simplex_Limits_Singularity=10;CPXPARAM_Simplex_PGradient=0;CPXPARAM_Simplex_Pricing=0;CPXPARAM_Simplex_Refactor=0
166939165095692212,0,CPXPARAM_Advance=1;CPXPARAM_Barrier_Algorithm=0;CPXPARAM_Barrier_ColNonzeros=0;CPXPARAM_Barrier_Crossover=0;CPXPARAM_Barrier_Limits_Corrections=-1;CPXPARAM_Barrier_Ordering=0;CPXPARAM_Barrier_StartAlg=1;CPXPARAM_Emphasis_MIP=5;CPXPARAM_Emphasis_Memory=0;CPXPARAM_Emphasis_Numerical=0;CPXPARAM_Feasopt_Mode=0;CPXPARAM_LPMethod=0;CPXPARAM_MIP_Cuts_Cliques=0;CPXPARAM_MIP_Cuts_Covers=0;CPXPARAM_MIP_Cuts_Disjunctive=0;CPXPARAM_MIP_Cuts_FlowCovers=1;CPXPARAM_MIP_Cuts_GUBCovers=0;CPXPARAM_MIP_Cuts_Gomory=0;CPXPARAM_MIP_Cuts_Implied=0;CPXPARAM_MIP_Cuts_MIRCut=0;CPXPARAM_MIP_Cuts_PathCut=0;CPXPARAM_MIP_Limits_AggForCut=3;CPXPARAM_MIP_Limits_CutPasses=0;CPXPARAM_MIP_Limits_CutsFactor=-1;CPXPARAM_MIP_Limits_GomoryCand=200;CPXPARAM_MIP_Limits_GomoryPass=0;CPXPARAM_MIP_Limits_Nodes=9223372036800000000;CPXPARAM_MIP_Limits_ProbeTime=20;CPXPARAM_MIP_Limits_RepairTries=0;CPXPARAM_MIP_Limits_StrongCand=10;CPXPARAM_MIP_Limits_StrongIt=0;CPXPARAM_MIP_OrderType=0;CPXPARAM_MIP_Strategy_BBInterval=7;CPXPARAM_MIP_Strategy_Branch=0;CPXPARAM_MIP_Strategy_Dive=0;CPXPARAM_MIP_Strategy_File=1;CPXPARAM_MIP_Strategy_HeuristicFreq=0;CPXPARAM_MIP_Strategy_LBHeur=0;CPXPARAM_MIP_Strategy_NodeSelect=1;CPXPARAM_MIP_Strategy_Order=1;CPXPARAM_MIP_Strategy_PresolveNode=0;CPXPARAM_MIP_Strategy_Probe=0;CPXPARAM_MIP_Strategy_RINSHeur=0;CPXPARAM_MIP_Strategy_StartAlgorithm=0;CPXPARAM_MIP_Strategy_SubAlgorithm=0;CPXPARAM_MIP_Strategy_VariableSelect=0;CPXPARAM_Network_NetFind=2;CPXPARAM_Network_Pricing=0;CPXPARAM_Parallel=1;CPXPARAM_Preprocessing_Aggregator=-1;CPXPARAM_Preprocessing_BoundStrength=-1;CPXPARAM_Preprocessing_CoeffReduce=-1;CPXPARAM_Preprocessing_Dependency=-1;CPXPARAM_Preprocessing_Dual=0;CPXPARAM_Preprocessing_Fill=10;CPXPARAM_Preprocessing_NumPass=-1;CPXPARAM_Preprocessing_Presolve=1;CPXPARAM_Preprocessing_QPMakePSD=1;CPXPARAM_Preprocessing_Reduce=3;CPXPARAM_Preprocessing_Relax=-1;CPXPARAM_Preprocessing_RepeatPresolve=-1;CPXPARAM_Preprocessing_Symmetry=-1;CPXPARAM_Read_Scale=0;CPXPARAM_Sifting_Algorithm=0;CPXPARAM_Simplex_Crash=1;CPXPARAM_Simplex_DGradient=0;CPXPARAM_Simplex_Limits_Perturbation=0;CPXPARAM_Simplex_Limits_Singularity=10;CPXPARAM_Simplex_PGradient=0;CPXPARAM_Simplex_Pricing=0;CPXPARAM_Simplex_Refactor=0
3404563037251230767,0,CPXPARAM_Advance=1;CPXPARAM_Barrier_Algorithm=0;CPXPARAM_Barrier_ColNonzeros=0;CPXPARAM_Barrier_Crossover=0;CPXPARAM_Barrier_Limits_Corrections=-1;CPXPARAM_Barrier_Ordering=0;CPXPARAM_Barrier_StartAlg=1;CPXPARAM_Emphasis_MIP=5;CPXPARAM_Emphasis_Memory=0;CPXPARAM_Emphasis_Numerical=0;CPXPARAM_Feasopt_Mode=0;CPXPARAM_LPMethod=0;CPXPARAM_MIP_Cuts_Cliques=0;CPXPARAM_MIP_Cuts_Covers=0;CPXPARAM_MIP_Cuts_Disjunctive=2;CPXPARAM_MIP_Cuts_FlowCovers=-1;CPXPARAM_MIP_Cuts_GUBCovers=2;CPXPARAM_MIP_Cuts_Gomory=0;CPXPARAM_MIP_Cuts_Implied=1;CPXPARAM_MIP_Cuts_MIRCut=-1;CPXPARAM_MIP_Cuts_PathCut=2;CPXPARAM_MIP_Limits_AggForCut=3;CPXPARAM_MIP_Limits_CutPasses=0;CPXPARAM_MIP_Limits_CutsFactor=-1;CPXPARAM_MIP_Limits_GomoryCand=800;CPXPARAM_MIP_Limits_GomoryPass=0;CPXPARAM_MIP_Limits_Nodes=9223372036800000000;CPXPARAM_MIP_Limits_ProbeTime=1e+75;CPXPARAM_MIP_Limits_RepairTries=0;CPXPARAM_MIP_Limits_StrongCand=10;CPXPARAM_MIP_Limits_StrongIt=0;CPXPARAM_MIP_OrderType=0;CPXPARAM_MIP_Strategy_BBInterval=7;CPXPARAM_MIP_Strategy_Branch=0;CPXPARAM_MIP_Strategy_Dive=0;CPXPARAM_MIP_Strategy_File=1;CPXPARAM_MIP_Strategy_HeuristicFreq=0;CPXPARAM_MIP_Strategy_LBHeur=0;CPXPARAM_MIP_Strategy_NodeSelect=1;CPXPARAM_MIP_Strategy_Order=1;CPXPARAM_MIP_Strategy_PresolveNode=0;CPXPARAM_MIP_Strategy_Probe=0;CPXPARAM_MIP_Strategy_RINSHeur=0;CPXPARAM_MIP_Strategy_StartAlgorithm=0;CPXPARAM_MIP_Strategy_SubAlgorithm=0;CPXPARAM_MIP_Strategy_VariableSelect=0;CPXPARAM_Network_NetFind=2;CPXPARAM_Network_Pricing=0;CPXPARAM_Parallel=1;CPXPARAM_Preprocessing_Aggregator=-1;CPXPARAM_Preprocessing_BoundStrength=-1;CPXPARAM_Preprocessing_CoeffReduce=-1;CPXPARAM_Preprocessing_Dependency=-1;CPXPARAM_Preprocessing_Dual=0;CPXPARAM_Preprocessing_Fill=10;CPXPARAM_Preprocessing_NumPass=-1;CPXPARAM_Preprocessing_Presolve=1;CPXPARAM_Preprocessing_QPMakePSD=1;CPXPARAM_Preprocessing_Reduce=3;CPXPARAM_Preprocessing_Relax=-1;CPXPARAM_Preprocessing_RepeatPresolve=-1;CPXPARAM_Preprocessing_Symmetry=-1;CPXPARAM_Read_Scale=0;CPXPARAM_Sifting_Algorithm=0;CPXPARAM_Simplex_Crash=1;CPXPARAM_Simplex_DGradient=0;CPXPARAM_Simplex_Limits_Perturbation=0;CPXPARAM_Simplex_Limits_Singularity=10;CPXPARAM_Simplex_PGradient=0;CPXPARAM_Simplex_Pricing=0;CPXPARAM_Simplex_Refactor=0
1613267114075897129,0,CPXPARAM_Advance=1;CPXPARAM_Barrier_Algorithm=0;CPXPARAM_Barrier_ColNonzeros=0;CPXPARAM_Barrier_Crossover=0;CPXPARAM_Barrier_Limits_Corrections=-1;CPXPARAM_Barrier_Ordering=0;CPXPARAM_Barrier_StartAlg=1;CPXPARAM_Emphasis_MIP=5;CPXPARAM_Emphasis_Memory=0;CPXPARAM_Emphasis_Numerical=0;CPXPARAM_Feasopt_Mode=0;CPXPARAM_LPMethod=0;CPXPARAM_MIP_Cuts_Cliques=0;CPXPARAM_MIP_Cuts_Covers=0;CPXPARAM_MIP_Cuts_Disjunctive=0;CPXPARAM_MIP_Cuts_FlowCovers=1;CPXPARAM_MIP_Cuts_GUBCovers=0;CPXPARAM_MIP_Cuts_Gomory=0;CPXPARAM_MIP_Cuts_Implied=0;CPXPARAM_MIP_Cuts_MIRCut=0;CPXPARAM_MIP_Cuts_PathCut=0;CPXPARAM_MIP_Limits_AggForCut=3;CPXPARAM_MIP_Limits_CutPasses=0;CPXPARAM_MIP_Limits_CutsFactor=-1;CPXPARAM_MIP_Limits_GomoryCand=200;CPXPARAM_MIP_Limits_GomoryPass=0;CPXPARAM_MIP_Limits_Nodes=9223372036800000000;CPXPARAM_MIP_Limits_ProbeTime=10;CPXPARAM_MIP_Limits_RepairTries=0;CPXPARAM_MIP_Limits_StrongCand=10;CPXPARAM_MIP_Limits_StrongIt=0;CPXPARAM_MIP_OrderType=0;CPXPARAM_MIP_Strategy_BBInterval=7;CPXPARAM_MIP_Strategy_Branch=0;CPXPARAM_MIP_Strategy_Dive=0;CPXPARAM_MIP_Strategy_File=1;CPXPARAM_MIP_Strategy_HeuristicFreq=0;CPXPARAM_MIP_Strategy_LBHeur=0;CPXPARAM_MIP_Strategy_NodeSelect=1;CPXPARAM_MIP_Strategy_Order=1;CPXPARAM_MIP_Strategy_PresolveNode=0;CPXPARAM_MIP_Strategy_Probe=0;CPXPARAM_MIP_Strategy_RINSHeur=0;CPXPARAM_MIP_Strategy_StartAlgorithm=0;CPXPARAM_MIP_Strategy_SubAlgorithm=0;CPXPARAM_MIP_Strategy_VariableSelect=0;CPXPARAM_Network_NetFind=2;CPXPARAM_Network_Pricing=0;CPXPARAM_Parallel=1;CPXPARAM_Preprocessing_Aggregator=-1;CPXPARAM_Preprocessing_BoundStrength=-1;CPXPARAM_Preprocessing_CoeffReduce=-1;CPXPARAM_Preprocessing_Dependency=-1;CPXPARAM_Preprocessing_Dual=0;CPXPARAM_Preprocessing_Fill=10;CPXPARAM_Preprocessing_NumPass=-1;CPXPARAM_Preprocessing_Presolve=1;CPXPARAM_Preprocessing_QPMakePSD=1;CPXPARAM_Preprocessing_Reduce=3;CPXPARAM_Preprocessing_Relax=-1;CPXPARAM_Preprocessing_RepeatPresolve=-1;CPXPARAM_Preprocessing_Symmetry=-1;CPXPARAM_Read_Scale=0;CPXPARAM_Sifting_Algorithm=0;CPXPARAM_Simplex_Crash=1;CPXPARAM_Simplex_DGradient=0;CPXPARAM_Simplex_Limits_Perturbation=0;CPXPARAM_Simplex_Limits_Singularity=10;CPXPARAM_Simplex_PGradient=0;CPXPARAM_Simplex_Pricing=0;CPXPARAM_Simplex_Refactor=0
14461776511406461566,0,CPXPARAM_Advance=1;CPXPARAM_Barrier_Algorithm=0;CPXPARAM_Barrier_ColNonzeros=0;CPXPARAM_Barrier_Crossover=0;CPXPARAM_Barrier_Limits_Corrections=-1;CPXPARAM_Barrier_Ordering=0;CPXPARAM_Barrier_StartAlg=1;CPXPARAM_Emphasis_MIP=5;CPXPARAM_Emphasis_Memory=0;CPXPARAM_Emphasis_Numerical=0;CPXPARAM_Feasopt_Mode=0;CPXPARAM_LPMethod=0;CPXPARAM_MIP_Cuts_Cliques=0;CPXPARAM_MIP_Cuts_Covers=0;CPXPARAM_MIP_Cuts_Disjunctive=0;CPXPARAM_MIP_Cuts_FlowCovers=1;CPXPARAM_MIP_Cuts_GUBCovers=0;CPXPARAM_MIP_Cuts_Gomory=0;CPXPARAM_MIP_Cuts_Implied=0;CPXPARAM_MIP_Cuts_MIRCut=0;CPXPARAM_MIP_Cuts_PathCut=0;CPXPARAM_MIP_Limits_AggForCut=3;CPXPARAM_MIP_Limits_CutPasses=0;CPXPARAM_MIP_Limits_CutsFactor=-1;CPXPARAM_MIP_Limits_GomoryCand=200;CPXPARAM_MIP_Limits_GomoryPass=0;CPXPARAM_MIP_Limits_Nodes=9223372036800000000;CPXPARAM_MIP_Limits_ProbeTime=1e+75;CPXPARAM_MIP_Limits_RepairTries=0;CPXPARAM_MIP_Limits_StrongCand=10;CPXPARAM_MIP_Limits_StrongIt=0;CPXPARAM_MIP_OrderType=0;CPXPARAM_MIP_Strategy_BBInterval=7;CPXPARAM_MIP_Strategy_Branch=0;CPXPARAM_MIP_Strategy_Dive=0;CPXPARAM_MIP_Strategy_File=1;CPXPARAM_MIP_Strategy_HeuristicFreq=0;CPXPARAM_MIP_Strategy_LBHeur=0;CPXPARAM_MIP_Strategy_NodeSelect=1;CPXPARAM_MIP_Strategy_Order=1;CPXPARAM_MIP_Strategy_PresolveNode=0;CPXPARAM_MIP_Strategy_Probe=0;CPXPARAM_MIP_Strategy_RINSHeur=1000;CPXPARAM_MIP_Strategy_StartAlgorithm=0;CPXPARAM_MIP_Strategy_SubAlgorithm=0;CPXPARAM_MIP_Strategy_VariableSelect=0;CPXPARAM_Network_NetFind=2;CPXPARAM_Network_Pricing=0;CPXPARAM_Parallel=1;CPXPARAM_Preprocessing_Aggregator=-1;CPXPARAM_Preprocessing_BoundStrength=-1;CPXPARAM_Preprocessing_CoeffReduce=-1;CPXPARAM_Preprocessing_Dependency=-1;CPXPARAM_Preprocessing_Dual=0;CPXPARAM_Preprocessing_Fill=10;CPXPARAM_Preprocessing_NumPass=-1;CPXPARAM_Preprocessing_Presolve=1;CPXPARAM_Preprocessing_QPMakePSD=1;CPXPARAM_Preprocessing_Reduce=3;CPXPARAM_Preprocessing_Relax=-1;CPXPARAM_Preprocessing_RepeatPresolve=-1;CPXPARAM_Preprocessing_Symmetry=-1;CPXPARAM_Read_Scale=0;CPXPARAM_Sifting_Algorithm=0;CPXPARAM_Simplex_Crash=1;CPXPARAM_Simplex_DGradient=0;CPXPARAM_Simplex_Limits_Perturbation=0;CPXPARAM_Simplex_Limits_Singularity=10;CPXPARAM_Simplex_PGradient=0;CPXPARAM_Simplex_Pricing=0;CPXPARAM_Simplex_Refactor=0
14722010718077412309,0,CPXPARAM_Advance=1;CPXPARAM_Barrier_Algorithm=0;CPXPARAM_Barrier_ColNonzeros=0;CPXPARAM_Barrier_Crossover=0;CPXPARAM_Barrier_Limits_Corrections=-1;CPXPARAM_Barrier_Ordering=0;CPXPARAM_Barrier_StartAlg=1;CPXPARAM_Emphasis_MIP=5;CPXPARAM_Emphasis_Memory=0;CPXPARAM_Emphasis_Numerical=0;CPXPARAM_Feasopt_Mode=0;CPXPARAM_LPMethod=0;CPXPARAM_MIP_Cuts_Cliques=0;CPXPARAM_MIP_Cuts_Covers=0;CPXPARAM_MIP_Cuts_Disjunctive=2;CPXPARAM_MIP_Cuts_FlowCovers=-1;CPXPARAM_MIP_Cuts_GUBCovers=2;CPXPARAM_MIP_Cuts_Gomory=2;CPXPARAM_MIP_Cuts_Implied=1;CPXPARAM_MIP_Cuts_MIRCut=-1;CPXPARAM_MIP_Cuts_PathCut=2;CPXPARAM_MIP_Limits_AggForCut=3;CPXPARAM_MIP_Limits_CutPasses=0;CPXPARAM_MIP_Limits_CutsFactor=-1;CPXPARAM_MIP_Limits_GomoryCand=400;CPXPARAM_MIP_Limits_GomoryPass=0;CPXPARAM_MIP_Limits_Nodes=9223372036800000000;CPXPARAM_MIP_Limits_ProbeTime=1e+75;CPXPARAM_MIP_Limits_RepairTries=0;CPXPARAM_MIP_Limits_StrongCand=10;CPXPARAM_MIP_Limits_StrongIt=0;CPXPARAM_MIP_OrderType=0;CPXPARAM_MIP_Strategy_BBInterval=7;CPXPARAM_MIP_Strategy_Branch=0;CPXPARAM_MIP_Strategy_Dive=0;CPXPARAM_MIP_Strategy_File=1;CPXPARAM_MIP_Strategy_HeuristicFreq=0;CPXPARAM_MIP_Strategy_LBHeur=0;CPXPARAM_MIP_Strategy_NodeSelect=1;CPXPARAM_MIP_Strategy_Order=1;CPXPARAM_MIP_Strategy_PresolveNode=0;CPXPARAM_MIP_Strategy_Probe=0;CPXPARAM_MIP_Strategy_RINSHeur=0;CPXPARAM_MIP_Strategy_StartAlgorithm=0;CPXPARAM_MIP_Strategy_SubAlgorithm=0;CPXPARAM_MIP_Strategy_VariableSelect=0;CPXPARAM_Network_NetFind=2;CPXPARAM_Network_Pricing=0;CPXPARAM_Parallel=1;CPXPARAM_Preprocessing_Aggregator=-1;CPXPARAM_Preprocessing_BoundStrength=-1;CPXPARAM_Preprocessing_CoeffReduce=-1;CPXPARAM_Preprocessing_Dependency=-1;CPXPARAM_Preprocessing_Dual=0;CPXPARAM_Preprocessing_Fill=10;CPXPARAM_Preprocessing_NumPass=-1;CPXPARAM_Preprocessing_Presolve=1;CPXPARAM_Preprocessing_QPMakePSD=1;CPXPARAM_Preprocessing_Reduce=3;CPXPARAM_Preprocessing_Relax=-1;CPXPARAM_Preprocessing_RepeatPresolve=-1;CPXPARAM_Preprocessing_Symmetry=-1;CPXPARAM_Read_Scale=0;CPXPARAM_Sifting_Algorithm=0;CPXPARAM_Simplex_Crash=1;CPXPARAM_Simplex_DGradient=0;CPXPARAM_Simplex_Limits_Perturbation=0;CPXPARAM_Simplex_Limits_Singularity=10;CPXPARAM_Simplex_PGradient=0;CPXPARAM_Simplex_Pricing=0;CPXPARAM_Simplex_Refactor=0
9362113649729376461,0,CPXPARAM_Advance=1;CPXPARAM_Barrier_Algorithm=0;CPXPARAM_Barrier_ColNonzeros=0;CPXPARAM_Barrier_Crossover=0;CPXPARAM_Barrier_Limits_Corrections=-1;CPXPARAM_Barrier_Ordering=0;CPXPARAM_Barrier_StartAlg=1;CPXPARAM_Emphasis_MIP=1;CPXPARAM_Emphasis_Memory=0;CPXPARAM_Emphasis_Numerical=0;CPXPARAM_Feasopt_Mode=0;CPXPARAM_LPMethod=0;CPXPARAM_MIP_Cuts_Cliques=1;CPXPARAM_MIP_Cuts_Covers=0;CPXPARAM_MIP_Cuts_Disjunctive=-1;CPXPARAM_MIP_Cuts_FlowCovers=-1;CPXPARAM_MIP_Cuts_GUBCovers=1;CPXPARAM_MIP_Cuts_Gomory=1;CPXPARAM_MIP_Cuts_Implied=1;CPXPARAM_MIP_Cuts_MIRCut=2;CPXPARAM_MIP_Cuts_PathCut=-1;CPXPARAM_MIP_Limits_AggForCut=3;CPXPARAM_MIP_Limits_CutPasses=0;CPXPARAM_MIP_Limits_CutsFactor=-1;CPXPARAM_MIP_Limits_GomoryCand=10;CPXPARAM_MIP_Limits_GomoryPass=0;CPXPARAM_MIP_Limits_Nodes=9223372036800000000;CPXPARAM_MIP_Limits_ProbeTime=1e+75;CPXPARAM_MIP_Limits_RepairTries=0;CPXPARAM_MIP_Limits_StrongCand=10;CPXPARAM_MIP_Limits_StrongIt=0;CPXPARAM_MIP_OrderType=2;CPXPARAM_MIP_Strategy_BBInterval=7;CPXPARAM_MIP_Strategy_Branch=0;CPXPARAM_MIP_Strategy_Dive=0;CPXPARAM_MIP_Strategy_File=2;CPXPARAM_MIP_Strategy_HeuristicFreq=0;CPXPARAM_MIP_Strategy_LBHeur=0;CPXPARAM_MIP_Strategy_NodeSelect=1;CPXPARAM_MIP_Strategy_Order=1;CPXPARAM_MIP_Strategy_PresolveNode=0;CPXPARAM_MIP_Strategy_Probe=0;CPXPARAM_MIP_Strategy_RINSHeur=0;CPXPARAM_MIP_Strategy_StartAlgorithm=0;CPXPARAM_MIP_Strategy_SubAlgorithm=0;CPXPARAM_MIP_Strategy_VariableSelect=0;CPXPARAM_Network_NetFind=1;CPXPARAM_Network_Pricing=1;CPXPARAM_Parallel=1;CPXPARAM_Preprocessing_Aggregator=-1;CPXPARAM_Preprocessing_BoundStrength=-1;CPXPARAM_Preprocessing_CoeffReduce=-1;CPXPARAM_Preprocessing_Dependency=-1;CPXPARAM_Preprocessing_Dual=-1;CPXPARAM_Preprocessing_Fill=10;CPXPARAM_Preprocessing_NumPass=-1;CPXPARAM_Preprocessing_Presolve=1;CPXPARAM_Preprocessing_QPMakePSD=1;CPXPARAM_Preprocessing_Reduce=3;CPXPARAM_Preprocessing_Relax=1;CPXPARAM_Preprocessing_RepeatPresolve=-1;CPXPARAM_Preprocessing_Symmetry=-1;CPXPARAM_Read_Scale=0;CPXPARAM_Sifting_Algorithm=0;CPXPARAM_Simplex_Crash=1;CPXPARAM_Simplex_DGradient=0;CPXPARAM_Simplex_Limits_Perturbation=0;CPXPARAM_Simplex_Limits_Singularity=10;CPXPARAM_Simplex_PGradient=1;CPXPARAM_Simplex_Pricing=0;CPXPARAM_Simplex_Refactor=0
8847005242841296917,0,CPXPARAM_Advance=1;CPXPARAM_Barrier_Algorithm=0;CPXPARAM_Barrier_ColNonzeros=0;CPXPARAM_Barrier_Crossover=0;CPXPARAM_Barrier_Limits_Corrections=-1;CPXPARAM_Barrier_Ordering=0;CPXPARAM_Barrier_StartAlg=1;CPXPARAM_Emphasis_MIP=5;CPXPARAM_Emphasis_Memory=0;CPXPARAM_Emphasis_Numerical=0;CPXPARAM_Feasopt_Mode=0;CPXPARAM_LPMethod=0;CPXPARAM_MIP_Cuts_Cliques=0;CPXPARAM_MIP_Cuts_Covers=0;CPXPARAM_MIP_Cuts_Disjunctive=0;CPXPARAM_MIP_Cuts_FlowCovers=1;CPXPARAM_MIP_Cuts_GUBCovers=0;CPXPARAM_MIP_Cuts_Gomory=0;CPXPARAM_MIP_Cuts_Implied=0;CPXPARAM_MIP_Cuts_MIRCut=0;CPXPARAM_MIP_Cuts_PathCut=0;CPXPARAM_MIP_Limits_AggForCut=3;CPXPARAM_MIP_Limits_CutPasses=0;CPXPARAM_MIP_Limits_CutsFactor=-1;CPXPARAM_MIP_Limits_GomoryCand=200;CPXPARAM_MIP_Limits_GomoryPass=0;CPXPARAM_MIP_Limits_Nodes=9223372036800000000;CPXPARAM_MIP_Limits_ProbeTime=1e+75;CPXPARAM_MIP_Limits_RepairTries=0;CPXPARAM_MIP_Limits_StrongCand=10;CPXPARAM_MIP_Limits_StrongIt=0;CPXPARAM_MIP_OrderType=0;CPXPARAM_MIP_Strategy_BBInterval=7;CPXPARAM_MIP_Strategy_Branch=0;CPXPARAM_MIP_Strategy_Dive=0;CPXPARAM_MIP_Strategy_File=1;CPXPARAM_MIP_Strategy_HeuristicFreq=0;CPXPARAM_MIP_Strategy_LBHeur=0;CPXPARAM_MIP_Strategy_NodeSelect=1;CPXPARAM_MIP_Strategy_Order=1;CPXPARAM_MIP_Strategy_PresolveNode=0;CPXPARAM_MIP_Strategy_Probe=0;CPXPARAM_MIP_Strategy_RINSHeur=0;CPXPARAM_MIP_Strategy_StartAlgorithm=0;CPXPARAM_MIP_Strategy_SubAlgorithm=0;CPXPARAM_MIP_Strategy_VariableSelect=0;CPXPARAM_Network_NetFind=2;CPXPARAM_Network_Pricing=0;CPXPARAM_Parallel=1;CPXPARAM_Preprocessing_Aggregator=-1;CPXPARAM_Preprocessing_BoundStrength=-1;CPXPARAM_Preprocessing_CoeffReduce=-1;CPXPARAM_Preprocessing_Dependency=-1;CPXPARAM_Preprocessing_Dual=0;CPXPARAM_Preprocessing_Fill=10;CPXPARAM_Preprocessing_NumPass=-1;CPXPARAM_Preprocessing_Presolve=1;CPXPARAM_Preprocessing_QPMakePSD=1;CPXPARAM_Preprocessing_Reduce=3;CPXPARAM_Preprocessing_Relax=-1;CPXPARAM_Preprocessing_RepeatPresolve=-1;CPXPARAM_Preprocessing_Symmetry=2;CPXPARAM_Read_Scale=0;CPXPARAM_Sifting_Algorithm=0;CPXPARAM_Simplex_Crash=1;CPXPARAM_Simplex_DGradient=0;CPXPARAM_Simplex_Limits_Perturbation=0;CPXPARAM_Simplex_Limits_Singularity=10;CPXPARAM_Simplex_PGradient=0;CPXPARAM_Simplex_Pricing=0;CPXPARAM_Simplex_Refactor=0
9986838766824156861,0,CPXPARAM_Advance=1;CPXPARAM_Barrier_Algorithm=0;CPXPARAM_Barrier_ColNonzeros=0;CPXPARAM_Barrier_Crossover=0;CPXPARAM_Barrier_Limits_Corrections=-1;CPXPARAM_Barrier_Ordering=0;CPXPARAM_Barrier_StartAlg=1;CPXPARAM_Emphasis_MIP=5;CPXPARAM_Emphasis_Memory=0;CPXPARAM_Emphasis_Numerical=0;CPXPARAM_Feasopt_Mode=0;CPXPARAM_LPMethod=0;CPXPARAM_MIP_Cuts_Cliques=0;CPXPARAM_MIP_Cuts_Covers=0;CPXPARAM_MIP_Cuts_Disjunctive=2;CPXPARAM_MIP_Cuts_FlowCovers=1;CPXPARAM_MIP_Cuts_GUBCovers=2;CPXPARAM_MIP_Cuts_Gomory=0;CPXPARAM_MIP_Cuts_Implied=1;CPXPARAM_MIP_Cuts_MIRCut=-1;CPXPARAM_MIP_Cuts_PathCut=2;CPXPARAM_MIP_Limits_AggForCut=3;CPXPARAM_MIP_Limits_CutPasses=0;CPXPARAM_MIP_Limits_CutsFactor=-1;CPXPARAM_MIP_Limits_GomoryCand=400;CPXPARAM_MIP_Limits_GomoryPass=0;CPXPARAM_MIP_Limits_Nodes=9223372036800000000;CPXPARAM_MIP_Limits_ProbeTime=1e+75;CPXPARAM_MIP_Limits_RepairTries=0;CPXPARAM_MIP_Limits_StrongCand=10;CPXPARAM_MIP_Limits_StrongIt=0;CPXPARAM_MIP_OrderType=0;CPXPARAM_MIP_Strategy_BBInterval=7;CPXPARAM_MIP_Strategy_Branch=0;CPXPARAM_MIP_Strategy_Dive=0;CPXPARAM_MIP_Strategy_File=1;CPXPARAM_MIP_Strategy_HeuristicFreq=0;CPXPARAM_MIP_Strategy_LBHeur=0;CPXPARAM_MIP_Strategy_NodeSelect=1;CPXPARAM_MIP_Strategy_Order=1;CPXPARAM_MIP_Strategy_PresolveNode=0;CPXPARAM_MIP_Strategy_Probe=0;CPXPARAM_MIP_Strategy_RINSHeur=0;CPXPARAM_MIP_Strategy_StartAlgorithm=0;CPXPARAM_MIP_Strategy_SubAlgorithm=0;CPXPARAM_MIP_Strategy_VariableSelect=0;CPXPARAM_Network_NetFind=2;CPXPARAM_Network_Pricing=0;CPXPARAM_Parallel=1;CPXPARAM_Preprocessing_Aggregator=-1;CPXPARAM_Preprocessing_BoundStrength=-1;CPXPARAM_Preprocessing_CoeffReduce=-1;CPXPARAM_Preprocessing_Dependency=-1;CPXPARAM_Preprocessing_Dual=0;CPXPARAM_Preprocessing_Fill=10;CPXPARAM_Preprocessing_NumPass=-1;CPXPARAM_Preprocessing_Presolve=1;CPXPARAM_Preprocessing_QPMakePSD=1;CPXPARAM_Preprocessing_Reduce=3;CPXPARAM_Preprocessing_Relax=-1;CPXPARAM_Preprocessing_RepeatPresolve=-1;CPXPARAM_Preprocessing_Symmetry=-1;CPXPARAM_Read_Scale=0;CPXPARAM_Sifting_Algorithm=0;CPXPARAM_Simplex_Crash=1;CPXPARAM_Simplex_DGradient=0;CPXPARAM_Simplex_Limits_Perturbation=0;CPXPARAM_Simplex_Limits_Singularity=10;CPXPARAM_Simplex_PGradient=0;CPXPARAM_Simplex_Pricing=0;CPXPARAM_Simplex_Refactor=0
435088466387992116,0,CPXPARAM_Advance=1;CPXPARAM_Barrier_Algorithm=0;CPXPARAM_Barrier_ColNonzeros=0;CPXPARAM_Barrier_Crossover=0;CPXPARAM_Barrier_Limits_Corrections=-1;CPXPARAM_Barrier_Ordering=0;CPXPARAM_Barrier_StartAlg=1;CPXPARAM_Emphasis_MIP=5;CPXPARAM_Emphasis_Memory=0;CPXPARAM_Emphasis_Numerical=0;CPXPARAM_Feasopt_Mode=0;CPXPARAM_LPMethod=0;CPXPARAM_MIP_Cuts_Cliques=0;CPXPARAM_MIP_Cuts_Covers=0;CPXPARAM_MIP_Cuts_Disjunctive=2;CPXPARAM_MIP_Cuts_FlowCovers=1;CPXPARAM_MIP_Cuts_GUBCovers=0;CPXPARAM_MIP_Cuts_Gomory=0;CPXPARAM_MIP_Cuts_Implied=0;CPXPARAM_MIP_Cuts_MIRCut=0;CPXPARAM_MIP_Cuts_PathCut=0;CPXPARAM_MIP_Limits_AggForCut=3;CPXPARAM_MIP_Limits_CutPasses=0;CPXPARAM_MIP_Limits_CutsFactor=-1;CPXPARAM_MIP_Limits_GomoryCand=200;CPXPARAM_MIP_Limits_GomoryPass=0;CPXPARAM_MIP_Limits_Nodes=9223372036800000000;CPXPARAM_MIP_Limits_ProbeTime=1e+75;CPXPARAM_MIP_Limits_RepairTries=0;CPXPARAM_MIP_Limits_StrongCand=10;CPXPARAM_MIP_Limits_StrongIt=0;CPXPARAM_MIP_OrderType=0;CPXPARAM_MIP_Strategy_BBInterval=7;CPXPARAM_MIP_Strategy_Branch=0;CPXPARAM_MIP_Strategy_Dive=0;CPXPARAM_MIP_Strategy_File=1;CPXPARAM_MIP_Strategy_HeuristicFreq=0;CPXPARAM_MIP_Strategy_LBHeur=0;CPXPARAM_MIP_Strategy_NodeSelect=1;CPXPARAM_MIP_Strategy_Order=1;CPXPARAM_MIP_Strategy_PresolveNode=0;CPXPARAM_MIP_Strategy_Probe=0;CPXPARAM_MIP_Strategy_RINSHeur=0;CPXPARAM_MIP_Strategy_StartAlgorithm=0;CPXPARAM_MIP_Strategy_SubAlgorithm=0;CPXPARAM_MIP_Strategy_VariableSelect=0;CPXPARAM_Network_NetFind=2;CPXPARAM_Network_Pricing=0;CPXPARAM_Parallel=1;CPXPARAM_Preprocessing_Aggregator=-1;CPXPARAM_Preprocessing_BoundStrength=-1;CPXPARAM_Preprocessing_CoeffReduce=-1;CPXPARAM_Preprocessing_Dependency=-1;CPXPARAM_Preprocessing_Dual=0;CPXPARAM_Preprocessing_Fill=10;CPXPARAM_Preprocessing_NumPass=-1;CPXPARAM_Preprocessing_Presolve=1;CPXPARAM_Preprocessing_QPMakePSD=1;CPXPARAM_Preprocessing_Reduce=3;CPXPARAM_Preprocessing_Relax=-1;CPXPARAM_Preprocessing_RepeatPresolve=-1;CPXPARAM_Preprocessing_Symmetry=-1;CPXPARAM_Read_Scale=0;CPXPARAM_Sifting_Algorithm=0;CPXPARAM_Simplex_Crash=1;CPXPARAM_Simplex_DGradient=0;CPXPARAM_Simplex_Limits_Perturbation=0;CPXPARAM_Simplex_Limits_Singularity=10;CPXPARAM_Simplex_PGradient=0;CPXPARAM_Simplex_Pricing=0;CPXPARAM_Simplex_Refactor=0
11614594603004885192,0,CPXPARAM_Advance=1;CPXPARAM_Barrier_Algorithm=0;CPXPARAM_Barrier_ColNonzeros=0;CPXPARAM_Barrier_Crossover=0;CPXPARAM_Barrier_Limits_Corrections=-1;CPXPARAM_Barrier_Ordering=0;CPXPARAM_Barrier_StartAlg=1;CPXPARAM_Emphasis_MIP=5;CPXPARAM_Emphasis_Memory=0;CPXPARAM_Emphasis_Numerical=0;CPXPARAM_Feasopt_Mode=0;CPXPARAM_LPMethod=0;CPXPARAM_MIP_Cuts_Cliques=0;CPXPARAM_MIP_Cuts_Covers=0;CPXPARAM_MIP_Cuts_Disjunctive=0;CPXPARAM_MIP_Cuts_FlowCovers=-1;CPXPARAM_MIP_Cuts_GUBCovers=2;CPXPARAM_MIP_Cuts_Gomory=0;CPXPARAM_MIP_Cuts_Implied=1;CPXPARAM_MIP_Cuts_MIRCut=-1;CPXPARAM_MIP_Cuts_PathCut=2;CPXPARAM_MIP_Limits_AggForCut=3;CPXPARAM_MIP_Limits_CutPasses=0;CPXPARAM_MIP_Limits_CutsFactor=-1;CPXPARAM_MIP_Limits_GomoryCand=400;CPXPARAM_MIP_Limits_GomoryPass=0;CPXPARAM_MIP_Limits_Nodes=9223372036800000000;CPXPARAM_MIP_Limits_ProbeTime=1e+75;CPXPARAM_MIP_Limits_RepairTries=0;CPXPARAM_MIP_Limits_StrongCand=10;CPXPARAM_MIP_Limits_StrongIt=0;CPXPARAM_MIP_OrderType=0;CPXPARAM_MIP_Strategy_BBInterval=7;CPXPARAM_MIP_Strategy_Branch=0;CPXPARAM_MIP_Strategy_Dive=0;CPXPARAM_MIP_Strategy_File=1;CPXPARAM_MIP_Strategy_HeuristicFreq=0;CPXPARAM_MIP_Strategy_LBHeur=0;CPXPARAM_MIP_Strategy_NodeSelect=1;CPXPARAM_MIP_Strategy_Order=1;CPXPARAM_MIP_Strategy_PresolveNode=0;CPXPARAM_MIP_Strategy_Probe=0;CPXPARAM_MIP_Strategy_RINSHeur=0;CPXPARAM_MIP_Strategy_StartAlgorithm=0;CPXPARAM_MIP_Strategy_SubAlgorithm=0;CPXPARAM_MIP_Strategy_VariableSelect=0;CPXPARAM_Network_NetFind=2;CPXPARAM_Network_Pricing=0;CPXPARAM_Parallel=1;CPXPARAM_Preprocessing_Aggregator=-1;CPXPARAM_Preprocessing_BoundStrength=-1;CPXPARAM_Preprocessing_CoeffReduce=-1;CPXPARAM_Preprocessing_Dependency=-1;CPXPARAM_Preprocessing_Dual=0;CPXPARAM_Preprocessing_Fill=10;CPXPARAM_Preprocessing_NumPass=-1;CPXPARAM_Preprocessing_Presolve=1;CPXPARAM_Preprocessing_QPMakePSD=1;CPXPARAM_Preprocessing_Reduce=3;CPXPARAM_Preprocessing_Relax=-1;CPXPARAM_Preprocessing_RepeatPresolve=-1;CPXPARAM_Preprocessing_Symmetry=-1;CPXPARAM_Read_Scale=0;CPXPARAM_Sifting_Algorithm=0;CPXPARAM_Simplex_Crash=1;CPXPARAM_Simplex_DGradient=0;CPXPARAM_Simplex_Limits_Perturbation=0;CPXPARAM_Simplex_Limits_Singularity=10;CPXPARAM_Simplex_PGradient=0;CPXPARAM_Simplex_Pricing=0;CPXPARAM_Simplex_Refactor=0
18398655359463464846,0,CPXPARAM_Advance=1;CPXPARAM_Barrier_Algorithm=0;CPXPARAM_Barrier_ColNonzeros=0;CPXPARAM_Barrier_Crossover=0;CPXPARAM_Barrier_Limits_Corrections=-1;CPXPARAM_Barrier_Ordering=0;CPXPARAM_Barrier_StartAlg=1;CPXPARAM_Emphasis_MIP=5;CPXPARAM_Emphasis_Memory=0;CPXPARAM_Emphasis_Numerical=0;CPXPARAM_Feasopt_Mode=0;CPXPARAM_LPMethod=0;CPXPARAM_MIP_Cuts_Cliques=0;CPXPARAM_MIP_Cuts_Covers=0;CPXPARAM_MIP_Cuts_Disjunctive=0;CPXPARAM_MIP_Cuts_FlowCovers=1;CPXPARAM_MIP_Cuts_GUBCovers=0;CPXPARAM_MIP_Cuts_Gomory=0;CPXPARAM_MIP_Cuts_Implied=0;CPXPARAM_MIP_Cuts_MIRCut=0;CPXPARAM_MIP_Cuts_PathCut=0;CPXPARAM_MIP_Limits_AggForCut=3;CPXPARAM_MIP_Limits_CutPasses=0;CPXPARAM_MIP_Limits_CutsFactor=-1;CPXPARAM_MIP_Limits_GomoryCand=200;CPXPARAM_MIP_Limits_GomoryPass=0;CPXPARAM_MIP_Limits_Nodes=9223372036800000000;CPXPARAM_MIP_Limits_ProbeTime=1e+75;CPXPARAM_MIP_Limits_RepairTries=0;CPXPARAM_MIP_Limits_StrongCand=10;CPXPARAM_MIP_Limits_StrongIt=0;CPXPARAM_MIP_OrderType=0;CPXPARAM_MIP_Strategy_BBInterval=7;CPXPARAM_MIP_Strategy_Branch=0;CPXPARAM_MIP_Strategy_Dive=3;CPXPARAM_MIP_Strategy_File=1;CPXPARAM_MIP_Strategy_HeuristicFreq=0;CPXPARAM_MIP_Strategy_LBHeur=0;CPXPARAM_MIP_Strategy_NodeSelect=1;CPXPARAM_MIP_Strategy_Order=1;CPXPARAM_MIP_Strategy_PresolveNode=0;CPXPARAM_MIP_Strategy_Probe=0;CPXPARAM_MIP_Strategy_RINSHeur=0;CPXPARAM_MIP_Strategy_StartAlgorithm=0;CPXPARAM_MIP_Strategy_SubAlgorithm=0;CPXPARAM_MIP_Strategy_VariableSelect=0;CPXPARAM_Network_NetFind=2;CPXPARAM_Network_Pricing=0;CPXPARAM_Parallel=1;CPXPARAM_Preprocessing_Aggregator=-1;CPXPARAM_Preprocessing_BoundStrength=-1;CPXPARAM_Preprocessing_CoeffReduce=-1;CPXPARAM_Preprocessing_Dependency=-1;CPXPARAM_Preprocessing_Dual=0;CPXPARAM_Preprocessing_Fill=10;CPXPARAM_Preprocessing_NumPass=-1;CPXPARAM_Preprocessing_Presolve=1;CPXPARAM_Preprocessing_QPMakePSD=1;CPXPARAM_Preprocessing_Reduce=3;CPXPARAM_Preprocessing_Relax=-1;CPXPARAM_Preprocessing_RepeatPresolve=-1;CPXPARAM_Preprocessing_Symmetry=-1;CPXPARAM_Read_Scale=0;CPXPARAM_Sifting_Algorithm=0;CPXPARAM_Simplex_Crash=1;CPXPARAM_Simplex_DGradient=0;CPXPARAM_Simplex_Limits_Perturbation=0;CPXPARAM_Simplex_Limits_Singularity=10;CPXPARAM_Simplex_PGradient=0;CPXPARAM_Simplex_Pricing=0;CPXPARAM_Simplex_Refactor=0
2416246272400787926,0,CPXPARAM_Advance=1;CPXPARAM_Barrier_Algorithm=0;CPXPARAM_Barrier_ColNonzeros=0;CPXPARAM_Barrier_Crossover=0;CPXPARAM_Barrier_Limits_Corrections=-1;CPXPARAM_Barrier_Ordering=0;CPXPARAM_Barrier_StartAlg=1;CPXPARAM_Emphasis_MIP=5;CPXPARAM_Emphasis_Memory=0;CPXPARAM_Emphasis_Numerical=0;CPXPARAM_Feasopt_Mode=0;CPXPARAM_LPMethod=0;CPXPARAM_MIP_Cuts_Cliques=0;CPXPARAM_MIP_Cuts_Covers=0;CPXPARAM_MIP_Cuts_Disjunctive=0;CPXPARAM_MIP_Cuts_FlowCovers=1;CPXPARAM_MIP_Cuts_GUBCovers=0;CPXPARAM_MIP_Cuts_Gomory=0;CPXPARAM_MIP_Cuts_Implied=0;CPXPARAM_MIP_Cuts_MIRCut=0;CPXPARAM_MIP_Cuts_PathCut=0;CPXPARAM_MIP_Limits_AggForCut=3;CPXPARAM_MIP_Limits_CutPasses=0;CPXPARAM_MIP_Limits_CutsFactor=-1;CPXPARAM_MIP_Limits_GomoryCand=200;CPXPARAM_MIP_Limits_GomoryPass=0;CPXPARAM_MIP_Limits_Nodes=9223372036800000000;CPXPARAM_MIP_Limits_ProbeTime=1e+75;CPXPARAM_MIP_Limits_RepairTries=0;CPXPARAM_MIP_Limits_StrongCand=10;CPXPARAM_MIP_Limits_StrongIt=0;CPXPARAM_MIP_OrderType=0;CPXPARAM_MIP_Strategy_BBInterval=7;CPXPARAM_MIP_Strategy_Branch=0;CPXPARAM_MIP_Strategy_Dive=0;CPXPARAM_MIP_Strategy_File=1;CPXPARAM_MIP_Strategy_HeuristicFreq=0;CPXPARAM_MIP_Strategy_LBHeur=0;CPXPARAM_MIP_Strategy_NodeSelect=1;CPXPARAM_MIP_Strategy_Order=1;CPXPARAM_MIP_Strategy_PresolveNode=0;CPXPARAM_MIP_Strategy_Probe=0;CPXPARAM_MIP_Strategy_RINSHeur=0;CPXPARAM_MIP_Strategy_StartAlgorithm=0;CPXPARAM_MIP_Strategy_SubAlgorithm=0;CPXPARAM_MIP_Strategy_VariableSelect=2;CPXPARAM_Network_NetFind=2;CPXPARAM_Network_Pricing=0;CPXPARAM_Parallel=1;CPXPARAM_Preprocessing_Aggregator=-1;CPXPARAM_Preprocessing_BoundStrength=-1;CPXPARAM_Preprocessing_CoeffReduce=-1;CPXPARAM_Preprocessing_Dependency=-1;CPXPARAM_Preprocessing_Dual=0;CPXPARAM_Preprocessing_Fill=10;CPXPARAM_Preprocessing_NumPass=-1;CPXPARAM_Preprocessing_Presolve=1;CPXPARAM_Preprocessing_QPMakePSD=1;CPXPARAM_Preprocessing_Reduce=3;CPXPARAM_Preprocessing_Relax=-1;CPXPARAM_Preprocessing_RepeatPresolve=-1;CPXPARAM_Preprocessing_Symmetry=-1;CPXPARAM_Read_Scale=0;CPXPARAM_Sifting_Algorithm=0;CPXPARAM_Simplex_Crash=1;CPXPARAM_Simplex_DGradient=0;CPXPARAM_Simplex_Limits_Perturbation=0;CPXPARAM_Simplex_Limits_Singularity=10;CPXPARAM_Simplex_PGradient=0;CPXPARAM_Simplex_Pricing=0;CPXPARAM_Simplex_Refactor=0
5217395020632219877,0,CPXPARAM_Advance=1;CPXPARAM_Barrier_Algorithm=0;CPXPARAM_Barrier_ColNonzeros=0;CPXPARAM_Barrier_Crossover=0;CPXPARAM_Barrier_Limits_Corrections=-1;CPXPARAM_Barrier_Ordering=0;CPXPARAM_Barrier_StartAlg=1;CPXPARAM_Emphasis_MIP=5;CPXPARAM_Emphasis_Memory=0;CPXPARAM_Emphasis_Numerical=0;CPXPARAM_Feasopt_Mode=0;CPXPARAM_LPMethod=0;CPXPARAM_MIP_Cuts_Cliques=0;CPXPARAM_MIP_Cuts_Covers=0;CPXPARAM_MIP_Cuts_Disjunctive=0;CPXPARAM_MIP_Cuts_FlowCovers=1;CPXPARAM_MIP_Cuts_GUBCovers=0;CPXPARAM_MIP_Cuts_Gomory=0;CPXPARAM_MIP_Cuts_Implied=0;CPXPARAM_MIP_Cuts_MIRCut=-1;CPXPARAM_MIP_Cuts_PathCut=0;CPXPARAM_MIP_Limits_AggForCut=3;CPXPARAM_MIP_Limits_CutPasses=0;CPXPARAM_MIP_Limits_CutsFactor=-1;CPXPARAM_MIP_Limits_GomoryCand=200;CPXPARAM_MIP_Limits_GomoryPass=0;CPXPARAM_MIP_Limits_Nodes=9223372036800000000;CPXPARAM_MIP_Limits_ProbeTime=1e+75;CPXPARAM_MIP_Limits_RepairTries=0;CPXPARAM_MIP_Limits_StrongCand=10;CPXPARAM_MIP_Limits_StrongIt=0;CPXPARAM_MIP_OrderType=0;CPXPARAM_MIP_Strategy_BBInterval=7;CPXPARAM_MIP_Strategy_Branch=0;CPXPARAM_MIP_Strategy_Dive=0;CPXPARAM_MIP_Strategy_File=1;CPXPARAM_MIP_Strategy_HeuristicFreq=0;CPXPARAM_MIP_Strategy_LBHeur=0;CPXPARAM_MIP_Strategy_NodeSelect=1;CPXPARAM_MIP_Strategy_Order=1;CPXPARAM_MIP_Strategy_PresolveNode=0;CPXPARAM_MIP_Strategy_Probe=0;CPXPARAM_MIP_Strategy_RINSHeur=0;CPXPARAM_MIP_Strategy_StartAlgorithm=0;CPXPARAM_MIP_Strategy_SubAlgorithm=0;CPXPARAM_MIP_Strategy_VariableSelect=0;CPXPARAM_Network_NetFind=2;CPXPARAM_Network_Pricing=0;CPXPARAM_Parallel=1;CPXPARAM_Preprocessing_Aggregator=-1;CPXPARAM_Preprocessing_BoundStrength=-1;CPXPARAM_Preprocessing_CoeffReduce=-1;CPXPARAM_Preprocessing_Dependency=-1;CPXPARAM_Preprocessing_Dual=0;CPXPARAM_Preprocessing_Fill=10;CPXPARAM_Preprocessing_NumPass=-1;CPXPARAM_Preprocessing_Presolve=1;CPXPARAM_Preprocessing_QPMakePSD=1;CPXPARAM_Preprocessing_Reduce=3;CPXPARAM_Preprocessing_Relax=-1;CPXPARAM_Preprocessing_RepeatPresolve=-1;CPXPARAM_Preprocessing_Symmetry=-1;CPXPARAM_Read_Scale=0;CPXPARAM_Sifting_Algorithm=0;CPXPARAM_Simplex_Crash=1;CPXPARAM_Simplex_DGradient=0;CPXPARAM_Simplex_Limits_Perturbation=0;CPXPARAM_Simplex_Limits_Singularity=10;CPXPARAM_Simplex_PGradient=0;CPXPARAM_Simplex_Pricing=0;CPXPARAM_Simplex_Refactor=0
17909568477541681817,0,CPXPARAM_Advance=1;CPXPARAM_Barrier_Algorithm=0;CPXPARAM_Barrier_ColNonzeros=0;CPXPARAM_Barrier_Crossover=2;CPXPARAM_Barrier_Limits_Corrections=-1;CPXPARAM_Barrier_Ordering=0;CPXPARAM_Barrier_StartAlg=1;CPXPARAM_Emphasis_MIP=5;CPXPARAM_Emphasis_Memory=0;CPXPARAM_Emphasis_Numerical=0;CPXPARAM_Feasopt_Mode=0;CPXPARAM_LPMethod=0;CPXPARAM_MIP_Cuts_Cliques=0;CPXPARAM_MIP_Cuts_Covers=0;CPXPARAM_MIP_Cuts_Disjunctive=0;CPXPARAM_MIP_Cuts_FlowCovers=1;CPXPARAM_MIP_Cuts_GUBCovers=0;CPXPARAM_MIP_Cuts_Gomory=0;CPXPARAM_MIP_Cuts_Implied=0;CPXPARAM_MIP_Cuts_MIRCut=0;CPXPARAM_MIP_Cuts_PathCut=0;CPXPARAM_MIP_Limits_AggForCut=3;CPXPARAM_MIP_Limits_CutPasses=0;CPXPARAM_MIP_Limits_CutsFactor=-1;CPXPARAM_MIP_Limits_GomoryCand=200;CPXPARAM_MIP_Limits_GomoryPass=0;CPXPARAM_MIP_Limits_Nodes=9223372036800000000;CPXPARAM_MIP_Limits_ProbeTime=1e+75;CPXPARAM_MIP_Limits_RepairTries=0;CPXPARAM_MIP_Limits_StrongCand=10;CPXPARAM_MIP_Limits_StrongIt=0;CPXPARAM_MIP_OrderType=0;CPXPARAM_MIP_Strategy_BBInterval=7;CPXPARAM_MIP_Strategy_Branch=0;CPXPARAM_MIP_Strategy_Dive=0;CPXPARAM_MIP_Strategy_File=1;CPXPARAM_MIP_Strategy_HeuristicFreq=0;CPXPARAM_MIP_Strategy_LBHeur=0;CPXPARAM_MIP_Strategy_NodeSelect=1;CPXPARAM_MIP_Strategy_Order=1;CPXPARAM_MIP_Strategy_PresolveNode=0;CPXPARAM_MIP_Strategy_Probe=0;CPXPARAM_MIP_Strategy_RINSHeur=0;CPXPARAM_MIP_Strategy_StartAlgorithm=0;CPXPARAM_MIP_Strategy_SubAlgorithm=0;CPXPARAM_MIP_Strategy_VariableSelect=0;CPXPARAM_Network_NetFind=2;CPXPARAM_Network_Pricing=0;CPXPARAM_Parallel=1;CPXPARAM_Preprocessing_Aggregator=-1;CPXPARAM_Preprocessing_BoundStrength=-1;CPXPARAM_Preprocessing_CoeffReduce=-1;CPXPARAM_Preprocessing_Dependency=-1;CPXPARAM_Preprocessing_Dual=0;CPXPARAM_Preprocessing_Fill=10;CPXPARAM_Preprocessing_NumPass=-1;CPXPARAM_Preprocessing_Presolve=1;CPXPARAM_Preprocessing_QPMakePSD=1;CPXPARAM_Preprocessing_Reduce=3;CPXPARAM_Preprocessing_Relax=-1;CPXPARAM_Preprocessing_RepeatPresolve=-1;CPXPARAM_Preprocessing_Symmetry=-1;CPXPARAM_Read_Scale=0;CPXPARAM_Sifting_Algorithm=0;CPXPARAM_Simplex_Crash=1;CPXPARAM_Simplex_DGradient=0;CPXPARAM_Simplex_Limits_Perturbation=0;CPXPARAM_Simplex_Limits_Singularity=10;CPXPARAM_Simplex_PGradient=0;CPXPARAM_Simplex_Pricing=0;CPXPARAM_Simplex_Refactor=0
2942835300587084869,0,CPXPARAM_Advance=1;CPXPARAM_Barrier_Algorithm=0;CPXPARAM_Barrier_ColNonzeros=0;CPXPARAM_Barrier_Crossover=0;CPXPARAM_Barrier_Limits_Corrections=-1;CPXPARAM_Barrier_Ordering=0;CPXPARAM_Barrier_StartAlg=1;CPXPARAM_Emphasis_MIP=5;CPXPARAM_Emphasis_Memory=0;CPXPARAM_Emphasis_Numerical=0;CPXPARAM_Feasopt_Mode=0;CPXPARAM_LPMethod=0;CPXPARAM_MIP_Cuts_Cliques=0;CPXPARAM_MIP_Cuts_Covers=0;CPXPARAM_MIP_Cuts_Disjunctive=0;CPXPARAM_MIP_Cuts_FlowCovers=1;CPXPARAM_MIP_Cuts_GUBCovers=0;CPXPARAM_MIP_Cuts_Gomory=0;CPXPARAM_MIP_Cuts_Implied=0;CPXPARAM_MIP_Cuts_MIRCut=0;CPXPARAM_MIP_Cuts_PathCut=0;CPXPARAM_MIP_Limits_AggForCut=3;CPXPARAM_MIP_Limits_CutPasses=0;CPXPARAM_MIP_Limits_CutsFactor=-1;CPXPARAM_MIP_Limits_GomoryCand=200;CPXPARAM_MIP_Limits_GomoryPass=0;CPXPARAM_MIP_Limits_Nodes=9223372036800000000;CPXPARAM_MIP_Limits_ProbeTime=40;CPXPARAM_MIP_Limits_RepairTries=0;CPXPARAM_MIP_Limits_StrongCand=10;CPXPARAM_MIP_Limits_StrongIt=0;CPXPARAM_MIP_OrderType=0;CPXPARAM_MIP_Strategy_BBInterval=7;CPXPARAM_MIP_Strategy_Branch=0;CPXPARAM_MIP_Strategy_Dive=0;CPXPARAM_MIP_Strategy_File=1;CPXPARAM_MIP_Strategy_HeuristicFreq=0;CPXPARAM_MIP_Strategy_LBHeur=0;CPXPARAM_MIP_Strategy_NodeSelect=1;CPXPARAM_MIP_Strategy_Order=1;CPXPARAM_MIP_Strategy_PresolveNode=0;CPXPARAM_MIP_Strategy_Probe=0;CPXPARAM_MIP_Strategy_RINSHeur=0;CPXPARAM_MIP_Strategy_StartAlgorithm=0;CPXPARAM_MIP_Strategy_SubAlgorithm=0;CPXPARAM_MIP_Strategy_VariableSelect=0;CPXPARAM_Network_NetFind=2;CPXPARAM_Network_Pricing=0;CPXPARAM_Parallel=1;CPXPARAM_Preprocessing_Aggregator=-1;CPXPARAM_Preprocessing_BoundStrength=-1;CPXPARAM_Preprocessing_CoeffReduce=-1;CPXPARAM_Preprocessing_Dependency=-1;CPXPARAM_Preprocessing_Dual=0;CPXPARAM_Preprocessing_Fill=10;CPXPARAM_Preprocessing_NumPass=-1;CPXPARAM_Preprocessing_Presolve=1;CPXPARAM_Preprocessing_QPMakePSD=1;CPXPARAM_Preprocessing_Reduce=3;CPXPARAM_Preprocessing_Relax=-1;CPXPARAM_Preprocessing_RepeatPresolve=-1;CPXPARAM_Preprocessing_Symmetry=-1;CPXPARAM_Read_Scale=0;CPXPARAM_Sifting_Algorithm=0;CPXPARAM_Simplex_Crash=1;CPXPARAM_Simplex_DGradient=0;CPXPARAM_Simplex_Limits_Perturbation=0;CPXPARAM_Simplex_Limits_Singularity=10;CPXPARAM_Simplex_PGradient=0;CPXPARAM_Simplex_Pricing=0;CPXPARAM_Simplex_Refactor=0
17267307749780981478,0,CPXPARAM_Advance=1;CPXPARAM_Barrier_Algorithm=0;CPXPARAM_Barrier_ColNonzeros=0;CPXPARAM_Barrier_Crossover=0;CPXPARAM_Barrier_Limits_Corrections=-1;CPXPARAM_Barrier_Ordering=0;CPXPARAM_Barrier_StartAlg=1;CPXPARAM_Emphasis_MIP=5;CPXPARAM_Emphasis_Memory=0;CPXPARAM_Emphasis_Numerical=0;CPXPARAM_Feasopt_Mode=1;CPXPARAM_LPMethod=0;CPXPARAM_MIP_Cuts_Cliques=0;CPXPARAM_MIP_Cuts_Covers=0;CPXPARAM_MIP_Cuts_Disjunctive=0;CPXPARAM_MIP_Cuts_FlowCovers=1;CPXPARAM_MIP_Cuts_GUBCovers=0;CPXPARAM_MIP_Cuts_Gomory=0;CPXPARAM_MIP_Cuts_Implied=0;CPXPARAM_MIP_Cuts_MIRCut=0;CPXPARAM_MIP_Cuts_PathCut=0;CPXPARAM_MIP_Limits_AggForCut=3;CPXPARAM_MIP_Limits_CutPasses=0;CPXPARAM_MIP_Limits_CutsFactor=-1;CPXPARAM_MIP_Limits_GomoryCand=200;CPXPARAM_MIP_Limits_GomoryPass=0;CPXPARAM_MIP_Limits_Nodes=9223372036800000000;CPXPARAM_MIP_Limits_ProbeTime=1e+75;CPXPARAM_MIP_Limits_RepairTries=0;CPXPARAM_MIP_Limits_StrongCand=10;CPXPARAM_MIP_Limits_StrongIt=0;CPXPARAM_MIP_OrderType=0;CPXPARAM_MIP_Strategy_BBInterval=7;CPXPARAM_MIP_Strategy_Branch=0;CPXPARAM_MIP_Strategy_Dive=0;CPXPARAM_MIP_Strategy_File=1;CPXPARAM_MIP_Strategy_HeuristicFreq=0;CPXPARAM_MIP_Strategy_LBHeur=0;CPXPARAM_MIP_Strategy_NodeSelect=1;CPXPARAM_MIP_Strategy_Order=1;CPXPARAM_MIP_Strategy_PresolveNode=0;CPXPARAM_MIP_Strategy_Probe=0;CPXPARAM_MIP_Strategy_RINSHeur=0;CPXPARAM_MIP_Strategy_StartAlgorithm=0;CPXPARAM_MIP_Strategy_SubAlgorithm=0;CPXPARAM_MIP_Strategy_VariableSelect=0;CPXPARAM_Network_NetFind=2;CPXPARAM_Network_Pricing=0;CPXPARAM_Parallel=1;CPXPARAM_Preprocessing_Aggregator=-1;CPXPARAM_Preprocessing_BoundStrength=-1;CPXPARAM_Preprocessing_CoeffReduce=-1;CPXPARAM_Preprocessing_Dependency=-1;CPXPARAM_Preprocessing_Dual=0;CPXPARAM_Preprocessing_Fill=10;CPXPARAM_Preprocessing_NumPass=-1;CPXPARAM_Preprocessing_Presolve=1;CPXPARAM_Preprocessing_QPMakePSD=1;CPXPARAM_Preprocessing_Reduce=3;CPXPARAM_Preprocessing_Relax=-1;CPXPARAM_Preprocessing_RepeatPresolve=-1;CPXPARAM_Preprocessing_Symmetry=-1;CPXPARAM_Read_Scale=0;CPXPARAM_Sifting_Algorithm=0;CPXPARAM_Simplex_Crash=1;CPXPARAM_Simplex_DGradient=0;CPXPARAM_Simplex_Limits_Perturbation=0;CPXPARAM_Simplex_Limits_Singularity=10;CPXPARAM_Simplex_PGradient=0;CPXPARAM_Simplex_Pricing=0;CPXPARAM_Simplex_Refactor=0
15626128565996611743,0,CPXPARAM_Advance=1;CPXPARAM_Barrier_Algorithm=0;CPXPARAM_Barrier_ColNonzeros=0;CPXPARAM_Barrier_Crossover=0;CPXPARAM_Barrier_Limits_Corrections=-1;CPXPARAM_Barrier_Ordering=0;CPXPARAM_Barrier_StartAlg=1;CPXPARAM_Emphasis_MIP=5;CPXPARAM_Emphasis_Memory=0;CPXPARAM_Emphasis_Numerical=0;CPXPARAM_Feasopt_Mode=0;CPXPARAM_LPMethod=0;CPXPARAM_MIP_Cuts_Cliques=0;CPXPARAM_MIP_Cuts_Covers=0;CPXPARAM_MIP_Cuts_Disjunctive=0;CPXPARAM_MIP_Cuts_FlowCovers=1;CPXPARAM_MIP_Cuts_GUBCovers=0;CPXPARAM_MIP_Cuts_Gomory=0;CPXPARAM_MIP_Cuts_Implied=0;CPXPARAM_MIP_Cuts_MIRCut=0;CPXPARAM_MIP_Cuts_PathCut=0;CPXPARAM_MIP_Limits_AggForCut=3;CPXPARAM_MIP_Limits_CutPasses=0;CPXPARAM_MIP_Limits_CutsFactor=-1;CPXPARAM_MIP_Limits_GomoryCand=200;CPXPARAM_MIP_Limits_GomoryPass=0;CPXPARAM_MIP_Limits_Nodes=9223372036800000000;CPXPARAM_MIP_Limits_ProbeTime=1e+75;CPXPARAM_MIP_Limits_RepairTries=0;CPXPARAM_MIP_Limits_StrongCand=10;CPXPARAM_MIP_Limits_StrongIt=0;CPXPARAM_MIP_OrderType=0;CPXPARAM_MIP_Strategy_BBInterval=30;CPXPARAM_MIP_Strategy_Branch=0;CPXPARAM_MIP_Strategy_Dive=0;CPXPARAM_MIP_Strategy_File=1;CPXPARAM_MIP_Strategy_HeuristicFreq=0;CPXPARAM_MIP_Strategy_LBHeur=0;CPXPARAM_MIP_Strategy_NodeSelect=1;CPXPARAM_MIP_Strategy_Order=1;CPXPARAM_MIP_Strategy_PresolveNode=0;CPXPARAM_MIP_Strategy_Probe=0;CPXPARAM_MIP_Strategy_RINSHeur=0;CPXPARAM_MIP_Strategy_StartAlgorithm=0;CPXPARAM_MIP_Strategy_SubAlgorithm=0;CPXPARAM_MIP_Strategy_VariableSelect=0;CPXPARAM_Network_NetFind=2;CPXPARAM_Network_Pricing=0;CPXPARAM_Parallel=1;CPXPARAM_Preprocessing_Aggregator=-1;CPXPARAM_Preprocessing_BoundStrength=-1;CPXPARAM_Preprocessing_CoeffReduce=-1;CPXPARAM_Preprocessing_Dependency=-1;CPXPARAM_Preprocessing_Dual=0;CPXPARAM_Preprocessing_Fill=10;CPXPARAM_Preprocessing_NumPass=-1;CPXPARAM_Preprocessing_Presolve=1;CPXPARAM_Preprocessing_QPMakePSD=1;CPXPARAM_Preprocessing_Reduce=3;CPXPARAM_Preprocessing_Relax=-1;CPXPARAM_Preprocessing_RepeatPresolve=-1;CPXPARAM_Preprocessing_Symmetry=-1;CPXPARAM_Read_Scale=0;CPXPARAM_Sifting_Algorithm=0;CPXPARAM_Simplex_Crash=1;CPXPARAM_Simplex_DGradient=0;CPXPARAM_Simplex_Limits_Perturbation=0;CPXPARAM_Simplex_Limits_Singularity=10;CPXPARAM_Simplex_PGradient=0;CPXPARAM_Simplex_Pricing=0;CPXPARAM_Simplex_Refactor=0
6201833486037231003,0,CPXPARAM_Advance=1;CPXPARAM_Barrier_Algorithm=0;CPXPARAM_Barrier_ColNonzeros=0;CPXPARAM_Barrier_Crossover=0;CPXPARAM_Barrier_Limits_Corrections=-1;CPXPARAM_Barrier_Ordering=0;CPXPARAM_Barrier_StartAlg=1;CPXPARAM_Emphasis_MIP=5;CPXPARAM_Emphasis_Memory=0;CPXPARAM_Emphasis_Numerical=0;CPXPARAM_Feasopt_Mode=0;CPXPARAM_LPMethod=0;CPXPARAM_MIP_Cuts_Cliques=0;CPXPARAM_MIP_Cuts_Covers=3;CPXPARAM_MIP_Cuts_Disjunctive=0;CPXPARAM_MIP_Cuts_FlowCovers=1;CPXPARAM_MIP_Cuts_GUBCovers=0;CPXPARAM_MIP_Cuts_Gomory=0;CPXPARAM_MIP_Cuts_Implied=0;CPXPARAM_MIP_Cuts_MIRCut=0;CPXPARAM_MIP_Cuts_PathCut=0;CPXPARAM_MIP_Limits_AggForCut=3;CPXPARAM_MIP_Limits_CutPasses=0;CPXPARAM_MIP_Limits_CutsFactor=-1;CPXPARAM_MIP_Limits_GomoryCand=200;CPXPARAM_MIP_Limits_GomoryPass=0;CPXPARAM_MIP_Limits_Nodes=9223372036800000000;CPXPARAM_MIP_Limits_ProbeTime=1e+75;CPXPARAM_MIP_Limits_RepairTries=0;CPXPARAM_MIP_Limits_StrongCand=10;CPXPARAM_MIP_Limits_StrongIt=0;CPXPARAM_MIP_OrderType=0;CPXPARAM_MIP_Strategy_BBInterval=7;CPXPARAM_MIP_Strategy_Branch=0;CPXPARAM_MIP_Strategy_Dive=0;CPXPARAM_MIP_Strategy_File=1;CPXPARAM_MIP_Strategy_HeuristicFreq=0;CPXPARAM_MIP_Strategy_LBHeur=0;CPXPARAM_MIP_Strategy_NodeSelect=1;CPXPARAM_MIP_Strategy_Order=1;CPXPARAM_MIP_Strategy_PresolveNode=0;CPXPARAM_MIP_Strategy_Probe=0;CPXPARAM_MIP_Strategy_RINSHeur=0;CPXPARAM_MIP_Strategy_StartAlgorithm=0;CPXPARAM_MIP_Strategy_SubAlgorithm=0;CPXPARAM_MIP_Strategy_VariableSelect=0;CPXPARAM_Network_NetFind=2;CPXPARAM_Network_Pricing=0;CPXPARAM_Parallel=1;CPXPARAM_Preprocessing_Aggregator=-1;CPXPARAM_Preprocessing_BoundStrength=-1;CPXPARAM_Preprocessing_CoeffReduce=-1;CPXPARAM_Preprocessing_Dependency=-1;CPXPARAM_Preprocessing_Dual=0;CPXPARAM_Preprocessing_Fill=10;CPXPARAM_Preprocessing_NumPass=-1;CPXPARAM_Preprocessing_Presolve=1;CPXPARAM_Preprocessing_QPMakePSD=1;CPXPARAM_Preprocessing_Reduce=3;CPXPARAM_Preprocessing_Relax=-1;CPXPARAM_Preprocessing_RepeatPresolve=-1;CPXPARAM_Preprocessing_Symmetry=-1;CPXPARAM_Read_Scale=0;CPXPARAM_Sifting_Algorithm=0;CPXPARAM_Simplex_Crash=1;CPXPARAM_Simplex_DGradient=0;CPXPARAM_Simplex_Limits_Perturbation=0;CPXPARAM_Simplex_Limits_Singularity=10;CPXPARAM_Simplex_PGradient=0;CPXPARAM_Simplex_Pricing=0;CPXPARAM_Simplex_Refactor=0
11862467386761149613,0,CPXPARAM_Advance=1;CPXPARAM_Barrier_Algorithm=0;CPXPARAM_Barrier_ColNonzeros=0;CPXPARAM_Barrier_Crossover=0;CPXPARAM_Barrier_Limits_Corrections=-1;CPXPARAM_Barrier_Ordering=0;CPXPARAM_Barrier_StartAlg=1;CPXPARAM_Emphasis_MIP=5;CPXPARAM_Emphasis_Memory=0;CPXPARAM_Emphasis_Numerical=0;CPXPARAM_Feasopt_Mode=0;CPXPARAM_LPMethod=0;CPXPARAM_MIP_Cuts_Cliques=0;CPXPARAM_MIP_Cuts_Covers=0;CPXPARAM_MIP_Cuts_Disjunctive=0;CPXPARAM_MIP_Cuts_FlowCovers=1;CPXPARAM_MIP_Cuts_GUBCovers=0;CPXPARAM_MIP_Cuts_Gomory=0;CPXPARAM_MIP_Cuts_Implied=0;CPXPARAM_MIP_Cuts_MIRCut=0;CPXPARAM_MIP_Cuts_PathCut=0;CPXPARAM_MIP_Limits_AggForCut=3;CPXPARAM_MIP_Limits_CutPasses=0;CPXPARAM_MIP_Limits_CutsFactor=-1;CPXPARAM_MIP_Limits_GomoryCand=400;CPXPARAM_MIP_Limits_GomoryPass=0;CPXPARAM_MIP_Limits_Nodes=9223372036800000000;CPXPARAM_MIP_Limits_ProbeTime=1e+75;CPXPARAM_MIP_Limits_RepairTries=0;CPXPARAM_MIP_Limits_StrongCand=10;CPXPARAM_MIP_Limits_StrongIt=0;CPXPARAM_MIP_OrderType=0;CPXPARAM_MIP_Strategy_BBInterval=7;CPXPARAM_MIP_Strategy_Branch=0;CPXPARAM_MIP_Strategy_Dive=0;CPXPARAM_MIP_Strategy_File=1;CPXPARAM_MIP_Strategy_HeuristicFreq=0;CPXPARAM_MIP_Strategy_LBHeur=0;CPXPARAM_MIP_Strategy_NodeSelect=1;CPXPARAM_MIP_Strategy_Order=1;CPXPARAM_MIP_Strategy_PresolveNode=0;CPXPARAM_MIP_Strategy_Probe=0;CPXPARAM_MIP_Strategy_RINSHeur=0;CPXPARAM_MIP_Strategy_StartAlgorithm=0;CPXPARAM_MIP_Strategy_SubAlgorithm=0;CPXPARAM_MIP_Strategy_VariableSelect=0;CPXPARAM_Network_NetFind=2;CPXPARAM_Network_Pricing=0;CPXPARAM_Parallel=1;CPXPARAM_Preprocessing_Aggregator=-1;CPXPARAM_Preprocessing_BoundStrength=-1;CPXPARAM_Preprocessing_CoeffReduce=-1;CPXPARAM_Preprocessing_Dependency=-1;CPXPARAM_Preprocessing_Dual=0;CPXPARAM_Preprocessing_Fill=10;CPXPARAM_Preprocessing_NumPass=-1;CPXPARAM_Preprocessing_Presolve=1;CPXPARAM_Preprocessing_QPMakePSD=1;CPXPARAM_Preprocessing_Reduce=3;CPXPARAM_Preprocessing_Relax=-1;CPXPARAM_Preprocessing_RepeatPresolve=-1;CPXPARAM_Preprocessing_Symmetry=-1;CPXPARAM_Read_Scale=0;CPXPARAM_Sifting_Algorithm=0;CPXPARAM_Simplex_Crash=1;CPXPARAM_Simplex_DGradient=0;CPXPARAM_Simplex_Limits_Perturbation=0;CPXPARAM_Simplex_Limits_Singularity=10;CPXPARAM_Simplex_PGradient=0;CPXPARAM_Simplex_Pricing=0;CPXPARAM_Simplex_Refactor=0
1880292758336179324,0,CPXPARAM_Advance=1;CPXPARAM_Barrier_Algorithm=0;CPXPARAM_Barrier_ColNonzeros=0;CPXPARAM_Barrier_Crossover=0;CPXPARAM_Barrier_Limits_Corrections=-1;CPXPARAM_Barrier_Ordering=0;CPXPARAM_Barrier_StartAlg=1;CPXPARAM_Emphasis_MIP=5;CPXPARAM_Emphasis_Memory=0;CPXPARAM_Emphasis_Numerical=0;CPXPARAM_Feasopt_Mode=0;CPXPARAM_LPMethod=0;CPXPARAM_MIP_Cuts_Cliques=0;CPXPARAM_MIP_Cuts_Covers=0;CPXPARAM_MIP_Cuts_Disjunctive=0;CPXPARAM_MIP_Cuts_FlowCovers=1;CPXPARAM_MIP_Cuts_GUBCovers=0;CPXPARAM_MIP_Cuts_Gomory=0;CPXPARAM_MIP_Cuts_Implied=0;CPXPARAM_MIP_Cuts_MIRCut=0;CPXPARAM_MIP_Cuts_PathCut=0;CPXPARAM_MIP_Limits_AggForCut=3;CPXPARAM_MIP_Limits_CutPasses=0;CPXPARAM_MIP_Limits_CutsFactor=-1;CPXPARAM_MIP_Limits_GomoryCand=200;CPXPARAM_MIP_Limits_GomoryPass=0;CPXPARAM_MIP_Limits_Nodes=9223372036800000000;CPXPARAM_MIP_Limits_ProbeTime=1e+75;CPXPARAM_MIP_Limits_RepairTries=0;CPXPARAM_MIP_Limits_StrongCand=10;CPXPARAM_MIP_Limits_StrongIt=0;CPXPARAM_MIP_OrderType=0;CPXPARAM_MIP_Strategy_BBInterval=7;CPXPARAM_MIP_Strategy_Branch=0;CPXPARAM_MIP_Strategy_Dive=0;CPXPARAM_MIP_Strategy_File=1;CPXPARAM_MIP_Strategy_HeuristicFreq=0;CPXPARAM_MIP_Strategy_LBHeur=0;CPXPARAM_MIP_Strategy_NodeSelect=1;CPXPARAM_MIP_Strategy_Order=1;CPXPARAM_MIP_Strategy_PresolveNode=0;CPXPARAM_MIP_Strategy_Probe=0;CPXPARAM_MIP_Strategy_RINSHeur=0;CPXPARAM_MIP_Strategy_StartAlgorithm=0;CPXPARAM_MIP_Strategy_SubAlgorithm=0;CPXPARAM_MIP_Strategy_VariableSelect=0;CPXPARAM_Network_NetFind=2;CPXPARAM_Network_Pricing=0;CPXPARAM_Parallel=1;CPXPARAM_Preprocessing_Aggregator=-1;CPXPARAM_Preprocessing_BoundStrength=-1;CPXPARAM_Preprocessing_CoeffReduce=0;CPXPARAM_Preprocessing_Dependency=-1;CPXPARAM_Preprocessing_Dual=0;CPXPARAM_Preprocessing_Fill=10;CPXPARAM_Preprocessing_NumPass=-1;CPXPARAM_Preprocessing_Presolve=1;CPXPARAM_Preprocessing_QPMakePSD=1;CPXPARAM_Preprocessing_Reduce=3;CPXPARAM_Preprocessing_Relax=-1;CPXPARAM_Preprocessing_RepeatPresolve=-1;CPXPARAM_Preprocessing_Symmetry=-1;CPXPARAM_Read_Scale=0;CPXPARAM_Sifting_Algorithm=0;CPXPARAM_Simplex_Crash=1;CPXPARAM_Simplex_DGradient=0;CPXPARAM_Simplex_Limits_Perturbation=0;CPXPARAM_Simplex_Limits_Singularity=10;CPXPARAM_Simplex_PGradient=0;CPXPARAM_Simplex_Pricing=0;CPXPARAM_Simplex_Refactor=0
11589986422924436707,0,CPXPARAM_Advance=1;CPXPARAM_Barrier_Algorithm=0;CPXPARAM_Barrier_ColNonzeros=0;CPXPARAM_Barrier_Crossover=0;CPXPARAM_Barrier_Limits_Corrections=-1;CPXPARAM_Barrier_Ordering=0;CPXPARAM_Barrier_StartAlg=1;CPXPARAM_Emphasis_MIP=1;CPXPARAM_Emphasis_Memory=0;CPXPARAM_Emphasis_Numerical=0;CPXPARAM_Feasopt_Mode=0;CPXPARAM_LPMethod=0;CPXPARAM_MIP_Cuts_Cliques=0;CPXPARAM_MIP_Cuts_Covers=0;CPXPARAM_MIP_Cuts_Disjunctive=2;CPXPARAM_MIP_Cuts_FlowCovers=2;CPXPARAM_MIP_Cuts_GUBCovers=2;CPXPARAM_MIP_Cuts_Gomory=0;CPXPARAM_MIP_Cuts_Implied=1;CPXPARAM_MIP_Cuts_MIRCut=-1;CPXPARAM_MIP_Cuts_PathCut=2;CPXPARAM_MIP_Limits_AggForCut=3;CPXPARAM_MIP_Limits_CutPasses=0;CPXPARAM_MIP_Limits_CutsFactor=-1;CPXPARAM_MIP_Limits_GomoryCand=400;CPXPARAM_MIP_Limits_GomoryPass=0;CPXPARAM_MIP_Limits_Nodes=9223372036800000000;CPXPARAM_MIP_Limits_ProbeTime=1e+75;CPXPARAM_MIP_Limits_RepairTries=0;CPXPARAM_MIP_Limits_StrongCand=10;CPXPARAM_MIP_Limits_StrongIt=0;CPXPARAM_MIP_OrderType=0;CPXPARAM_MIP_Strategy_BBInterval=7;CPXPARAM_MIP_Strategy_Branch=0;CPXPARAM_MIP_Strategy_Dive=0;CPXPARAM_MIP_Strategy_File=1;CPXPARAM_MIP_Strategy_HeuristicFreq=0;CPXPARAM_MIP_Strategy_LBHeur=0;CPXPARAM_MIP_Strategy_NodeSelect=1;CPXPARAM_MIP_Strategy_Order=1;CPXPARAM_MIP_Strategy_PresolveNode=0;CPXPARAM_MIP_Strategy_Probe=0;CPXPARAM_MIP_Strategy_RINSHeur=0;CPXPARAM_MIP_Strategy_StartAlgorithm=0;CPXPARAM_MIP_Strategy_SubAlgorithm=0;CPXPARAM_MIP_Strategy_VariableSelect=0;CPXPARAM_Network_NetFind=2;CPXPARAM_Network_Pricing=0;CPXPARAM_Parallel=1;CPXPARAM_Preprocessing_Aggregator=-1;CPXPARAM_Preprocessing_BoundStrength=-1;CPXPARAM_Preprocessing_CoeffReduce=-1;CPXPARAM_Preprocessing_Dependency=-1;CPXPARAM_Preprocessing_Dual=0;CPXPARAM_Preprocessing_Fill=10;CPXPARAM_Preprocessing_NumPass=-1;CPXPARAM_Preprocessing_Presolve=1;CPXPARAM_Preprocessing_QPMakePSD=1;CPXPARAM_Preprocessing_Reduce=3;CPXPARAM_Preprocessing_Relax=-1;CPXPARAM_Preprocessing_RepeatPresolve=-1;CPXPARAM_Preprocessing_Symmetry=-1;CPXPARAM_Read_Scale=0;CPXPARAM_Sifting_Algorithm=0;CPXPARAM_Simplex_Crash=1;CPXPARAM_Simplex_DGradient=0;CPXPARAM_Simplex_Limits_Perturbation=0;CPXPARAM_Simplex_Limits_Singularity=10;CPXPARAM_Simplex_PGradient=0;CPXPARAM_Simplex_Pricing=0;CPXPARAM_Simplex_Refactor=0
14921508010286178949,0,CPXPARAM_Advance=1;CPXPARAM_Barrier_Algorithm=0;CPXPARAM_Barrier_ColNonzeros=0;CPXPARAM_Barrier_Crossover=0;CPXPARAM_Barrier_Limits_Corrections=-1;CPXPARAM_Barrier_Ordering=0;CPXPARAM_Barrier_StartAlg=1;CPXPARAM_Emphasis_MIP=0;CPXPARAM_Emphasis_Memory=0;CPXPARAM_Emphasis_Numerical=0;CPXPARAM_Feasopt_Mode=0;CPXPARAM_LPMethod=0;CPXPARAM_MIP_Cuts_Cliques=0;CPXPARAM_MIP_Cuts_Covers=0;CPXPARAM_MIP_Cuts_Disjunctive=0;CPXPARAM_MIP_Cuts_FlowCovers=0;CPXPARAM_MIP_Cuts_GUBCovers=0;CPXPARAM_MIP_Cuts_Gomory=0;CPXPARAM_MIP_Cuts_Implied=0;CPXPARAM_MIP_Cuts_MIRCut=0;CPXPARAM_MIP_Cuts_PathCut=0;CPXPARAM_MIP_Limits_AggForCut=3;CPXPARAM_MIP_Limits_CutPasses=0;CPXPARAM_MIP_Limits_CutsFactor=-1;CPXPARAM_MIP_Limits_GomoryCand=200;CPXPARAM_MIP_Limits_GomoryPass=0;CPXPARAM_MIP_Limits_Nodes=9223372036800000000;CPXPARAM_MIP_Limits_ProbeTime=1e+75;CPXPARAM_MIP_Limits_RepairTries=0;CPXPARAM_MIP_Limits_StrongCand=10;CPXPARAM_MIP_Limits_StrongIt=0;CPXPARAM_MIP_OrderType=0;CPXPARAM_MIP_Strategy_BBInterval=7;CPXPARAM_MIP_Strategy_Branch=0;CPXPARAM_MIP_Strategy_Dive=0;CPXPARAM_MIP_Strategy_File=1;CPXPARAM_MIP_Strategy_HeuristicFreq=0;CPXPARAM_MIP_Strategy_LBHeur=0;CPXPARAM_MIP_Strategy_NodeSelect=1;CPXPARAM_MIP_Strategy_Order=1;CPXPARAM_MIP_Strategy_PresolveNode=0;CPXPARAM_MIP_Strategy_Probe=0;CPXPARAM_MIP_Strategy_RINSHeur=0;CPXPARAM_MIP_Strategy_StartAlgorithm=0;CPXPARAM_MIP_Strategy_SubAlgorithm=0;CPXPARAM_MIP_Strategy_VariableSelect=0;CPXPARAM_Network_NetFind=2;CPXPARAM_Network_Pricing=0;CPXPARAM_Parallel=1;CPXPARAM_Preprocessing_Aggregator=-1;CPXPARAM_Preprocessing_BoundStrength=-1;CPXPARAM_Preprocessing_CoeffReduce=-1;CPXPARAM_Preprocessing_Dependency=-1;CPXPARAM_Preprocessing_Dual=0;CPXPARAM_Preprocessing_Fill=10;CPXPARAM_Preprocessing_NumPass=-1;CPXPARAM_Preprocessing_Presolve=1;CPXPARAM_Preprocessing_QPMakePSD=1;CPXPARAM_Preprocessing_Reduce=3;CPXPARAM_Preprocessing_Relax=-1;CPXPARAM_Preprocessing_RepeatPresolve=-1;CPXPARAM_Preprocessing_Symmetry=-1;CPXPARAM_Read_Scale=0;CPXPARAM_Sifting_Algorithm=0;CPXPARAM_Simplex_Crash=1;CPXPARAM_Simplex_DGradient=0;CPXPARAM_Simplex_Limits_Perturbation=0;CPXPARAM_Simplex_Limits_Singularity=10;CPXPARAM_Simplex_PGradient=0;CPXPARAM_Simplex_Pricing=0;CPXPARAM_Simplex_Refactor=0
4695992932221430686,0,CPXPARAM_Advance=1;CPXPARAM_Barrier_Algorithm=0;CPXPARAM_Barrier_ColNonzeros=0;CPXPARAM_Barrier_Crossover=0;CPXPARAM_Barrier_Limits_Corrections=-1;CPXPARAM_Barrier_Ordering=0;CPXPARAM_Barrier_StartAlg=1;CPXPARAM_Emphasis_MIP=1;CPXPARAM_Emphasis_Memory=0;CPXPARAM_Emphasis_Numerical=0;CPXPARAM_Feasopt_Mode=0;CPXPARAM_LPMethod=0;CPXPARAM_MIP_Cuts_Cliques=1;CPXPARAM_MIP_Cuts_Covers=0;CPXPARAM_MIP_Cuts_Disjunctive=-1;CPXPARAM_MIP_Cuts_FlowCovers=-1;CPXPARAM_MIP_Cuts_GUBCovers=1;CPXPARAM_MIP_Cuts_Gomory=1;CPXPARAM_MIP_Cuts_Implied=1;CPXPARAM_MIP_Cuts_MIRCut=2;CPXPARAM_MIP_Cuts_PathCut=-1;CPXPARAM_MIP_Limits_AggForCut=3;CPXPARAM_MIP_Limits_CutPasses=0;CPXPARAM_MIP_Limits_CutsFactor=-1;CPXPARAM_MIP_Limits_GomoryCand=800;CPXPARAM_MIP_Limits_GomoryPass=0;CPXPARAM_MIP_Limits_Nodes=9223372036800000000;CPXPARAM_MIP_Limits_ProbeTime=1e+75;CPXPARAM_MIP_Limits_RepairTries=0;CPXPARAM_MIP_Limits_StrongCand=10;CPXPARAM_MIP_Limits_StrongIt=0;CPXPARAM_MIP_OrderType=2;CPXPARAM_MIP_Strategy_BBInterval=7;CPXPARAM_MIP_Strategy_Branch=0;CPXPARAM_MIP_Strategy_Dive=0;CPXPARAM_MIP_Strategy_File=2;CPXPARAM_MIP_Strategy_HeuristicFreq=0;CPXPARAM_MIP_Strategy_LBHeur=0;CPXPARAM_MIP_Strategy_NodeSelect=1;CPXPARAM_MIP_Strategy_Order=1;CPXPARAM_MIP_Strategy_PresolveNode=0;CPXPARAM_MIP_Strategy_Probe=0;CPXPARAM_MIP_Strategy_RINSHeur=0;CPXPARAM_MIP_Strategy_StartAlgorithm=0;CPXPARAM_MIP_Strategy_SubAlgorithm=0;CPXPARAM_MIP_Strategy_VariableSelect=0;CPXPARAM_Network_NetFind=1;CPXPARAM_Network_Pricing=1;CPXPARAM_Parallel=1;CPXPARAM_Preprocessing_Aggregator=-1;CPXPARAM_Preprocessing_BoundStrength=-1;CPXPARAM_Preprocessing_CoeffReduce=-1;CPXPARAM_Preprocessing_Dependency=-1;CPXPARAM_Preprocessing_Dual=-1;CPXPARAM_Preprocessing_Fill=10;CPXPARAM_Preprocessing_NumPass=-1;CPXPARAM_Preprocessing_Presolve=1;CPXPARAM_Preprocessing_QPMakePSD=1;CPXPARAM_Preprocessing_Reduce=1;CPXPARAM_Preprocessing_Relax=1;CPXPARAM_Preprocessing_RepeatPresolve=-1;CPXPARAM_Preprocessing_Symmetry=-1;CPXPARAM_Read_Scale=0;CPXPARAM_Sifting_Algorithm=0;CPXPARAM_Simplex_Crash=1;CPXPARAM_Simplex_DGradient=0;CPXPARAM_Simplex_Limits_Perturbation=0;CPXPARAM_Simplex_Limits_Singularity=10;CPXPARAM_Simplex_PGradient=1;CPXPARAM_Simplex_Pricing=0;CPXPARAM_Simplex_Refactor=0
18064711817669328478,0,CPXPARAM_Advance=1;CPXPARAM_Barrier_Algorithm=0;CPXPARAM_Barrier_ColNonzeros=0;CPXPARAM_Barrier_Crossover=0;CPXPARAM_Barrier_Limits_Corrections=-1;CPXPARAM_Barrier_Ordering=0;CPXPARAM_Barrier_StartAlg=1;CPXPARAM_Emphasis_MIP=5;CPXPARAM_Emphasis_Memory=0;CPXPARAM_Emphasis_Numerical=0;CPXPARAM_Feasopt_Mode=4;CPXPARAM_LPMethod=0;CPXPARAM_MIP_Cuts_Cliques=0;CPXPARAM_MIP_Cuts_Covers=0;CPXPARAM_MIP_Cuts_Disjunctive=0;CPXPARAM_MIP_Cuts_FlowCovers=1;CPXPARAM_MIP_Cuts_GUBCovers=0;CPXPARAM_MIP_Cuts_Gomory=0;CPXPARAM_MIP_Cuts_Implied=0;CPXPARAM_MIP_Cuts_MIRCut=0;CPXPARAM_MIP_Cuts_PathCut=0;CPXPARAM_MIP_Limits_AggForCut=3;CPXPARAM_MIP_Limits_CutPasses=0;CPXPARAM_MIP_Limits_CutsFactor=-1;CPXPARAM_MIP_Limits_GomoryCand=200;CPXPARAM_MIP_Limits_GomoryPass=0;CPXPARAM_MIP_Limits_Nodes=9223372036800000000;CPXPARAM_MIP_Limits_ProbeTime=1e+75;CPXPARAM_MIP_Limits_RepairTries=0;CPXPARAM_MIP_Limits_StrongCand=10;CPXPARAM_MIP_Limits_StrongIt=0;CPXPARAM_MIP_OrderType=0;CPXPARAM_MIP_Strategy_BBInterval=7;CPXPARAM_MIP_Strategy_Branch=0;CPXPARAM_MIP_Strategy_Dive=0;CPXPARAM_MIP_Strategy_File=1;CPXPARAM_MIP_Strategy_HeuristicFreq=0;CPXPARAM_MIP_Strategy_LBHeur=0;CPXPARAM_MIP_Strategy_NodeSelect=1;CPXPARAM_MIP_Strategy_Order=1;CPXPARAM_MIP_Strategy_PresolveNode=0;CPXPARAM_MIP_Strategy_Probe=0;CPXPARAM_MIP_Strategy_RINSHeur=0;CPXPARAM_MIP_Strategy_StartAlgorithm=0;CPXPARAM_MIP_Strategy_SubAlgorithm=0;CPXPARAM_MIP_Strategy_VariableSelect=0;CPXPARAM_Network_NetFind=2;CPXPARAM_Network_Pricing=0;CPXPARAM_Parallel=1;CPXPARAM_Preprocessing_Aggregator=-1;CPXPARAM_Preprocessing_BoundStrength=-1;CPXPARAM_Preprocessing_CoeffReduce=-1;CPXPARAM_Preprocessing_Dependency=-1;CPXPARAM_Preprocessing_Dual=0;CPXPARAM_Preprocessing_Fill=10;CPXPARAM_Preprocessing_NumPass=-1;CPXPARAM_Preprocessing_Presolve=1;CPXPARAM_Preprocessing_QPMakePSD=1;CPXPARAM_Preprocessing_Reduce=3;CPXPARAM_Preprocessing_Relax=-1;CPXPARAM_Preprocessing_RepeatPresolve=-1;CPXPARAM_Preprocessing_Symmetry=-1;CPXPARAM_Read_Scale=0;CPXPARAM_Sifting_Algorithm=0;CPXPARAM_Simplex_Crash=1;CPXPARAM_Simplex_DGradient=0;CPXPARAM_Simplex_Limits_Perturbation=0;CPXPARAM_Simplex_Limits_Singularity=10;CPXPARAM_Simplex_PGradient=0;CPXPARAM_Simplex_Pricing=0;CPXPARAM_Simplex_Refactor=0
354894240490897469,0,CPXPARAM_Advance=1;CPXPARAM_Barrier_Algorithm=0;CPXPARAM_Barrier_ColNonzeros=0;CPXPARAM_Barrier_Crossover=0;CPXPARAM_Barrier_Limits_Corrections=-1;CPXPARAM_Barrier_Ordering=0;CPXPARAM_Barrier_StartAlg=1;CPXPARAM_Emphasis_MIP=5;CPXPARAM_Emphasis_Memory=0;CPXPARAM_Emphasis_Numerical=0;CPXPARAM_Feasopt_Mode=3;CPXPARAM_LPMethod=0;CPXPARAM_MIP_Cuts_Cliques=0;CPXPARAM_MIP_Cuts_Covers=0;CPXPARAM_MIP_Cuts_Disjunctive=0;CPXPARAM_MIP_Cuts_FlowCovers=1;CPXPARAM_MIP_Cuts_GUBCovers=0;CPXPARAM_MIP_Cuts_Gomory=0;CPXPARAM_MIP_Cuts_Implied=0;CPXPARAM_MIP_Cuts_MIRCut=0;CPXPARAM_MIP_Cuts_PathCut=0;CPXPARAM_MIP_Limits_AggForCut=3;CPXPARAM_MIP_Limits_CutPasses=0;CPXPARAM_MIP_Limits_CutsFactor=-1;CPXPARAM_MIP_Limits_GomoryCand=200;CPXPARAM_MIP_Limits_GomoryPass=0;CPXPARAM_MIP_Limits_Nodes=9223372036800000000;CPXPARAM_MIP_Limits_ProbeTime=1e+75;CPXPARAM_MIP_Limits_RepairTries=0;CPXPARAM_MIP_Limits_StrongCand=10;CPXPARAM_MIP_Limits_StrongIt=0;CPXPARAM_MIP_OrderType=0;CPXPARAM_MIP_Strategy_BBInterval=7;CPXPARAM_MIP_Strategy_Branch=0;CPXPARAM_MIP_Strategy_Dive=0;CPXPARAM_MIP_Strategy_File=1;CPXPARAM_MIP_Strategy_HeuristicFreq=0;CPXPARAM_MIP_Strategy_LBHeur=0;CPXPARAM_MIP_Strategy_NodeSelect=1;CPXPARAM_MIP_Strategy_Order=1;CPXPARAM_MIP_Strategy_PresolveNode=0;CPXPARAM_MIP_Strategy_Probe=0;CPXPARAM_MIP_Strategy_RINSHeur=0;CPXPARAM_MIP_Strategy_StartAlgorithm=0;CPXPARAM_MIP_Strategy_SubAlgorithm=0;CPXPARAM_MIP_Strategy_VariableSelect=0;CPXPARAM_Network_NetFind=2;CPXPARAM_Network_Pricing=0;CPXPARAM_Parallel=1;CPXPARAM_Preprocessing_Aggregator=-1;CPXPARAM_Preprocessing_BoundStrength=-1;CPXPARAM_Preprocessing_CoeffReduce=-1;CPXPARAM_Preprocessing_Dependency=-1;CPXPARAM_Preprocessing_Dual=0;CPXPARAM_Preprocessing_Fill=10;CPXPARAM_Preprocessing_NumPass=-1;CPXPARAM_Preprocessing_Presolve=1;CPXPARAM_Preprocessing_QPMakePSD=1;CPXPARAM_Preprocessing_Reduce=3;CPXPARAM_Preprocessing_Relax=-1;CPXPARAM_Preprocessing_RepeatPresolve=-1;CPXPARAM_Preprocessing_Symmetry=-1;CPXPARAM_Read_Scale=0;CPXPARAM_Sifting_Algorithm=0;CPXPARAM_Simplex_Crash=1;CPXPARAM_Simplex_DGradient=0;CPXPARAM_Simplex_Limits_Perturbation=0;CPXPARAM_Simplex_Limits_Singularity=10;CPXPARAM_Simplex_PGradient=0;CPXPARAM_Simplex_Pricing=0;CPXPARAM_Simplex_Refactor=0
2731613040667023915,0,CPXPARAM_Advance=1;CPXPARAM_Barrier_Algorithm=0;CPXPARAM_Barrier_ColNonzeros=0;CPXPARAM_Barrier_Crossover=0;CPXPARAM_Barrier_Limits_Corrections=-1;CPXPARAM_Barrier_Ordering=0;CPXPARAM_Barrier_StartAlg=1;CPXPARAM_Emphasis_MIP=5;CPXPARAM_Emphasis_Memory=0;CPXPARAM_Emphasis_Numerical=0;CPXPARAM_Feasopt_Mode=0;CPXPARAM_LPMethod=0;CPXPARAM_MIP_Cuts_Cliques=0;CPXPARAM_MIP_Cuts_Covers=0;CPXPARAM_MIP_Cuts_Disjunctive=0;CPXPARAM_MIP_Cuts_FlowCovers=1;CPXPARAM_MIP_Cuts_GUBCovers=0;CPXPARAM_MIP_Cuts_Gomory=0;CPXPARAM_MIP_Cuts_Implied=0;CPXPARAM_MIP_Cuts_MIRCut=0;CPXPARAM_MIP_Cuts_PathCut=0;CPXPARAM_MIP_Limits_AggForCut=3;CPXPARAM_MIP_Limits_CutPasses=0;CPXPARAM_MIP_Limits_CutsFactor=-1;CPXPARAM_MIP_Limits_GomoryCand=200;CPXPARAM_MIP_Limits_GomoryPass=0;CPXPARAM_MIP_Limits_Nodes=9223372036800000000;CPXPARAM_MIP_Limits_ProbeTime=1e+75;CPXPARAM_MIP_Limits_RepairTries=0;CPXPARAM_MIP_Limits_StrongCand=10;CPXPARAM_MIP_Limits_StrongIt=0;CPXPARAM_MIP_OrderType=0;CPXPARAM_MIP_Strategy_BBInterval=7;CPXPARAM_MIP_Strategy_Branch=0;CPXPARAM_MIP_Strategy_Dive=0;CPXPARAM_MIP_Strategy_File=1;CPXPARAM_MIP_Strategy_HeuristicFreq=0;CPXPARAM_MIP_Strategy_LBHeur=0;CPXPARAM_MIP_Strategy_NodeSelect=1;CPXPARAM_MIP_Strategy_Order=1;CPXPARAM_MIP_Strategy_PresolveNode=0;CPXPARAM_MIP_Strategy_Probe=0;CPXPARAM_MIP_Strategy_RINSHeur=200;CPXPARAM_MIP_Strategy_StartAlgorithm=0;CPXPARAM_MIP_Strategy_SubAlgorithm=0;CPXPARAM_MIP_Strategy_VariableSelect=0;CPXPARAM_Network_NetFind=2;CPXPARAM_Network_Pricing=0;CPXPARAM_Parallel=1;CPXPARAM_Preprocessing_Aggregator=-1;CPXPARAM_Preprocessing_BoundStrength=-1;CPXPARAM_Preprocessing_CoeffReduce=-1;CPXPARAM_Preprocessing_Dependency=-1;CPXPARAM_Preprocessing_Dual=0;CPXPARAM_Preprocessing_Fill=10;CPXPARAM_Preprocessing_NumPass=-1;CPXPARAM_Preprocessing_Presolve=1;CPXPARAM_Preprocessing_QPMakePSD=1;CPXPARAM_Preprocessing_Reduce=3;CPXPARAM_Preprocessing_Relax=-1;CPXPARAM_Preprocessing_RepeatPresolve=-1;CPXPARAM_Preprocessing_Symmetry=-1;CPXPARAM_Read_Scale=0;CPXPARAM_Sifting_Algorithm=0;CPXPARAM_Simplex_Crash=1;CPXPARAM_Simplex_DGradient=0;CPXPARAM_Simplex_Limits_Perturbation=0;CPXPARAM_Simplex_Limits_Singularity=10;CPXPARAM_Simplex_PGradient=0;CPXPARAM_Simplex_Pricing=0;CPXPARAM_Simplex_Refactor=0
4212311836723003975,0,CPXPARAM_Advance=1;CPXPARAM_Barrier_Algorithm=0;CPXPARAM_Barrier_ColNonzeros=0;CPXPARAM_Barrier_Crossover=0;CPXPARAM_Barrier_Limits_Corrections=-1;CPXPARAM_Barrier_Ordering=0;CPXPARAM_Barrier_StartAlg=1;CPXPARAM_Emphasis_MIP=1;CPXPARAM_Emphasis_Memory=0;CPXPARAM_Emphasis_Numerical=0;CPXPARAM_Feasopt_Mode=0;CPXPARAM_LPMethod=0;CPXPARAM_MIP_Cuts_Cliques=0;CPXPARAM_MIP_Cuts_Covers=0;CPXPARAM_MIP_Cuts_Disjunctive=2;CPXPARAM_MIP_Cuts_FlowCovers=-1;CPXPARAM_MIP_Cuts_GUBCovers=2;CPXPARAM_MIP_Cuts_Gomory=0;CPXPARAM_MIP_Cuts_Implied=1;CPXPARAM_MIP_Cuts_MIRCut=-1;CPXPARAM_MIP_Cuts_PathCut=2;CPXPARAM_MIP_Limits_AggForCut=3;CPXPARAM_MIP_Limits_CutPasses=0;CPXPARAM_MIP_Limits_CutsFactor=-1;CPXPARAM_MIP_Limits_GomoryCand=400;CPXPARAM_MIP_Limits_GomoryPass=0;CPXPARAM_MIP_Limits_Nodes=9223372036800000000;CPXPARAM_MIP_Limits_ProbeTime=1e+75;CPXPARAM_MIP_Limits_RepairTries=0;CPXPARAM_MIP_Limits_StrongCand=10;CPXPARAM_MIP_Limits_StrongIt=0;CPXPARAM_MIP_OrderType=0;CPXPARAM_MIP_Strategy_BBInterval=7;CPXPARAM_MIP_Strategy_Branch=0;CPXPARAM_MIP_Strategy_Dive=0;CPXPARAM_MIP_Strategy_File=1;CPXPARAM_MIP_Strategy_HeuristicFreq=0;CPXPARAM_MIP_Strategy_LBHeur=0;CPXPARAM_MIP_Strategy_NodeSelect=1;CPXPARAM_MIP_Strategy_Order=1;CPXPARAM_MIP_Strategy_PresolveNode=0;CPXPARAM_MIP_Strategy_Probe=0;CPXPARAM_MIP_Strategy_RINSHeur=0;CPXPARAM_MIP_Strategy_StartAlgorithm=0;CPXPARAM_MIP_Strategy_SubAlgorithm=0;CPXPARAM_MIP_Strategy_VariableSelect=0;CPXPARAM_Network_NetFind=2;CPXPARAM_Network_Pricing=0;CPXPARAM_Parallel=1;CPXPARAM_Preprocessing_Aggregator=-1;CPXPARAM_Preprocessing_BoundStrength=-1;CPXPARAM_Preprocessing_CoeffReduce=-1;CPXPARAM_Preprocessing_Dependency=-1;CPXPARAM_Preprocessing_Dual=0;CPXPARAM_Preprocessing_Fill=10;CPXPARAM_Preprocessing_NumPass=-1;CPXPARAM_Preprocessing_Presolve=1;CPXPARAM_Preprocessing_QPMakePSD=1;CPXPARAM_Preprocessing_Reduce=3;CPXPARAM_Preprocessing_Relax=-1;CPXPARAM_Preprocessing_RepeatPresolve=-1;CPXPARAM_Preprocessing_Symmetry=-1;CPXPARAM_Read_Scale=0;CPXPARAM_Sifting_Algorithm=0;CPXPARAM_Simplex_Crash=1;CPXPARAM_Simplex_DGradient=0;CPXPARAM_Simplex_Limits_Perturbation=0;CPXPARAM_Simplex_Limits_Singularity=10;CPXPARAM_Simplex_PGradient=0;CPXPARAM_Simplex_Pricing=0;CPXPARAM_Simplex_Refactor=0
6256578975208963304,0,CPXPARAM_Advance=1;CPXPARAM_Barrier_Algorithm=0;CPXPARAM_Barrier_ColNonzeros=0;CPXPARAM_Barrier_Crossover=0;CPXPARAM_Barrier_Limits_Corrections=-1;CPXPARAM_Barrier_Ordering=0;CPXPARAM_Barrier_StartAlg=1;CPXPARAM_Emphasis_MIP=1;CPXPARAM_Emphasis_Memory=0;CPXPARAM_Emphasis_Numerical=0;CPXPARAM_Feasopt_Mode=0;CPXPARAM_LPMethod=0;CPXPARAM_MIP_Cuts_Cliques=-1;CPXPARAM_MIP_Cuts_Covers=0;CPXPARAM_MIP_Cuts_Disjunctive=2;CPXPARAM_MIP_Cuts_FlowCovers=1;CPXPARAM_MIP_Cuts_GUBCovers=2;CPXPARAM_MIP_Cuts_Gomory=0;CPXPARAM_MIP_Cuts_Implied=1;CPXPARAM_MIP_Cuts_MIRCut=-1;CPXPARAM_MIP_Cuts_PathCut=2;CPXPARAM_MIP_Limits_AggForCut=3;CPXPARAM_MIP_Limits_CutPasses=0;CPXPARAM_MIP_Limits_CutsFactor=-1;CPXPARAM_MIP_Limits_GomoryCand=400;CPXPARAM_MIP_Limits_GomoryPass=0;CPXPARAM_MIP_Limits_Nodes=9223372036800000000;CPXPARAM_MIP_Limits_ProbeTime=1e+75;CPXPARAM_MIP_Limits_RepairTries=0;CPXPARAM_MIP_Limits_StrongCand=10;CPXPARAM_MIP_Limits_StrongIt=0;CPXPARAM_MIP_OrderType=0;CPXPARAM_MIP_Strategy_BBInterval=7;CPXPARAM_MIP_Strategy_Branch=0;CPXPARAM_MIP_Strategy_Dive=0;CPXPARAM_MIP_Strategy_File=1;CPXPARAM_MIP_Strategy_HeuristicFreq=0;CPXPARAM_MIP_Strategy_LBHeur=0;CPXPARAM_MIP_Strategy_NodeSelect=1;CPXPARAM_MIP_Strategy_Order=1;CPXPARAM_MIP_Strategy_PresolveNode=0;CPXPARAM_MIP_Strategy_Probe=0;CPXPARAM_MIP_Strategy_RINSHeur=0;CPXPARAM_MIP_Strategy_StartAlgorithm=0;CPXPARAM_MIP_Strategy_SubAlgorithm=0;CPXPARAM_MIP_Strategy_VariableSelect=0;CPXPARAM_Network_NetFind=2;CPXPARAM_Network_Pricing=0;CPXPARAM_Parallel=1;CPXPARAM_Preprocessing_Aggregator=-1;CPXPARAM_Preprocessing_BoundStrength=-1;CPXPARAM_Preprocessing_CoeffReduce=-1;CPXPARAM_Preprocessing_Dependency=-1;CPXPARAM_Preprocessing_Dual=0;CPXPARAM_Preprocessing_Fill=10;CPXPARAM_Preprocessing_NumPass=-1;CPXPARAM_Preprocessing_Presolve=1;CPXPARAM_Preprocessing_QPMakePSD=1;CPXPARAM_Preprocessing_Reduce=3;CPXPARAM_Preprocessing_Relax=-1;CPXPARAM_Preprocessing_RepeatPresolve=-1;CPXPARAM_Preprocessing_Symmetry=-1;CPXPARAM_Read_Scale=0;CPXPARAM_Sifting_Algorithm=0;CPXPARAM_Simplex_Crash=1;CPXPARAM_Simplex_DGradient=0;CPXPARAM_Simplex_Limits_Perturbation=0;CPXPARAM_Simplex_Limits_Singularity=10;CPXPARAM_Simplex_PGradient=0;CPXPARAM_Simplex_Pricing=0;CPXPARAM_Simplex_Refactor=0
13877514363174571504,0,CPXPARAM_Advance=1;CPXPARAM_Barrier_Algorithm=0;CPXPARAM_Barrier_ColNonzeros=0;CPXPARAM_Barrier_Crossover=0;CPXPARAM_Barrier_Limits_Corrections=-1;CPXPARAM_Barrier_Ordering=0;CPXPARAM_Barrier_StartAlg=2;CPXPARAM_Emphasis_MIP=5;CPXPARAM_Emphasis_Memory=0;CPXPARAM_Emphasis_Numerical=0;CPXPARAM_Feasopt_Mode=0;CPXPARAM_LPMethod=0;CPXPARAM_MIP_Cuts_Cliques=0;CPXPARAM_MIP_Cuts_Covers=0;CPXPARAM_MIP_Cuts_Disjunctive=0;CPXPARAM_MIP_Cuts_FlowCovers=1;CPXPARAM_MIP_Cuts_GUBCovers=0;CPXPARAM_MIP_Cuts_Gomory=0;CPXPARAM_MIP_Cuts_Implied=0;CPXPARAM_MIP_Cuts_MIRCut=0;CPXPARAM_MIP_Cuts_PathCut=0;CPXPARAM_MIP_Limits_AggForCut=3;CPXPARAM_MIP_Limits_CutPasses=0;CPXPARAM_MIP_Limits_CutsFactor=-1;CPXPARAM_MIP_Limits_GomoryCand=200;CPXPARAM_MIP_Limits_GomoryPass=0;CPXPARAM_MIP_Limits_Nodes=9223372036800000000;CPXPARAM_MIP_Limits_ProbeTime=1e+75;CPXPARAM_MIP_Limits_RepairTries=0;CPXPARAM_MIP_Limits_StrongCand=10;CPXPARAM_MIP_Limits_StrongIt=0;CPXPARAM_MIP_OrderType=0;CPXPARAM_MIP_Strategy_BBInterval=7;CPXPARAM_MIP_Strategy_Branch=0;CPXPARAM_MIP_Strategy_Dive=0;CPXPARAM_MIP_Strategy_File=1;CPXPARAM_MIP_Strategy_HeuristicFreq=0;CPXPARAM_MIP_Strategy_LBHeur=0;CPXPARAM_MIP_Strategy_NodeSelect=1;CPXPARAM_MIP_Strategy_Order=1;CPXPARAM_MIP_Strategy_PresolveNode=0;CPXPARAM_MIP_Strategy_Probe=0;CPXPARAM_MIP_Strategy_RINSHeur=0;CPXPARAM_MIP_Strategy_StartAlgorithm=0;CPXPARAM_MIP_Strategy_SubAlgorithm=0;CPXPARAM_MIP_Strategy_VariableSelect=0;CPXPARAM_Network_NetFind=2;CPXPARAM_Network_Pricing=0;CPXPARAM_Parallel=1;CPXPARAM_Preprocessing_Aggregator=-1;CPXPARAM_Preprocessing_BoundStrength=-1;CPXPARAM_Preprocessing_CoeffReduce=-1;CPXPARAM_Preprocessing_Dependency=-1;CPXPARAM_Preprocessing_Dual=0;CPXPARAM_Preprocessing_Fill=10;CPXPARAM_Preprocessing_NumPass=-1;CPXPARAM_Preprocessing_Presolve=1;CPXPARAM_Preprocessing_QPMakePSD=1;CPXPARAM_Preprocessing_Reduce=3;CPXPARAM_Preprocessing_Relax=-1;CPXPARAM_Preprocessing_RepeatPresolve=-1;CPXPARAM_Preprocessing_Symmetry=-1;CPXPARAM_Read_Scale=0;CPXPARAM_Sifting_Algorithm=0;CPXPARAM_Simplex_Crash=1;CPXPARAM_Simplex_DGradient=0;CPXPARAM_Simplex_Limits_Perturbation=0;CPXPARAM_Simplex_Limits_Singularity=10;CPXPARAM_Simplex_PGradient=0;CPXPARAM_Simplex_Pricing=0;CPXPARAM_Simplex_Refactor=0
1962580943703632403,0,CPXPARAM_Advance=1;CPXPARAM_Barrier_Algorithm=0;CPXPARAM_Barrier_ColNonzeros=0;CPXPARAM_Barrier_Crossover=0;CPXPARAM_Barrier_Limits_Corrections=-1;CPXPARAM_Barrier_Ordering=0;CPXPARAM_Barrier_StartAlg=1;CPXPARAM_Emphasis_MIP=5;CPXPARAM_Emphasis_Memory=0;CPXPARAM_Emphasis_Numerical=0;CPXPARAM_Feasopt_Mode=0;CPXPARAM_LPMethod=0;CPXPARAM_MIP_Cuts_Cliques=0;CPXPARAM_MIP_Cuts_Covers=0;CPXPARAM_MIP_Cuts_Disjunctive=0;CPXPARAM_MIP_Cuts_FlowCovers=2;CPXPARAM_MIP_Cuts_GUBCovers=0;CPXPARAM_MIP_Cuts_Gomory=0;CPXPARAM_MIP_Cuts_Implied=0;CPXPARAM_MIP_Cuts_MIRCut=0;CPXPARAM_MIP_Cuts_PathCut=0;CPXPARAM_MIP_Limits_AggForCut=3;CPXPARAM_MIP_Limits_CutPasses=0;CPXPARAM_MIP_Limits_CutsFactor=-1;CPXPARAM_MIP_Limits_GomoryCand=200;CPXPARAM_MIP_Limits_GomoryPass=0;CPXPARAM_MIP_Limits_Nodes=9223372036800000000;CPXPARAM_MIP_Limits_ProbeTime=1e+75;CPXPARAM_MIP_Limits_RepairTries=0;CPXPARAM_MIP_Limits_StrongCand=10;CPXPARAM_MIP_Limits_StrongIt=0;CPXPARAM_MIP_OrderType=0;CPXPARAM_MIP_Strategy_BBInterval=7;CPXPARAM_MIP_Strategy_Branch=0;CPXPARAM_MIP_Strategy_Dive=0;CPXPARAM_MIP_Strategy_File=1;CPXPARAM_MIP_Strategy_HeuristicFreq=0;CPXPARAM_MIP_Strategy_LBHeur=0;CPXPARAM_MIP_Strategy_NodeSelect=1;CPXPARAM_MIP_Strategy_Order=1;CPXPARAM_MIP_Strategy_PresolveNode=0;CPXPARAM_MIP_Strategy_Probe=0;CPXPARAM_MIP_Strategy_RINSHeur=0;CPXPARAM_MIP_Strategy_StartAlgorithm=0;CPXPARAM_MIP_Strategy_SubAlgorithm=0;CPXPARAM_MIP_Strategy_VariableSelect=0;CPXPARAM_Network_NetFind=2;CPXPARAM_Network_Pricing=0;CPXPARAM_Parallel=1;CPXPARAM_Preprocessing_Aggregator=-1;CPXPARAM_Preprocessing_BoundStrength=-1;CPXPARAM_Preprocessing_CoeffReduce=-1;CPXPARAM_Preprocessing_Dependency=-1;CPXPARAM_Preprocessing_Dual=0;CPXPARAM_Preprocessing_Fill=10;CPXPARAM_Preprocessing_NumPass=-1;CPXPARAM_Preprocessing_Presolve=1;CPXPARAM_Preprocessing_QPMakePSD=1;CPXPARAM_Preprocessing_Reduce=3;CPXPARAM_Preprocessing_Relax=-1;CPXPARAM_Preprocessing_RepeatPresolve=-1;CPXPARAM_Preprocessing_Symmetry=-1;CPXPARAM_Read_Scale=0;CPXPARAM_Sifting_Algorithm=0;CPXPARAM_Simplex_Crash=1;CPXPARAM_Simplex_DGradient=0;CPXPARAM_Simplex_Limits_Perturbation=0;CPXPARAM_Simplex_Limits_Singularity=10;CPXPARAM_Simplex_PGradient=0;CPXPARAM_Simplex_Pricing=0;CPXPARAM_Simplex_Refactor=0
9083158521763270140,0,CPXPARAM_Advance=1;CPXPARAM_Barrier_Algorithm=0;CPXPARAM_Barrier_ColNonzeros=0;CPXPARAM_Barrier_Crossover=0;CPXPARAM_Barrier_Limits_Corrections=-1;CPXPARAM_Barrier_Ordering=0;CPXPARAM_Barrier_StartAlg=1;CPXPARAM_Emphasis_MIP=5;CPXPARAM_Emphasis_Memory=0;CPXPARAM_Emphasis_Numerical=0;CPXPARAM_Feasopt_Mode=0;CPXPARAM_LPMethod=0;CPXPARAM_MIP_Cuts_Cliques=0;CPXPARAM_MIP_Cuts_Covers=0;CPXPARAM_MIP_Cuts_Disjunctive=0;CPXPARAM_MIP_Cuts_FlowCovers=1;CPXPARAM_MIP_Cuts_GUBCovers=0;CPXPARAM_MIP_Cuts_Gomory=0;CPXPARAM_MIP_Cuts_Implied=0;CPXPARAM_MIP_Cuts_MIRCut=0;CPXPARAM_MIP_Cuts_PathCut=0;CPXPARAM_MIP_Limits_AggForCut=3;CPXPARAM_MIP_Limits_CutPasses=0;CPXPARAM_MIP_Limits_CutsFactor=-1;CPXPARAM_MIP_Limits_GomoryCand=200;CPXPARAM_MIP_Limits_GomoryPass=0;CPXPARAM_MIP_Limits_Nodes=9223372036800000000;CPXPARAM_MIP_Limits_ProbeTime=1e+75;CPXPARAM_MIP_Limits_RepairTries=0;CPXPARAM_MIP_Limits_StrongCand=10;CPXPARAM_MIP_Limits_StrongIt=0;CPXPARAM_MIP_OrderType=0;CPXPARAM_MIP_Strategy_BBInterval=7;CPXPARAM_MIP_Strategy_Branch=0;CPXPARAM_MIP_Strategy_Dive=0;CPXPARAM_MIP_Strategy_File=1;CPXPARAM_MIP_Strategy_HeuristicFreq=0;CPXPARAM_MIP_Strategy_LBHeur=0;CPXPARAM_MIP_Strategy_NodeSelect=1;CPXPARAM_MIP_Strategy_Order=1;CPXPARAM_MIP_Strategy_PresolveNode=0;CPXPARAM_MIP_Strategy_Probe=0;CPXPARAM_MIP_Strategy_RINSHeur=0;CPXPARAM_MIP_Strategy_StartAlgorithm=0;CPXPARAM_MIP_Strategy_SubAlgorithm=0;CPXPARAM_MIP_Strategy_VariableSelect=0;CPXPARAM_Network_NetFind=2;CPXPARAM_Network_Pricing=0;CPXPARAM_Parallel=1;CPXPARAM_Preprocessing_Aggregator=-1;CPXPARAM_Preprocessing_BoundStrength=-1;CPXPARAM_Preprocessing_CoeffReduce=-1;CPXPARAM_Preprocessing_Dependency=-1;CPXPARAM_Preprocessing_Dual=0;CPXPARAM_Preprocessing_Fill=10;CPXPARAM_Preprocessing_NumPass=-1;CPXPARAM_Preprocessing_Presolve=1;CPXPARAM_Preprocessing_QPMakePSD=1;CPXPARAM_Preprocessing_Reduce=3;CPXPARAM_Preprocessing_Relax=-1;CPXPARAM_Preprocessing_RepeatPresolve=-1;CPXPARAM_Preprocessing_Symmetry=-1;CPXPARAM_Read_Scale=0;CPXPARAM_Sifting_Algorithm=0;CPXPARAM_Simplex_Crash=1;CPXPARAM_Simplex_DGradient=0;CPXPARAM_Simplex_Limits_Perturbation=0;CPXPARAM_Simplex_Limits_Singularity=10;CPXPARAM_Simplex_PGradient=0;CPXPARAM_Simplex_Pricing=0;CPXPARAM_Simplex_Refactor=0
15754277574694670536,0,CPXPARAM_Advance=1;CPXPARAM_Barrier_Algorithm=0;CPXPARAM_Barrier_ColNonzeros=0;CPXPARAM_Barrier_Crossover=0;CPXPARAM_Barrier_Limits_Corrections=-1;CPXPARAM_Barrier_Ordering=0;CPXPARAM_Barrier_StartAlg=1;CPXPARAM_Emphasis_MIP=5;CPXPARAM_Emphasis_Memory=0;CPXPARAM_Emphasis_Numerical=0;CPXPARAM_Feasopt_Mode=0;CPXPARAM_LPMethod=0;CPXPARAM_MIP_Cuts_Cliques=0;CPXPARAM_MIP_Cuts_Covers=0;CPXPARAM_MIP_Cuts_Disjunctive=0;CPXPARAM_MIP_Cuts_FlowCovers=1;CPXPARAM_MIP_Cuts_GUBCovers=0;CPXPARAM_MIP_Cuts_Gomory=0;CPXPARAM_MIP_Cuts_Implied=0;CPXPARAM_MIP_Cuts_MIRCut=0;CPXPARAM_MIP_Cuts_PathCut=0;CPXPARAM_MIP_Limits_AggForCut=3;CPXPARAM_MIP_Limits_CutPasses=0;CPXPARAM_MIP_Limits_CutsFactor=-1;CPXPARAM_MIP_Limits_GomoryCand=200;CPXPARAM_MIP_Limits_GomoryPass=0;CPXPARAM_MIP_Limits_Nodes=9223372036800000000;CPXPARAM_MIP_Limits_ProbeTime=1e+75;CPXPARAM_MIP_Limits_RepairTries=0;CPXPARAM_MIP_Limits_StrongCand=10;CPXPARAM_MIP_Limits_StrongIt=0;CPXPARAM_MIP_OrderType=0;CPXPARAM_MIP_Strategy_BBInterval=7;CPXPARAM_MIP_Strategy_Branch=0;CPXPARAM_MIP_Strategy_Dive=0;CPXPARAM_MIP_Strategy_File=1;CPXPARAM_MIP_Strategy_HeuristicFreq=0;CPXPARAM_MIP_Strategy_LBHeur=0;CPXPARAM_MIP_Strategy_NodeSelect=1;CPXPARAM_MIP_Strategy_Order=0;CPXPARAM_MIP_Strategy_PresolveNode=0;CPXPARAM_MIP_Strategy_Probe=0;CPXPARAM_MIP_Strategy_RINSHeur=0;CPXPARAM_MIP_Strategy_StartAlgorithm=0;CPXPARAM_MIP_Strategy_SubAlgorithm=0;CPXPARAM_MIP_Strategy_VariableSelect=0;CPXPARAM_Network_NetFind=2;CPXPARAM_Network_Pricing=0;CPXPARAM_Parallel=1;CPXPARAM_Preprocessing_Aggregator=-1;CPXPARAM_Preprocessing_BoundStrength=-1;CPXPARAM_Preprocessing_CoeffReduce=-1;CPXPARAM_Preprocessing_Dependency=-1;CPXPARAM_Preprocessing_Dual=0;CPXPARAM_Preprocessing_Fill=10;CPXPARAM_Preprocessing_NumPass=-1;CPXPARAM_Preprocessing_Presolve=1;CPXPARAM_Preprocessing_QPMakePSD=1;CPXPARAM_Preprocessing_Reduce=3;CPXPARAM_Preprocessing_Relax=-1;CPXPARAM_Preprocessing_RepeatPresolve=-1;CPXPARAM_Preprocessing_Symmetry=-1;CPXPARAM_Read_Scale=0;CPXPARAM_Sifting_Algorithm=0;CPXPARAM_Simplex_Crash=1;CPXPARAM_Simplex_DGradient=0;CPXPARAM_Simplex_Limits_Perturbation=0;CPXPARAM_Simplex_Limits_Singularity=10;CPXPARAM_Simplex_PGradient=0;CPXPARAM_Simplex_Pricing=0;CPXPARAM_Simplex_Refactor=0
16681430834209335283,0,CPXPARAM_Advance=1;CPXPARAM_Barrier_Algorithm=0;CPXPARAM_Barrier_ColNonzeros=0;CPXPARAM_Barrier_Crossover=0;CPXPARAM_Barrier_Limits_Corrections=-1;CPXPARAM_Barrier_Ordering=0;CPXPARAM_Barrier_StartAlg=1;CPXPARAM_Emphasis_MIP=5;CPXPARAM_Emphasis_Memory=0;CPXPARAM_Emphasis_Numerical=0;CPXPARAM_Feasopt_Mode=0;CPXPARAM_LPMethod=0;CPXPARAM_MIP_Cuts_Cliques=-1;CPXPARAM_MIP_Cuts_Covers=0;CPXPARAM_MIP_Cuts_Disjunctive=1;CPXPARAM_MIP_Cuts_FlowCovers=-1;CPXPARAM_MIP_Cuts_GUBCovers=0;CPXPARAM_MIP_Cuts_Gomory=-1;CPXPARAM_MIP_Cuts_Implied=0;CPXPARAM_MIP_Cuts_MIRCut=2;CPXPARAM_MIP_Cuts_PathCut=2;CPXPARAM_MIP_Limits_AggForCut=3;CPXPARAM_MIP_Limits_CutPasses=0;CPXPARAM_MIP_Limits_CutsFactor=-1;CPXPARAM_MIP_Limits_GomoryCand=200;CPXPARAM_MIP_Limits_GomoryPass=0;CPXPARAM_MIP_Limits_Nodes=9223372036800000000;CPXPARAM_MIP_Limits_ProbeTime=1e+75;CPXPARAM_MIP_Limits_RepairTries=0;CPXPARAM_MIP_Limits_StrongCand=10;CPXPARAM_MIP_Limits_StrongIt=0;CPXPARAM_MIP_OrderType=0;CPXPARAM_MIP_Strategy_BBInterval=7;CPXPARAM_MIP_Strategy_Branch=0;CPXPARAM_MIP_Strategy_Dive=0;CPXPARAM_MIP_Strategy_File=1;CPXPARAM_MIP_Strategy_HeuristicFreq=0;CPXPARAM_MIP_Strategy_LBHeur=0;CPXPARAM_MIP_Strategy_NodeSelect=1;CPXPARAM_MIP_Strategy_Order=1;CPXPARAM_MIP_Strategy_PresolveNode=0;CPXPARAM_MIP_Strategy_Probe=3;CPXPARAM_MIP_Strategy_RINSHeur=0;CPXPARAM_MIP_Strategy_StartAlgorithm=0;CPXPARAM_MIP_Strategy_SubAlgorithm=0;CPXPARAM_MIP_Strategy_VariableSelect=0;CPXPARAM_Network_NetFind=2;CPXPARAM_Network_Pricing=0;CPXPARAM_Parallel=1;CPXPARAM_Preprocessing_Aggregator=-1;CPXPARAM_Preprocessing_BoundStrength=-1;CPXPARAM_Preprocessing_CoeffReduce=-1;CPXPARAM_Preprocessing_Dependency=-1;CPXPARAM_Preprocessing_Dual=0;CPXPARAM_Preprocessing_Fill=10;CPXPARAM_Preprocessing_NumPass=-1;CPXPARAM_Preprocessing_Presolve=1;CPXPARAM_Preprocessing_QPMakePSD=1;CPXPARAM_Preprocessing_Reduce=3;CPXPARAM_Preprocessing_Relax=-1;CPXPARAM_Preprocessing_RepeatPresolve=-1;CPXPARAM_Preprocessing_Symmetry=-1;CPXPARAM_Read_Scale=0;CPXPARAM_Sifting_Algorithm=0;CPXPARAM_Simplex_Crash=1;CPXPARAM_Simplex_DGradient=0;CPXPARAM_Simplex_Limits_Perturbation=0;CPXPARAM_Simplex_Limits_Singularity=10;CPXPARAM_Simplex_PGradient=0;CPXPARAM_Simplex_Pricing=0;CPXPARAM_Simplex_Refactor=0
6052723598238457172,0,CPXPARAM_Advance=1;CPXPARAM_Barrier_Algorithm=0;CPXPARAM_Barrier_ColNonzeros=0;CPXPARAM_Barrier_Crossover=0;CPXPARAM_Barrier_Limits_Corrections=-1;CPXPARAM_Barrier_Ordering=0;CPXPARAM_Barrier_StartAlg=1;CPXPARAM_Emphasis_MIP=4;CPXPARAM_Emphasis_Memory=0;CPXPARAM_Emphasis_Numerical=0;CPXPARAM_Feasopt_Mode=0;CPXPARAM_LPMethod=0;CPXPARAM_MIP_Cuts_Cliques=0;CPXPARAM_MIP_Cuts_Covers=0;CPXPARAM_MIP_Cuts_Disjunctive=0;CPXPARAM_MIP_Cuts_FlowCovers=1;CPXPARAM_MIP_Cuts_GUBCovers=0;CPXPARAM_MIP_Cuts_Gomory=0;CPXPARAM_MIP_Cuts_Implied=0;CPXPARAM_MIP_Cuts_MIRCut=0;CPXPARAM_MIP_Cuts_PathCut=0;CPXPARAM_MIP_Limits_AggForCut=3;CPXPARAM_MIP_Limits_CutPasses=0;CPXPARAM_MIP_Limits_CutsFactor=-1;CPXPARAM_MIP_Limits_GomoryCand=200;CPXPARAM_MIP_Limits_GomoryPass=0;CPXPARAM_MIP_Limits_Nodes=9223372036800000000;CPXPARAM_MIP_Limits_ProbeTime=1e+75;CPXPARAM_MIP_Limits_RepairTries=0;CPXPARAM_MIP_Limits_StrongCand=10;CPXPARAM_MIP_Limits_StrongIt=0;CPXPARAM_MIP_OrderType=0;CPXPARAM_MIP_Strategy_BBInterval=7;CPXPARAM_MIP_Strategy_Branch=0;CPXPARAM_MIP_Strategy_Dive=0;CPXPARAM_MIP_Strategy_File=1;CPXPARAM_MIP_Strategy_HeuristicFreq=0;CPXPARAM_MIP_Strategy_LBHeur=0;CPXPARAM_MIP_Strategy_NodeSelect=1;CPXPARAM_MIP_Strategy_Order=1;CPXPARAM_MIP_Strategy_PresolveNode=0;CPXPARAM_MIP_Strategy_Probe=0;CPXPARAM_MIP_Strategy_RINSHeur=0;CPXPARAM_MIP_Strategy_StartAlgorithm=0;CPXPARAM_MIP_Strategy_SubAlgorithm=0;CPXPARAM_MIP_Strategy_VariableSelect=0;CPXPARAM_Network_NetFind=2;CPXPARAM_Network_Pricing=0;CPXPARAM_Parallel=1;CPXPARAM_Preprocessing_Aggregator=-1;CPXPARAM_Preprocessing_BoundStrength=-1;CPXPARAM_Preprocessing_CoeffReduce=-1;CPXPARAM_Preprocessing_Dependency=-1;CPXPARAM_Preprocessing_Dual=0;CPXPARAM_Preprocessing_Fill=10;CPXPARAM_Preprocessing_NumPass=-1;CPXPARAM_Preprocessing_Presolve=1;CPXPARAM_Preprocessing_QPMakePSD=1;CPXPARAM_Preprocessing_Reduce=3;CPXPARAM_Preprocessing_Relax=-1;CPXPARAM_Preprocessing_RepeatPresolve=-1;CPXPARAM_Preprocessing_Symmetry=-1;CPXPARAM_Read_Scale=0;CPXPARAM_Sifting_Algorithm=0;CPXPARAM_Simplex_Crash=1;CPXPARAM_Simplex_DGradient=0;CPXPARAM_Simplex_Limits_Perturbation=0;CPXPARAM_Simplex_Limits_Singularity=10;CPXPARAM_Simplex_PGradient=0;CPXPARAM_Simplex_Pricing=0;CPXPARAM_Simplex_Refactor=0
1795085782381935808,0,CPXPARAM_Advance=1;CPXPARAM_Barrier_Algorithm=0;CPXPARAM_Barrier_ColNonzeros=0;CPXPARAM_Barrier_Crossover=0;CPXPARAM_Barrier_Limits_Corrections=-1;CPXPARAM_Barrier_Ordering=0;CPXPARAM_Barrier_StartAlg=1;CPXPARAM_Emphasis_MIP=5;CPXPARAM_Emphasis_Memory=0;CPXPARAM_Emphasis_Numerical=0;CPXPARAM_Feasopt_Mode=0;CPXPARAM_LPMethod=0;CPXPARAM_MIP_Cuts_Cliques=0;CPXPARAM_MIP_Cuts_Covers=-1;CPXPARAM_MIP_Cuts_Disjunctive=0;CPXPARAM_MIP_Cuts_FlowCovers=1;CPXPARAM_MIP_Cuts_GUBCovers=0;CPXPARAM_MIP_Cuts_Gomory=0;CPXPARAM_MIP_Cuts_Implied=0;CPXPARAM_MIP_Cuts_MIRCut=0;CPXPARAM_MIP_Cuts_PathCut=0;CPXPARAM_MIP_Limits_AggForCut=3;CPXPARAM_MIP_Limits_CutPasses=0;CPXPARAM_MIP_Limits_CutsFactor=-1;CPXPARAM_MIP_Limits_GomoryCand=200;CPXPARAM_MIP_Limits_GomoryPass=0;CPXPARAM_MIP_Limits_Nodes=9223372036800000000;CPXPARAM_MIP_Limits_ProbeTime=1e+75;CPXPARAM_MIP_Limits_RepairTries=0;CPXPARAM_MIP_Limits_StrongCand=10;CPXPARAM_MIP_Limits_StrongIt=0;CPXPARAM_MIP_OrderType=0;CPXPARAM_MIP_Strategy_BBInterval=7;CPXPARAM_MIP_Strategy_Branch=0;CPXPARAM_MIP_Strategy_Dive=0;CPXPARAM_MIP_Strategy_File=1;CPXPARAM_MIP_Strategy_HeuristicFreq=0;CPXPARAM_MIP_Strategy_LBHeur=0;CPXPARAM_MIP_Strategy_NodeSelect=1;CPXPARAM_MIP_Strategy_Order=1;CPXPARAM_MIP_Strategy_PresolveNode=0;CPXPARAM_MIP_Strategy_Probe=0;CPXPARAM_MIP_Strategy_RINSHeur=0;CPXPARAM_MIP_Strategy_StartAlgorithm=0;CPXPARAM_MIP_Strategy_SubAlgorithm=0;CPXPARAM_MIP_Strategy_VariableSelect=0;CPXPARAM_Network_NetFind=2;CPXPARAM_Network_Pricing=0;CPXPARAM_Parallel=1;CPXPARAM_Preprocessing_Aggregator=-1;CPXPARAM_Preprocessing_BoundStrength=-1;CPXPARAM_Preprocessing_CoeffReduce=-1;CPXPARAM_Preprocessing_Dependency=-1;CPXPARAM_Preprocessing_Dual=0;CPXPARAM_Preprocessing_Fill=10;CPXPARAM_Preprocessing_NumPass=-1;CPXPARAM_Preprocessing_Presolve=1;CPXPARAM_Preprocessing_QPMakePSD=1;CPXPARAM_Preprocessing_Reduce=3;CPXPARAM_Preprocessing_Relax=-1;CPXPARAM_Preprocessing_RepeatPresolve=-1;CPXPARAM_Preprocessing_Symmetry=-1;CPXPARAM_Read_Scale=0;CPXPARAM_Sifting_Algorithm=0;CPXPARAM_Simplex_Crash=1;CPXPARAM_Simplex_DGradient=0;CPXPARAM_Simplex_Limits_Perturbation=0;CPXPARAM_Simplex_Limits_Singularity=10;CPXPARAM_Simplex_PGradient=0;CPXPARAM_Simplex_Pricing=0;CPXPARAM_Simplex_Refactor=0
7693418309411911757,0,CPXPARAM_Advance=1;CPXPARAM_Barrier_Algorithm=0;CPXPARAM_Barrier_ColNonzeros=0;CPXPARAM_Barrier_Crossover=0;CPXPARAM_Barrier_Limits_Corrections=-1;CPXPARAM_Barrier_Ordering=0;CPXPARAM_Barrier_StartAlg=1;CPXPARAM_Emphasis_MIP=5;CPXPARAM_Emphasis_Memory=0;CPXPARAM_Emphasis_Numerical=0;CPXPARAM_Feasopt_Mode=0;CPXPARAM_LPMethod=0;CPXPARAM_MIP_Cuts_Cliques=0;CPXPARAM_MIP_Cuts_Covers=0;CPXPARAM_MIP_Cuts_Disjunctive=0;CPXPARAM_MIP_Cuts_FlowCovers=1;CPXPARAM_MIP_Cuts_GUBCovers=0;CPXPARAM_MIP_Cuts_Gomory=0;CPXPARAM_MIP_Cuts_Implied=0;CPXPARAM_MIP_Cuts_MIRCut=0;CPXPARAM_MIP_Cuts_PathCut=0;CPXPARAM_MIP_Limits_AggForCut=3;CPXPARAM_MIP_Limits_CutPasses=0;CPXPARAM_MIP_Limits_CutsFactor=-1;CPXPARAM_MIP_Limits_GomoryCand=200;CPXPARAM_MIP_Limits_GomoryPass=0;CPXPARAM_MIP_Limits_Nodes=9223372036800000000;CPXPARAM_MIP_Limits_ProbeTime=1e+75;CPXPARAM_MIP_Limits_RepairTries=0;CPXPARAM_MIP_Limits_StrongCand=10;CPXPARAM_MIP_Limits_StrongIt=0;CPXPARAM_MIP_OrderType=0;CPXPARAM_MIP_Strategy_BBInterval=7;CPXPARAM_MIP_Strategy_Branch=0;CPXPARAM_MIP_Strategy_Dive=0;CPXPARAM_MIP_Strategy_File=1;CPXPARAM_MIP_Strategy_HeuristicFreq=0;CPXPARAM_MIP_Strategy_LBHeur=0;CPXPARAM_MIP_Strategy_NodeSelect=1;CPXPARAM_MIP_Strategy_Order=1;CPXPARAM_MIP_Strategy_PresolveNode=0;CPXPARAM_MIP_Strategy_Probe=0;CPXPARAM_MIP_Strategy_RINSHeur=0;CPXPARAM_MIP_Strategy_StartAlgorithm=0;CPXPARAM_MIP_Strategy_SubAlgorithm=0;CPXPARAM_MIP_Strategy_VariableSelect=0;CPXPARAM_Network_NetFind=2;CPXPARAM_Network_Pricing=0;CPXPARAM_Parallel=1;CPXPARAM_Preprocessing_Aggregator=-1;CPXPARAM_Preprocessing_BoundStrength=-1;CPXPARAM_Preprocessing_CoeffReduce=-1;CPXPARAM_Preprocessing_Dependency=-1;CPXPARAM_Preprocessing_Dual=0;CPXPARAM_Preprocessing_Fill=40;CPXPARAM_Preprocessing_NumPass=-1;CPXPARAM_Preprocessing_Presolve=1;CPXPARAM_Preprocessing_QPMakePSD=1;CPXPARAM_Preprocessing_Reduce=3;CPXPARAM_Preprocessing_Relax=-1;CPXPARAM_Preprocessing_RepeatPresolve=-1;CPXPARAM_Preprocessing_Symmetry=-1;CPXPARAM_Read_Scale=0;CPXPARAM_Sifting_Algorithm=0;CPXPARAM_Simplex_Crash=1;CPXPARAM_Simplex_DGradient=0;CPXPARAM_Simplex_Limits_Perturbation=0;CPXPARAM_Simplex_Limits_Singularity=10;CPXPARAM_Simplex_PGradient=0;CPXPARAM_Simplex_Pricing=0;CPXPARAM_Simplex_Refactor=0
820825508703534138,0,CPXPARAM_Advance=1;CPXPARAM_Barrier_Algorithm=0;CPXPARAM_Barrier_ColNonzeros=0;CPXPARAM_Barrier_Crossover=0;CPXPARAM_Barrier_Limits_Corrections=-1;CPXPARAM_Barrier_Ordering=0;CPXPARAM_Barrier_StartAlg=1;CPXPARAM_Emphasis_MIP=5;CPXPARAM_Emphasis_Memory=0;CPXPARAM_Emphasis_Numerical=0;CPXPARAM_Feasopt_Mode=0;CPXPARAM_LPMethod=0;CPXPARAM_MIP_Cuts_Cliques=0;CPXPARAM_MIP_Cuts_Covers=0;CPXPARAM_MIP_Cuts_Disjunctive=0;CPXPARAM_MIP_Cuts_FlowCovers=1;CPXPARAM_MIP_Cuts_GUBCovers=0;CPXPARAM_MIP_Cuts_Gomory=0;CPXPARAM_MIP_Cuts_Implied=0;CPXPARAM_MIP_Cuts_MIRCut=0;CPXPARAM_MIP_Cuts_PathCut=0;CPXPARAM_MIP_Limits_AggForCut=3;CPXPARAM_MIP_Limits_CutPasses=0;CPXPARAM_MIP_Limits_CutsFactor=-1;CPXPARAM_MIP_Limits_GomoryCand=200;CPXPARAM_MIP_Limits_GomoryPass=0;CPXPARAM_MIP_Limits_Nodes=9223372036800000000;CPXPARAM_MIP_Limits_ProbeTime=1e+75;CPXPARAM_MIP_Limits_RepairTries=0;CPXPARAM_MIP_Limits_StrongCand=10;CPXPARAM_MIP_Limits_StrongIt=0;CPXPARAM_MIP_OrderType=0;CPXPARAM_MIP_Strategy_BBInterval=15;CPXPARAM_MIP_Strategy_Branch=0;CPXPARAM_MIP_Strategy_Dive=0;CPXPARAM_MIP_Strategy_File=1;CPXPARAM_MIP_Strategy_HeuristicFreq=0;CPXPARAM_MIP_Strategy_LBHeur=0;CPXPARAM_MIP_Strategy_NodeSelect=1;CPXPARAM_MIP_Strategy_Order=1;CPXPARAM_MIP_Strategy_PresolveNode=0;CPXPARAM_MIP_Strategy_Probe=0;CPXPARAM_MIP_Strategy_RINSHeur=0;CPXPARAM_MIP_Strategy_StartAlgorithm=0;CPXPARAM_MIP_Strategy_SubAlgorithm=0;CPXPARAM_MIP_Strategy_VariableSelect=0;CPXPARAM_Network_NetFind=2;CPXPARAM_Network_Pricing=0;CPXPARAM_Parallel=1;CPXPARAM_Preprocessing_Aggregator=-1;CPXPARAM_Preprocessing_BoundStrength=-1;CPXPARAM_Preprocessing_CoeffReduce=-1;CPXPARAM_Preprocessing_Dependency=-1;CPXPARAM_Preprocessing_Dual=0;CPXPARAM_Preprocessing_Fill=10;CPXPARAM_Preprocessing_NumPass=-1;CPXPARAM_Preprocessing_Presolve=1;CPXPARAM_Preprocessing_QPMakePSD=1;CPXPARAM_Preprocessing_Reduce=3;CPXPARAM_Preprocessing_Relax=-1;CPXPARAM_Preprocessing_RepeatPresolve=-1;CPXPARAM_Preprocessing_Symmetry=-1;CPXPARAM_Read_Scale=0;CPXPARAM_Sifting_Algorithm=0;CPXPARAM_Simplex_Crash=1;CPXPARAM_Simplex_DGradient=0;CPXPARAM_Simplex_Limits_Perturbation=0;CPXPARAM_Simplex_Limits_Singularity=10;CPXPARAM_Simplex_PGradient=0;CPXPARAM_Simplex_Pricing=0;CPXPARAM_Simplex_Refactor=0
10198849074544467247,0,CPXPARAM_Advance=1;CPXPARAM_Barrier_Algorithm=0;CPXPARAM_Barrier_ColNonzeros=0;CPXPARAM_Barrier_Crossover=0;CPXPARAM_Barrier_Limits_Corrections=-1;CPXPARAM_Barrier_Ordering=0;CPXPARAM_Barrier_StartAlg=1;CPXPARAM_Emphasis_MIP=5;CPXPARAM_Emphasis_Memory=0;CPXPARAM_Emphasis_Numerical=0;CPXPARAM_Feasopt_Mode=0;CPXPARAM_LPMethod=0;CPXPARAM_MIP_Cuts_Cliques=0;CPXPARAM_MIP_Cuts_Covers=0;CPXPARAM_MIP_Cuts_Disjunctive=0;CPXPARAM_MIP_Cuts_FlowCovers=1;CPXPARAM_MIP_Cuts_GUBCovers=0;CPXPARAM_MIP_Cuts_Gomory=0;CPXPARAM_MIP_Cuts_Implied=0;CPXPARAM_MIP_Cuts_MIRCut=0;CPXPARAM_MIP_Cuts_PathCut=0;CPXPARAM_MIP_Limits_AggForCut=3;CPXPARAM_MIP_Limits_CutPasses=0;CPXPARAM_MIP_Limits_CutsFactor=-1;CPXPARAM_MIP_Limits_GomoryCand=200;CPXPARAM_MIP_Limits_GomoryPass=0;CPXPARAM_MIP_Limits_Nodes=9223372036800000000;CPXPARAM_MIP_Limits_ProbeTime=1e+75;CPXPARAM_MIP_Limits_RepairTries=0;CPXPARAM_MIP_Limits_StrongCand=10;CPXPARAM_MIP_Limits_StrongIt=0;CPXPARAM_MIP_OrderType=0;CPXPARAM_MIP_Strategy_BBInterval=7;CPXPARAM_MIP_Strategy_Branch=0;CPXPARAM_MIP_Strategy_Dive=0;CPXPARAM_MIP_Strategy_File=1;CPXPARAM_MIP_Strategy_HeuristicFreq=0;CPXPARAM_MIP_Strategy_LBHeur=0;CPXPARAM_MIP_Strategy_NodeSelect=1;CPXPARAM_MIP_Strategy_Order=1;CPXPARAM_MIP_Strategy_PresolveNode=0;CPXPARAM_MIP_Strategy_Probe=0;CPXPARAM_MIP_Strategy_RINSHeur=0;CPXPARAM_MIP_Strategy_StartAlgorithm=0;CPXPARAM_MIP_Strategy_SubAlgorithm=0;CPXPARAM_MIP_Strategy_VariableSelect=0;CPXPARAM_Network_NetFind=2;CPXPARAM_Network_Pricing=0;CPXPARAM_Parallel=1;CPXPARAM_Preprocessing_Aggregator=-1;CPXPARAM_Preprocessing_BoundStrength=1;CPXPARAM_Preprocessing_CoeffReduce=-1;CPXPARAM_Preprocessing_Dependency=-1;CPXPARAM_Preprocessing_Dual=0;CPXPARAM_Preprocessing_Fill=10;CPXPARAM_Preprocessing_NumPass=-1;CPXPARAM_Preprocessing_Presolve=1;CPXPARAM_Preprocessing_QPMakePSD=1;CPXPARAM_Preprocessing_Reduce=3;CPXPARAM_Preprocessing_Relax=-1;CPXPARAM_Preprocessing_RepeatPresolve=-1;CPXPARAM_Preprocessing_Symmetry=-1;CPXPARAM_Read_Scale=0;CPXPARAM_Sifting_Algorithm=0;CPXPARAM_Simplex_Crash=1;CPXPARAM_Simplex_DGradient=0;CPXPARAM_Simplex_Limits_Perturbation=0;CPXPARAM_Simplex_Limits_Singularity=10;CPXPARAM_Simplex_PGradient=0;CPXPARAM_Simplex_Pricing=0;CPXPARAM_Simplex_Refactor=0
10210096494682044738,0,CPXPARAM_Advance=1;CPXPARAM_Barrier_Algorithm=0;CPXPARAM_Barrier_ColNonzeros=0;CPXPARAM_Barrier_Crossover=0;CPXPARAM_Barrier_Limits_Corrections=-1;CPXPARAM_Barrier_Ordering=0;CPXPARAM_Barrier_StartAlg=1;CPXPARAM_Emphasis_MIP=5;CPXPARAM_Emphasis_Memory=0;CPXPARAM_Emphasis_Numerical=0;CPXPARAM_Feasopt_Mode=0;CPXPARAM_LPMethod=0;CPXPARAM_MIP_Cuts_Cliques=0;CPXPARAM_MIP_Cuts_Covers=2;CPXPARAM_MIP_Cuts_Disjunctive=0;CPXPARAM_MIP_Cuts_FlowCovers=1;CPXPARAM_MIP_Cuts_GUBCovers=0;CPXPARAM_MIP_Cuts_Gomory=0;CPXPARAM_MIP_Cuts_Implied=0;CPXPARAM_MIP_Cuts_MIRCut=0;CPXPARAM_MIP_Cuts_PathCut=0;CPXPARAM_MIP_Limits_AggForCut=3;CPXPARAM_MIP_Limits_CutPasses=0;CPXPARAM_MIP_Limits_CutsFactor=-1;CPXPARAM_MIP_Limits_GomoryCand=200;CPXPARAM_MIP_Limits_GomoryPass=0;CPXPARAM_MIP_Limits_Nodes=9223372036800000000;CPXPARAM_MIP_Limits_ProbeTime=1e+75;CPXPARAM_MIP_Limits_RepairTries=0;CPXPARAM_MIP_Limits_StrongCand=10;CPXPARAM_MIP_Limits_StrongIt=0;CPXPARAM_MIP_OrderType=0;CPXPARAM_MIP_Strategy_BBInterval=7;CPXPARAM_MIP_Strategy_Branch=0;CPXPARAM_MIP_Strategy_Dive=0;CPXPARAM_MIP_Strategy_File=1;CPXPARAM_MIP_Strategy_HeuristicFreq=0;CPXPARAM_MIP_Strategy_LBHeur=0;CPXPARAM_MIP_Strategy_NodeSelect=1;CPXPARAM_MIP_Strategy_Order=1;CPXPARAM_MIP_Strategy_PresolveNode=0;CPXPARAM_MIP_Strategy_Probe=0;CPXPARAM_MIP_Strategy_RINSHeur=0;CPXPARAM_MIP_Strategy_StartAlgorithm=0;CPXPARAM_MIP_Strategy_SubAlgorithm=0;CPXPARAM_MIP_Strategy_VariableSelect=0;CPXPARAM_Network_NetFind=2;CPXPARAM_Network_Pricing=0;CPXPARAM_Parallel=1;CPXPARAM_Preprocessing_Aggregator=-1;CPXPARAM_Preprocessing_BoundStrength=-1;CPXPARAM_Preprocessing_CoeffReduce=-1;CPXPARAM_Preprocessing_Dependency=-1;CPXPARAM_Preprocessing_Dual=0;CPXPARAM_Preprocessing_Fill=10;CPXPARAM_Preprocessing_NumPass=-1;CPXPARAM_Preprocessing_Presolve=1;CPXPARAM_Preprocessing_QPMakePSD=1;CPXPARAM_Preprocessing_Reduce=3;CPXPARAM_Preprocessing_Relax=-1;CPXPARAM_Preprocessing_RepeatPresolve=-1;CPXPARAM_Preprocessing_Symmetry=-1;CPXPARAM_Read_Scale=0;CPXPARAM_Sifting_Algorithm=0;CPXPARAM_Simplex_Crash=1;CPXPARAM_Simplex_DGradient=0;CPXPARAM_Simplex_Limits_Perturbation=0;CPXPARAM_Simplex_Limits_Singularity=10;CPXPARAM_Simplex_PGradient=0;CPXPARAM_Simplex_Pricing=0;CPXPARAM_Simplex_Refactor=0
5665229751362400046,0,CPXPARAM_Advance=1;CPXPARAM_Barrier_Algorithm=0;CPXPARAM_Barrier_ColNonzeros=0;CPXPARAM_Barrier_Crossover=0;CPXPARAM_Barrier_Limits_Corrections=-1;CPXPARAM_Barrier_Ordering=0;CPXPARAM_Barrier_StartAlg=1;CPXPARAM_Emphasis_MIP=5;CPXPARAM_Emphasis_Memory=0;CPXPARAM_Emphasis_Numerical=0;CPXPARAM_Feasopt_Mode=0;CPXPARAM_LPMethod=0;CPXPARAM_MIP_Cuts_Cliques=0;CPXPARAM_MIP_Cuts_Covers=0;CPXPARAM_MIP_Cuts_Disjunctive=2;CPXPARAM_MIP_Cuts_FlowCovers=-1;CPXPARAM_MIP_Cuts_GUBCovers=2;CPXPARAM_MIP_Cuts_Gomory=0;CPXPARAM_MIP_Cuts_Implied=1;CPXPARAM_MIP_Cuts_MIRCut=-1;CPXPARAM_MIP_Cuts_PathCut=-1;CPXPARAM_MIP_Limits_AggForCut=3;CPXPARAM_MIP_Limits_CutPasses=0;CPXPARAM_MIP_Limits_CutsFactor=-1;CPXPARAM_MIP_Limits_GomoryCand=400;CPXPARAM_MIP_Limits_GomoryPass=0;CPXPARAM_MIP_Limits_Nodes=9223372036800000000;CPXPARAM_MIP_Limits_ProbeTime=1e+75;CPXPARAM_MIP_Limits_RepairTries=0;CPXPARAM_MIP_Limits_StrongCand=10;CPXPARAM_MIP_Limits_StrongIt=0;CPXPARAM_MIP_OrderType=0;CPXPARAM_MIP_Strategy_BBInterval=7;CPXPARAM_MIP_Strategy_Branch=0;CPXPARAM_MIP_Strategy_Dive=0;CPXPARAM_MIP_Strategy_File=1;CPXPARAM_MIP_Strategy_HeuristicFreq=0;CPXPARAM_MIP_Strategy_LBHeur=0;CPXPARAM_MIP_Strategy_NodeSelect=1;CPXPARAM_MIP_Strategy_Order=1;CPXPARAM_MIP_Strategy_PresolveNode=0;CPXPARAM_MIP_Strategy_Probe=0;CPXPARAM_MIP_Strategy_RINSHeur=0;CPXPARAM_MIP_Strategy_StartAlgorithm=0;CPXPARAM_MIP_Strategy_SubAlgorithm=0;CPXPARAM_MIP_Strategy_VariableSelect=0;CPXPARAM_Network_NetFind=2;CPXPARAM_Network_Pricing=0;CPXPARAM_Parallel=1;CPXPARAM_Preprocessing_Aggregator=-1;CPXPARAM_Preprocessing_BoundStrength=-1;CPXPARAM_Preprocessing_CoeffReduce=-1;CPXPARAM_Preprocessing_Dependency=-1;CPXPARAM_Preprocessing_Dual=0;CPXPARAM_Preprocessing_Fill=10;CPXPARAM_Preprocessing_NumPass=-1;CPXPARAM_Preprocessing_Presolve=1;CPXPARAM_Preprocessing_QPMakePSD=1;CPXPARAM_Preprocessing_Reduce=3;CPXPARAM_Preprocessing_Relax=-1;CPXPARAM_Preprocessing_RepeatPresolve=-1;CPXPARAM_Preprocessing_Symmetry=-1;CPXPARAM_Read_Scale=0;CPXPARAM_Sifting_Algorithm=0;CPXPARAM_Simplex_Crash=1;CPXPARAM_Simplex_DGradient=0;CPXPARAM_Simplex_Limits_Perturbation=0;CPXPARAM_Simplex_Limits_Singularity=10;CPXPARAM_Simplex_PGradient=0;CPXPARAM_Simplex_Pricing=0;CPXPARAM_Simplex_Refactor=0
12470180067487929685,0,CPXPARAM_Advance=1;CPXPARAM_Barrier_Algorithm=0;CPXPARAM_Barrier_ColNonzeros=0;CPXPARAM_Barrier_Crossover=0;CPXPARAM_Barrier_Limits_Corrections=-1;CPXPARAM_Barrier_Ordering=0;CPXPARAM_Barrier_StartAlg=1;CPXPARAM_Emphasis_MIP=5;CPXPARAM_Emphasis_Memory=0;CPXPARAM_Emphasis_Numerical=0;CPXPARAM_Feasopt_Mode=0;CPXPARAM_LPMethod=0;CPXPARAM_MIP_Cuts_Cliques=0;CPXPARAM_MIP_Cuts_Covers=0;CPXPARAM_MIP_Cuts_Disjunctive=0;CPXPARAM_MIP_Cuts_FlowCovers=1;CPXPARAM_MIP_Cuts_GUBCovers=0;CPXPARAM_MIP_Cuts_Gomory=0;CPXPARAM_MIP_Cuts_Implied=0;CPXPARAM_MIP_Cuts_MIRCut=0;CPXPARAM_MIP_Cuts_PathCut=0;CPXPARAM_MIP_Limits_AggForCut=3;CPXPARAM_MIP_Limits_CutPasses=0;CPXPARAM_MIP_Limits_CutsFactor=-1;CPXPARAM_MIP_Limits_GomoryCand=200;CPXPARAM_MIP_Limits_GomoryPass=0;CPXPARAM_MIP_Limits_Nodes=9223372036800000000;CPXPARAM_MIP_Limits_ProbeTime=1e+75;CPXPARAM_MIP_Limits_RepairTries=0;CPXPARAM_MIP_Limits_StrongCand=10;CPXPARAM_MIP_Limits_StrongIt=0;CPXPARAM_MIP_OrderType=0;CPXPARAM_MIP_Strategy_BBInterval=7;CPXPARAM_MIP_Strategy_Branch=0;CPXPARAM_MIP_Strategy_Dive=0;CPXPARAM_MIP_Strategy_File=1;CPXPARAM_MIP_Strategy_HeuristicFreq=0;CPXPARAM_MIP_Strategy_LBHeur=0;CPXPARAM_MIP_Strategy_NodeSelect=1;CPXPARAM_MIP_Strategy_Order=1;CPXPARAM_MIP_Strategy_PresolveNode=1;CPXPARAM_MIP_Strategy_Probe=0;CPXPARAM_MIP_Strategy_RINSHeur=0;CPXPARAM_MIP_Strategy_StartAlgorithm=0;CPXPARAM_MIP_Strategy_SubAlgorithm=0;CPXPARAM_MIP_Strategy_VariableSelect=0;CPXPARAM_Network_NetFind=2;CPXPARAM_Network_Pricing=0;CPXPARAM_Parallel=1;CPXPARAM_Preprocessing_Aggregator=-1;CPXPARAM_Preprocessing_BoundStrength=-1;CPXPARAM_Preprocessing_CoeffReduce=-1;CPXPARAM_Preprocessing_Dependency=-1;CPXPARAM_Preprocessing_Dual=0;CPXPARAM_Preprocessing_Fill=10;CPXPARAM_Preprocessing_NumPass=-1;CPXPARAM_Preprocessing_Presolve=1;CPXPARAM_Preprocessing_QPMakePSD=1;CPXPARAM_Preprocessing_Reduce=3;CPXPARAM_Preprocessing_Relax=-1;CPXPARAM_Preprocessing_RepeatPresolve=-1;CPXPARAM_Preprocessing_Symmetry=-1;CPXPARAM_Read_Scale=0;CPXPARAM_Sifting_Algorithm=0;CPXPARAM_Simplex_Crash=1;CPXPARAM_Simplex_DGradient=0;CPXPARAM_Simplex_Limits_Perturbation=0;CPXPARAM_Simplex_Limits_Singularity=10;CPXPARAM_Simplex_PGradient=0;CPXPARAM_Simplex_Pricing=0;CPXPARAM_Simplex_Refactor=0
15789171092487247415,0,CPXPARAM_Advance=1;CPXPARAM_Barrier_Algorithm=0;CPXPARAM_Barrier_ColNonzeros=0;CPXPARAM_Barrier_Crossover=0;CPXPARAM_Barrier_Limits_Corrections=-1;CPXPARAM_Barrier_Ordering=0;CPXPARAM_Barrier_StartAlg=1;CPXPARAM_Emphasis_MIP=5;CPXPARAM_Emphasis_Memory=0;CPXPARAM_Emphasis_Numerical=0;CPXPARAM_Feasopt_Mode=0;CPXPARAM_LPMethod=0;CPXPARAM_MIP_Cuts_Cliques=0;CPXPARAM_MIP_Cuts_Covers=0;CPXPARAM_MIP_Cuts_Disjunctive=0;CPXPARAM_MIP_Cuts_FlowCovers=1;CPXPARAM_MIP_Cuts_GUBCovers=0;CPXPARAM_MIP_Cuts_Gomory=0;CPXPARAM_MIP_Cuts_Implied=0;CPXPARAM_MIP_Cuts_MIRCut=0;CPXPARAM_MIP_Cuts_PathCut=0;CPXPARAM_MIP_Limits_AggForCut=3;CPXPARAM_MIP_Limits_CutPasses=0;CPXPARAM_MIP_Limits_CutsFactor=-1;CPXPARAM_MIP_Limits_GomoryCand=200;CPXPARAM_MIP_Limits_GomoryPass=0;CPXPARAM_MIP_Limits_Nodes=9223372036800000000;CPXPARAM_MIP_Limits_ProbeTime=1e+75;CPXPARAM_MIP_Limits_RepairTries=0;CPXPARAM_MIP_Limits_StrongCand=10;CPXPARAM_MIP_Limits_StrongIt=0;CPXPARAM_MIP_OrderType=0;CPXPARAM_MIP_Strategy_BBInterval=7;CPXPARAM_MIP_Strategy_Branch=0;CPXPARAM_MIP_Strategy_Dive=0;CPXPARAM_MIP_Strategy_File=1;CPXPARAM_MIP_Strategy_HeuristicFreq=0;CPXPARAM_MIP_Strategy_LBHeur=0;CPXPARAM_MIP_Strategy_NodeSelect=1;CPXPARAM_MIP_Strategy_Order=1;CPXPARAM_MIP_Strategy_PresolveNode=0;CPXPARAM_MIP_Strategy_Probe=0;CPXPARAM_MIP_Strategy_RINSHeur=20;CPXPARAM_MIP_Strategy_StartAlgorithm=0;CPXPARAM_MIP_Strategy_SubAlgorithm=0;CPXPARAM_MIP_Strategy_VariableSelect=0;CPXPARAM_Network_NetFind=2;CPXPARAM_Network_Pricing=0;CPXPARAM_Parallel=1;CPXPARAM_Preprocessing_Aggregator=-1;CPXPARAM_Preprocessing_BoundStrength=-1;CPXPARAM_Preprocessing_CoeffReduce=-1;CPXPARAM_Preprocessing_Dependency=-1;CPXPARAM_Preprocessing_Dual=0;CPXPARAM_Preprocessing_Fill=10;CPXPARAM_Preprocessing_NumPass=-1;CPXPARAM_Preprocessing_Presolve=1;CPXPARAM_Preprocessing_QPMakePSD=1;CPXPARAM_Preprocessing_Reduce=3;CPXPARAM_Preprocessing_Relax=-1;CPXPARAM_Preprocessing_RepeatPresolve=-1;CPXPARAM_Preprocessing_Symmetry=-1;CPXPARAM_Read_Scale=0;CPXPARAM_Sifting_Algorithm=0;CPXPARAM_Simplex_Crash=1;CPXPARAM_Simplex_DGradient=0;CPXPARAM_Simplex_Limits_Perturbation=0;CPXPARAM_Simplex_Limits_Singularity=10;CPXPARAM_Simplex_PGradient=0;CPXPARAM_Simplex_Pricing=0;CPXPARAM_Simplex_Refactor=0
7669959257161177237,0,CPXPARAM_Advance=1;CPXPARAM_Barrier_Algorithm=0;CPXPARAM_Barrier_ColNonzeros=0;CPXPARAM_Barrier_Crossover=0;CPXPARAM_Barrier_Limits_Corrections=-1;CPXPARAM_Barrier_Ordering=0;CPXPARAM_Barrier_StartAlg=1;CPXPARAM_Emphasis_MIP=5;CPXPARAM_Emphasis_Memory=0;CPXPARAM_Emphasis_Numerical=0;CPXPARAM_Feasopt_Mode=0;CPXPARAM_LPMethod=0;CPXPARAM_MIP_Cuts_Cliques=-1;CPXPARAM_MIP_Cuts_Covers=0;CPXPARAM_MIP_Cuts_Disjunctive=2;CPXPARAM_MIP_Cuts_FlowCovers=-1;CPXPARAM_MIP_Cuts_GUBCovers=2;CPXPARAM_MIP_Cuts_Gomory=0;CPXPARAM_MIP_Cuts_Implied=1;CPXPARAM_MIP_Cuts_MIRCut=-1;CPXPARAM_MIP_Cuts_PathCut=2;CPXPARAM_MIP_Limits_AggForCut=3;CPXPARAM_MIP_Limits_CutPasses=0;CPXPARAM_MIP_Limits_CutsFactor=-1;CPXPARAM_MIP_Limits_GomoryCand=400;CPXPARAM_MIP_Limits_GomoryPass=0;CPXPARAM_MIP_Limits_Nodes=9223372036800000000;CPXPARAM_MIP_Limits_ProbeTime=1e+75;CPXPARAM_MIP_Limits_RepairTries=0;CPXPARAM_MIP_Limits_StrongCand=10;CPXPARAM_MIP_Limits_StrongIt=0;CPXPARAM_MIP_OrderType=0;CPXPARAM_MIP_Strategy_BBInterval=7;CPXPARAM_MIP_Strategy_Branch=0;CPXPARAM_MIP_Strategy_Dive=0;CPXPARAM_MIP_Strategy_File=1;CPXPARAM_MIP_Strategy_HeuristicFreq=0;CPXPARAM_MIP_Strategy_LBHeur=0;CPXPARAM_MIP_Strategy_NodeSelect=1;CPXPARAM_MIP_Strategy_Order=1;CPXPARAM_MIP_Strategy_PresolveNode=0;CPXPARAM_MIP_Strategy_Probe=0;CPXPARAM_MIP_Strategy_RINSHeur=0;CPXPARAM_MIP_Strategy_StartAlgorithm=0;CPXPARAM_MIP_Strategy_SubAlgorithm=0;CPXPARAM_MIP_Strategy_VariableSelect=0;CPXPARAM_Network_NetFind=2;CPXPARAM_Network_Pricing=0;CPXPARAM_Parallel=1;CPXPARAM_Preprocessing_Aggregator=-1;CPXPARAM_Preprocessing_BoundStrength=-1;CPXPARAM_Preprocessing_CoeffReduce=-1;CPXPARAM_Preprocessing_Dependency=-1;CPXPARAM_Preprocessing_Dual=0;CPXPARAM_Preprocessing_Fill=10;CPXPARAM_Preprocessing_NumPass=-1;CPXPARAM_Preprocessing_Presolve=1;CPXPARAM_Preprocessing_QPMakePSD=1;CPXPARAM_Preprocessing_Reduce=3;CPXPARAM_Preprocessing_Relax=-1;CPXPARAM_Preprocessing_RepeatPresolve=-1;CPXPARAM_Preprocessing_Symmetry=-1;CPXPARAM_Read_Scale=0;CPXPARAM_Sifting_Algorithm=0;CPXPARAM_Simplex_Crash=1;CPXPARAM_Simplex_DGradient=0;CPXPARAM_Simplex_Limits_Perturbation=0;CPXPARAM_Simplex_Limits_Singularity=10;CPXPARAM_Simplex_PGradient=0;CPXPARAM_Simplex_Pricing=0;CPXPARAM_Simplex_Refactor=0
4391326601316846232,0,CPXPARAM_Advance=1;CPXPARAM_Barrier_Algorithm=0;CPXPARAM_Barrier_ColNonzeros=0;CPXPARAM_Barrier_Crossover=0;CPXPARAM_Barrier_Limits_Corrections=-1;CPXPARAM_Barrier_Ordering=0;CPXPARAM_Barrier_StartAlg=1;CPXPARAM_Emphasis_MIP=5;CPXPARAM_Emphasis_Memory=0;CPXPARAM_Emphasis_Numerical=0;CPXPARAM_Feasopt_Mode=0;CPXPARAM_LPMethod=0;CPXPARAM_MIP_Cuts_Cliques=0;CPXPARAM_MIP_Cuts_Covers=0;CPXPARAM_MIP_Cuts_Disjunctive=0;CPXPARAM_MIP_Cuts_FlowCovers=1;CPXPARAM_MIP_Cuts_GUBCovers=0;CPXPARAM_MIP_Cuts_Gomory=1;CPXPARAM_MIP_Cuts_Implied=0;CPXPARAM_MIP_Cuts_MIRCut=0;CPXPARAM_MIP_Cuts_PathCut=0;CPXPARAM_MIP_Limits_AggForCut=3;CPXPARAM_MIP_Limits_CutPasses=0;CPXPARAM_MIP_Limits_CutsFactor=-1;CPXPARAM_MIP_Limits_GomoryCand=200;CPXPARAM_MIP_Limits_GomoryPass=0;CPXPARAM_MIP_Limits_Nodes=9223372036800000000;CPXPARAM_MIP_Limits_ProbeTime=1e+75;CPXPARAM_MIP_Limits_RepairTries=0;CPXPARAM_MIP_Limits_StrongCand=10;CPXPARAM_MIP_Limits_StrongIt=0;CPXPARAM_MIP_OrderType=0;CPXPARAM_MIP_Strategy_BBInterval=7;CPXPARAM_MIP_Strategy_Branch=0;CPXPARAM_MIP_Strategy_Dive=0;CPXPARAM_MIP_Strategy_File=1;CPXPARAM_MIP_Strategy_HeuristicFreq=0;CPXPARAM_MIP_Strategy_LBHeur=0;CPXPARAM_MIP_Strategy_NodeSelect=1;CPXPARAM_MIP_Strategy_Order=1;CPXPARAM_MIP_Strategy_PresolveNode=0;CPXPARAM_MIP_Strategy_Probe=0;CPXPARAM_MIP_Strategy_RINSHeur=0;CPXPARAM_MIP_Strategy_StartAlgorithm=0;CPXPARAM_MIP_Strategy_SubAlgorithm=0;CPXPARAM_MIP_Strategy_VariableSelect=0;CPXPARAM_Network_NetFind=2;CPXPARAM_Network_Pricing=0;CPXPARAM_Parallel=1;CPXPARAM_Preprocessing_Aggregator=-1;CPXPARAM_Preprocessing_BoundStrength=-1;CPXPARAM_Preprocessing_CoeffReduce=-1;CPXPARAM_Preprocessing_Dependency=-1;CPXPARAM_Preprocessing_Dual=0;CPXPARAM_Preprocessing_Fill=10;CPXPARAM_Preprocessing_NumPass=-1;CPXPARAM_Preprocessing_Presolve=1;CPXPARAM_Preprocessing_QPMakePSD=1;CPXPARAM_Preprocessing_Reduce=3;CPXPARAM_Preprocessing_Relax=-1;CPXPARAM_Preprocessing_RepeatPresolve=-1;CPXPARAM_Preprocessing_Symmetry=-1;CPXPARAM_Read_Scale=0;CPXPARAM_Sifting_Algorithm=0;CPXPARAM_Simplex_Crash=1;CPXPARAM_Simplex_DGradient=0;CPXPARAM_Simplex_Limits_Perturbation=0;CPXPARAM_Simplex_Limits_Singularity=10;CPXPARAM_Simplex_PGradient=0;CPXPARAM_Simplex_Pricing=0;CPXPARAM_Simplex_Refactor=0
11868268344553169952,0,CPXPARAM_Advance=1;CPXPARAM_Barrier_Algorithm=0;CPXPARAM_Barrier_ColNonzeros=0;CPXPARAM_Barrier_Crossover=0;CPXPARAM_Barrier_Limits_Corrections=-1;CPXPARAM_Barrier_Ordering=0;CPXPARAM_Barrier_StartAlg=1;CPXPARAM_Emphasis_MIP=1;CPXPARAM_Emphasis_Memory=0;CPXPARAM_Emphasis_Numerical=0;CPXPARAM_Feasopt_Mode=0;CPXPARAM_LPMethod=0;CPXPARAM_MIP_Cuts_Cliques=2;CPXPARAM_MIP_Cuts_Covers=0;CPXPARAM_MIP_Cuts_Disjunctive=0;CPXPARAM_MIP_Cuts_FlowCovers=-1;CPXPARAM_MIP_Cuts_GUBCovers=2;CPXPARAM_MIP_Cuts_Gomory=2;CPXPARAM_MIP_Cuts_Implied=-1;CPXPARAM_MIP_Cuts_MIRCut=2;CPXPARAM_MIP_Cuts_PathCut=2;CPXPARAM_MIP_Limits_AggForCut=3;CPXPARAM_MIP_Limits_CutPasses=0;CPXPARAM_MIP_Limits_CutsFactor=-1;CPXPARAM_MIP_Limits_GomoryCand=100;CPXPARAM_MIP_Limits_GomoryPass=0;CPXPARAM_MIP_Limits_Nodes=9223372036800000000;CPXPARAM_MIP_Limits_ProbeTime=1e+75;CPXPARAM_MIP_Limits_RepairTries=0;CPXPARAM_MIP_Limits_StrongCand=10;CPXPARAM_MIP_Limits_StrongIt=0;CPXPARAM_MIP_OrderType=0;CPXPARAM_MIP_Strategy_BBInterval=7;CPXPARAM_MIP_Strategy_Branch=0;CPXPARAM_MIP_Strategy_Dive=0;CPXPARAM_MIP_Strategy_File=1;CPXPARAM_MIP_Strategy_HeuristicFreq=0;CPXPARAM_MIP_Strategy_LBHeur=0;CPXPARAM_MIP_Strategy_NodeSelect=1;CPXPARAM_MIP_Strategy_Order=1;CPXPARAM_MIP_Strategy_PresolveNode=0;CPXPARAM_MIP_Strategy_Probe=0;CPXPARAM_MIP_Strategy_RINSHeur=0;CPXPARAM_MIP_Strategy_StartAlgorithm=0;CPXPARAM_MIP_Strategy_SubAlgorithm=0;CPXPARAM_MIP_Strategy_VariableSelect=0;CPXPARAM_Network_NetFind=2;CPXPARAM_Network_Pricing=0;CPXPARAM_Parallel=1;CPXPARAM_Preprocessing_Aggregator=-1;CPXPARAM_Preprocessing_BoundStrength=-1;CPXPARAM_Preprocessing_CoeffReduce=-1;CPXPARAM_Preprocessing_Dependency=-1;CPXPARAM_Preprocessing_Dual=-1;CPXPARAM_Preprocessing_Fill=10;CPXPARAM_Preprocessing_NumPass=-1;CPXPARAM_Preprocessing_Presolve=1;CPXPARAM_Preprocessing_QPMakePSD=1;CPXPARAM_Preprocessing_Reduce=3;CPXPARAM_Preprocessing_Relax=-1;CPXPARAM_Preprocessing_RepeatPresolve=-1;CPXPARAM_Preprocessing_Symmetry=-1;CPXPARAM_Read_Scale=0;CPXPARAM_Sifting_Algorithm=0;CPXPARAM_Simplex_Crash=1;CPXPARAM_Simplex_DGradient=0;CPXPARAM_Simplex_Limits_Perturbation=0;CPXPARAM_Simplex_Limits_Singularity=10;CPXPARAM_Simplex_PGradient=1;CPXPARAM_Simplex_Pricing=0;CPXPARAM_Simplex_Refactor=0
17041292084777900924,0,CPXPARAM_Advance=1;CPXPARAM_Barrier_Algorithm=0;CPXPARAM_Barrier_ColNonzeros=0;CPXPARAM_Barrier_Crossover=0;CPXPARAM_Barrier_Limits_Corrections=-1;CPXPARAM_Barrier_Ordering=0;CPXPARAM_Barrier_StartAlg=1;CPXPARAM_Emphasis_MIP=5;CPXPARAM_Emphasis_Memory=0;CPXPARAM_Emphasis_Numerical=0;CPXPARAM_Feasopt_Mode=0;CPXPARAM_LPMethod=0;CPXPARAM_MIP_Cuts_Cliques=0;CPXPARAM_MIP_Cuts_Covers=0;CPXPARAM_MIP_Cuts_Disjunctive=0;CPXPARAM_MIP_Cuts_FlowCovers=1;CPXPARAM_MIP_Cuts_GUBCovers=0;CPXPARAM_MIP_Cuts_Gomory=0;CPXPARAM_MIP_Cuts_Implied=0;CPXPARAM_MIP_Cuts_MIRCut=0;CPXPARAM_MIP_Cuts_PathCut=0;CPXPARAM_MIP_Limits_AggForCut=3;CPXPARAM_MIP_Limits_CutPasses=0;CPXPARAM_MIP_Limits_CutsFactor=-1;CPXPARAM_MIP_Limits_GomoryCand=200;CPXPARAM_MIP_Limits_GomoryPass=0;CPXPARAM_MIP_Limits_Nodes=9223372036800000000;CPXPARAM_MIP_Limits_ProbeTime=1e+75;CPXPARAM_MIP_Limits_RepairTries=0;CPXPARAM_MIP_Limits_StrongCand=10;CPXPARAM_MIP_Limits_StrongIt=0;CPXPARAM_MIP_OrderType=0;CPXPARAM_MIP_Strategy_BBInterval=7;CPXPARAM_MIP_Strategy_Branch=0;CPXPARAM_MIP_Strategy_Dive=0;CPXPARAM_MIP_Strategy_File=1;CPXPARAM_MIP_Strategy_HeuristicFreq=0;CPXPARAM_MIP_Strategy_LBHeur=0;CPXPARAM_MIP_Strategy_NodeSelect=1;CPXPARAM_MIP_Strategy_Order=1;CPXPARAM_MIP_Strategy_PresolveNode=0;CPXPARAM_MIP_Strategy_Probe=0;CPXPARAM_MIP_Strategy_RINSHeur=0;CPXPARAM_MIP_Strategy_StartAlgorithm=0;CPXPARAM_MIP_Strategy_SubAlgorithm=0;CPXPARAM_MIP_Strategy_VariableSelect=0;CPXPARAM_Network_NetFind=2;CPXPARAM_Network_Pricing=0;CPXPARAM_Parallel=1;CPXPARAM_Preprocessing_Aggregator=-1;CPXPARAM_Preprocessing_BoundStrength=-1;CPXPARAM_Preprocessing_CoeffReduce=-1;CPXPARAM_Preprocessing_Dependency=-1;CPXPARAM_Preprocessing_Dual=0;CPXPARAM_Preprocessing_Fill=10;CPXPARAM_Preprocessing_NumPass=-1;CPXPARAM_Preprocessing_Presolve=1;CPXPARAM_Preprocessing_QPMakePSD=1;CPXPARAM_Preprocessing_Reduce=3;CPXPARAM_Preprocessing_Relax=-1;CPXPARAM_Preprocessing_RepeatPresolve=-1;CPXPARAM_Preprocessing_Symmetry=-1;CPXPARAM_Read_Scale=0;CPXPARAM_Sifting_Algorithm=0;CPXPARAM_Simplex_Crash=1;CPXPARAM_Simplex_DGradient=0;CPXPARAM_Simplex_Limits_Perturbation=0;CPXPARAM_Simplex_Limits_Singularity=10;CPXPARAM_Simplex_PGradient=4;CPXPARAM_Simplex_Pricing=0;CPXPARAM_Simplex_Refactor=0
7403674477197710630,0,CPXPARAM_Advance=1;CPXPARAM_Barrier_Algorithm=0;CPXPARAM_Barrier_ColNonzeros=0;CPXPARAM_Barrier_Crossover=0;CPXPARAM_Barrier_Limits_Corrections=-1;CPXPARAM_Barrier_Ordering=0;CPXPARAM_Barrier_StartAlg=1;CPXPARAM_Emphasis_MIP=5;CPXPARAM_Emphasis_Memory=0;CPXPARAM_Emphasis_Numerical=0;CPXPARAM_Feasopt_Mode=0;CPXPARAM_LPMethod=0;CPXPARAM_MIP_Cuts_Cliques=2;CPXPARAM_MIP_Cuts_Covers=0;CPXPARAM_MIP_Cuts_Disjunctive=0;CPXPARAM_MIP_Cuts_FlowCovers=1;CPXPARAM_MIP_Cuts_GUBCovers=0;CPXPARAM_MIP_Cuts_Gomory=0;CPXPARAM_MIP_Cuts_Implied=0;CPXPARAM_MIP_Cuts_MIRCut=0;CPXPARAM_MIP_Cuts_PathCut=0;CPXPARAM_MIP_Limits_AggForCut=3;CPXPARAM_MIP_Limits_CutPasses=0;CPXPARAM_MIP_Limits_CutsFactor=-1;CPXPARAM_MIP_Limits_GomoryCand=200;CPXPARAM_MIP_Limits_GomoryPass=0;CPXPARAM_MIP_Limits_Nodes=9223372036800000000;CPXPARAM_MIP_Limits_ProbeTime=1e+75;CPXPARAM_MIP_Limits_RepairTries=0;CPXPARAM_MIP_Limits_StrongCand=10;CPXPARAM_MIP_Limits_StrongIt=0;CPXPARAM_MIP_OrderType=0;CPXPARAM_MIP_Strategy_BBInterval=7;CPXPARAM_MIP_Strategy_Branch=0;CPXPARAM_MIP_Strategy_Dive=0;CPXPARAM_MIP_Strategy_File=1;CPXPARAM_MIP_Strategy_HeuristicFreq=0;CPXPARAM_MIP_Strategy_LBHeur=0;CPXPARAM_MIP_Strategy_NodeSelect=1;CPXPARAM_MIP_Strategy_Order=1;CPXPARAM_MIP_Strategy_PresolveNode=0;CPXPARAM_MIP_Strategy_Probe=0;CPXPARAM_MIP_Strategy_RINSHeur=0;CPXPARAM_MIP_Strategy_StartAlgorithm=0;CPXPARAM_MIP_Strategy_SubAlgorithm=0;CPXPARAM_MIP_Strategy_VariableSelect=0;CPXPARAM_Network_NetFind=2;CPXPARAM_Network_Pricing=0;CPXPARAM_Parallel=1;CPXPARAM_Preprocessing_Aggregator=-1;CPXPARAM_Preprocessing_BoundStrength=-1;CPXPARAM_Preprocessing_CoeffReduce=-1;CPXPARAM_Preprocessing_Dependency=-1;CPXPARAM_Preprocessing_Dual=0;CPXPARAM_Preprocessing_Fill=10;CPXPARAM_Preprocessing_NumPass=-1;CPXPARAM_Preprocessing_Presolve=1;CPXPARAM_Preprocessing_QPMakePSD=1;CPXPARAM_Preprocessing_Reduce=3;CPXPARAM_Preprocessing_Relax=-1;CPXPARAM_Preprocessing_RepeatPresolve=-1;CPXPARAM_Preprocessing_Symmetry=-1;CPXPARAM_Read_Scale=0;CPXPARAM_Sifting_Algorithm=0;CPXPARAM_Simplex_Crash=1;CPXPARAM_Simplex_DGradient=0;CPXPARAM_Simplex_Limits_Perturbation=0;CPXPARAM_Simplex_Limits_Singularity=10;CPXPARAM_Simplex_PGradient=0;CPXPARAM_Simplex_Pricing=0;CPXPARAM_Simplex_Refactor=0
12438567954715191403,0,CPXPARAM_Advance=1;CPXPARAM_Barrier_Algorithm=0;CPXPARAM_Barrier_ColNonzeros=0;CPXPARAM_Barrier_Crossover=0;CPXPARAM_Barrier_Limits_Corrections=-1;CPXPARAM_Barrier_Ordering=0;CPXPARAM_Barrier_StartAlg=1;CPXPARAM_Emphasis_MIP=5;CPXPARAM_Emphasis_Memory=0;CPXPARAM_Emphasis_Numerical=0;CPXPARAM_Feasopt_Mode=0;CPXPARAM_LPMethod=0;CPXPARAM_MIP_Cuts_Cliques=3;CPXPARAM_MIP_Cuts_Covers=0;CPXPARAM_MIP_Cuts_Disjunctive=2;CPXPARAM_MIP_Cuts_FlowCovers=-1;CPXPARAM_MIP_Cuts_GUBCovers=2;CPXPARAM_MIP_Cuts_Gomory=0;CPXPARAM_MIP_Cuts_Implied=1;CPXPARAM_MIP_Cuts_MIRCut=-1;CPXPARAM_MIP_Cuts_PathCut=2;CPXPARAM_MIP_Limits_AggForCut=3;CPXPARAM_MIP_Limits_CutPasses=0;CPXPARAM_MIP_Limits_CutsFactor=-1;CPXPARAM_MIP_Limits_GomoryCand=400;CPXPARAM_MIP_Limits_GomoryPass=0;CPXPARAM_MIP_Limits_Nodes=9223372036800000000;CPXPARAM_MIP_Limits_ProbeTime=1e+75;CPXPARAM_MIP_Limits_RepairTries=0;CPXPARAM_MIP_Limits_StrongCand=10;CPXPARAM_MIP_Limits_StrongIt=0;CPXPARAM_MIP_OrderType=0;CPXPARAM_MIP_Strategy_BBInterval=7;CPXPARAM_MIP_Strategy_Branch=0;CPXPARAM_MIP_Strategy_Dive=0;CPXPARAM_MIP_Strategy_File=1;CPXPARAM_MIP_Strategy_HeuristicFreq=0;CPXPARAM_MIP_Strategy_LBHeur=0;CPXPARAM_MIP_Strategy_NodeSelect=1;CPXPARAM_MIP_Strategy_Order=1;CPXPARAM_MIP_Strategy_PresolveNode=0;CPXPARAM_MIP_Strategy_Probe=0;CPXPARAM_MIP_Strategy_RINSHeur=0;CPXPARAM_MIP_Strategy_StartAlgorithm=0;CPXPARAM_MIP_Strategy_SubAlgorithm=0;CPXPARAM_MIP_Strategy_VariableSelect=0;CPXPARAM_Network_NetFind=2;CPXPARAM_Network_Pricing=0;CPXPARAM_Parallel=1;CPXPARAM_Preprocessing_Aggregator=-1;CPXPARAM_Preprocessing_BoundStrength=-1;CPXPARAM_Preprocessing_CoeffReduce=-1;CPXPARAM_Preprocessing_Dependency=-1;CPXPARAM_Preprocessing_Dual=0;CPXPARAM_Preprocessing_Fill=10;CPXPARAM_Preprocessing_NumPass=-1;CPXPARAM_Preprocessing_Presolve=1;CPXPARAM_Preprocessing_QPMakePSD=1;CPXPARAM_Preprocessing_Reduce=3;CPXPARAM_Preprocessing_Relax=-1;CPXPARAM_Preprocessing_RepeatPresolve=-1;CPXPARAM_Preprocessing_Symmetry=-1;CPXPARAM_Read_Scale=0;CPXPARAM_Sifting_Algorithm=0;CPXPARAM_Simplex_Crash=1;CPXPARAM_Simplex_DGradient=0;CPXPARAM_Simplex_Limits_Perturbation=0;CPXPARAM_Simplex_Limits_Singularity=10;CPXPARAM_Simplex_PGradient=0;CPXPARAM_Simplex_Pricing=0;CPXPARAM_Simplex_Refactor=0
300411628152950630,0,CPXPARAM_Advance=1;CPXPARAM_Barrier_Algorithm=0;CPXPARAM_Barrier_ColNonzeros=0;CPXPARAM_Barrier_Crossover=0;CPXPARAM_Barrier_Limits_Corrections=-1;CPXPARAM_Barrier_Ordering=0;CPXPARAM_Barrier_StartAlg=1;CPXPARAM_Emphasis_MIP=0;CPXPARAM_Emphasis_Memory=0;CPXPARAM_Emphasis_Numerical=0;CPXPARAM_Feasopt_Mode=0;CPXPARAM_LPMethod=0;CPXPARAM_MIP_Cuts_Cliques=0;CPXPARAM_MIP_Cuts_Covers=0;CPXPARAM_MIP_Cuts_Disjunctive=3;CPXPARAM_MIP_Cuts_FlowCovers=1;CPXPARAM_MIP_Cuts_GUBCovers=0;CPXPARAM_MIP_Cuts_Gomory=0;CPXPARAM_MIP_Cuts_Implied=0;CPXPARAM_MIP_Cuts_MIRCut=0;CPXPARAM_MIP_Cuts_PathCut=0;CPXPARAM_MIP_Limits_AggForCut=3;CPXPARAM_MIP_Limits_CutPasses=0;CPXPARAM_MIP_Limits_CutsFactor=-1;CPXPARAM_MIP_Limits_GomoryCand=200;CPXPARAM_MIP_Limits_GomoryPass=0;CPXPARAM_MIP_Limits_Nodes=9223372036800000000;CPXPARAM_MIP_Limits_ProbeTime=1e+75;CPXPARAM_MIP_Limits_RepairTries=0;CPXPARAM_MIP_Limits_StrongCand=10;CPXPARAM_MIP_Limits_StrongIt=0;CPXPARAM_MIP_OrderType=0;CPXPARAM_MIP_Strategy_BBInterval=7;CPXPARAM_MIP_Strategy_Branch=0;CPXPARAM_MIP_Strategy_Dive=0;CPXPARAM_MIP_Strategy_File=1;CPXPARAM_MIP_Strategy_HeuristicFreq=0;CPXPARAM_MIP_Strategy_LBHeur=0;CPXPARAM_MIP_Strategy_NodeSelect=1;CPXPARAM_MIP_Strategy_Order=1;CPXPARAM_MIP_Strategy_PresolveNode=0;CPXPARAM_MIP_Strategy_Probe=0;CPXPARAM_MIP_Strategy_RINSHeur=0;CPXPARAM_MIP_Strategy_StartAlgorithm=0;CPXPARAM_MIP_Strategy_SubAlgorithm=0;CPXPARAM_MIP_Strategy_VariableSelect=0;CPXPARAM_Network_NetFind=2;CPXPARAM_Network_Pricing=0;CPXPARAM_Parallel=1;CPXPARAM_Preprocessing_Aggregator=-1;CPXPARAM_Preprocessing_BoundStrength=-1;CPXPARAM_Preprocessing_CoeffReduce=-1;CPXPARAM_Preprocessing_Dependency=-1;CPXPARAM_Preprocessing_Dual=0;CPXPARAM_Preprocessing_Fill=10;CPXPARAM_Preprocessing_NumPass=-1;CPXPARAM_Preprocessing_Presolve=1;CPXPARAM_Preprocessing_QPMakePSD=1;CPXPARAM_Preprocessing_Reduce=3;CPXPARAM_Preprocessing_Relax=-1;CPXPARAM_Preprocessing_RepeatPresolve=-1;CPXPARAM_Preprocessing_Symmetry=-1;CPXPARAM_Read_Scale=0;CPXPARAM_Sifting_Algorithm=0;CPXPARAM_Simplex_Crash=1;CPXPARAM_Simplex_DGradient=0;CPXPARAM_Simplex_Limits_Perturbation=0;CPXPARAM_Simplex_Limits_Singularity=10;CPXPARAM_Simplex_PGradient=0;CPXPARAM_Simplex_Pricing=0;CPXPARAM_Simplex_Refactor=0
4916790196618518520,0,CPXPARAM_Advance=1;CPXPARAM_Barrier_Algorithm=0;CPXPARAM_Barrier_ColNonzeros=0;CPXPARAM_Barrier_Crossover=0;CPXPARAM_Barrier_Limits_Corrections=-1;CPXPARAM_Barrier_Ordering=0;CPXPARAM_Barrier_StartAlg=1;CPXPARAM_Emphasis_MIP=5;CPXPARAM_Emphasis_Memory=0;CPXPARAM_Emphasis_Numerical=0;CPXPARAM_Feasopt_Mode=0;CPXPARAM_LPMethod=0;CPXPARAM_MIP_Cuts_Cliques=0;CPXPARAM_MIP_Cuts_Covers=0;CPXPARAM_MIP_Cuts_Disjunctive=0;CPXPARAM_MIP_Cuts_FlowCovers=1;CPXPARAM_MIP_Cuts_GUBCovers=0;CPXPARAM_MIP_Cuts_Gomory=0;CPXPARAM_MIP_Cuts_Implied=0;CPXPARAM_MIP_Cuts_MIRCut=0;CPXPARAM_MIP_Cuts_PathCut=0;CPXPARAM_MIP_Limits_AggForCut=3;CPXPARAM_MIP_Limits_CutPasses=0;CPXPARAM_MIP_Limits_CutsFactor=-1;CPXPARAM_MIP_Limits_GomoryCand=800;CPXPARAM_MIP_Limits_GomoryPass=0;CPXPARAM_MIP_Limits_Nodes=9223372036800000000;CPXPARAM_MIP_Limits_ProbeTime=1e+75;CPXPARAM_MIP_Limits_RepairTries=0;CPXPARAM_MIP_Limits_StrongCand=10;CPXPARAM_MIP_Limits_StrongIt=0;CPXPARAM_MIP_OrderType=0;CPXPARAM_MIP_Strategy_BBInterval=7;CPXPARAM_MIP_Strategy_Branch=0;CPXPARAM_MIP_Strategy_Dive=0;CPXPARAM_MIP_Strategy_File=1;CPXPARAM_MIP_Strategy_HeuristicFreq=0;CPXPARAM_MIP_Strategy_LBHeur=0;CPXPARAM_MIP_Strategy_NodeSelect=1;CPXPARAM_MIP_Strategy_Order=1;CPXPARAM_MIP_Strategy_PresolveNode=0;CPXPARAM_MIP_Strategy_Probe=0;CPXPARAM_MIP_Strategy_RINSHeur=0;CPXPARAM_MIP_Strategy_StartAlgorithm=0;CPXPARAM_MIP_Strategy_SubAlgorithm=0;CPXPARAM_MIP_Strategy_VariableSelect=0;CPXPARAM_Network_NetFind=2;CPXPARAM_Network_Pricing=0;CPXPARAM_Parallel=1;CPXPARAM_Preprocessing_Aggregator=-1;CPXPARAM_Preprocessing_BoundStrength=-1;CPXPARAM_Preprocessing_CoeffReduce=-1;CPXPARAM_Preprocessing_Dependency=-1;CPXPARAM_Preprocessing_Dual=0;CPXPARAM_Preprocessing_Fill=10;CPXPARAM_Preprocessing_NumPass=-1;CPXPARAM_Preprocessing_Presolve=1;CPXPARAM_Preprocessing_QPMakePSD=1;CPXPARAM_Preprocessing_Reduce=3;CPXPARAM_Preprocessing_Relax=-1;CPXPARAM_Preprocessing_RepeatPresolve=-1;CPXPARAM_Preprocessing_Symmetry=-1;CPXPARAM_Read_Scale=0;CPXPARAM_Sifting_Algorithm=0;CPXPARAM_Simplex_Crash=1;CPXPARAM_Simplex_DGradient=0;CPXPARAM_Simplex_Limits_Perturbation=0;CPXPARAM_Simplex_Limits_Singularity=10;CPXPARAM_Simplex_PGradient=0;CPXPARAM_Simplex_Pricing=0;CPXPARAM_Simplex_Refactor=0
13728018967237598306,0,CPXPARAM_Advance=1;CPXPARAM_Barrier_Algorithm=0;CPXPARAM_Barrier_ColNonzeros=0;CPXPARAM_Barrier_Crossover=0;CPXPARAM_Barrier_Limits_Corrections=-1;CPXPARAM_Barrier_Ordering=0;CPXPARAM_Barrier_StartAlg=1;CPXPARAM_Emphasis_MIP=2;CPXPARAM_Emphasis_Memory=0;CPXPARAM_Emphasis_Numerical=0;CPXPARAM_Feasopt_Mode=0;CPXPARAM_LPMethod=0;CPXPARAM_MIP_Cuts_Cliques=0;CPXPARAM_MIP_Cuts_Covers=0;CPXPARAM_MIP_Cuts_Disjunctive=2;CPXPARAM_MIP_Cuts_FlowCovers=-1;CPXPARAM_MIP_Cuts_GUBCovers=2;CPXPARAM_MIP_Cuts_Gomory=0;CPXPARAM_MIP_Cuts_Implied=1;CPXPARAM_MIP_Cuts_MIRCut=-1;CPXPARAM_MIP_Cuts_PathCut=2;CPXPARAM_MIP_Limits_AggForCut=3;CPXPARAM_MIP_Limits_CutPasses=0;CPXPARAM_MIP_Limits_CutsFactor=-1;CPXPARAM_MIP_Limits_GomoryCand=400;CPXPARAM_MIP_Limits_GomoryPass=0;CPXPARAM_MIP_Limits_Nodes=9223372036800000000;CPXPARAM_MIP_Limits_ProbeTime=1e+75;CPXPARAM_MIP_Limits_RepairTries=0;CPXPARAM_MIP_Limits_StrongCand=10;CPXPARAM_MIP_Limits_StrongIt=0;CPXPARAM_MIP_OrderType=0;CPXPARAM_MIP_Strategy_BBInterval=7;CPXPARAM_MIP_Strategy_Branch=0;CPXPARAM_MIP_Strategy_Dive=0;CPXPARAM_MIP_Strategy_File=1;CPXPARAM_MIP_Strategy_HeuristicFreq=0;CPXPARAM_MIP_Strategy_LBHeur=0;CPXPARAM_MIP_Strategy_NodeSelect=1;CPXPARAM_MIP_Strategy_Order=1;CPXPARAM_MIP_Strategy_PresolveNode=0;CPXPARAM_MIP_Strategy_Probe=0;CPXPARAM_MIP_Strategy_RINSHeur=0;CPXPARAM_MIP_Strategy_StartAlgorithm=0;CPXPARAM_MIP_Strategy_SubAlgorithm=0;CPXPARAM_MIP_Strategy_VariableSelect=0;CPXPARAM_Network_NetFind=2;CPXPARAM_Network_Pricing=0;CPXPARAM_Parallel=1;CPXPARAM_Preprocessing_Aggregator=-1;CPXPARAM_Preprocessing_BoundStrength=-1;CPXPARAM_Preprocessing_CoeffReduce=-1;CPXPARAM_Preprocessing_Dependency=-1;CPXPARAM_Preprocessing_Dual=0;CPXPARAM_Preprocessing_Fill=10;CPXPARAM_Preprocessing_NumPass=-1;CPXPARAM_Preprocessing_Presolve=1;CPXPARAM_Preprocessing_QPMakePSD=1;CPXPARAM_Preprocessing_Reduce=3;CPXPARAM_Preprocessing_Relax=-1;CPXPARAM_Preprocessing_RepeatPresolve=-1;CPXPARAM_Preprocessing_Symmetry=-1;CPXPARAM_Read_Scale=0;CPXPARAM_Sifting_Algorithm=0;CPXPARAM_Simplex_Crash=1;CPXPARAM_Simplex_DGradient=0;CPXPARAM_Simplex_Limits_Perturbation=0;CPXPARAM_Simplex_Limits_Singularity=10;CPXPARAM_Simplex_PGradient=0;CPXPARAM_Simplex_Pricing=0;CPXPARAM_Simplex_Refactor=0
9626049257612552673,0,CPXPARAM_Advance=1;CPXPARAM_Barrier_Algorithm=0;CPXPARAM_Barrier_ColNonzeros=0;CPXPARAM_Barrier_Crossover=0;CPXPARAM_Barrier_Limits_Corrections=-1;CPXPARAM_Barrier_Ordering=0;CPXPARAM_Barrier_StartAlg=1;CPXPARAM_Emphasis_MIP=5;CPXPARAM_Emphasis_Memory=0;CPXPARAM_Emphasis_Numerical=0;CPXPARAM_Feasopt_Mode=0;CPXPARAM_LPMethod=0;CPXPARAM_MIP_Cuts_Cliques=0;CPXPARAM_MIP_Cuts_Covers=0;CPXPARAM_MIP_Cuts_Disjunctive=0;CPXPARAM_MIP_Cuts_FlowCovers=1;CPXPARAM_MIP_Cuts_GUBCovers=0;CPXPARAM_MIP_Cuts_Gomory=0;CPXPARAM_MIP_Cuts_Implied=0;CPXPARAM_MIP_Cuts_MIRCut=0;CPXPARAM_MIP_Cuts_PathCut=0;CPXPARAM_MIP_Limits_AggForCut=3;CPXPARAM_MIP_Limits_CutPasses=0;CPXPARAM_MIP_Limits_CutsFactor=-1;CPXPARAM_MIP_Limits_GomoryCand=200;CPXPARAM_MIP_Limits_GomoryPass=0;CPXPARAM_MIP_Limits_Nodes=9223372036800000000;CPXPARAM_MIP_Limits_ProbeTime=1e+75;CPXPARAM_MIP_Limits_RepairTries=0;CPXPARAM_MIP_Limits_StrongCand=10;CPXPARAM_MIP_Limits_StrongIt=0;CPXPARAM_MIP_OrderType=0;CPXPARAM_MIP_Strategy_BBInterval=7;CPXPARAM_MIP_Strategy_Branch=0;CPXPARAM_MIP_Strategy_Dive=0;CPXPARAM_MIP_Strategy_File=1;CPXPARAM_MIP_Strategy_HeuristicFreq=0;CPXPARAM_MIP_Strategy_LBHeur=0;CPXPARAM_MIP_Strategy_NodeSelect=1;CPXPARAM_MIP_Strategy_Order=1;CPXPARAM_MIP_Strategy_PresolveNode=0;CPXPARAM_MIP_Strategy_Probe=0;CPXPARAM_MIP_Strategy_RINSHeur=0;CPXPARAM_MIP_Strategy_StartAlgorithm=3;CPXPARAM_MIP_Strategy_SubAlgorithm=0;CPXPARAM_MIP_Strategy_VariableSelect=0;CPXPARAM_Network_NetFind=2;CPXPARAM_Network_Pricing=0;CPXPARAM_Parallel=1;CPXPARAM_Preprocessing_Aggregator=-1;CPXPARAM_Preprocessing_BoundStrength=-1;CPXPARAM_Preprocessing_CoeffReduce=-1;CPXPARAM_Preprocessing_Dependency=-1;CPXPARAM_Preprocessing_Dual=0;CPXPARAM_Preprocessing_Fill=10;CPXPARAM_Preprocessing_NumPass=-1;CPXPARAM_Preprocessing_Presolve=1;CPXPARAM_Preprocessing_QPMakePSD=1;CPXPARAM_Preprocessing_Reduce=3;CPXPARAM_Preprocessing_Relax=-1;CPXPARAM_Preprocessing_RepeatPresolve=-1;CPXPARAM_Preprocessing_Symmetry=-1;CPXPARAM_Read_Scale=0;CPXPARAM_Sifting_Algorithm=0;CPXPARAM_Simplex_Crash=1;CPXPARAM_Simplex_DGradient=0;CPXPARAM_Simplex_Limits_Perturbation=0;CPXPARAM_Simplex_Limits_Singularity=10;CPXPARAM_Simplex_PGradient=0;CPXPARAM_Simplex_Pricing=0;CPXPARAM_Simplex_Refactor=0
5580668160489717173,0,CPXPARAM_Advance=1;CPXPARAM_Barrier_Algorithm=0;CPXPARAM_Barrier_ColNonzeros=0;CPXPARAM_Barrier_Crossover=0;CPXPARAM_Barrier_Limits_Corrections=-1;CPXPARAM_Barrier_Ordering=0;CPXPARAM_Barrier_StartAlg=1;CPXPARAM_Emphasis_MIP=5;CPXPARAM_Emphasis_Memory=0;CPXPARAM_Emphasis_Numerical=0;CPXPARAM_Feasopt_Mode=0;CPXPARAM_LPMethod=0;CPXPARAM_MIP_Cuts_Cliques=0;CPXPARAM_MIP_Cuts_Covers=0;CPXPARAM_MIP_Cuts_Disjunctive=0;CPXPARAM_MIP_Cuts_FlowCovers=1;CPXPARAM_MIP_Cuts_GUBCovers=0;CPXPARAM_MIP_Cuts_Gomory=0;CPXPARAM_MIP_Cuts_Implied=1;CPXPARAM_MIP_Cuts_MIRCut=0;CPXPARAM_MIP_Cuts_PathCut=0;CPXPARAM_MIP_Limits_AggForCut=3;CPXPARAM_MIP_Limits_CutPasses=0;CPXPARAM_MIP_Limits_CutsFactor=-1;CPXPARAM_MIP_Limits_GomoryCand=200;CPXPARAM_MIP_Limits_GomoryPass=0;CPXPARAM_MIP_Limits_Nodes=9223372036800000000;CPXPARAM_MIP_Limits_ProbeTime=1e+75;CPXPARAM_MIP_Limits_RepairTries=0;CPXPARAM_MIP_Limits_StrongCand=10;CPXPARAM_MIP_Limits_StrongIt=0;CPXPARAM_MIP_OrderType=0;CPXPARAM_MIP_Strategy_BBInterval=7;CPXPARAM_MIP_Strategy_Branch=0;CPXPARAM_MIP_Strategy_Dive=0;CPXPARAM_MIP_Strategy_File=1;CPXPARAM_MIP_Strategy_HeuristicFreq=0;CPXPARAM_MIP_Strategy_LBHeur=0;CPXPARAM_MIP_Strategy_NodeSelect=1;CPXPARAM_MIP_Strategy_Order=1;CPXPARAM_MIP_Strategy_PresolveNode=0;CPXPARAM_MIP_Strategy_Probe=0;CPXPARAM_MIP_Strategy_RINSHeur=0;CPXPARAM_MIP_Strategy_StartAlgorithm=0;CPXPARAM_MIP_Strategy_SubAlgorithm=0;CPXPARAM_MIP_Strategy_VariableSelect=0;CPXPARAM_Network_NetFind=2;CPXPARAM_Network_Pricing=0;CPXPARAM_Parallel=1;CPXPARAM_Preprocessing_Aggregator=-1;CPXPARAM_Preprocessing_BoundStrength=-1;CPXPARAM_Preprocessing_CoeffReduce=-1;CPXPARAM_Preprocessing_Dependency=-1;CPXPARAM_Preprocessing_Dual=0;CPXPARAM_Preprocessing_Fill=10;CPXPARAM_Preprocessing_NumPass=-1;CPXPARAM_Preprocessing_Presolve=1;CPXPARAM_Preprocessing_QPMakePSD=1;CPXPARAM_Preprocessing_Reduce=3;CPXPARAM_Preprocessing_Relax=-1;CPXPARAM_Preprocessing_RepeatPresolve=-1;CPXPARAM_Preprocessing_Symmetry=-1;CPXPARAM_Read_Scale=0;CPXPARAM_Sifting_Algorithm=0;CPXPARAM_Simplex_Crash=1;CPXPARAM_Simplex_DGradient=0;CPXPARAM_Simplex_Limits_Perturbation=0;CPXPARAM_Simplex_Limits_Singularity=10;CPXPARAM_Simplex_PGradient=0;CPXPARAM_Simplex_Pricing=0;CPXPARAM_Simplex_Refactor=0
6466776249405206315,0,CPXPARAM_Advance=1;CPXPARAM_Barrier_Algorithm=0;CPXPARAM_Barrier_ColNonzeros=0;CPXPARAM_Barrier_Crossover=0;CPXPARAM_Barrier_Limits_Corrections=-1;CPXPARAM_Barrier_Ordering=0;CPXPARAM_Barrier_StartAlg=1;CPXPARAM_Emphasis_MIP=1;CPXPARAM_Emphasis_Memory=0;CPXPARAM_Emphasis_Numerical=0;CPXPARAM_Feasopt_Mode=0;CPXPARAM_LPMethod=0;CPXPARAM_MIP_Cuts_Cliques=1;CPXPARAM_MIP_Cuts_Covers=0;CPXPARAM_MIP_Cuts_Disjunctive=-1;CPXPARAM_MIP_Cuts_FlowCovers=-1;CPXPARAM_MIP_Cuts_GUBCovers=1;CPXPARAM_MIP_Cuts_Gomory=1;CPXPARAM_MIP_Cuts_Implied=1;CPXPARAM_MIP_Cuts_MIRCut=2;CPXPARAM_MIP_Cuts_PathCut=-1;CPXPARAM_MIP_Limits_AggForCut=3;CPXPARAM_MIP_Limits_CutPasses=0;CPXPARAM_MIP_Limits_CutsFactor=-1;CPXPARAM_MIP_Limits_GomoryCand=10;CPXPARAM_MIP_Limits_GomoryPass=0;CPXPARAM_MIP_Limits_Nodes=9223372036800000000;CPXPARAM_MIP_Limits_ProbeTime=1e+75;CPXPARAM_MIP_Limits_RepairTries=0;CPXPARAM_MIP_Limits_StrongCand=10;CPXPARAM_MIP_Limits_StrongIt=0;CPXPARAM_MIP_OrderType=2;CPXPARAM_MIP_Strategy_BBInterval=7;CPXPARAM_MIP_Strategy_Branch=0;CPXPARAM_MIP_Strategy_Dive=0;CPXPARAM_MIP_Strategy_File=2;CPXPARAM_MIP_Strategy_HeuristicFreq=0;CPXPARAM_MIP_Strategy_LBHeur=0;CPXPARAM_MIP_Strategy_NodeSelect=1;CPXPARAM_MIP_Strategy_Order=1;CPXPARAM_MIP_Strategy_PresolveNode=0;CPXPARAM_MIP_Strategy_Probe=0;CPXPARAM_MIP_Strategy_RINSHeur=0;CPXPARAM_MIP_Strategy_StartAlgorithm=0;CPXPARAM_MIP_Strategy_SubAlgorithm=0;CPXPARAM_MIP_Strategy_VariableSelect=0;CPXPARAM_Network_NetFind=1;CPXPARAM_Network_Pricing=1;CPXPARAM_Parallel=1;CPXPARAM_Preprocessing_Aggregator=-1;CPXPARAM_Preprocessing_BoundStrength=-1;CPXPARAM_Preprocessing_CoeffReduce=-1;CPXPARAM_Preprocessing_Dependency=-1;CPXPARAM_Preprocessing_Dual=-1;CPXPARAM_Preprocessing_Fill=10;CPXPARAM_Preprocessing_NumPass=-1;CPXPARAM_Preprocessing_Presolve=1;CPXPARAM_Preprocessing_QPMakePSD=1;CPXPARAM_Preprocessing_Reduce=1;CPXPARAM_Preprocessing_Relax=1;CPXPARAM_Preprocessing_RepeatPresolve=-1;CPXPARAM_Preprocessing_Symmetry=-1;CPXPARAM_Read_Scale=0;CPXPARAM_Sifting_Algorithm=0;CPXPARAM_Simplex_Crash=1;CPXPARAM_Simplex_DGradient=0;CPXPARAM_Simplex_Limits_Perturbation=0;CPXPARAM_Simplex_Limits_Singularity=10;CPXPARAM_Simplex_PGradient=1;CPXPARAM_Simplex_Pricing=0;CPXPARAM_Simplex_Refactor=0
9137361425619541959,0,CPXPARAM_Advance=1;CPXPARAM_Barrier_Algorithm=0;CPXPARAM_Barrier_ColNonzeros=0;CPXPARAM_Barrier_Crossover=0;CPXPARAM_Barrier_Limits_Corrections=-1;CPXPARAM_Barrier_Ordering=0;CPXPARAM_Barrier_StartAlg=1;CPXPARAM_Emphasis_MIP=5;CPXPARAM_Emphasis_Memory=0;CPXPARAM_Emphasis_Numerical=0;CPXPARAM_Feasopt_Mode=0;CPXPARAM_LPMethod=0;CPXPARAM_MIP_Cuts_Cliques=0;CPXPARAM_MIP_Cuts_Covers=0;CPXPARAM_MIP_Cuts_Disjunctive=0;CPXPARAM_MIP_Cuts_FlowCovers=1;CPXPARAM_MIP_Cuts_GUBCovers=0;CPXPARAM_MIP_Cuts_Gomory=0;CPXPARAM_MIP_Cuts_Implied=0;CPXPARAM_MIP_Cuts_MIRCut=0;CPXPARAM_MIP_Cuts_PathCut=0;CPXPARAM_MIP_Limits_AggForCut=3;CPXPARAM_MIP_Limits_CutPasses=0;CPXPARAM_MIP_Limits_CutsFactor=-1;CPXPARAM_MIP_Limits_GomoryCand=200;CPXPARAM_MIP_Limits_GomoryPass=0;CPXPARAM_MIP_Limits_Nodes=9223372036800000000;CPXPARAM_MIP_Limits_ProbeTime=1e+75;CPXPARAM_MIP_Limits_RepairTries=0;CPXPARAM_MIP_Limits_StrongCand=10;CPXPARAM_MIP_Limits_StrongIt=0;CPXPARAM_MIP_OrderType=0;CPXPARAM_MIP_Strategy_BBInterval=7;CPXPARAM_MIP_Strategy_Branch=0;CPXPARAM_MIP_Strategy_Dive=0;CPXPARAM_MIP_Strategy_File=1;CPXPARAM_MIP_Strategy_HeuristicFreq=0;CPXPARAM_MIP_Strategy_LBHeur=0;CPXPARAM_MIP_Strategy_NodeSelect=1;CPXPARAM_MIP_Strategy_Order=1;CPXPARAM_MIP_Strategy_PresolveNode=0;CPXPARAM_MIP_Strategy_Probe=1;CPXPARAM_MIP_Strategy_RINSHeur=0;CPXPARAM_MIP_Strategy_StartAlgorithm=0;CPXPARAM_MIP_Strategy_SubAlgorithm=0;CPXPARAM_MIP_Strategy_VariableSelect=0;CPXPARAM_Network_NetFind=2;CPXPARAM_Network_Pricing=0;CPXPARAM_Parallel=1;CPXPARAM_Preprocessing_Aggregator=-1;CPXPARAM_Preprocessing_BoundStrength=-1;CPXPARAM_Preprocessing_CoeffReduce=-1;CPXPARAM_Preprocessing_Dependency=-1;CPXPARAM_Preprocessing_Dual=0;CPXPARAM_Preprocessing_Fill=10;CPXPARAM_Preprocessing_NumPass=-1;CPXPARAM_Preprocessing_Presolve=1;CPXPARAM_Preprocessing_QPMakePSD=1;CPXPARAM_Preprocessing_Reduce=3;CPXPARAM_Preprocessing_Relax=-1;CPXPARAM_Preprocessing_RepeatPresolve=-1;CPXPARAM_Preprocessing_Symmetry=-1;CPXPARAM_Read_Scale=0;CPXPARAM_Sifting_Algorithm=0;CPXPARAM_Simplex_Crash=1;CPXPARAM_Simplex_DGradient=0;CPXPARAM_Simplex_Limits_Perturbation=0;CPXPARAM_Simplex_Limits_Singularity=10;CPXPARAM_Simplex_PGradient=0;CPXPARAM_Simplex_Pricing=0;CPXPARAM_Simplex_Refactor=0
4904687320137521630,0,CPXPARAM_Advance=1;CPXPARAM_Barrier_Algorithm=0;CPXPARAM_Barrier_ColNonzeros=0;CPXPARAM_Barrier_Crossover=0;CPXPARAM_Barrier_Limits_Corrections=-1;CPXPARAM_Barrier_Ordering=0;CPXPARAM_Barrier_StartAlg=1;CPXPARAM_Emphasis_MIP=5;CPXPARAM_Emphasis_Memory=0;CPXPARAM_Emphasis_Numerical=0;CPXPARAM_Feasopt_Mode=0;CPXPARAM_LPMethod=0;CPXPARAM_MIP_Cuts_Cliques=0;CPXPARAM_MIP_Cuts_Covers=0;CPXPARAM_MIP_Cuts_Disjunctive=0;CPXPARAM_MIP_Cuts_FlowCovers=1;CPXPARAM_MIP_Cuts_GUBCovers=0;CPXPARAM_MIP_Cuts_Gomory=0;CPXPARAM_MIP_Cuts_Implied=0;CPXPARAM_MIP_Cuts_MIRCut=0;CPXPARAM_MIP_Cuts_PathCut=0;CPXPARAM_MIP_Limits_AggForCut=3;CPXPARAM_MIP_Limits_CutPasses=0;CPXPARAM_MIP_Limits_CutsFactor=-1;CPXPARAM_MIP_Limits_GomoryCand=200;CPXPARAM_MIP_Limits_GomoryPass=0;CPXPARAM_MIP_Limits_Nodes=9223372036800000000;CPXPARAM_MIP_Limits_ProbeTime=1e+75;CPXPARAM_MIP_Limits_RepairTries=0;CPXPARAM_MIP_Limits_StrongCand=10;CPXPARAM_MIP_Limits_StrongIt=0;CPXPARAM_MIP_OrderType=0;CPXPARAM_MIP_Strategy_BBInterval=7;CPXPARAM_MIP_Strategy_Branch=0;CPXPARAM_MIP_Strategy_Dive=0;CPXPARAM_MIP_Strategy_File=1;CPXPARAM_MIP_Strategy_HeuristicFreq=0;CPXPARAM_MIP_Strategy_LBHeur=0;CPXPARAM_MIP_Strategy_NodeSelect=1;CPXPARAM_MIP_Strategy_Order=1;CPXPARAM_MIP_Strategy_PresolveNode=0;CPXPARAM_MIP_Strategy_Probe=0;CPXPARAM_MIP_Strategy_RINSHeur=0;CPXPARAM_MIP_Strategy_StartAlgorithm=0;CPXPARAM_MIP_Strategy_SubAlgorithm=0;CPXPARAM_MIP_Strategy_VariableSelect=0;CPXPARAM_Network_NetFind=2;CPXPARAM_Network_Pricing=0;CPXPARAM_Parallel=1;CPXPARAM_Preprocessing_Aggregator=-1;CPXPARAM_Preprocessing_BoundStrength=-1;CPXPARAM_Preprocessing_CoeffReduce=-1;CPXPARAM_Preprocessing_Dependency=-1;CPXPARAM_Preprocessing_Dual=0;CPXPARAM_Preprocessing_Fill=10;CPXPARAM_Preprocessing_NumPass=-1;CPXPARAM_Preprocessing_Presolve=1;CPXPARAM_Preprocessing_QPMakePSD=1;CPXPARAM_Preprocessing_Reduce=3;CPXPARAM_Preprocessing_Relax=-1;CPXPARAM_Preprocessing_RepeatPresolve=-1;CPXPARAM_Preprocessing_Symmetry=-1;CPXPARAM_Read_Scale=0;CPXPARAM_Sifting_Algorithm=0;CPXPARAM_Simplex_Crash=-1;CPXPARAM_Simplex_DGradient=0;CPXPARAM_Simplex_Limits_Perturbation=0;CPXPARAM_Simplex_Limits_Singularity=10;CPXPARAM_Simplex_PGradient=0;CPXPARAM_Simplex_Pricing=0;CPXPARAM_Simplex_Refactor=0
8344927576388929720,0,CPXPARAM_Advance=1;CPXPARAM_Barrier_Algorithm=0;CPXPARAM_Barrier_ColNonzeros=0;CPXPARAM_Barrier_Crossover=0;CPXPARAM_Barrier_Limits_Corrections=-1;CPXPARAM_Barrier_Ordering=0;CPXPARAM_Barrier_StartAlg=1;CPXPARAM_Emphasis_MIP=5;CPXPARAM_Emphasis_Memory=0;CPXPARAM_Emphasis_Numerical=0;CPXPARAM_Feasopt_Mode=0;CPXPARAM_LPMethod=0;CPXPARAM_MIP_Cuts_Cliques=0;CPXPARAM_MIP_Cuts_Covers=0;CPXPARAM_MIP_Cuts_Disjunctive=0;CPXPARAM_MIP_Cuts_FlowCovers=1;CPXPARAM_MIP_Cuts_GUBCovers=0;CPXPARAM_MIP_Cuts_Gomory=0;CPXPARAM_MIP_Cuts_Implied=0;CPXPARAM_MIP_Cuts_MIRCut=0;CPXPARAM_MIP_Cuts_PathCut=0;CPXPARAM_MIP_Limits_AggForCut=3;CPXPARAM_MIP_Limits_CutPasses=0;CPXPARAM_MIP_Limits_CutsFactor=-1;CPXPARAM_MIP_Limits_GomoryCand=200;CPXPARAM_MIP_Limits_GomoryPass=0;CPXPARAM_MIP_Limits_Nodes=9223372036800000000;CPXPARAM_MIP_Limits_ProbeTime=1e+75;CPXPARAM_MIP_Limits_RepairTries=0;CPXPARAM_MIP_Limits_StrongCand=10;CPXPARAM_MIP_Limits_StrongIt=0;CPXPARAM_MIP_OrderType=0;CPXPARAM_MIP_Strategy_BBInterval=7;CPXPARAM_MIP_Strategy_Branch=0;CPXPARAM_MIP_Strategy_Dive=0;CPXPARAM_MIP_Strategy_File=1;CPXPARAM_MIP_Strategy_HeuristicFreq=0;CPXPARAM_MIP_Strategy_LBHeur=0;CPXPARAM_MIP_Strategy_NodeSelect=1;CPXPARAM_MIP_Strategy_Order=1;CPXPARAM_MIP_Strategy_PresolveNode=0;CPXPARAM_MIP_Strategy_Probe=0;CPXPARAM_MIP_Strategy_RINSHeur=0;CPXPARAM_MIP_Strategy_StartAlgorithm=0;CPXPARAM_MIP_Strategy_SubAlgorithm=0;CPXPARAM_MIP_Strategy_VariableSelect=0;CPXPARAM_Network_NetFind=2;CPXPARAM_Network_Pricing=0;CPXPARAM_Parallel=1;CPXPARAM_Preprocessing_Aggregator=-1;CPXPARAM_Preprocessing_BoundStrength=-1;CPXPARAM_Preprocessing_CoeffReduce=-1;CPXPARAM_Preprocessing_Dependency=-1;CPXPARAM_Preprocessing_Dual=0;CPXPARAM_Preprocessing_Fill=10;CPXPARAM_Preprocessing_NumPass=-1;CPXPARAM_Preprocessing_Presolve=1;CPXPARAM_Preprocessing_QPMakePSD=1;CPXPARAM_Preprocessing_Reduce=3;CPXPARAM_Preprocessing_Relax=-1;CPXPARAM_Preprocessing_RepeatPresolve=-1;CPXPARAM_Preprocessing_Symmetry=1;CPXPARAM_Read_Scale=0;CPXPARAM_Sifting_Algorithm=0;CPXPARAM_Simplex_Crash=1;CPXPARAM_Simplex_DGradient=0;CPXPARAM_Simplex_Limits_Perturbation=0;CPXPARAM_Simplex_Limits_Singularity=10;CPXPARAM_Simplex_PGradient=0;CPXPARAM_Simplex_Pricing=0;CPXPARAM_Simplex_Refactor=0
1934368201953697406,0,CPXPARAM_Advance=1;CPXPARAM_Barrier_Algorithm=0;CPXPARAM_Barrier_ColNonzeros=0;CPXPARAM_Barrier_Crossover=0;CPXPARAM_Barrier_Limits_Corrections=-1;CPXPARAM_Barrier_Ordering=0;CPXPARAM_Barrier_StartAlg=1;CPXPARAM_Emphasis_MIP=5;CPXPARAM_Emphasis_Memory=0;CPXPARAM_Emphasis_Numerical=0;CPXPARAM_Feasopt_Mode=0;CPXPARAM_LPMethod=0;CPXPARAM_MIP_Cuts_Cliques=0;CPXPARAM_MIP_Cuts_Covers=0;CPXPARAM_MIP_Cuts_Disjunctive=0;CPXPARAM_MIP_Cuts_FlowCovers=1;CPXPARAM_MIP_Cuts_GUBCovers=0;CPXPARAM_MIP_Cuts_Gomory=0;CPXPARAM_MIP_Cuts_Implied=0;CPXPARAM_MIP_Cuts_MIRCut=0;CPXPARAM_MIP_Cuts_PathCut=0;CPXPARAM_MIP_Limits_AggForCut=3;CPXPARAM_MIP_Limits_CutPasses=0;CPXPARAM_MIP_Limits_CutsFactor=-1;CPXPARAM_MIP_Limits_GomoryCand=200;CPXPARAM_MIP_Limits_GomoryPass=0;CPXPARAM_MIP_Limits_Nodes=9223372036800000000;CPXPARAM_MIP_Limits_ProbeTime=1e+75;CPXPARAM_MIP_Limits_RepairTries=0;CPXPARAM_MIP_Limits_StrongCand=10;CPXPARAM_MIP_Limits_StrongIt=0;CPXPARAM_MIP_OrderType=0;CPXPARAM_MIP_Strategy_BBInterval=7;CPXPARAM_MIP_Strategy_Branch=0;CPXPARAM_MIP_Strategy_Dive=0;CPXPARAM_MIP_Strategy_File=1;CPXPARAM_MIP_Strategy_HeuristicFreq=0;CPXPARAM_MIP_Strategy_LBHeur=0;CPXPARAM_MIP_Strategy_NodeSelect=1;CPXPARAM_MIP_Strategy_Order=1;CPXPARAM_MIP_Strategy_PresolveNode=0;CPXPARAM_MIP_Strategy_Probe=0;CPXPARAM_MIP_Strategy_RINSHeur=0;CPXPARAM_MIP_Strategy_StartAlgorithm=2;CPXPARAM_MIP_Strategy_SubAlgorithm=0;CPXPARAM_MIP_Strategy_VariableSelect=0;CPXPARAM_Network_NetFind=2;CPXPARAM_Network_Pricing=0;CPXPARAM_Parallel=1;CPXPARAM_Preprocessing_Aggregator=-1;CPXPARAM_Preprocessing_BoundStrength=-1;CPXPARAM_Preprocessing_CoeffReduce=-1;CPXPARAM_Preprocessing_Dependency=-1;CPXPARAM_Preprocessing_Dual=0;CPXPARAM_Preprocessing_Fill=10;CPXPARAM_Preprocessing_NumPass=-1;CPXPARAM_Preprocessing_Presolve=1;CPXPARAM_Preprocessing_QPMakePSD=1;CPXPARAM_Preprocessing_Reduce=3;CPXPARAM_Preprocessing_Relax=-1;CPXPARAM_Preprocessing_RepeatPresolve=-1;CPXPARAM_Preprocessing_Symmetry=-1;CPXPARAM_Read_Scale=0;CPXPARAM_Sifting_Algorithm=0;CPXPARAM_Simplex_Crash=1;CPXPARAM_Simplex_DGradient=0;CPXPARAM_Simplex_Limits_Perturbation=0;CPXPARAM_Simplex_Limits_Singularity=10;CPXPARAM_Simplex_PGradient=0;CPXPARAM_Simplex_Pricing=0;CPXPARAM_Simplex_Refactor=0
11685875680524305772,0,CPXPARAM_Advance=1;CPXPARAM_Barrier_Algorithm=0;CPXPARAM_Barrier_ColNonzeros=0;CPXPARAM_Barrier_Crossover=0;CPXPARAM_Barrier_Limits_Corrections=-1;CPXPARAM_Barrier_Ordering=0;CPXPARAM_Barrier_StartAlg=1;CPXPARAM_Emphasis_MIP=1;CPXPARAM_Emphasis_Memory=0;CPXPARAM_Emphasis_Numerical=0;CPXPARAM_Feasopt_Mode=0;CPXPARAM_LPMethod=0;CPXPARAM_MIP_Cuts_Cliques=0;CPXPARAM_MIP_Cuts_Covers=0;CPXPARAM_MIP_Cuts_Disjunctive=0;CPXPARAM_MIP_Cuts_FlowCovers=1;CPXPARAM_MIP_Cuts_GUBCovers=0;CPXPARAM_MIP_Cuts_Gomory=0;CPXPARAM_MIP_Cuts_Implied=0;CPXPARAM_MIP_Cuts_MIRCut=0;CPXPARAM_MIP_Cuts_PathCut=0;CPXPARAM_MIP_Limits_AggForCut=3;CPXPARAM_MIP_Limits_CutPasses=0;CPXPARAM_MIP_Limits_CutsFactor=-1;CPXPARAM_MIP_Limits_GomoryCand=200;CPXPARAM_MIP_Limits_GomoryPass=0;CPXPARAM_MIP_Limits_Nodes=9223372036800000000;CPXPARAM_MIP_Limits_ProbeTime=1e+75;CPXPARAM_MIP_Limits_RepairTries=0;CPXPARAM_MIP_Limits_StrongCand=10;CPXPARAM_MIP_Limits_StrongIt=0;CPXPARAM_MIP_OrderType=0;CPXPARAM_MIP_Strategy_BBInterval=7;CPXPARAM_MIP_Strategy_Branch=0;CPXPARAM_MIP_Strategy_Dive=0;CPXPARAM_MIP_Strategy_File=1;CPXPARAM_MIP_Strategy_HeuristicFreq=0;CPXPARAM_MIP_Strategy_LBHeur=0;CPXPARAM_MIP_Strategy_NodeSelect=1;CPXPARAM_MIP_Strategy_Order=1;CPXPARAM_MIP_Strategy_PresolveNode=0;CPXPARAM_MIP_Strategy_Probe=0;CPXPARAM_MIP_Strategy_RINSHeur=0;CPXPARAM_MIP_Strategy_StartAlgorithm=0;CPXPARAM_MIP_Strategy_SubAlgorithm=0;CPXPARAM_MIP_Strategy_VariableSelect=0;CPXPARAM_Network_NetFind=2;CPXPARAM_Network_Pricing=0;CPXPARAM_Parallel=1;CPXPARAM_Preprocessing_Aggregator=-1;CPXPARAM_Preprocessing_BoundStrength=-1;CPXPARAM_Preprocessing_CoeffReduce=-1;CPXPARAM_Preprocessing_Dependency=-1;CPXPARAM_Preprocessing_Dual=0;CPXPARAM_Preprocessing_Fill=10;CPXPARAM_Preprocessing_NumPass=-1;CPXPARAM_Preprocessing_Presolve=1;CPXPARAM_Preprocessing_QPMakePSD=1;CPXPARAM_Preprocessing_Reduce=3;CPXPARAM_Preprocessing_Relax=-1;CPXPARAM_Preprocessing_RepeatPresolve=-1;CPXPARAM_Preprocessing_Symmetry=-1;CPXPARAM_Read_Scale=0;CPXPARAM_Sifting_Algorithm=0;CPXPARAM_Simplex_Crash=1;CPXPARAM_Simplex_DGradient=0;CPXPARAM_Simplex_Limits_Perturbation=0;CPXPARAM_Simplex_Limits_Singularity=10;CPXPARAM_Simplex_PGradient=0;CPXPARAM_Simplex_Pricing=0;CPXPARAM_Simplex_Refactor=0
3058976949390796670,0,CPXPARAM_Advance=1;CPXPARAM_Barrier_Algorithm=0;CPXPARAM_Barrier_ColNonzeros=0;CPXPARAM_Barrier_Crossover=0;CPXPARAM_Barrier_Limits_Corrections=-1;CPXPARAM_Barrier_Ordering=0;CPXPARAM_Barrier_StartAlg=1;CPXPARAM_Emphasis_MIP=5;CPXPARAM_Emphasis_Memory=0;CPXPARAM_Emphasis_Numerical=0;CPXPARAM_Feasopt_Mode=0;CPXPARAM_LPMethod=0;CPXPARAM_MIP_Cuts_Cliques=0;CPXPARAM_MIP_Cuts_Covers=0;CPXPARAM_MIP_Cuts_Disjunctive=0;CPXPARAM_MIP_Cuts_FlowCovers=1;CPXPARAM_MIP_Cuts_GUBCovers=0;CPXPARAM_MIP_Cuts_Gomory=0;CPXPARAM_MIP_Cuts_Implied=0;CPXPARAM_MIP_Cuts_MIRCut=0;CPXPARAM_MIP_Cuts_PathCut=0;CPXPARAM_MIP_Limits_AggForCut=3;CPXPARAM_MIP_Limits_CutPasses=0;CPXPARAM_MIP_Limits_CutsFactor=-1;CPXPARAM_MIP_Limits_GomoryCand=200;CPXPARAM_MIP_Limits_GomoryPass=0;CPXPARAM_MIP_Limits_Nodes=9223372036800000000;CPXPARAM_MIP_Limits_ProbeTime=1e+75;CPXPARAM_MIP_Limits_RepairTries=0;CPXPARAM_MIP_Limits_StrongCand=10;CPXPARAM_MIP_Limits_StrongIt=0;CPXPARAM_MIP_OrderType=0;CPXPARAM_MIP_Strategy_BBInterval=7;CPXPARAM_MIP_Strategy_Branch=0;CPXPARAM_MIP_Strategy_Dive=0;CPXPARAM_MIP_Strategy_File=1;CPXPARAM_MIP_Strategy_HeuristicFreq=0;CPXPARAM_MIP_Strategy_LBHeur=0;CPXPARAM_MIP_Strategy_NodeSelect=1;CPXPARAM_MIP_Strategy_Order=1;CPXPARAM_MIP_Strategy_PresolveNode=0;CPXPARAM_MIP_Strategy_Probe=0;CPXPARAM_MIP_Strategy_RINSHeur=-1;CPXPARAM_MIP_Strategy_StartAlgorithm=0;CPXPARAM_MIP_Strategy_SubAlgorithm=0;CPXPARAM_MIP_Strategy_VariableSelect=0;CPXPARAM_Network_NetFind=2;CPXPARAM_Network_Pricing=0;CPXPARAM_Parallel=1;CPXPARAM_Preprocessing_Aggregator=-1;CPXPARAM_Preprocessing_BoundStrength=-1;CPXPARAM_Preprocessing_CoeffReduce=-1;CPXPARAM_Preprocessing_Dependency=-1;CPXPARAM_Preprocessing_Dual=0;CPXPARAM_Preprocessing_Fill=10;CPXPARAM_Preprocessing_NumPass=-1;CPXPARAM_Preprocessing_Presolve=1;CPXPARAM_Preprocessing_QPMakePSD=1;CPXPARAM_Preprocessing_Reduce=3;CPXPARAM_Preprocessing_Relax=-1;CPXPARAM_Preprocessing_RepeatPresolve=-1;CPXPARAM_Preprocessing_Symmetry=-1;CPXPARAM_Read_Scale=0;CPXPARAM_Sifting_Algorithm=0;CPXPARAM_Simplex_Crash=1;CPXPARAM_Simplex_DGradient=0;CPXPARAM_Simplex_Limits_Perturbation=0;CPXPARAM_Simplex_Limits_Singularity=10;CPXPARAM_Simplex_PGradient=0;CPXPARAM_Simplex_Pricing=0;CPXPARAM_Simplex_Refactor=0
6158069487060295102,0,CPXPARAM_Advance=1;CPXPARAM_Barrier_Algorithm=0;CPXPARAM_Barrier_ColNonzeros=0;CPXPARAM_Barrier_Crossover=0;CPXPARAM_Barrier_Limits_Corrections=-1;CPXPARAM_Barrier_Ordering=0;CPXPARAM_Barrier_StartAlg=1;CPXPARAM_Emphasis_MIP=5;CPXPARAM_Emphasis_Memory=0;CPXPARAM_Emphasis_Numerical=0;CPXPARAM_Feasopt_Mode=0;CPXPARAM_LPMethod=0;CPXPARAM_MIP_Cuts_Cliques=0;CPXPARAM_MIP_Cuts_Covers=0;CPXPARAM_MIP_Cuts_Disjunctive=0;CPXPARAM_MIP_Cuts_FlowCovers=1;CPXPARAM_MIP_Cuts_GUBCovers=0;CPXPARAM_MIP_Cuts_Gomory=-1;CPXPARAM_MIP_Cuts_Implied=0;CPXPARAM_MIP_Cuts_MIRCut=0;CPXPARAM_MIP_Cuts_PathCut=0;CPXPARAM_MIP_Limits_AggForCut=3;CPXPARAM_MIP_Limits_CutPasses=0;CPXPARAM_MIP_Limits_CutsFactor=-1;CPXPARAM_MIP_Limits_GomoryCand=200;CPXPARAM_MIP_Limits_GomoryPass=0;CPXPARAM_MIP_Limits_Nodes=9223372036800000000;CPXPARAM_MIP_Limits_ProbeTime=1e+75;CPXPARAM_MIP_Limits_RepairTries=0;CPXPARAM_MIP_Limits_StrongCand=10;CPXPARAM_MIP_Limits_StrongIt=0;CPXPARAM_MIP_OrderType=0;CPXPARAM_MIP_Strategy_BBInterval=7;CPXPARAM_MIP_Strategy_Branch=0;CPXPARAM_MIP_Strategy_Dive=0;CPXPARAM_MIP_Strategy_File=1;CPXPARAM_MIP_Strategy_HeuristicFreq=0;CPXPARAM_MIP_Strategy_LBHeur=0;CPXPARAM_MIP_Strategy_NodeSelect=1;CPXPARAM_MIP_Strategy_Order=1;CPXPARAM_MIP_Strategy_PresolveNode=0;CPXPARAM_MIP_Strategy_Probe=0;CPXPARAM_MIP_Strategy_RINSHeur=0;CPXPARAM_MIP_Strategy_StartAlgorithm=0;CPXPARAM_MIP_Strategy_SubAlgorithm=0;CPXPARAM_MIP_Strategy_VariableSelect=0;CPXPARAM_Network_NetFind=2;CPXPARAM_Network_Pricing=0;CPXPARAM_Parallel=1;CPXPARAM_Preprocessing_Aggregator=-1;CPXPARAM_Preprocessing_BoundStrength=-1;CPXPARAM_Preprocessing_CoeffReduce=-1;CPXPARAM_Preprocessing_Dependency=-1;CPXPARAM_Preprocessing_Dual=0;CPXPARAM_Preprocessing_Fill=10;CPXPARAM_Preprocessing_NumPass=-1;CPXPARAM_Preprocessing_Presolve=1;CPXPARAM_Preprocessing_QPMakePSD=1;CPXPARAM_Preprocessing_Reduce=3;CPXPARAM_Preprocessing_Relax=-1;CPXPARAM_Preprocessing_RepeatPresolve=-1;CPXPARAM_Preprocessing_Symmetry=-1;CPXPARAM_Read_Scale=0;CPXPARAM_Sifting_Algorithm=0;CPXPARAM_Simplex_Crash=1;CPXPARAM_Simplex_DGradient=0;CPXPARAM_Simplex_Limits_Perturbation=0;CPXPARAM_Simplex_Limits_Singularity=10;CPXPARAM_Simplex_PGradient=0;CPXPARAM_Simplex_Pricing=0;CPXPARAM_Simplex_Refactor=0
4742023368992659407,0,CPXPARAM_Advance=1;CPXPARAM_Barrier_Algorithm=0;CPXPARAM_Barrier_ColNonzeros=0;CPXPARAM_Barrier_Crossover=0;CPXPARAM_Barrier_Limits_Corrections=-1;CPXPARAM_Barrier_Ordering=0;CPXPARAM_Barrier_StartAlg=1;CPXPARAM_Emphasis_MIP=1;CPXPARAM_Emphasis_Memory=0;CPXPARAM_Emphasis_Numerical=0;CPXPARAM_Feasopt_Mode=0;CPXPARAM_LPMethod=0;CPXPARAM_MIP_Cuts_Cliques=0;CPXPARAM_MIP_Cuts_Covers=0;CPXPARAM_MIP_Cuts_Disjunctive=2;CPXPARAM_MIP_Cuts_FlowCovers=1;CPXPARAM_MIP_Cuts_GUBCovers=2;CPXPARAM_MIP_Cuts_Gomory=0;CPXPARAM_MIP_Cuts_Implied=1;CPXPARAM_MIP_Cuts_MIRCut=-1;CPXPARAM_MIP_Cuts_PathCut=2;CPXPARAM_MIP_Limits_AggForCut=3;CPXPARAM_MIP_Limits_CutPasses=0;CPXPARAM_MIP_Limits_CutsFactor=-1;CPXPARAM_MIP_Limits_GomoryCand=400;CPXPARAM_MIP_Limits_GomoryPass=0;CPXPARAM_MIP_Limits_Nodes=9223372036800000000;CPXPARAM_MIP_Limits_ProbeTime=1e+75;CPXPARAM_MIP_Limits_RepairTries=0;CPXPARAM_MIP_Limits_StrongCand=10;CPXPARAM_MIP_Limits_StrongIt=0;CPXPARAM_MIP_OrderType=0;CPXPARAM_MIP_Strategy_BBInterval=7;CPXPARAM_MIP_Strategy_Branch=0;CPXPARAM_MIP_Strategy_Dive=0;CPXPARAM_MIP_Strategy_File=1;CPXPARAM_MIP_Strategy_HeuristicFreq=0;CPXPARAM_MIP_Strategy_LBHeur=0;CPXPARAM_MIP_Strategy_NodeSelect=1;CPXPARAM_MIP_Strategy_Order=1;CPXPARAM_MIP_Strategy_PresolveNode=0;CPXPARAM_MIP_Strategy_Probe=0;CPXPARAM_MIP_Strategy_RINSHeur=0;CPXPARAM_MIP_Strategy_StartAlgorithm=0;CPXPARAM_MIP_Strategy_SubAlgorithm=0;CPXPARAM_MIP_Strategy_VariableSelect=0;CPXPARAM_Network_NetFind=2;CPXPARAM_Network_Pricing=0;CPXPARAM_Parallel=1;CPXPARAM_Preprocessing_Aggregator=-1;CPXPARAM_Preprocessing_BoundStrength=-1;CPXPARAM_Preprocessing_CoeffReduce=-1;CPXPARAM_Preprocessing_Dependency=-1;CPXPARAM_Preprocessing_Dual=0;CPXPARAM_Preprocessing_Fill=10;CPXPARAM_Preprocessing_NumPass=-1;CPXPARAM_Preprocessing_Presolve=1;CPXPARAM_Preprocessing_QPMakePSD=1;CPXPARAM_Preprocessing_Reduce=3;CPXPARAM_Preprocessing_Relax=-1;CPXPARAM_Preprocessing_RepeatPresolve=-1;CPXPARAM_Preprocessing_Symmetry=-1;CPXPARAM_Read_Scale=0;CPXPARAM_Sifting_Algorithm=0;CPXPARAM_Simplex_Crash=1;CPXPARAM_Simplex_DGradient=0;CPXPARAM_Simplex_Limits_Perturbation=0;CPXPARAM_Simplex_Limits_Singularity=10;CPXPARAM_Simplex_PGradient=0;CPXPARAM_Simplex_Pricing=0;CPXPARAM_Simplex_Refactor=0
1995225215456840667,0,CPXPARAM_Advance=1;CPXPARAM_Barrier_Algorithm=0;CPXPARAM_Barrier_ColNonzeros=0;CPXPARAM_Barrier_Crossover=0;CPXPARAM_Barrier_Limits_Corrections=-1;CPXPARAM_Barrier_Ordering=0;CPXPARAM_Barrier_StartAlg=1;CPXPARAM_Emphasis_MIP=5;CPXPARAM_Emphasis_Memory=0;CPXPARAM_Emphasis_Numerical=0;CPXPARAM_Feasopt_Mode=0;CPXPARAM_LPMethod=0;CPXPARAM_MIP_Cuts_Cliques=0;CPXPARAM_MIP_Cuts_Covers=0;CPXPARAM_MIP_Cuts_Disjunctive=0;CPXPARAM_MIP_Cuts_FlowCovers=1;CPXPARAM_MIP_Cuts_GUBCovers=0;CPXPARAM_MIP_Cuts_Gomory=0;CPXPARAM_MIP_Cuts_Implied=0;CPXPARAM_MIP_Cuts_MIRCut=0;CPXPARAM_MIP_Cuts_PathCut=0;CPXPARAM_MIP_Limits_AggForCut=3;CPXPARAM_MIP_Limits_CutPasses=0;CPXPARAM_MIP_Limits_CutsFactor=-1;CPXPARAM_MIP_Limits_GomoryCand=200;CPXPARAM_MIP_Limits_GomoryPass=0;CPXPARAM_MIP_Limits_Nodes=9223372036800000000;CPXPARAM_MIP_Limits_ProbeTime=1e+75;CPXPARAM_MIP_Limits_RepairTries=0;CPXPARAM_MIP_Limits_StrongCand=10;CPXPARAM_MIP_Limits_StrongIt=0;CPXPARAM_MIP_OrderType=0;CPXPARAM_MIP_Strategy_BBInterval=7;CPXPARAM_MIP_Strategy_Branch=0;CPXPARAM_MIP_Strategy_Dive=0;CPXPARAM_MIP_Strategy_File=1;CPXPARAM_MIP_Strategy_HeuristicFreq=0;CPXPARAM_MIP_Strategy_LBHeur=0;CPXPARAM_MIP_Strategy_NodeSelect=1;CPXPARAM_MIP_Strategy_Order=1;CPXPARAM_MIP_Strategy_PresolveNode=0;CPXPARAM_MIP_Strategy_Probe=0;CPXPARAM_MIP_Strategy_RINSHeur=0;CPXPARAM_MIP_Strategy_StartAlgorithm=5;CPXPARAM_MIP_Strategy_SubAlgorithm=0;CPXPARAM_MIP_Strategy_VariableSelect=0;CPXPARAM_Network_NetFind=2;CPXPARAM_Network_Pricing=0;CPXPARAM_Parallel=1;CPXPARAM_Preprocessing_Aggregator=-1;CPXPARAM_Preprocessing_BoundStrength=-1;CPXPARAM_Preprocessing_CoeffReduce=-1;CPXPARAM_Preprocessing_Dependency=-1;CPXPARAM_Preprocessing_Dual=0;CPXPARAM_Preprocessing_Fill=10;CPXPARAM_Preprocessing_NumPass=-1;CPXPARAM_Preprocessing_Presolve=1;CPXPARAM_Preprocessing_QPMakePSD=1;CPXPARAM_Preprocessing_Reduce=3;CPXPARAM_Preprocessing_Relax=-1;CPXPARAM_Preprocessing_RepeatPresolve=-1;CPXPARAM_Preprocessing_Symmetry=-1;CPXPARAM_Read_Scale=0;CPXPARAM_Sifting_Algorithm=0;CPXPARAM_Simplex_Crash=1;CPXPARAM_Simplex_DGradient=0;CPXPARAM_Simplex_Limits_Perturbation=0;CPXPARAM_Simplex_Limits_Singularity=10;CPXPARAM_Simplex_PGradient=0;CPXPARAM_Simplex_Pricing=0;CPXPARAM_Simplex_Refactor=0
4033571237254456819,0,CPXPARAM_Advance=1;CPXPARAM_Barrier_Algorithm=0;CPXPARAM_Barrier_ColNonzeros=0;CPXPARAM_Barrier_Crossover=0;CPXPARAM_Barrier_Limits_Corrections=-1;CPXPARAM_Barrier_Ordering=0;CPXPARAM_Barrier_StartAlg=1;CPXPARAM_Emphasis_MIP=5;CPXPARAM_Emphasis_Memory=0;CPXPARAM_Emphasis_Numerical=0;CPXPARAM_Feasopt_Mode=0;CPXPARAM_LPMethod=0;CPXPARAM_MIP_Cuts_Cliques=0;CPXPARAM_MIP_Cuts_Covers=0;CPXPARAM_MIP_Cuts_Disjunctive=2;CPXPARAM_MIP_Cuts_FlowCovers=-1;CPXPARAM_MIP_Cuts_GUBCovers=2;CPXPARAM_MIP_Cuts_Gomory=0;CPXPARAM_MIP_Cuts_Implied=1;CPXPARAM_MIP_Cuts_MIRCut=-1;CPXPARAM_MIP_Cuts_PathCut=2;CPXPARAM_MIP_Limits_AggForCut=3;CPXPARAM_MIP_Limits_CutPasses=0;CPXPARAM_MIP_Limits_CutsFactor=-1;CPXPARAM_MIP_Limits_GomoryCand=25;CPXPARAM_MIP_Limits_GomoryPass=0;CPXPARAM_MIP_Limits_Nodes=9223372036800000000;CPXPARAM_MIP_Limits_ProbeTime=1e+75;CPXPARAM_MIP_Limits_RepairTries=0;CPXPARAM_MIP_Limits_StrongCand=10;CPXPARAM_MIP_Limits_StrongIt=0;CPXPARAM_MIP_OrderType=0;CPXPARAM_MIP_Strategy_BBInterval=7;CPXPARAM_MIP_Strategy_Branch=0;CPXPARAM_MIP_Strategy_Dive=0;CPXPARAM_MIP_Strategy_File=1;CPXPARAM_MIP_Strategy_HeuristicFreq=0;CPXPARAM_MIP_Strategy_LBHeur=0;CPXPARAM_MIP_Strategy_NodeSelect=1;CPXPARAM_MIP_Strategy_Order=1;CPXPARAM_MIP_Strategy_PresolveNode=0;CPXPARAM_MIP_Strategy_Probe=0;CPXPARAM_MIP_Strategy_RINSHeur=0;CPXPARAM_MIP_Strategy_StartAlgorithm=0;CPXPARAM_MIP_Strategy_SubAlgorithm=0;CPXPARAM_MIP_Strategy_VariableSelect=0;CPXPARAM_Network_NetFind=2;CPXPARAM_Network_Pricing=0;CPXPARAM_Parallel=1;CPXPARAM_Preprocessing_Aggregator=-1;CPXPARAM_Preprocessing_BoundStrength=-1;CPXPARAM_Preprocessing_CoeffReduce=-1;CPXPARAM_Preprocessing_Dependency=-1;CPXPARAM_Preprocessing_Dual=0;CPXPARAM_Preprocessing_Fill=10;CPXPARAM_Preprocessing_NumPass=-1;CPXPARAM_Preprocessing_Presolve=1;CPXPARAM_Preprocessing_QPMakePSD=1;CPXPARAM_Preprocessing_Reduce=3;CPXPARAM_Preprocessing_Relax=-1;CPXPARAM_Preprocessing_RepeatPresolve=-1;CPXPARAM_Preprocessing_Symmetry=-1;CPXPARAM_Read_Scale=0;CPXPARAM_Sifting_Algorithm=0;CPXPARAM_Simplex_Crash=1;CPXPARAM_Simplex_DGradient=0;CPXPARAM_Simplex_Limits_Perturbation=0;CPXPARAM_Simplex_Limits_Singularity=10;CPXPARAM_Simplex_PGradient=0;CPXPARAM_Simplex_Pricing=0;CPXPARAM_Simplex_Refactor=0
13649044282130523655,0,CPXPARAM_Advance=1;CPXPARAM_Barrier_Algorithm=0;CPXPARAM_Barrier_ColNonzeros=0;CPXPARAM_Barrier_Crossover=0;CPXPARAM_Barrier_Limits_Corrections=-1;CPXPARAM_Barrier_Ordering=0;CPXPARAM_Barrier_StartAlg=1;CPXPARAM_Emphasis_MIP=1;CPXPARAM_Emphasis_Memory=0;CPXPARAM_Emphasis_Numerical=0;CPXPARAM_Feasopt_Mode=0;CPXPARAM_LPMethod=0;CPXPARAM_MIP_Cuts_Cliques=2;CPXPARAM_MIP_Cuts_Covers=0;CPXPARAM_MIP_Cuts_Disjunctive=0;CPXPARAM_MIP_Cuts_FlowCovers=-1;CPXPARAM_MIP_Cuts_GUBCovers=2;CPXPARAM_MIP_Cuts_Gomory=2;CPXPARAM_MIP_Cuts_Implied=-1;CPXPARAM_MIP_Cuts_MIRCut=2;CPXPARAM_MIP_Cuts_PathCut=2;CPXPARAM_MIP_Limits_AggForCut=3;CPXPARAM_MIP_Limits_CutPasses=0;CPXPARAM_MIP_Limits_CutsFactor=-1;CPXPARAM_MIP_Limits_GomoryCand=150;CPXPARAM_MIP_Limits_GomoryPass=0;CPXPARAM_MIP_Limits_Nodes=9223372036800000000;CPXPARAM_MIP_Limits_ProbeTime=1e+75;CPXPARAM_MIP_Limits_RepairTries=0;CPXPARAM_MIP_Limits_StrongCand=10;CPXPARAM_MIP_Limits_StrongIt=0;CPXPARAM_MIP_OrderType=0;CPXPARAM_MIP_Strategy_BBInterval=7;CPXPARAM_MIP_Strategy_Branch=0;CPXPARAM_MIP_Strategy_Dive=0;CPXPARAM_MIP_Strategy_File=1;CPXPARAM_MIP_Strategy_HeuristicFreq=0;CPXPARAM_MIP_Strategy_LBHeur=0;CPXPARAM_MIP_Strategy_NodeSelect=1;CPXPARAM_MIP_Strategy_Order=1;CPXPARAM_MIP_Strategy_PresolveNode=0;CPXPARAM_MIP_Strategy_Probe=0;CPXPARAM_MIP_Strategy_RINSHeur=0;CPXPARAM_MIP_Strategy_StartAlgorithm=0;CPXPARAM_MIP_Strategy_SubAlgorithm=0;CPXPARAM_MIP_Strategy_VariableSelect=0;CPXPARAM_Network_NetFind=2;CPXPARAM_Network_Pricing=0;CPXPARAM_Parallel=1;CPXPARAM_Preprocessing_Aggregator=-1;CPXPARAM_Preprocessing_BoundStrength=-1;CPXPARAM_Preprocessing_CoeffReduce=-1;CPXPARAM_Preprocessing_Dependency=-1;CPXPARAM_Preprocessing_Dual=-1;CPXPARAM_Preprocessing_Fill=10;CPXPARAM_Preprocessing_NumPass=-1;CPXPARAM_Preprocessing_Presolve=1;CPXPARAM_Preprocessing_QPMakePSD=1;CPXPARAM_Preprocessing_Reduce=3;CPXPARAM_Preprocessing_Relax=-1;CPXPARAM_Preprocessing_RepeatPresolve=-1;CPXPARAM_Preprocessing_Symmetry=-1;CPXPARAM_Read_Scale=0;CPXPARAM_Sifting_Algorithm=0;CPXPARAM_Simplex_Crash=1;CPXPARAM_Simplex_DGradient=0;CPXPARAM_Simplex_Limits_Perturbation=0;CPXPARAM_Simplex_Limits_Singularity=10;CPXPARAM_Simplex_PGradient=1;CPXPARAM_Simplex_Pricing=0;CPXPARAM_Simplex_Refactor=0
7832980973092839478,0,CPXPARAM_Advance=1;CPXPARAM_Barrier_Algorithm=0;CPXPARAM_Barrier_ColNonzeros=0;CPXPARAM_Barrier_Crossover=0;CPXPARAM_Barrier_Limits_Corrections=-1;CPXPARAM_Barrier_Ordering=0;CPXPARAM_Barrier_StartAlg=1;CPXPARAM_Emphasis_MIP=1;CPXPARAM_Emphasis_Memory=0;CPXPARAM_Emphasis_Numerical=0;CPXPARAM_Feasopt_Mode=0;CPXPARAM_LPMethod=0;CPXPARAM_MIP_Cuts_Cliques=0;CPXPARAM_MIP_Cuts_Covers=0;CPXPARAM_MIP_Cuts_Disjunctive=2;CPXPARAM_MIP_Cuts_FlowCovers=-1;CPXPARAM_MIP_Cuts_GUBCovers=1;CPXPARAM_MIP_Cuts_Gomory=0;CPXPARAM_MIP_Cuts_Implied=1;CPXPARAM_MIP_Cuts_MIRCut=-1;CPXPARAM_MIP_Cuts_PathCut=2;CPXPARAM_MIP_Limits_AggForCut=3;CPXPARAM_MIP_Limits_CutPasses=0;CPXPARAM_MIP_Limits_CutsFactor=-1;CPXPARAM_MIP_Limits_GomoryCand=400;CPXPARAM_MIP_Limits_GomoryPass=0;CPXPARAM_MIP_Limits_Nodes=9223372036800000000;CPXPARAM_MIP_Limits_ProbeTime=1e+75;CPXPARAM_MIP_Limits_RepairTries=0;CPXPARAM_MIP_Limits_StrongCand=10;CPXPARAM_MIP_Limits_StrongIt=0;CPXPARAM_MIP_OrderType=0;CPXPARAM_MIP_Strategy_BBInterval=7;CPXPARAM_MIP_Strategy_Branch=0;CPXPARAM_MIP_Strategy_Dive=0;CPXPARAM_MIP_Strategy_File=1;CPXPARAM_MIP_Strategy_HeuristicFreq=0;CPXPARAM_MIP_Strategy_LBHeur=0;CPXPARAM_MIP_Strategy_NodeSelect=1;CPXPARAM_MIP_Strategy_Order=1;CPXPARAM_MIP_Strategy_PresolveNode=0;CPXPARAM_MIP_Strategy_Probe=0;CPXPARAM_MIP_Strategy_RINSHeur=0;CPXPARAM_MIP_Strategy_StartAlgorithm=0;CPXPARAM_MIP_Strategy_SubAlgorithm=0;CPXPARAM_MIP_Strategy_VariableSelect=0;CPXPARAM_Network_NetFind=2;CPXPARAM_Network_Pricing=0;CPXPARAM_Parallel=1;CPXPARAM_Preprocessing_Aggregator=-1;CPXPARAM_Preprocessing_BoundStrength=-1;CPXPARAM_Preprocessing_CoeffReduce=-1;CPXPARAM_Preprocessing_Dependency=-1;CPXPARAM_Preprocessing_Dual=0;CPXPARAM_Preprocessing_Fill=10;CPXPARAM_Preprocessing_NumPass=-1;CPXPARAM_Preprocessing_Presolve=1;CPXPARAM_Preprocessing_QPMakePSD=1;CPXPARAM_Preprocessing_Reduce=3;CPXPARAM_Preprocessing_Relax=-1;CPXPARAM_Preprocessing_RepeatPresolve=-1;CPXPARAM_Preprocessing_Symmetry=-1;CPXPARAM_Read_Scale=0;CPXPARAM_Sifting_Algorithm=0;CPXPARAM_Simplex_Crash=1;CPXPARAM_Simplex_DGradient=0;CPXPARAM_Simplex_Limits_Perturbation=0;CPXPARAM_Simplex_Limits_Singularity=10;CPXPARAM_Simplex_PGradient=0;CPXPARAM_Simplex_Pricing=0;CPXPARAM_Simplex_Refactor=0
14659532201374470097,0,CPXPARAM_Advance=1;CPXPARAM_Barrier_Algorithm=0;CPXPARAM_Barrier_ColNonzeros=0;CPXPARAM_Barrier_Crossover=0;CPXPARAM_Barrier_Limits_Corrections=-1;CPXPARAM_Barrier_Ordering=0;CPXPARAM_Barrier_StartAlg=1;CPXPARAM_Emphasis_MIP=1;CPXPARAM_Emphasis_Memory=0;CPXPARAM_Emphasis_Numerical=0;CPXPARAM_Feasopt_Mode=0;CPXPARAM_LPMethod=0;CPXPARAM_MIP_Cuts_Cliques=-1;CPXPARAM_MIP_Cuts_Covers=0;CPXPARAM_MIP_Cuts_Disjunctive=2;CPXPARAM_MIP_Cuts_FlowCovers=-1;CPXPARAM_MIP_Cuts_GUBCovers=2;CPXPARAM_MIP_Cuts_Gomory=0;CPXPARAM_MIP_Cuts_Implied=1;CPXPARAM_MIP_Cuts_MIRCut=-1;CPXPARAM_MIP_Cuts_PathCut=2;CPXPARAM_MIP_Limits_AggForCut=3;CPXPARAM_MIP_Limits_CutPasses=0;CPXPARAM_MIP_Limits_CutsFactor=-1;CPXPARAM_MIP_Limits_GomoryCand=400;CPXPARAM_MIP_Limits_GomoryPass=0;CPXPARAM_MIP_Limits_Nodes=9223372036800000000;CPXPARAM_MIP_Limits_ProbeTime=1e+75;CPXPARAM_MIP_Limits_RepairTries=0;CPXPARAM_MIP_Limits_StrongCand=10;CPXPARAM_MIP_Limits_StrongIt=0;CPXPARAM_MIP_OrderType=0;CPXPARAM_MIP_Strategy_BBInterval=7;CPXPARAM_MIP_Strategy_Branch=0;CPXPARAM_MIP_Strategy_Dive=0;CPXPARAM_MIP_Strategy_File=1;CPXPARAM_MIP_Strategy_HeuristicFreq=0;CPXPARAM_MIP_Strategy_LBHeur=0;CPXPARAM_MIP_Strategy_NodeSelect=1;CPXPARAM_MIP_Strategy_Order=1;CPXPARAM_MIP_Strategy_PresolveNode=0;CPXPARAM_MIP_Strategy_Probe=0;CPXPARAM_MIP_Strategy_RINSHeur=0;CPXPARAM_MIP_Strategy_StartAlgorithm=0;CPXPARAM_MIP_Strategy_SubAlgorithm=0;CPXPARAM_MIP_Strategy_VariableSelect=0;CPXPARAM_Network_NetFind=2;CPXPARAM_Network_Pricing=0;CPXPARAM_Parallel=1;CPXPARAM_Preprocessing_Aggregator=-1;CPXPARAM_Preprocessing_BoundStrength=-1;CPXPARAM_Preprocessing_CoeffReduce=-1;CPXPARAM_Preprocessing_Dependency=-1;CPXPARAM_Preprocessing_Dual=0;CPXPARAM_Preprocessing_Fill=10;CPXPARAM_Preprocessing_NumPass=-1;CPXPARAM_Preprocessing_Presolve=1;CPXPARAM_Preprocessing_QPMakePSD=1;CPXPARAM_Preprocessing_Reduce=3;CPXPARAM_Preprocessing_Relax=-1;CPXPARAM_Preprocessing_RepeatPresolve=-1;CPXPARAM_Preprocessing_Symmetry=-1;CPXPARAM_Read_Scale=0;CPXPARAM_Sifting_Algorithm=0;CPXPARAM_Simplex_Crash=1;CPXPARAM_Simplex_DGradient=0;CPXPARAM_Simplex_Limits_Perturbation=0;CPXPARAM_Simplex_Limits_Singularity=10;CPXPARAM_Simplex_PGradient=0;CPXPARAM_Simplex_Pricing=0;CPXPARAM_Simplex_Refactor=0
10091278406060979674,0,CPXPARAM_Advance=1;CPXPARAM_Barrier_Algorithm=0;CPXPARAM_Barrier_ColNonzeros=0;CPXPARAM_Barrier_Crossover=0;CPXPARAM_Barrier_Limits_Corrections=-1;CPXPARAM_Barrier_Ordering=0;CPXPARAM_Barrier_StartAlg=1;CPXPARAM_Emphasis_MIP=5;CPXPARAM_Emphasis_Memory=1;CPXPARAM_Emphasis_Numerical=0;CPXPARAM_Feasopt_Mode=0;CPXPARAM_LPMethod=0;CPXPARAM_MIP_Cuts_Cliques=0;CPXPARAM_MIP_Cuts_Covers=0;CPXPARAM_MIP_Cuts_Disjunctive=0;CPXPARAM_MIP_Cuts_FlowCovers=1;CPXPARAM_MIP_Cuts_GUBCovers=0;CPXPARAM_MIP_Cuts_Gomory=0;CPXPARAM_MIP_Cuts_Implied=0;CPXPARAM_MIP_Cuts_MIRCut=0;CPXPARAM_MIP_Cuts_PathCut=0;CPXPARAM_MIP_Limits_AggForCut=3;CPXPARAM_MIP_Limits_CutPasses=0;CPXPARAM_MIP_Limits_CutsFactor=-1;CPXPARAM_MIP_Limits_GomoryCand=200;CPXPARAM_MIP_Limits_GomoryPass=0;CPXPARAM_MIP_Limits_Nodes=9223372036800000000;CPXPARAM_MIP_Limits_ProbeTime=1e+75;CPXPARAM_MIP_Limits_RepairTries=0;CPXPARAM_MIP_Limits_StrongCand=10;CPXPARAM_MIP_Limits_StrongIt=0;CPXPARAM_MIP_OrderType=0;CPXPARAM_MIP_Strategy_BBInterval=7;CPXPARAM_MIP_Strategy_Branch=0;CPXPARAM_MIP_Strategy_Dive=0;CPXPARAM_MIP_Strategy_File=1;CPXPARAM_MIP_Strategy_HeuristicFreq=0;CPXPARAM_MIP_Strategy_LBHeur=0;CPXPARAM_MIP_Strategy_NodeSelect=1;CPXPARAM_MIP_Strategy_Order=1;CPXPARAM_MIP_Strategy_PresolveNode=0;CPXPARAM_MIP_Strategy_Probe=0;CPXPARAM_MIP_Strategy_RINSHeur=0;CPXPARAM_MIP_Strategy_StartAlgorithm=0;CPXPARAM_MIP_Strategy_SubAlgorithm=0;CPXPARAM_MIP_Strategy_VariableSelect=0;CPXPARAM_Network_NetFind=2;CPXPARAM_Network_Pricing=0;CPXPARAM_Parallel=1;CPXPARAM_Preprocessing_Aggregator=-1;CPXPARAM_Preprocessing_BoundStrength=-1;CPXPARAM_Preprocessing_CoeffReduce=-1;CPXPARAM_Preprocessing_Dependency=-1;CPXPARAM_Preprocessing_Dual=0;CPXPARAM_Preprocessing_Fill=10;CPXPARAM_Preprocessing_NumPass=-1;CPXPARAM_Preprocessing_Presolve=1;CPXPARAM_Preprocessing_QPMakePSD=1;CPXPARAM_Preprocessing_Reduce=3;CPXPARAM_Preprocessing_Relax=-1;CPXPARAM_Preprocessing_RepeatPresolve=-1;CPXPARAM_Preprocessing_Symmetry=-1;CPXPARAM_Read_Scale=0;CPXPARAM_Sifting_Algorithm=0;CPXPARAM_Simplex_Crash=1;CPXPARAM_Simplex_DGradient=0;CPXPARAM_Simplex_Limits_Perturbation=0;CPXPARAM_Simplex_Limits_Singularity=10;CPXPARAM_Simplex_PGradient=0;CPXPARAM_Simplex_Pricing=0;CPXPARAM_Simplex_Refactor=0
18064806411303705213,0,CPXPARAM_Advance=1;CPXPARAM_Barrier_Algorithm=0;CPXPARAM_Barrier_ColNonzeros=0;CPXPARAM_Barrier_Crossover=0;CPXPARAM_Barrier_Limits_Corrections=-1;CPXPARAM_Barrier_Ordering=0;CPXPARAM_Barrier_StartAlg=1;CPXPARAM_Emphasis_MIP=5;CPXPARAM_Emphasis_Memory=0;CPXPARAM_Emphasis_Numerical=0;CPXPARAM_Feasopt_Mode=0;CPXPARAM_LPMethod=0;CPXPARAM_MIP_Cuts_Cliques=0;CPXPARAM_MIP_Cuts_Covers=0;CPXPARAM_MIP_Cuts_Disjunctive=0;CPXPARAM_MIP_Cuts_FlowCovers=1;CPXPARAM_MIP_Cuts_GUBCovers=0;CPXPARAM_MIP_Cuts_Gomory=0;CPXPARAM_MIP_Cuts_Implied=0;CPXPARAM_MIP_Cuts_MIRCut=0;CPXPARAM_MIP_Cuts_PathCut=0;CPXPARAM_MIP_Limits_AggForCut=3;CPXPARAM_MIP_Limits_CutPasses=0;CPXPARAM_MIP_Limits_CutsFactor=-1;CPXPARAM_MIP_Limits_GomoryCand=200;CPXPARAM_MIP_Limits_GomoryPass=0;CPXPARAM_MIP_Limits_Nodes=9223372036800000000;CPXPARAM_MIP_Limits_ProbeTime=1e+75;CPXPARAM_MIP_Limits_RepairTries=0;CPXPARAM_MIP_Limits_StrongCand=10;CPXPARAM_MIP_Limits_StrongIt=0;CPXPARAM_MIP_OrderType=0;CPXPARAM_MIP_Strategy_BBInterval=7;CPXPARAM_MIP_Strategy_Branch=0;CPXPARAM_MIP_Strategy_Dive=0;CPXPARAM_MIP_Strategy_File=1;CPXPARAM_MIP_Strategy_HeuristicFreq=0;CPXPARAM_MIP_Strategy_LBHeur=0;CPXPARAM_MIP_Strategy_NodeSelect=1;CPXPARAM_MIP_Strategy_Order=1;CPXPARAM_MIP_Strategy_PresolveNode=0;CPXPARAM_MIP_Strategy_Probe=0;CPXPARAM_MIP_Strategy_RINSHeur=0;CPXPARAM_MIP_Strategy_StartAlgorithm=0;CPXPARAM_MIP_Strategy_SubAlgorithm=0;CPXPARAM_MIP_Strategy_VariableSelect=0;CPXPARAM_Network_NetFind=2;CPXPARAM_Network_Pricing=0;CPXPARAM_Parallel=1;CPXPARAM_Preprocessing_Aggregator=-1;CPXPARAM_Preprocessing_BoundStrength=-1;CPXPARAM_Preprocessing_CoeffReduce=-1;CPXPARAM_Preprocessing_Dependency=-1;CPXPARAM_Preprocessing_Dual=-1;CPXPARAM_Preprocessing_Fill=10;CPXPARAM_Preprocessing_NumPass=-1;CPXPARAM_Preprocessing_Presolve=1;CPXPARAM_Preprocessing_QPMakePSD=1;CPXPARAM_Preprocessing_Reduce=3;CPXPARAM_Preprocessing_Relax=-1;CPXPARAM_Preprocessing_RepeatPresolve=-1;CPXPARAM_Preprocessing_Symmetry=-1;CPXPARAM_Read_Scale=0;CPXPARAM_Sifting_Algorithm=0;CPXPARAM_Simplex_Crash=1;CPXPARAM_Simplex_DGradient=0;CPXPARAM_Simplex_Limits_Perturbation=0;CPXPARAM_Simplex_Limits_Singularity=10;CPXPARAM_Simplex_PGradient=0;CPXPARAM_Simplex_Pricing=0;CPXPARAM_Simplex_Refactor=0
2972990983776588860,0,CPXPARAM_Advance=1;CPXPARAM_Barrier_Algorithm=0;CPXPARAM_Barrier_ColNonzeros=0;CPXPARAM_Barrier_Crossover=0;CPXPARAM_Barrier_Limits_Corrections=-1;CPXPARAM_Barrier_Ordering=0;CPXPARAM_Barrier_StartAlg=1;CPXPARAM_Emphasis_MIP=5;CPXPARAM_Emphasis_Memory=0;CPXPARAM_Emphasis_Numerical=0;CPXPARAM_Feasopt_Mode=0;CPXPARAM_LPMethod=0;CPXPARAM_MIP_Cuts_Cliques=0;CPXPARAM_MIP_Cuts_Covers=0;CPXPARAM_MIP_Cuts_Disjunctive=0;CPXPARAM_MIP_Cuts_FlowCovers=1;CPXPARAM_MIP_Cuts_GUBCovers=0;CPXPARAM_MIP_Cuts_Gomory=0;CPXPARAM_MIP_Cuts_Implied=0;CPXPARAM_MIP_Cuts_MIRCut=0;CPXPARAM_MIP_Cuts_PathCut=0;CPXPARAM_MIP_Limits_AggForCut=3;CPXPARAM_MIP_Limits_CutPasses=0;CPXPARAM_MIP_Limits_CutsFactor=-1;CPXPARAM_MIP_Limits_GomoryCand=25;CPXPARAM_MIP_Limits_GomoryPass=0;CPXPARAM_MIP_Limits_Nodes=9223372036800000000;CPXPARAM_MIP_Limits_ProbeTime=1e+75;CPXPARAM_MIP_Limits_RepairTries=0;CPXPARAM_MIP_Limits_StrongCand=10;CPXPARAM_MIP_Limits_StrongIt=0;CPXPARAM_MIP_OrderType=0;CPXPARAM_MIP_Strategy_BBInterval=7;CPXPARAM_MIP_Strategy_Branch=0;CPXPARAM_MIP_Strategy_Dive=0;CPXPARAM_MIP_Strategy_File=1;CPXPARAM_MIP_Strategy_HeuristicFreq=0;CPXPARAM_MIP_Strategy_LBHeur=0;CPXPARAM_MIP_Strategy_NodeSelect=1;CPXPARAM_MIP_Strategy_Order=1;CPXPARAM_MIP_Strategy_PresolveNode=0;CPXPARAM_MIP_Strategy_Probe=0;CPXPARAM_MIP_Strategy_RINSHeur=0;CPXPARAM_MIP_Strategy_StartAlgorithm=0;CPXPARAM_MIP_Strategy_SubAlgorithm=0;CPXPARAM_MIP_Strategy_VariableSelect=0;CPXPARAM_Network_NetFind=2;CPXPARAM_Network_Pricing=0;CPXPARAM_Parallel=1;CPXPARAM_Preprocessing_Aggregator=-1;CPXPARAM_Preprocessing_BoundStrength=-1;CPXPARAM_Preprocessing_CoeffReduce=-1;CPXPARAM_Preprocessing_Dependency=-1;CPXPARAM_Preprocessing_Dual=0;CPXPARAM_Preprocessing_Fill=10;CPXPARAM_Preprocessing_NumPass=-1;CPXPARAM_Preprocessing_Presolve=1;CPXPARAM_Preprocessing_QPMakePSD=1;CPXPARAM_Preprocessing_Reduce=3;CPXPARAM_Preprocessing_Relax=-1;CPXPARAM_Preprocessing_RepeatPresolve=-1;CPXPARAM_Preprocessing_Symmetry=-1;CPXPARAM_Read_Scale=0;CPXPARAM_Sifting_Algorithm=0;CPXPARAM_Simplex_Crash=1;CPXPARAM_Simplex_DGradient=0;CPXPARAM_Simplex_Limits_Perturbation=0;CPXPARAM_Simplex_Limits_Singularity=10;CPXPARAM_Simplex_PGradient=0;CPXPARAM_Simplex_Pricing=0;CPXPARAM_Simplex_Refactor=0
15008739759133435838,0,CPXPARAM_Advance=1;CPXPARAM_Barrier_Algorithm=0;CPXPARAM_Barrier_ColNonzeros=0;CPXPARAM_Barrier_Crossover=0;CPXPARAM_Barrier_Limits_Corrections=-1;CPXPARAM_Barrier_Ordering=0;CPXPARAM_Barrier_StartAlg=1;CPXPARAM_Emphasis_MIP=1;CPXPARAM_Emphasis_Memory=0;CPXPARAM_Emphasis_Numerical=0;CPXPARAM_Feasopt_Mode=0;CPXPARAM_LPMethod=0;CPXPARAM_MIP_Cuts_Cliques=0;CPXPARAM_MIP_Cuts_Covers=0;CPXPARAM_MIP_Cuts_Disjunctive=3;CPXPARAM_MIP_Cuts_FlowCovers=-1;CPXPARAM_MIP_Cuts_GUBCovers=2;CPXPARAM_MIP_Cuts_Gomory=0;CPXPARAM_MIP_Cuts_Implied=1;CPXPARAM_MIP_Cuts_MIRCut=-1;CPXPARAM_MIP_Cuts_PathCut=2;CPXPARAM_MIP_Limits_AggForCut=3;CPXPARAM_MIP_Limits_CutPasses=0;CPXPARAM_MIP_Limits_CutsFactor=-1;CPXPARAM_MIP_Limits_GomoryCand=400;CPXPARAM_MIP_Limits_GomoryPass=0;CPXPARAM_MIP_Limits_Nodes=9223372036800000000;CPXPARAM_MIP_Limits_ProbeTime=1e+75;CPXPARAM_MIP_Limits_RepairTries=0;CPXPARAM_MIP_Limits_StrongCand=10;CPXPARAM_MIP_Limits_StrongIt=0;CPXPARAM_MIP_OrderType=0;CPXPARAM_MIP_Strategy_BBInterval=7;CPXPARAM_MIP_Strategy_Branch=0;CPXPARAM_MIP_Strategy_Dive=0;CPXPARAM_MIP_Strategy_File=1;CPXPARAM_MIP_Strategy_HeuristicFreq=0;CPXPARAM_MIP_Strategy_LBHeur=0;CPXPARAM_MIP_Strategy_NodeSelect=1;CPXPARAM_MIP_Strategy_Order=1;CPXPARAM_MIP_Strategy_PresolveNode=0;CPXPARAM_MIP_Strategy_Probe=0;CPXPARAM_MIP_Strategy_RINSHeur=0;CPXPARAM_MIP_Strategy_StartAlgorithm=0;CPXPARAM_MIP_Strategy_SubAlgorithm=0;CPXPARAM_MIP_Strategy_VariableSelect=0;CPXPARAM_Network_NetFind=2;CPXPARAM_Network_Pricing=0;CPXPARAM_Parallel=1;CPXPARAM_Preprocessing_Aggregator=-1;CPXPARAM_Preprocessing_BoundStrength=-1;CPXPARAM_Preprocessing_CoeffReduce=-1;CPXPARAM_Preprocessing_Dependency=-1;CPXPARAM_Preprocessing_Dual=0;CPXPARAM_Preprocessing_Fill=10;CPXPARAM_Preprocessing_NumPass=-1;CPXPARAM_Preprocessing_Presolve=1;CPXPARAM_Preprocessing_QPMakePSD=1;CPXPARAM_Preprocessing_Reduce=3;CPXPARAM_Preprocessing_Relax=-1;CPXPARAM_Preprocessing_RepeatPresolve=-1;CPXPARAM_Preprocessing_Symmetry=-1;CPXPARAM_Read_Scale=0;CPXPARAM_Sifting_Algorithm=0;CPXPARAM_Simplex_Crash=1;CPXPARAM_Simplex_DGradient=0;CPXPARAM_Simplex_Limits_Perturbation=0;CPXPARAM_Simplex_Limits_Singularity=10;CPXPARAM_Simplex_PGradient=0;CPXPARAM_Simplex_Pricing=0;CPXPARAM_Simplex_Refactor=0
15671957615462676135,0,CPXPARAM_Advance=1;CPXPARAM_Barrier_Algorithm=0;CPXPARAM_Barrier_ColNonzeros=0;CPXPARAM_Barrier_Crossover=0;CPXPARAM_Barrier_Limits_Corrections=-1;CPXPARAM_Barrier_Ordering=0;CPXPARAM_Barrier_StartAlg=1;CPXPARAM_Emphasis_MIP=5;CPXPARAM_Emphasis_Memory=0;CPXPARAM_Emphasis_Numerical=0;CPXPARAM_Feasopt_Mode=0;CPXPARAM_LPMethod=0;CPXPARAM_MIP_Cuts_Cliques=0;CPXPARAM_MIP_Cuts_Covers=0;CPXPARAM_MIP_Cuts_Disjunctive=0;CPXPARAM_MIP_Cuts_FlowCovers=1;CPXPARAM_MIP_Cuts_GUBCovers=0;CPXPARAM_MIP_Cuts_Gomory=0;CPXPARAM_MIP_Cuts_Implied=0;CPXPARAM_MIP_Cuts_MIRCut=0;CPXPARAM_MIP_Cuts_PathCut=0;CPXPARAM_MIP_Limits_AggForCut=3;CPXPARAM_MIP_Limits_CutPasses=0;CPXPARAM_MIP_Limits_CutsFactor=-1;CPXPARAM_MIP_Limits_GomoryCand=200;CPXPARAM_MIP_Limits_GomoryPass=0;CPXPARAM_MIP_Limits_Nodes=9223372036800000000;CPXPARAM_MIP_Limits_ProbeTime=1e+75;CPXPARAM_MIP_Limits_RepairTries=0;CPXPARAM_MIP_Limits_StrongCand=10;CPXPARAM_MIP_Limits_StrongIt=0;CPXPARAM_MIP_OrderType=0;CPXPARAM_MIP_Strategy_BBInterval=7;CPXPARAM_MIP_Strategy_Branch=0;CPXPARAM_MIP_Strategy_Dive=0;CPXPARAM_MIP_Strategy_File=1;CPXPARAM_MIP_Strategy_HeuristicFreq=0;CPXPARAM_MIP_Strategy_LBHeur=0;CPXPARAM_MIP_Strategy_NodeSelect=2;CPXPARAM_MIP_Strategy_Order=1;CPXPARAM_MIP_Strategy_PresolveNode=0;CPXPARAM_MIP_Strategy_Probe=0;CPXPARAM_MIP_Strategy_RINSHeur=0;CPXPARAM_MIP_Strategy_StartAlgorithm=0;CPXPARAM_MIP_Strategy_SubAlgorithm=0;CPXPARAM_MIP_Strategy_VariableSelect=0;CPXPARAM_Network_NetFind=2;CPXPARAM_Network_Pricing=0;CPXPARAM_Parallel=1;CPXPARAM_Preprocessing_Aggregator=-1;CPXPARAM_Preprocessing_BoundStrength=-1;CPXPARAM_Preprocessing_CoeffReduce=-1;CPXPARAM_Preprocessing_Dependency=-1;CPXPARAM_Preprocessing_Dual=0;CPXPARAM_Preprocessing_Fill=10;CPXPARAM_Preprocessing_NumPass=-1;CPXPARAM_Preprocessing_Presolve=1;CPXPARAM_Preprocessing_QPMakePSD=1;CPXPARAM_Preprocessing_Reduce=3;CPXPARAM_Preprocessing_Relax=-1;CPXPARAM_Preprocessing_RepeatPresolve=-1;CPXPARAM_Preprocessing_Symmetry=-1;CPXPARAM_Read_Scale=0;CPXPARAM_Sifting_Algorithm=0;CPXPARAM_Simplex_Crash=1;CPXPARAM_Simplex_DGradient=0;CPXPARAM_Simplex_Limits_Perturbation=0;CPXPARAM_Simplex_Limits_Singularity=10;CPXPARAM_Simplex_PGradient=0;CPXPARAM_Simplex_Pricing=0;CPXPARAM_Simplex_Refactor=0
18321124911589719566,0,CPXPARAM_Advance=1;CPXPARAM_Barrier_Algorithm=0;CPXPARAM_Barrier_ColNonzeros=0;CPXPARAM_Barrier_Crossover=0;CPXPARAM_Barrier_Limits_Corrections=-1;CPXPARAM_Barrier_Ordering=0;CPXPARAM_Barrier_StartAlg=1;CPXPARAM_Emphasis_MIP=5;CPXPARAM_Emphasis_Memory=0;CPXPARAM_Emphasis_Numerical=0;CPXPARAM_Feasopt_Mode=0;CPXPARAM_LPMethod=0;CPXPARAM_MIP_Cuts_Cliques=0;CPXPARAM_MIP_Cuts_Covers=0;CPXPARAM_MIP_Cuts_Disjunctive=0;CPXPARAM_MIP_Cuts_FlowCovers=1;CPXPARAM_MIP_Cuts_GUBCovers=0;CPXPARAM_MIP_Cuts_Gomory=0;CPXPARAM_MIP_Cuts_Implied=0;CPXPARAM_MIP_Cuts_MIRCut=0;CPXPARAM_MIP_Cuts_PathCut=0;CPXPARAM_MIP_Limits_AggForCut=3;CPXPARAM_MIP_Limits_CutPasses=0;CPXPARAM_MIP_Limits_CutsFactor=-1;CPXPARAM_MIP_Limits_GomoryCand=200;CPXPARAM_MIP_Limits_GomoryPass=0;CPXPARAM_MIP_Limits_Nodes=9223372036800000000;CPXPARAM_MIP_Limits_ProbeTime=1e+75;CPXPARAM_MIP_Limits_RepairTries=0;CPXPARAM_MIP_Limits_StrongCand=10;CPXPARAM_MIP_Limits_StrongIt=0;CPXPARAM_MIP_OrderType=0;CPXPARAM_MIP_Strategy_BBInterval=7;CPXPARAM_MIP_Strategy_Branch=0;CPXPARAM_MIP_Strategy_Dive=0;CPXPARAM_MIP_Strategy_File=2;CPXPARAM_MIP_Strategy_HeuristicFreq=0;CPXPARAM_MIP_Strategy_LBHeur=0;CPXPARAM_MIP_Strategy_NodeSelect=1;CPXPARAM_MIP_Strategy_Order=1;CPXPARAM_MIP_Strategy_PresolveNode=0;CPXPARAM_MIP_Strategy_Probe=0;CPXPARAM_MIP_Strategy_RINSHeur=0;CPXPARAM_MIP_Strategy_StartAlgorithm=0;CPXPARAM_MIP_Strategy_SubAlgorithm=0;CPXPARAM_MIP_Strategy_VariableSelect=0;CPXPARAM_Network_NetFind=2;CPXPARAM_Network_Pricing=0;CPXPARAM_Parallel=1;CPXPARAM_Preprocessing_Aggregator=-1;CPXPARAM_Preprocessing_BoundStrength=-1;CPXPARAM_Preprocessing_CoeffReduce=-1;CPXPARAM_Preprocessing_Dependency=-1;CPXPARAM_Preprocessing_Dual=0;CPXPARAM_Preprocessing_Fill=10;CPXPARAM_Preprocessing_NumPass=-1;CPXPARAM_Preprocessing_Presolve=1;CPXPARAM_Preprocessing_QPMakePSD=1;CPXPARAM_Preprocessing_Reduce=3;CPXPARAM_Preprocessing_Relax=-1;CPXPARAM_Preprocessing_RepeatPresolve=-1;CPXPARAM_Preprocessing_Symmetry=-1;CPXPARAM_Read_Scale=0;CPXPARAM_Sifting_Algorithm=0;CPXPARAM_Simplex_Crash=1;CPXPARAM_Simplex_DGradient=0;CPXPARAM_Simplex_Limits_Perturbation=0;CPXPARAM_Simplex_Limits_Singularity=10;CPXPARAM_Simplex_PGradient=0;CPXPARAM_Simplex_Pricing=0;CPXPARAM_Simplex_Refactor=0
14807394736882279175,0,CPXPARAM_Advance=1;CPXPARAM_Barrier_Algorithm=0;CPXPARAM_Barrier_ColNonzeros=0;CPXPARAM_Barrier_Crossover=0;CPXPARAM_Barrier_Limits_Corrections=-1;CPXPARAM_Barrier_Ordering=0;CPXPARAM_Barrier_StartAlg=1;CPXPARAM_Emphasis_MIP=5;CPXPARAM_Emphasis_Memory=0;CPXPARAM_Emphasis_Numerical=0;CPXPARAM_Feasopt_Mode=0;CPXPARAM_LPMethod=0;CPXPARAM_MIP_Cuts_Cliques=0;CPXPARAM_MIP_Cuts_Covers=0;CPXPARAM_MIP_Cuts_Disjunctive=0;CPXPARAM_MIP_Cuts_FlowCovers=1;CPXPARAM_MIP_Cuts_GUBCovers=0;CPXPARAM_MIP_Cuts_Gomory=0;CPXPARAM_MIP_Cuts_Implied=0;CPXPARAM_MIP_Cuts_MIRCut=0;CPXPARAM_MIP_Cuts_PathCut=0;CPXPARAM_MIP_Limits_AggForCut=3;CPXPARAM_MIP_Limits_CutPasses=0;CPXPARAM_MIP_Limits_CutsFactor=-1;CPXPARAM_MIP_Limits_GomoryCand=200;CPXPARAM_MIP_Limits_GomoryPass=0;CPXPARAM_MIP_Limits_Nodes=9223372036800000000;CPXPARAM_MIP_Limits_ProbeTime=1e+75;CPXPARAM_MIP_Limits_RepairTries=0;CPXPARAM_MIP_Limits_StrongCand=10;CPXPARAM_MIP_Limits_StrongIt=0;CPXPARAM_MIP_OrderType=0;CPXPARAM_MIP_Strategy_BBInterval=7;CPXPARAM_MIP_Strategy_Branch=0;CPXPARAM_MIP_Strategy_Dive=0;CPXPARAM_MIP_Strategy_File=1;CPXPARAM_MIP_Strategy_HeuristicFreq=0;CPXPARAM_MIP_Strategy_LBHeur=0;CPXPARAM_MIP_Strategy_NodeSelect=1;CPXPARAM_MIP_Strategy_Order=1;CPXPARAM_MIP_Strategy_PresolveNode=0;CPXPARAM_MIP_Strategy_Probe=0;CPXPARAM_MIP_Strategy_RINSHeur=0;CPXPARAM_MIP_Strategy_StartAlgorithm=0;CPXPARAM_MIP_Strategy_SubAlgorithm=1;CPXPARAM_MIP_Strategy_VariableSelect=0;CPXPARAM_Network_NetFind=2;CPXPARAM_Network_Pricing=0;CPXPARAM_Parallel=1;CPXPARAM_Preprocessing_Aggregator=-1;CPXPARAM_Preprocessing_BoundStrength=-1;CPXPARAM_Preprocessing_CoeffReduce=-1;CPXPARAM_Preprocessing_Dependency=-1;CPXPARAM_Preprocessing_Dual=0;CPXPARAM_Preprocessing_Fill=10;CPXPARAM_Preprocessing_NumPass=-1;CPXPARAM_Preprocessing_Presolve=1;CPXPARAM_Preprocessing_QPMakePSD=1;CPXPARAM_Preprocessing_Reduce=3;CPXPARAM_Preprocessing_Relax=-1;CPXPARAM_Preprocessing_RepeatPresolve=-1;CPXPARAM_Preprocessing_Symmetry=-1;CPXPARAM_Read_Scale=0;CPXPARAM_Sifting_Algorithm=0;CPXPARAM_Simplex_Crash=1;CPXPARAM_Simplex_DGradient=0;CPXPARAM_Simplex_Limits_Perturbation=0;CPXPARAM_Simplex_Limits_Singularity=10;CPXPARAM_Simplex_PGradient=0;CPXPARAM_Simplex_Pricing=0;CPXPARAM_Simplex_Refactor=0
8852114162695705141,0,CPXPARAM_Advance=1;CPXPARAM_Barrier_Algorithm=0;CPXPARAM_Barrier_ColNonzeros=0;CPXPARAM_Barrier_Crossover=0;CPXPARAM_Barrier_Limits_Corrections=-1;CPXPARAM_Barrier_Ordering=0;CPXPARAM_Barrier_StartAlg=1;CPXPARAM_Emphasis_MIP=5;CPXPARAM_Emphasis_Memory=0;CPXPARAM_Emphasis_Numerical=0;CPXPARAM_Feasopt_Mode=0;CPXPARAM_LPMethod=0;CPXPARAM_MIP_Cuts_Cliques=0;CPXPARAM_MIP_Cuts_Covers=0;CPXPARAM_MIP_Cuts_Disjunctive=0;CPXPARAM_MIP_Cuts_FlowCovers=1;CPXPARAM_MIP_Cuts_GUBCovers=0;CPXPARAM_MIP_Cuts_Gomory=0;CPXPARAM_MIP_Cuts_Implied=0;CPXPARAM_MIP_Cuts_MIRCut=0;CPXPARAM_MIP_Cuts_PathCut=0;CPXPARAM_MIP_Limits_AggForCut=3;CPXPARAM_MIP_Limits_CutPasses=0;CPXPARAM_MIP_Limits_CutsFactor=-1;CPXPARAM_MIP_Limits_GomoryCand=200;CPXPARAM_MIP_Limits_GomoryPass=0;CPXPARAM_MIP_Limits_Nodes=9223372036800000000;CPXPARAM_MIP_Limits_ProbeTime=0;CPXPARAM_MIP_Limits_RepairTries=0;CPXPARAM_MIP_Limits_StrongCand=10;CPXPARAM_MIP_Limits_StrongIt=0;CPXPARAM_MIP_OrderType=0;CPXPARAM_MIP_Strategy_BBInterval=7;CPXPARAM_MIP_Strategy_Branch=0;CPXPARAM_MIP_Strategy_Dive=0;CPXPARAM_MIP_Strategy_File=1;CPXPARAM_MIP_Strategy_HeuristicFreq=0;CPXPARAM_MIP_Strategy_LBHeur=0;CPXPARAM_MIP_Strategy_NodeSelect=1;CPXPARAM_MIP_Strategy_Order=1;CPXPARAM_MIP_Strategy_PresolveNode=0;CPXPARAM_MIP_Strategy_Probe=0;CPXPARAM_MIP_Strategy_RINSHeur=0;CPXPARAM_MIP_Strategy_StartAlgorithm=0;CPXPARAM_MIP_Strategy_SubAlgorithm=0;CPXPARAM_MIP_Strategy_VariableSelect=0;CPXPARAM_Network_NetFind=2;CPXPARAM_Network_Pricing=0;CPXPARAM_Parallel=1;CPXPARAM_Preprocessing_Aggregator=-1;CPXPARAM_Preprocessing_BoundStrength=-1;CPXPARAM_Preprocessing_CoeffReduce=-1;CPXPARAM_Preprocessing_Dependency=-1;CPXPARAM_Preprocessing_Dual=0;CPXPARAM_Preprocessing_Fill=10;CPXPARAM_Preprocessing_NumPass=-1;CPXPARAM_Preprocessing_Presolve=1;CPXPARAM_Preprocessing_QPMakePSD=1;CPXPARAM_Preprocessing_Reduce=3;CPXPARAM_Preprocessing_Relax=-1;CPXPARAM_Preprocessing_RepeatPresolve=-1;CPXPARAM_Preprocessing_Symmetry=-1;CPXPARAM_Read_Scale=0;CPXPARAM_Sifting_Algorithm=0;CPXPARAM_Simplex_Crash=1;CPXPARAM_Simplex_DGradient=0;CPXPARAM_Simplex_Limits_Perturbation=0;CPXPARAM_Simplex_Limits_Singularity=10;CPXPARAM_Simplex_PGradient=0;CPXPARAM_Simplex_Pricing=0;CPXPARAM_Simplex_Refactor=0
18181280737837521252,0,CPXPARAM_Advance=1;CPXPARAM_Barrier_Algorithm=0;CPXPARAM_Barrier_ColNonzeros=0;CPXPARAM_Barrier_Crossover=0;CPXPARAM_Barrier_Limits_Corrections=-1;CPXPARAM_Barrier_Ordering=0;CPXPARAM_Barrier_StartAlg=1;CPXPARAM_Emphasis_MIP=5;CPXPARAM_Emphasis_Memory=0;CPXPARAM_Emphasis_Numerical=0;CPXPARAM_Feasopt_Mode=0;CPXPARAM_LPMethod=0;CPXPARAM_MIP_Cuts_Cliques=0;CPXPARAM_MIP_Cuts_Covers=0;CPXPARAM_MIP_Cuts_Disjunctive=0;CPXPARAM_MIP_Cuts_FlowCovers=1;CPXPARAM_MIP_Cuts_GUBCovers=0;CPXPARAM_MIP_Cuts_Gomory=0;CPXPARAM_MIP_Cuts_Implied=0;CPXPARAM_MIP_Cuts_MIRCut=0;CPXPARAM_MIP_Cuts_PathCut=0;CPXPARAM_MIP_Limits_AggForCut=3;CPXPARAM_MIP_Limits_CutPasses=0;CPXPARAM_MIP_Limits_CutsFactor=-1;CPXPARAM_MIP_Limits_GomoryCand=200;CPXPARAM_MIP_Limits_GomoryPass=0;CPXPARAM_MIP_Limits_Nodes=9223372036800000000;CPXPARAM_MIP_Limits_ProbeTime=1e+75;CPXPARAM_MIP_Limits_RepairTries=0;CPXPARAM_MIP_Limits_StrongCand=10;CPXPARAM_MIP_Limits_StrongIt=0;CPXPARAM_MIP_OrderType=0;CPXPARAM_MIP_Strategy_BBInterval=7;CPXPARAM_MIP_Strategy_Branch=0;CPXPARAM_MIP_Strategy_Dive=0;CPXPARAM_MIP_Strategy_File=1;CPXPARAM_MIP_Strategy_HeuristicFreq=0;CPXPARAM_MIP_Strategy_LBHeur=0;CPXPARAM_MIP_Strategy_NodeSelect=1;CPXPARAM_MIP_Strategy_Order=1;CPXPARAM_MIP_Strategy_PresolveNode=0;CPXPARAM_MIP_Strategy_Probe=3;CPXPARAM_MIP_Strategy_RINSHeur=0;CPXPARAM_MIP_Strategy_StartAlgorithm=0;CPXPARAM_MIP_Strategy_SubAlgorithm=0;CPXPARAM_MIP_Strategy_VariableSelect=0;CPXPARAM_Network_NetFind=2;CPXPARAM_Network_Pricing=0;CPXPARAM_Parallel=1;CPXPARAM_Preprocessing_Aggregator=-1;CPXPARAM_Preprocessing_BoundStrength=-1;CPXPARAM_Preprocessing_CoeffReduce=-1;CPXPARAM_Preprocessing_Dependency=-1;CPXPARAM_Preprocessing_Dual=0;CPXPARAM_Preprocessing_Fill=10;CPXPARAM_Preprocessing_NumPass=-1;CPXPARAM_Preprocessing_Presolve=1;CPXPARAM_Preprocessing_QPMakePSD=1;CPXPARAM_Preprocessing_Reduce=3;CPXPARAM_Preprocessing_Relax=-1;CPXPARAM_Preprocessing_RepeatPresolve=-1;CPXPARAM_Preprocessing_Symmetry=-1;CPXPARAM_Read_Scale=0;CPXPARAM_Sifting_Algorithm=0;CPXPARAM_Simplex_Crash=1;CPXPARAM_Simplex_DGradient=0;CPXPARAM_Simplex_Limits_Perturbation=0;CPXPARAM_Simplex_Limits_Singularity=10;CPXPARAM_Simplex_PGradient=0;CPXPARAM_Simplex_Pricing=0;CPXPARAM_Simplex_Refactor=0
17023642281829399276,0,CPXPARAM_Advance=1;CPXPARAM_Barrier_Algorithm=0;CPXPARAM_Barrier_ColNonzeros=0;CPXPARAM_Barrier_Crossover=0;CPXPARAM_Barrier_Limits_Corrections=-1;CPXPARAM_Barrier_Ordering=0;CPXPARAM_Barrier_StartAlg=1;CPXPARAM_Emphasis_MIP=5;CPXPARAM_Emphasis_Memory=0;CPXPARAM_Emphasis_Numerical=0;CPXPARAM_Feasopt_Mode=0;CPXPARAM_LPMethod=0;CPXPARAM_MIP_Cuts_Cliques=0;CPXPARAM_MIP_Cuts_Covers=0;CPXPARAM_MIP_Cuts_Disjunctive=0;CPXPARAM_MIP_Cuts_FlowCovers=1;CPXPARAM_MIP_Cuts_GUBCovers=0;CPXPARAM_MIP_Cuts_Gomory=0;CPXPARAM_MIP_Cuts_Implied=0;CPXPARAM_MIP_Cuts_MIRCut=0;CPXPARAM_MIP_Cuts_PathCut=0;CPXPARAM_MIP_Limits_AggForCut=3;CPXPARAM_MIP_Limits_CutPasses=0;CPXPARAM_MIP_Limits_CutsFactor=-1;CPXPARAM_MIP_Limits_GomoryCand=200;CPXPARAM_MIP_Limits_GomoryPass=0;CPXPARAM_MIP_Limits_Nodes=9223372036800000000;CPXPARAM_MIP_Limits_ProbeTime=1e+75;CPXPARAM_MIP_Limits_RepairTries=0;CPXPARAM_MIP_Limits_StrongCand=10;CPXPARAM_MIP_Limits_StrongIt=0;CPXPARAM_MIP_OrderType=0;CPXPARAM_MIP_Strategy_BBInterval=7;CPXPARAM_MIP_Strategy_Branch=0;CPXPARAM_MIP_Strategy_Dive=0;CPXPARAM_MIP_Strategy_File=1;CPXPARAM_MIP_Strategy_HeuristicFreq=0;CPXPARAM_MIP_Strategy_LBHeur=0;CPXPARAM_MIP_Strategy_NodeSelect=1;CPXPARAM_MIP_Strategy_Order=1;CPXPARAM_MIP_Strategy_PresolveNode=0;CPXPARAM_MIP_Strategy_Probe=0;CPXPARAM_MIP_Strategy_RINSHeur=0;CPXPARAM_MIP_Strategy_StartAlgorithm=0;CPXPARAM_MIP_Strategy_SubAlgorithm=0;CPXPARAM_MIP_Strategy_VariableSelect=0;CPXPARAM_Network_NetFind=2;CPXPARAM_Network_Pricing=0;CPXPARAM_Parallel=1;CPXPARAM_Preprocessing_Aggregator=-1;CPXPARAM_Preprocessing_BoundStrength=-1;CPXPARAM_Preprocessing_CoeffReduce=-1;CPXPARAM_Preprocessing_Dependency=-1;CPXPARAM_Preprocessing_Dual=0;CPXPARAM_Preprocessing_Fill=10;CPXPARAM_Preprocessing_NumPass=-1;CPXPARAM_Preprocessing_Presolve=1;CPXPARAM_Preprocessing_QPMakePSD=1;CPXPARAM_Preprocessing_Reduce=3;CPXPARAM_Preprocessing_Relax=1;CPXPARAM_Preprocessing_RepeatPresolve=-1;CPXPARAM_Preprocessing_Symmetry=-1;CPXPARAM_Read_Scale=0;CPXPARAM_Sifting_Algorithm=0;CPXPARAM_Simplex_Crash=1;CPXPARAM_Simplex_DGradient=0;CPXPARAM_Simplex_Limits_Perturbation=0;CPXPARAM_Simplex_Limits_Singularity=10;CPXPARAM_Simplex_PGradient=0;CPXPARAM_Simplex_Pricing=0;CPXPARAM_Simplex_Refactor=0
6218770192636199073,0,CPXPARAM_Advance=1;CPXPARAM_Barrier_Algorithm=0;CPXPARAM_Barrier_ColNonzeros=0;CPXPARAM_Barrier_Crossover=0;CPXPARAM_Barrier_Limits_Corrections=-1;CPXPARAM_Barrier_Ordering=0;CPXPARAM_Barrier_StartAlg=1;CPXPARAM_Emphasis_MIP=5;CPXPARAM_Emphasis_Memory=0;CPXPARAM_Emphasis_Numerical=1;CPXPARAM_Feasopt_Mode=0;CPXPARAM_LPMethod=0;CPXPARAM_MIP_Cuts_Cliques=0;CPXPARAM_MIP_Cuts_Covers=0;CPXPARAM_MIP_Cuts_Disjunctive=0;CPXPARAM_MIP_Cuts_FlowCovers=1;CPXPARAM_MIP_Cuts_GUBCovers=0;CPXPARAM_MIP_Cuts_Gomory=0;CPXPARAM_MIP_Cuts_Implied=0;CPXPARAM_MIP_Cuts_MIRCut=0;CPXPARAM_MIP_Cuts_PathCut=0;CPXPARAM_MIP_Limits_AggForCut=3;CPXPARAM_MIP_Limits_CutPasses=0;CPXPARAM_MIP_Limits_CutsFactor=-1;CPXPARAM_MIP_Limits_GomoryCand=200;CPXPARAM_MIP_Limits_GomoryPass=0;CPXPARAM_MIP_Limits_Nodes=9223372036800000000;CPXPARAM_MIP_Limits_ProbeTime=1e+75;CPXPARAM_MIP_Limits_RepairTries=0;CPXPARAM_MIP_Limits_StrongCand=10;CPXPARAM_MIP_Limits_StrongIt=0;CPXPARAM_MIP_OrderType=0;CPXPARAM_MIP_Strategy_BBInterval=7;CPXPARAM_MIP_Strategy_Branch=0;CPXPARAM_MIP_Strategy_Dive=0;CPXPARAM_MIP_Strategy_File=1;CPXPARAM_MIP_Strategy_HeuristicFreq=0;CPXPARAM_MIP_Strategy_LBHeur=0;CPXPARAM_MIP_Strategy_NodeSelect=1;CPXPARAM_MIP_Strategy_Order=1;CPXPARAM_MIP_Strategy_PresolveNode=0;CPXPARAM_MIP_Strategy_Probe=0;CPXPARAM_MIP_Strategy_RINSHeur=0;CPXPARAM_MIP_Strategy_StartAlgorithm=0;CPXPARAM_MIP_Strategy_SubAlgorithm=0;CPXPARAM_MIP_Strategy_VariableSelect=0;CPXPARAM_Network_NetFind=2;CPXPARAM_Network_Pricing=0;CPXPARAM_Parallel=1;CPXPARAM_Preprocessing_Aggregator=-1;CPXPARAM_Preprocessing_BoundStrength=-1;CPXPARAM_Preprocessing_CoeffReduce=-1;CPXPARAM_Preprocessing_Dependency=-1;CPXPARAM_Preprocessing_Dual=0;CPXPARAM_Preprocessing_Fill=10;CPXPARAM_Preprocessing_NumPass=-1;CPXPARAM_Preprocessing_Presolve=1;CPXPARAM_Preprocessing_QPMakePSD=1;CPXPARAM_Preprocessing_Reduce=3;CPXPARAM_Preprocessing_Relax=-1;CPXPARAM_Preprocessing_RepeatPresolve=-1;CPXPARAM_Preprocessing_Symmetry=-1;CPXPARAM_Read_Scale=0;CPXPARAM_Sifting_Algorithm=0;CPXPARAM_Simplex_Crash=1;CPXPARAM_Simplex_DGradient=0;CPXPARAM_Simplex_Limits_Perturbation=0;CPXPARAM_Simplex_Limits_Singularity=10;CPXPARAM_Simplex_PGradient=0;CPXPARAM_Simplex_Pricing=0;CPXPARAM_Simplex_Refactor=0
844706301316953147,0,CPXPARAM_Advance=1;CPXPARAM_Barrier_Algorithm=0;CPXPARAM_Barrier_ColNonzeros=0;CPXPARAM_Barrier_Crossover=0;CPXPARAM_Barrier_Limits_Corrections=-1;CPXPARAM_Barrier_Ordering=0;CPXPARAM_Barrier_StartAlg=1;CPXPARAM_Emphasis_MIP=0;CPXPARAM_Emphasis_Memory=0;CPXPARAM_Emphasis_Numerical=0;CPXPARAM_Feasopt_Mode=0;CPXPARAM_LPMethod=0;CPXPARAM_MIP_Cuts_Cliques=0;CPXPARAM_MIP_Cuts_Covers=0;CPXPARAM_MIP_Cuts_Disjunctive=0;CPXPARAM_MIP_Cuts_FlowCovers=1;CPXPARAM_MIP_Cuts_GUBCovers=0;CPXPARAM_MIP_Cuts_Gomory=0;CPXPARAM_MIP_Cuts_Implied=0;CPXPARAM_MIP_Cuts_MIRCut=0;CPXPARAM_MIP_Cuts_PathCut=0;CPXPARAM_MIP_Limits_AggForCut=3;CPXPARAM_MIP_Limits_CutPasses=0;CPXPARAM_MIP_Limits_CutsFactor=-1;CPXPARAM_MIP_Limits_GomoryCand=200;CPXPARAM_MIP_Limits_GomoryPass=0;CPXPARAM_MIP_Limits_Nodes=9223372036800000000;CPXPARAM_MIP_Limits_ProbeTime=1e+75;CPXPARAM_MIP_Limits_RepairTries=0;CPXPARAM_MIP_Limits_StrongCand=10;CPXPARAM_MIP_Limits_StrongIt=0;CPXPARAM_MIP_OrderType=0;CPXPARAM_MIP_Strategy_BBInterval=7;CPXPARAM_MIP_Strategy_Branch=0;CPXPARAM_MIP_Strategy_Dive=0;CPXPARAM_MIP_Strategy_File=1;CPXPARAM_MIP_Strategy_HeuristicFreq=0;CPXPARAM_MIP_Strategy_LBHeur=0;CPXPARAM_MIP_Strategy_NodeSelect=1;CPXPARAM_MIP_Strategy_Order=1;CPXPARAM_MIP_Strategy_PresolveNode=0;CPXPARAM_MIP_Strategy_Probe=0;CPXPARAM_MIP_Strategy_RINSHeur=0;CPXPARAM_MIP_Strategy_StartAlgorithm=0;CPXPARAM_MIP_Strategy_SubAlgorithm=0;CPXPARAM_MIP_Strategy_VariableSelect=0;CPXPARAM_Network_NetFind=2;CPXPARAM_Network_Pricing=0;CPXPARAM_Parallel=1;CPXPARAM_Preprocessing_Aggregator=-1;CPXPARAM_Preprocessing_BoundStrength=-1;CPXPARAM_Preprocessing_CoeffReduce=-1;CPXPARAM_Preprocessing_Dependency=-1;CPXPARAM_Preprocessing_Dual=0;CPXPARAM_Preprocessing_Fill=10;CPXPARAM_Preprocessing_NumPass=-1;CPXPARAM_Preprocessing_Presolve=1;CPXPARAM_Preprocessing_QPMakePSD=1;CPXPARAM_Preprocessing_Reduce=3;CPXPARAM_Preprocessing_Relax=-1;CPXPARAM_Preprocessing_RepeatPresolve=-1;CPXPARAM_Preprocessing_Symmetry=-1;CPXPARAM_Read_Scale=0;CPXPARAM_Sifting_Algorithm=0;CPXPARAM_Simplex_Crash=1;CPXPARAM_Simplex_DGradient=0;CPXPARAM_Simplex_Limits_Perturbation=0;CPXPARAM_Simplex_Limits_Singularity=10;CPXPARAM_Simplex_PGradient=0;CPXPARAM_Simplex_Pricing=0;CPXPARAM_Simplex_Refactor=0
607786246210708767,0,CPXPARAM_Advance=1;CPXPARAM_Barrier_Algorithm=0;CPXPARAM_Barrier_ColNonzeros=0;CPXPARAM_Barrier_Crossover=0;CPXPARAM_Barrier_Limits_Corrections=-1;CPXPARAM_Barrier_Ordering=0;CPXPARAM_Barrier_StartAlg=1;CPXPARAM_Emphasis_MIP=5;CPXPARAM_Emphasis_Memory=0;CPXPARAM_Emphasis_Numerical=0;CPXPARAM_Feasopt_Mode=0;CPXPARAM_LPMethod=0;CPXPARAM_MIP_Cuts_Cliques=1;CPXPARAM_MIP_Cuts_Covers=0;CPXPARAM_MIP_Cuts_Disjunctive=0;CPXPARAM_MIP_Cuts_FlowCovers=1;CPXPARAM_MIP_Cuts_GUBCovers=0;CPXPARAM_MIP_Cuts_Gomory=0;CPXPARAM_MIP_Cuts_Implied=0;CPXPARAM_MIP_Cuts_MIRCut=0;CPXPARAM_MIP_Cuts_PathCut=0;CPXPARAM_MIP_Limits_AggForCut=3;CPXPARAM_MIP_Limits_CutPasses=0;CPXPARAM_MIP_Limits_CutsFactor=-1;CPXPARAM_MIP_Limits_GomoryCand=200;CPXPARAM_MIP_Limits_GomoryPass=0;CPXPARAM_MIP_Limits_Nodes=9223372036800000000;CPXPARAM_MIP_Limits_ProbeTime=1e+75;CPXPARAM_MIP_Limits_RepairTries=0;CPXPARAM_MIP_Limits_StrongCand=10;CPXPARAM_MIP_Limits_StrongIt=0;CPXPARAM_MIP_OrderType=0;CPXPARAM_MIP_Strategy_BBInterval=7;CPXPARAM_MIP_Strategy_Branch=0;CPXPARAM_MIP_Strategy_Dive=0;CPXPARAM_MIP_Strategy_File=1;CPXPARAM_MIP_Strategy_HeuristicFreq=0;CPXPARAM_MIP_Strategy_LBHeur=0;CPXPARAM_MIP_Strategy_NodeSelect=1;CPXPARAM_MIP_Strategy_Order=1;CPXPARAM_MIP_Strategy_PresolveNode=0;CPXPARAM_MIP_Strategy_Probe=0;CPXPARAM_MIP_Strategy_RINSHeur=0;CPXPARAM_MIP_Strategy_StartAlgorithm=0;CPXPARAM_MIP_Strategy_SubAlgorithm=0;CPXPARAM_MIP_Strategy_VariableSelect=0;CPXPARAM_Network_NetFind=2;CPXPARAM_Network_Pricing=0;CPXPARAM_Parallel=1;CPXPARAM_Preprocessing_Aggregator=-1;CPXPARAM_Preprocessing_BoundStrength=-1;CPXPARAM_Preprocessing_CoeffReduce=-1;CPXPARAM_Preprocessing_Dependency=-1;CPXPARAM_Preprocessing_Dual=0;CPXPARAM_Preprocessing_Fill=10;CPXPARAM_Preprocessing_NumPass=-1;CPXPARAM_Preprocessing_Presolve=1;CPXPARAM_Preprocessing_QPMakePSD=1;CPXPARAM_Preprocessing_Reduce=3;CPXPARAM_Preprocessing_Relax=-1;CPXPARAM_Preprocessing_RepeatPresolve=-1;CPXPARAM_Preprocessing_Symmetry=-1;CPXPARAM_Read_Scale=0;CPXPARAM_Sifting_Algorithm=0;CPXPARAM_Simplex_Crash=1;CPXPARAM_Simplex_DGradient=0;CPXPARAM_Simplex_Limits_Perturbation=0;CPXPARAM_Simplex_Limits_Singularity=10;CPXPARAM_Simplex_PGradient=0;CPXPARAM_Simplex_Pricing=0;CPXPARAM_Simplex_Refactor=0
7066433123911404016,0,CPXPARAM_Advance=1;CPXPARAM_Barrier_Algorithm=0;CPXPARAM_Barrier_ColNonzeros=0;CPXPARAM_Barrier_Crossover=0;CPXPARAM_Barrier_Limits_Corrections=-1;CPXPARAM_Barrier_Ordering=0;CPXPARAM_Barrier_StartAlg=1;CPXPARAM_Emphasis_MIP=5;CPXPARAM_Emphasis_Memory=0;CPXPARAM_Emphasis_Numerical=0;CPXPARAM_Feasopt_Mode=0;CPXPARAM_LPMethod=0;CPXPARAM_MIP_Cuts_Cliques=0;CPXPARAM_MIP_Cuts_Covers=0;CPXPARAM_MIP_Cuts_Disjunctive=2;CPXPARAM_MIP_Cuts_FlowCovers=-1;CPXPARAM_MIP_Cuts_GUBCovers=2;CPXPARAM_MIP_Cuts_Gomory=0;CPXPARAM_MIP_Cuts_Implied=1;CPXPARAM_MIP_Cuts_MIRCut=-1;CPXPARAM_MIP_Cuts_PathCut=2;CPXPARAM_MIP_Limits_AggForCut=3;CPXPARAM_MIP_Limits_CutPasses=0;CPXPARAM_MIP_Limits_CutsFactor=-1;CPXPARAM_MIP_Limits_GomoryCand=400;CPXPARAM_MIP_Limits_GomoryPass=0;CPXPARAM_MIP_Limits_Nodes=9223372036800000000;CPXPARAM_MIP_Limits_ProbeTime=1e+75;CPXPARAM_MIP_Limits_RepairTries=0;CPXPARAM_MIP_Limits_StrongCand=10;CPXPARAM_MIP_Limits_StrongIt=0;CPXPARAM_MIP_OrderType=0;CPXPARAM_MIP_Strategy_BBInterval=7;CPXPARAM_MIP_Strategy_Branch=0;CPXPARAM_MIP_Strategy_Dive=0;CPXPARAM_MIP_Strategy_File=1;CPXPARAM_MIP_Strategy_HeuristicFreq=0;CPXPARAM_MIP_Strategy_LBHeur=0;CPXPARAM_MIP_Strategy_NodeSelect=1;CPXPARAM_MIP_Strategy_Order=1;CPXPARAM_MIP_Strategy_PresolveNode=0;CPXPARAM_MIP_Strategy_Probe=0;CPXPARAM_MIP_Strategy_RINSHeur=0;CPXPARAM_MIP_Strategy_StartAlgorithm=0;CPXPARAM_MIP_Strategy_SubAlgorithm=0;CPXPARAM_MIP_Strategy_VariableSelect=0;CPXPARAM_Network_NetFind=2;CPXPARAM_Network_Pricing=0;CPXPARAM_Parallel=1;CPXPARAM_Preprocessing_Aggregator=-1;CPXPARAM_Preprocessing_BoundStrength=-1;CPXPARAM_Preprocessing_CoeffReduce=-1;CPXPARAM_Preprocessing_Dependency=-1;CPXPARAM_Preprocessing_Dual=0;CPXPARAM_Preprocessing_Fill=10;CPXPARAM_Preprocessing_NumPass=-1;CPXPARAM_Preprocessing_Presolve=1;CPXPARAM_Preprocessing_QPMakePSD=1;CPXPARAM_Preprocessing_Reduce=3;CPXPARAM_Preprocessing_Relax=-1;CPXPARAM_Preprocessing_RepeatPresolve=-1;CPXPARAM_Preprocessing_Symmetry=-1;CPXPARAM_Read_Scale=0;CPXPARAM_Sifting_Algorithm=0;CPXPARAM_Simplex_Crash=1;CPXPARAM_Simplex_DGradient=0;CPXPARAM_Simplex_Limits_Perturbation=0;CPXPARAM_Simplex_Limits_Singularity=10;CPXPARAM_Simplex_PGradient=0;CPXPARAM_Simplex_Pricing=0;CPXPARAM_Simplex_Refactor=0
8806038048573958976,0,CPXPARAM_Advance=1;CPXPARAM_Barrier_Algorithm=0;CPXPARAM_Barrier_ColNonzeros=0;CPXPARAM_Barrier_Crossover=0;CPXPARAM_Barrier_Limits_Corrections=-1;CPXPARAM_Barrier_Ordering=0;CPXPARAM_Barrier_StartAlg=1;CPXPARAM_Emphasis_MIP=5;CPXPARAM_Emphasis_Memory=0;CPXPARAM_Emphasis_Numerical=0;CPXPARAM_Feasopt_Mode=0;CPXPARAM_LPMethod=0;CPXPARAM_MIP_Cuts_Cliques=0;CPXPARAM_MIP_Cuts_Covers=0;CPXPARAM_MIP_Cuts_Disjunctive=0;CPXPARAM_MIP_Cuts_FlowCovers=1;CPXPARAM_MIP_Cuts_GUBCovers=0;CPXPARAM_MIP_Cuts_Gomory=0;CPXPARAM_MIP_Cuts_Implied=0;CPXPARAM_MIP_Cuts_MIRCut=0;CPXPARAM_MIP_Cuts_PathCut=0;CPXPARAM_MIP_Limits_AggForCut=3;CPXPARAM_MIP_Limits_CutPasses=0;CPXPARAM_MIP_Limits_CutsFactor=-1;CPXPARAM_MIP_Limits_GomoryCand=200;CPXPARAM_MIP_Limits_GomoryPass=0;CPXPARAM_MIP_Limits_Nodes=9223372036800000000;CPXPARAM_MIP_Limits_ProbeTime=1e+75;CPXPARAM_MIP_Limits_RepairTries=0;CPXPARAM_MIP_Limits_StrongCand=10;CPXPARAM_MIP_Limits_StrongIt=0;CPXPARAM_MIP_OrderType=0;CPXPARAM_MIP_Strategy_BBInterval=7;CPXPARAM_MIP_Strategy_Branch=0;CPXPARAM_MIP_Strategy_Dive=0;CPXPARAM_MIP_Strategy_File=1;CPXPARAM_MIP_Strategy_HeuristicFreq=0;CPXPARAM_MIP_Strategy_LBHeur=0;CPXPARAM_MIP_Strategy_NodeSelect=1;CPXPARAM_MIP_Strategy_Order=1;CPXPARAM_MIP_Strategy_PresolveNode=0;CPXPARAM_MIP_Strategy_Probe=-1;CPXPARAM_MIP_Strategy_RINSHeur=0;CPXPARAM_MIP_Strategy_StartAlgorithm=0;CPXPARAM_MIP_Strategy_SubAlgorithm=0;CPXPARAM_MIP_Strategy_VariableSelect=0;CPXPARAM_Network_NetFind=2;CPXPARAM_Network_Pricing=0;CPXPARAM_Parallel=1;CPXPARAM_Preprocessing_Aggregator=-1;CPXPARAM_Preprocessing_BoundStrength=-1;CPXPARAM_Preprocessing_CoeffReduce=-1;CPXPARAM_Preprocessing_Dependency=-1;CPXPARAM_Preprocessing_Dual=0;CPXPARAM_Preprocessing_Fill=10;CPXPARAM_Preprocessing_NumPass=-1;CPXPARAM_Preprocessing_Presolve=1;CPXPARAM_Preprocessing_QPMakePSD=1;CPXPARAM_Preprocessing_Reduce=3;CPXPARAM_Preprocessing_Relax=-1;CPXPARAM_Preprocessing_RepeatPresolve=-1;CPXPARAM_Preprocessing_Symmetry=-1;CPXPARAM_Read_Scale=0;CPXPARAM_Sifting_Algorithm=0;CPXPARAM_Simplex_Crash=1;CPXPARAM_Simplex_DGradient=0;CPXPARAM_Simplex_Limits_Perturbation=0;CPXPARAM_Simplex_Limits_Singularity=10;CPXPARAM_Simplex_PGradient=0;CPXPARAM_Simplex_Pricing=0;CPXPARAM_Simplex_Refactor=0
15361954268488356096,0,CPXPARAM_Advance=1;CPXPARAM_Barrier_Algorithm=0;CPXPARAM_Barrier_ColNonzeros=0;CPXPARAM_Barrier_Crossover=0;CPXPARAM_Barrier_Limits_Corrections=-1;CPXPARAM_Barrier_Ordering=0;CPXPARAM_Barrier_StartAlg=1;CPXPARAM_Emphasis_MIP=5;CPXPARAM_Emphasis_Memory=0;CPXPARAM_Emphasis_Numerical=0;CPXPARAM_Feasopt_Mode=0;CPXPARAM_LPMethod=0;CPXPARAM_MIP_Cuts_Cliques=0;CPXPARAM_MIP_Cuts_Covers=0;CPXPARAM_MIP_Cuts_Disjunctive=0;CPXPARAM_MIP_Cuts_FlowCovers=1;CPXPARAM_MIP_Cuts_GUBCovers=0;CPXPARAM_MIP_Cuts_Gomory=0;CPXPARAM_MIP_Cuts_Implied=0;CPXPARAM_MIP_Cuts_MIRCut=0;CPXPARAM_MIP_Cuts_PathCut=0;CPXPARAM_MIP_Limits_AggForCut=3;CPXPARAM_MIP_Limits_CutPasses=0;CPXPARAM_MIP_Limits_CutsFactor=-1;CPXPARAM_MIP_Limits_GomoryCand=200;CPXPARAM_MIP_Limits_GomoryPass=0;CPXPARAM_MIP_Limits_Nodes=9223372036800000000;CPXPARAM_MIP_Limits_ProbeTime=1e+75;CPXPARAM_MIP_Limits_RepairTries=0;CPXPARAM_MIP_Limits_StrongCand=10;CPXPARAM_MIP_Limits_StrongIt=0;CPXPARAM_MIP_OrderType=0;CPXPARAM_MIP_Strategy_BBInterval=5;CPXPARAM_MIP_Strategy_Branch=0;CPXPARAM_MIP_Strategy_Dive=0;CPXPARAM_MIP_Strategy_File=1;CPXPARAM_MIP_Strategy_HeuristicFreq=0;CPXPARAM_MIP_Strategy_LBHeur=0;CPXPARAM_MIP_Strategy_NodeSelect=1;CPXPARAM_MIP_Strategy_Order=1;CPXPARAM_MIP_Strategy_PresolveNode=0;CPXPARAM_MIP_Strategy_Probe=0;CPXPARAM_MIP_Strategy_RINSHeur=0;CPXPARAM_MIP_Strategy_StartAlgorithm=0;CPXPARAM_MIP_Strategy_SubAlgorithm=0;CPXPARAM_MIP_Strategy_VariableSelect=0;CPXPARAM_Network_NetFind=2;CPXPARAM_Network_Pricing=0;CPXPARAM_Parallel=1;CPXPARAM_Preprocessing_Aggregator=-1;CPXPARAM_Preprocessing_BoundStrength=-1;CPXPARAM_Preprocessing_CoeffReduce=-1;CPXPARAM_Preprocessing_Dependency=-1;CPXPARAM_Preprocessing_Dual=0;CPXPARAM_Preprocessing_Fill=10;CPXPARAM_Preprocessing_NumPass=-1;CPXPARAM_Preprocessing_Presolve=1;CPXPARAM_Preprocessing_QPMakePSD=1;CPXPARAM_Preprocessing_Reduce=3;CPXPARAM_Preprocessing_Relax=-1;CPXPARAM_Preprocessing_RepeatPresolve=-1;CPXPARAM_Preprocessing_Symmetry=-1;CPXPARAM_Read_Scale=0;CPXPARAM_Sifting_Algorithm=0;CPXPARAM_Simplex_Crash=1;CPXPARAM_Simplex_DGradient=0;CPXPARAM_Simplex_Limits_Perturbation=0;CPXPARAM_Simplex_Limits_Singularity=10;CPXPARAM_Simplex_PGradient=0;CPXPARAM_Simplex_Pricing=0;CPXPARAM_Simplex_Refactor=0
7532587273291256457,0,CPXPARAM_Advance=1;CPXPARAM_Barrier_Algorithm=0;CPXPARAM_Barrier_ColNonzeros=0;CPXPARAM_Barrier_Crossover=0;CPXPARAM_Barrier_Limits_Corrections=-1;CPXPARAM_Barrier_Ordering=0;CPXPARAM_Barrier_StartAlg=1;CPXPARAM_Emphasis_MIP=5;CPXPARAM_Emphasis_Memory=0;CPXPARAM_Emphasis_Numerical=0;CPXPARAM_Feasopt_Mode=0;CPXPARAM_LPMethod=0;CPXPARAM_MIP_Cuts_Cliques=0;CPXPARAM_MIP_Cuts_Covers=0;CPXPARAM_MIP_Cuts_Disjunctive=0;CPXPARAM_MIP_Cuts_FlowCovers=1;CPXPARAM_MIP_Cuts_GUBCovers=0;CPXPARAM_MIP_Cuts_Gomory=0;CPXPARAM_MIP_Cuts_Implied=0;CPXPARAM_MIP_Cuts_MIRCut=0;CPXPARAM_MIP_Cuts_PathCut=0;CPXPARAM_MIP_Limits_AggForCut=3;CPXPARAM_MIP_Limits_CutPasses=0;CPXPARAM_MIP_Limits_CutsFactor=-1;CPXPARAM_MIP_Limits_GomoryCand=200;CPXPARAM_MIP_Limits_GomoryPass=0;CPXPARAM_MIP_Limits_Nodes=9223372036800000000;CPXPARAM_MIP_Limits_ProbeTime=5;CPXPARAM_MIP_Limits_RepairTries=0;CPXPARAM_MIP_Limits_StrongCand=10;CPXPARAM_MIP_Limits_StrongIt=0;CPXPARAM_MIP_OrderType=0;CPXPARAM_MIP_Strategy_BBInterval=7;CPXPARAM_MIP_Strategy_Branch=0;CPXPARAM_MIP_Strategy_Dive=0;CPXPARAM_MIP_Strategy_File=1;CPXPARAM_MIP_Strategy_HeuristicFreq=0;CPXPARAM_MIP_Strategy_LBHeur=0;CPXPARAM_MIP_Strategy_NodeSelect=1;CPXPARAM_MIP_Strategy_Order=1;CPXPARAM_MIP_Strategy_PresolveNode=0;CPXPARAM_MIP_Strategy_Probe=0;CPXPARAM_MIP_Strategy_RINSHeur=0;CPXPARAM_MIP_Strategy_StartAlgorithm=0;CPXPARAM_MIP_Strategy_SubAlgorithm=0;CPXPARAM_MIP_Strategy_VariableSelect=0;CPXPARAM_Network_NetFind=2;CPXPARAM_Network_Pricing=0;CPXPARAM_Parallel=1;CPXPARAM_Preprocessing_Aggregator=-1;CPXPARAM_Preprocessing_BoundStrength=-1;CPXPARAM_Preprocessing_CoeffReduce=-1;CPXPARAM_Preprocessing_Dependency=-1;CPXPARAM_Preprocessing_Dual=0;CPXPARAM_Preprocessing_Fill=10;CPXPARAM_Preprocessing_NumPass=-1;CPXPARAM_Preprocessing_Presolve=1;CPXPARAM_Preprocessing_QPMakePSD=1;CPXPARAM_Preprocessing_Reduce=3;CPXPARAM_Preprocessing_Relax=-1;CPXPARAM_Preprocessing_RepeatPresolve=-1;CPXPARAM_Preprocessing_Symmetry=-1;CPXPARAM_Read_Scale=0;CPXPARAM_Sifting_Algorithm=0;CPXPARAM_Simplex_Crash=1;CPXPARAM_Simplex_DGradient=0;CPXPARAM_Simplex_Limits_Perturbation=0;CPXPARAM_Simplex_Limits_Singularity=10;CPXPARAM_Simplex_PGradient=0;CPXPARAM_Simplex_Pricing=0;CPXPARAM_Simplex_Refactor=0
11961680863991799083,0,CPXPARAM_Advance=1;CPXPARAM_Barrier_Algorithm=0;CPXPARAM_Barrier_ColNonzeros=0;CPXPARAM_Barrier_Crossover=0;CPXPARAM_Barrier_Limits_Corrections=-1;CPXPARAM_Barrier_Ordering=0;CPXPARAM_Barrier_StartAlg=1;CPXPARAM_Emphasis_MIP=5;CPXPARAM_Emphasis_Memory=0;CPXPARAM_Emphasis_Numerical=0;CPXPARAM_Feasopt_Mode=0;CPXPARAM_LPMethod=0;CPXPARAM_MIP_Cuts_Cliques=0;CPXPARAM_MIP_Cuts_Covers=0;CPXPARAM_MIP_Cuts_Disjunctive=0;CPXPARAM_MIP_Cuts_FlowCovers=1;CPXPARAM_MIP_Cuts_GUBCovers=0;CPXPARAM_MIP_Cuts_Gomory=0;CPXPARAM_MIP_Cuts_Implied=0;CPXPARAM_MIP_Cuts_MIRCut=0;CPXPARAM_MIP_Cuts_PathCut=0;CPXPARAM_MIP_Limits_AggForCut=3;CPXPARAM_MIP_Limits_CutPasses=0;CPXPARAM_MIP_Limits_CutsFactor=-1;CPXPARAM_MIP_Limits_GomoryCand=200;CPXPARAM_MIP_Limits_GomoryPass=0;CPXPARAM_MIP_Limits_Nodes=9223372036800000000;CPXPARAM_MIP_Limits_ProbeTime=1e+75;CPXPARAM_MIP_Limits_RepairTries=0;CPXPARAM_MIP_Limits_StrongCand=10;CPXPARAM_MIP_Limits_StrongIt=0;CPXPARAM_MIP_OrderType=0;CPXPARAM_MIP_Strategy_BBInterval=7;CPXPARAM_MIP_Strategy_Branch=0;CPXPARAM_MIP_Strategy_Dive=0;CPXPARAM_MIP_Strategy_File=1;CPXPARAM_MIP_Strategy_HeuristicFreq=0;CPXPARAM_MIP_Strategy_LBHeur=0;CPXPARAM_MIP_Strategy_NodeSelect=1;CPXPARAM_MIP_Strategy_Order=1;CPXPARAM_MIP_Strategy_PresolveNode=0;CPXPARAM_MIP_Strategy_Probe=0;CPXPARAM_MIP_Strategy_RINSHeur=0;CPXPARAM_MIP_Strategy_StartAlgorithm=0;CPXPARAM_MIP_Strategy_SubAlgorithm=0;CPXPARAM_MIP_Strategy_VariableSelect=0;CPXPARAM_Network_NetFind=2;CPXPARAM_Network_Pricing=0;CPXPARAM_Parallel=1;CPXPARAM_Preprocessing_Aggregator=-1;CPXPARAM_Preprocessing_BoundStrength=-1;CPXPARAM_Preprocessing_CoeffReduce=-1;CPXPARAM_Preprocessing_Dependency=-1;CPXPARAM_Preprocessing_Dual=0;CPXPARAM_Preprocessing_Fill=10;CPXPARAM_Preprocessing_NumPass=-1;CPXPARAM_Preprocessing_Presolve=0;CPXPARAM_Preprocessing_QPMakePSD=1;CPXPARAM_Preprocessing_Reduce=3;CPXPARAM_Preprocessing_Relax=-1;CPXPARAM_Preprocessing_RepeatPresolve=-1;CPXPARAM_Preprocessing_Symmetry=-1;CPXPARAM_Read_Scale=0;CPXPARAM_Sifting_Algorithm=0;CPXPARAM_Simplex_Crash=1;CPXPARAM_Simplex_DGradient=0;CPXPARAM_Simplex_Limits_Perturbation=0;CPXPARAM_Simplex_Limits_Singularity=10;CPXPARAM_Simplex_PGradient=0;CPXPARAM_Simplex_Pricing=0;CPXPARAM_Simplex_Refactor=0
7271427336539125870,0,CPXPARAM_Advance=1;CPXPARAM_Barrier_Algorithm=0;CPXPARAM_Barrier_ColNonzeros=0;CPXPARAM_Barrier_Crossover=0;CPXPARAM_Barrier_Limits_Corrections=-1;CPXPARAM_Barrier_Ordering=0;CPXPARAM_Barrier_StartAlg=1;CPXPARAM_Emphasis_MIP=5;CPXPARAM_Emphasis_Memory=0;CPXPARAM_Emphasis_Numerical=0;CPXPARAM_Feasopt_Mode=0;CPXPARAM_LPMethod=0;CPXPARAM_MIP_Cuts_Cliques=0;CPXPARAM_MIP_Cuts_Covers=0;CPXPARAM_MIP_Cuts_Disjunctive=0;CPXPARAM_MIP_Cuts_FlowCovers=1;CPXPARAM_MIP_Cuts_GUBCovers=0;CPXPARAM_MIP_Cuts_Gomory=0;CPXPARAM_MIP_Cuts_Implied=0;CPXPARAM_MIP_Cuts_MIRCut=0;CPXPARAM_MIP_Cuts_PathCut=0;CPXPARAM_MIP_Limits_AggForCut=3;CPXPARAM_MIP_Limits_CutPasses=0;CPXPARAM_MIP_Limits_CutsFactor=-1;CPXPARAM_MIP_Limits_GomoryCand=200;CPXPARAM_MIP_Limits_GomoryPass=0;CPXPARAM_MIP_Limits_Nodes=9223372036800000000;CPXPARAM_MIP_Limits_ProbeTime=1e+75;CPXPARAM_MIP_Limits_RepairTries=0;CPXPARAM_MIP_Limits_StrongCand=10;CPXPARAM_MIP_Limits_StrongIt=0;CPXPARAM_MIP_OrderType=0;CPXPARAM_MIP_Strategy_BBInterval=7;CPXPARAM_MIP_Strategy_Branch=0;CPXPARAM_MIP_Strategy_Dive=0;CPXPARAM_MIP_Strategy_File=1;CPXPARAM_MIP_Strategy_HeuristicFreq=0;CPXPARAM_MIP_Strategy_LBHeur=0;CPXPARAM_MIP_Strategy_NodeSelect=1;CPXPARAM_MIP_Strategy_Order=1;CPXPARAM_MIP_Strategy_PresolveNode=0;CPXPARAM_MIP_Strategy_Probe=0;CPXPARAM_MIP_Strategy_RINSHeur=0;CPXPARAM_MIP_Strategy_StartAlgorithm=0;CPXPARAM_MIP_Strategy_SubAlgorithm=0;CPXPARAM_MIP_Strategy_VariableSelect=3;CPXPARAM_Network_NetFind=2;CPXPARAM_Network_Pricing=0;CPXPARAM_Parallel=1;CPXPARAM_Preprocessing_Aggregator=-1;CPXPARAM_Preprocessing_BoundStrength=-1;CPXPARAM_Preprocessing_CoeffReduce=-1;CPXPARAM_Preprocessing_Dependency=-1;CPXPARAM_Preprocessing_Dual=0;CPXPARAM_Preprocessing_Fill=10;CPXPARAM_Preprocessing_NumPass=-1;CPXPARAM_Preprocessing_Presolve=1;CPXPARAM_Preprocessing_QPMakePSD=1;CPXPARAM_Preprocessing_Reduce=3;CPXPARAM_Preprocessing_Relax=-1;CPXPARAM_Preprocessing_RepeatPresolve=-1;CPXPARAM_Preprocessing_Symmetry=-1;CPXPARAM_Read_Scale=0;CPXPARAM_Sifting_Algorithm=0;CPXPARAM_Simplex_Crash=1;CPXPARAM_Simplex_DGradient=0;CPXPARAM_Simplex_Limits_Perturbation=0;CPXPARAM_Simplex_Limits_Singularity=10;CPXPARAM_Simplex_PGradient=0;CPXPARAM_Simplex_Pricing=0;CPXPARAM_Simplex_Refactor=0
14408735470752933658,0,CPXPARAM_Advance=1;CPXPARAM_Barrier_Algorithm=0;CPXPARAM_Barrier_ColNonzeros=0;CPXPARAM_Barrier_Crossover=0;CPXPARAM_Barrier_Limits_Corrections=-1;CPXPARAM_Barrier_Ordering=0;CPXPARAM_Barrier_StartAlg=1;CPXPARAM_Emphasis_MIP=5;CPXPARAM_Emphasis_Memory=0;CPXPARAM_Emphasis_Numerical=0;CPXPARAM_Feasopt_Mode=0;CPXPARAM_LPMethod=0;CPXPARAM_MIP_Cuts_Cliques=0;CPXPARAM_MIP_Cuts_Covers=0;CPXPARAM_MIP_Cuts_Disjunctive=0;CPXPARAM_MIP_Cuts_FlowCovers=1;CPXPARAM_MIP_Cuts_GUBCovers=0;CPXPARAM_MIP_Cuts_Gomory=0;CPXPARAM_MIP_Cuts_Implied=0;CPXPARAM_MIP_Cuts_MIRCut=0;CPXPARAM_MIP_Cuts_PathCut=0;CPXPARAM_MIP_Limits_AggForCut=3;CPXPARAM_MIP_Limits_CutPasses=0;CPXPARAM_MIP_Limits_CutsFactor=-1;CPXPARAM_MIP_Limits_GomoryCand=200;CPXPARAM_MIP_Limits_GomoryPass=0;CPXPARAM_MIP_Limits_Nodes=9223372036800000000;CPXPARAM_MIP_Limits_ProbeTime=30;CPXPARAM_MIP_Limits_RepairTries=0;CPXPARAM_MIP_Limits_StrongCand=10;CPXPARAM_MIP_Limits_StrongIt=0;CPXPARAM_MIP_OrderType=0;CPXPARAM_MIP_Strategy_BBInterval=7;CPXPARAM_MIP_Strategy_Branch=0;CPXPARAM_MIP_Strategy_Dive=0;CPXPARAM_MIP_Strategy_File=1;CPXPARAM_MIP_Strategy_HeuristicFreq=0;CPXPARAM_MIP_Strategy_LBHeur=0;CPXPARAM_MIP_Strategy_NodeSelect=1;CPXPARAM_MIP_Strategy_Order=1;CPXPARAM_MIP_Strategy_PresolveNode=0;CPXPARAM_MIP_Strategy_Probe=0;CPXPARAM_MIP_Strategy_RINSHeur=0;CPXPARAM_MIP_Strategy_StartAlgorithm=0;CPXPARAM_MIP_Strategy_SubAlgorithm=0;CPXPARAM_MIP_Strategy_VariableSelect=0;CPXPARAM_Network_NetFind=2;CPXPARAM_Network_Pricing=0;CPXPARAM_Parallel=1;CPXPARAM_Preprocessing_Aggregator=-1;CPXPARAM_Preprocessing_BoundStrength=-1;CPXPARAM_Preprocessing_CoeffReduce=-1;CPXPARAM_Preprocessing_Dependency=-1;CPXPARAM_Preprocessing_Dual=0;CPXPARAM_Preprocessing_Fill=10;CPXPARAM_Preprocessing_NumPass=-1;CPXPARAM_Preprocessing_Presolve=1;CPXPARAM_Preprocessing_QPMakePSD=1;CPXPARAM_Preprocessing_Reduce=3;CPXPARAM_Preprocessing_Relax=-1;CPXPARAM_Preprocessing_RepeatPresolve=-1;CPXPARAM_Preprocessing_Symmetry=-1;CPXPARAM_Read_Scale=0;CPXPARAM_Sifting_Algorithm=0;CPXPARAM_Simplex_Crash=1;CPXPARAM_Simplex_DGradient=0;CPXPARAM_Simplex_Limits_Perturbation=0;CPXPARAM_Simplex_Limits_Singularity=10;CPXPARAM_Simplex_PGradient=0;CPXPARAM_Simplex_Pricing=0;CPXPARAM_Simplex_Refactor=0
13122574813090285637,0,CPXPARAM_Advance=1;CPXPARAM_Barrier_Algorithm=0;CPXPARAM_Barrier_ColNonzeros=0;CPXPARAM_Barrier_Crossover=0;CPXPARAM_Barrier_Limits_Corrections=-1;CPXPARAM_Barrier_Ordering=0;CPXPARAM_Barrier_StartAlg=1;CPXPARAM_Emphasis_MIP=5;CPXPARAM_Emphasis_Memory=0;CPXPARAM_Emphasis_Numerical=0;CPXPARAM_Feasopt_Mode=0;CPXPARAM_LPMethod=0;CPXPARAM_MIP_Cuts_Cliques=0;CPXPARAM_MIP_Cuts_Covers=0;CPXPARAM_MIP_Cuts_Disjunctive=0;CPXPARAM_MIP_Cuts_FlowCovers=1;CPXPARAM_MIP_Cuts_GUBCovers=0;CPXPARAM_MIP_Cuts_Gomory=0;CPXPARAM_MIP_Cuts_Implied=0;CPXPARAM_MIP_Cuts_MIRCut=0;CPXPARAM_MIP_Cuts_PathCut=0;CPXPARAM_MIP_Limits_AggForCut=3;CPXPARAM_MIP_Limits_CutPasses=0;CPXPARAM_MIP_Limits_CutsFactor=-1;CPXPARAM_MIP_Limits_GomoryCand=200;CPXPARAM_MIP_Limits_GomoryPass=0;CPXPARAM_MIP_Limits_Nodes=9223372036800000000;CPXPARAM_MIP_Limits_ProbeTime=50;CPXPARAM_MIP_Limits_RepairTries=0;CPXPARAM_MIP_Limits_StrongCand=10;CPXPARAM_MIP_Limits_StrongIt=0;CPXPARAM_MIP_OrderType=0;CPXPARAM_MIP_Strategy_BBInterval=7;CPXPARAM_MIP_Strategy_Branch=0;CPXPARAM_MIP_Strategy_Dive=0;CPXPARAM_MIP_Strategy_File=1;CPXPARAM_MIP_Strategy_HeuristicFreq=0;CPXPARAM_MIP_Strategy_LBHeur=0;CPXPARAM_MIP_Strategy_NodeSelect=1;CPXPARAM_MIP_Strategy_Order=1;CPXPARAM_MIP_Strategy_PresolveNode=0;CPXPARAM_MIP_Strategy_Probe=0;CPXPARAM_MIP_Strategy_RINSHeur=0;CPXPARAM_MIP_Strategy_StartAlgorithm=0;CPXPARAM_MIP_Strategy_SubAlgorithm=0;CPXPARAM_MIP_Strategy_VariableSelect=0;CPXPARAM_Network_NetFind=2;CPXPARAM_Network_Pricing=0;CPXPARAM_Parallel=1;CPXPARAM_Preprocessing_Aggregator=-1;CPXPARAM_Preprocessing_BoundStrength=-1;CPXPARAM_Preprocessing_CoeffReduce=-1;CPXPARAM_Preprocessing_Dependency=-1;CPXPARAM_Preprocessing_Dual=0;CPXPARAM_Preprocessing_Fill=10;CPXPARAM_Preprocessing_NumPass=-1;CPXPARAM_Preprocessing_Presolve=1;CPXPARAM_Preprocessing_QPMakePSD=1;CPXPARAM_Preprocessing_Reduce=3;CPXPARAM_Preprocessing_Relax=-1;CPXPARAM_Preprocessing_RepeatPresolve=-1;CPXPARAM_Preprocessing_Symmetry=-1;CPXPARAM_Read_Scale=0;CPXPARAM_Sifting_Algorithm=0;CPXPARAM_Simplex_Crash=1;CPXPARAM_Simplex_DGradient=0;CPXPARAM_Simplex_Limits_Perturbation=0;CPXPARAM_Simplex_Limits_Singularity=10;CPXPARAM_Simplex_PGradient=0;CPXPARAM_Simplex_Pricing=0;CPXPARAM_Simplex_Refactor=0
10029938262160195076,0,CPXPARAM_Advance=1;CPXPARAM_Barrier_Algorithm=0;CPXPARAM_Barrier_ColNonzeros=0;CPXPARAM_Barrier_Crossover=0;CPXPARAM_Barrier_Limits_Corrections=-1;CPXPARAM_Barrier_Ordering=0;CPXPARAM_Barrier_StartAlg=1;CPXPARAM_Emphasis_MIP=5;CPXPARAM_Emphasis_Memory=0;CPXPARAM_Emphasis_Numerical=0;CPXPARAM_Feasopt_Mode=0;CPXPARAM_LPMethod=0;CPXPARAM_MIP_Cuts_Cliques=0;CPXPARAM_MIP_Cuts_Covers=0;CPXPARAM_MIP_Cuts_Disjunctive=0;CPXPARAM_MIP_Cuts_FlowCovers=1;CPXPARAM_MIP_Cuts_GUBCovers=0;CPXPARAM_MIP_Cuts_Gomory=0;CPXPARAM_MIP_Cuts_Implied=0;CPXPARAM_MIP_Cuts_MIRCut=0;CPXPARAM_MIP_Cuts_PathCut=0;CPXPARAM_MIP_Limits_AggForCut=3;CPXPARAM_MIP_Limits_CutPasses=0;CPXPARAM_MIP_Limits_CutsFactor=2;CPXPARAM_MIP_Limits_GomoryCand=200;CPXPARAM_MIP_Limits_GomoryPass=0;CPXPARAM_MIP_Limits_Nodes=9223372036800000000;CPXPARAM_MIP_Limits_ProbeTime=1e+75;CPXPARAM_MIP_Limits_RepairTries=0;CPXPARAM_MIP_Limits_StrongCand=10;CPXPARAM_MIP_Limits_StrongIt=0;CPXPARAM_MIP_OrderType=0;CPXPARAM_MIP_Strategy_BBInterval=7;CPXPARAM_MIP_Strategy_Branch=0;CPXPARAM_MIP_Strategy_Dive=0;CPXPARAM_MIP_Strategy_File=1;CPXPARAM_MIP_Strategy_HeuristicFreq=0;CPXPARAM_MIP_Strategy_LBHeur=0;CPXPARAM_MIP_Strategy_NodeSelect=1;CPXPARAM_MIP_Strategy_Order=1;CPXPARAM_MIP_Strategy_PresolveNode=0;CPXPARAM_MIP_Strategy_Probe=0;CPXPARAM_MIP_Strategy_RINSHeur=0;CPXPARAM_MIP_Strategy_StartAlgorithm=0;CPXPARAM_MIP_Strategy_SubAlgorithm=0;CPXPARAM_MIP_Strategy_VariableSelect=0;CPXPARAM_Network_NetFind=2;CPXPARAM_Network_Pricing=0;CPXPARAM_Parallel=1;CPXPARAM_Preprocessing_Aggregator=-1;CPXPARAM_Preprocessing_BoundStrength=-1;CPXPARAM_Preprocessing_CoeffReduce=-1;CPXPARAM_Preprocessing_Dependency=-1;CPXPARAM_Preprocessing_Dual=0;CPXPARAM_Preprocessing_Fill=10;CPXPARAM_Preprocessing_NumPass=-1;CPXPARAM_Preprocessing_Presolve=1;CPXPARAM_Preprocessing_QPMakePSD=1;CPXPARAM_Preprocessing_Reduce=3;CPXPARAM_Preprocessing_Relax=-1;CPXPARAM_Preprocessing_RepeatPresolve=-1;CPXPARAM_Preprocessing_Symmetry=-1;CPXPARAM_Read_Scale=0;CPXPARAM_Sifting_Algorithm=0;CPXPARAM_Simplex_Crash=1;CPXPARAM_Simplex_DGradient=0;CPXPARAM_Simplex_Limits_Perturbation=0;CPXPARAM_Simplex_Limits_Singularity=10;CPXPARAM_Simplex_PGradient=0;CPXPARAM_Simplex_Pricing=0;CPXPARAM_Simplex_Refactor=0
17745540962099157897,0,CPXPARAM_Advance=1;CPXPARAM_Barrier_Algorithm=0;CPXPARAM_Barrier_ColNonzeros=0;CPXPARAM_Barrier_Crossover=0;CPXPARAM_Barrier_Limits_Corrections=-1;CPXPARAM_Barrier_Ordering=0;CPXPARAM_Barrier_StartAlg=1;CPXPARAM_Emphasis_MIP=5;CPXPARAM_Emphasis_Memory=0;CPXPARAM_Emphasis_Numerical=0;CPXPARAM_Feasopt_Mode=0;CPXPARAM_LPMethod=0;CPXPARAM_MIP_Cuts_Cliques=0;CPXPARAM_MIP_Cuts_Covers=0;CPXPARAM_MIP_Cuts_Disjunctive=0;CPXPARAM_MIP_Cuts_FlowCovers=1;CPXPARAM_MIP_Cuts_GUBCovers=0;CPXPARAM_MIP_Cuts_Gomory=0;CPXPARAM_MIP_Cuts_Implied=0;CPXPARAM_MIP_Cuts_MIRCut=0;CPXPARAM_MIP_Cuts_PathCut=0;CPXPARAM_MIP_Limits_AggForCut=3;CPXPARAM_MIP_Limits_CutPasses=0;CPXPARAM_MIP_Limits_CutsFactor=-1;CPXPARAM_MIP_Limits_GomoryCand=200;CPXPARAM_MIP_Limits_GomoryPass=0;CPXPARAM_MIP_Limits_Nodes=9223372036800000000;CPXPARAM_MIP_Limits_ProbeTime=1e+75;CPXPARAM_MIP_Limits_RepairTries=0;CPXPARAM_MIP_Limits_StrongCand=10;CPXPARAM_MIP_Limits_StrongIt=0;CPXPARAM_MIP_OrderType=0;CPXPARAM_MIP_Strategy_BBInterval=7;CPXPARAM_MIP_Strategy_Branch=0;CPXPARAM_MIP_Strategy_Dive=0;CPXPARAM_MIP_Strategy_File=1;CPXPARAM_MIP_Strategy_HeuristicFreq=0;CPXPARAM_MIP_Strategy_LBHeur=0;CPXPARAM_MIP_Strategy_NodeSelect=1;CPXPARAM_MIP_Strategy_Order=1;CPXPARAM_MIP_Strategy_PresolveNode=-1;CPXPARAM_MIP_Strategy_Probe=0;CPXPARAM_MIP_Strategy_RINSHeur=0;CPXPARAM_MIP_Strategy_StartAlgorithm=0;CPXPARAM_MIP_Strategy_SubAlgorithm=0;CPXPARAM_MIP_Strategy_VariableSelect=0;CPXPARAM_Network_NetFind=2;CPXPARAM_Network_Pricing=0;CPXPARAM_Parallel=1;CPXPARAM_Preprocessing_Aggregator=-1;CPXPARAM_Preprocessing_BoundStrength=-1;CPXPARAM_Preprocessing_CoeffReduce=-1;CPXPARAM_Preprocessing_Dependency=-1;CPXPARAM_Preprocessing_Dual=0;CPXPARAM_Preprocessing_Fill=10;CPXPARAM_Preprocessing_NumPass=-1;CPXPARAM_Preprocessing_Presolve=1;CPXPARAM_Preprocessing_QPMakePSD=1;CPXPARAM_Preprocessing_Reduce=3;CPXPARAM_Preprocessing_Relax=-1;CPXPARAM_Preprocessing_RepeatPresolve=-1;CPXPARAM_Preprocessing_Symmetry=-1;CPXPARAM_Read_Scale=0;CPXPARAM_Sifting_Algorithm=0;CPXPARAM_Simplex_Crash=1;CPXPARAM_Simplex_DGradient=0;CPXPARAM_Simplex_Limits_Perturbation=0;CPXPARAM_Simplex_Limits_Singularity=10;CPXPARAM_Simplex_PGradient=0;CPXPARAM_Simplex_Pricing=0;CPXPARAM_Simplex_Refactor=0
16161850598833355401,0,CPXPARAM_Advance=1;CPXPARAM_Barrier_Algorithm=0;CPXPARAM_Barrier_ColNonzeros=0;CPXPARAM_Barrier_Crossover=0;CPXPARAM_Barrier_Limits_Corrections=-1;CPXPARAM_Barrier_Ordering=0;CPXPARAM_Barrier_StartAlg=1;CPXPARAM_Emphasis_MIP=5;CPXPARAM_Emphasis_Memory=0;CPXPARAM_Emphasis_Numerical=0;CPXPARAM_Feasopt_Mode=0;CPXPARAM_LPMethod=0;CPXPARAM_MIP_Cuts_Cliques=0;CPXPARAM_MIP_Cuts_Covers=0;CPXPARAM_MIP_Cuts_Disjunctive=0;CPXPARAM_MIP_Cuts_FlowCovers=1;CPXPARAM_MIP_Cuts_GUBCovers=0;CPXPARAM_MIP_Cuts_Gomory=0;CPXPARAM_MIP_Cuts_Implied=0;CPXPARAM_MIP_Cuts_MIRCut=0;CPXPARAM_MIP_Cuts_PathCut=0;CPXPARAM_MIP_Limits_AggForCut=3;CPXPARAM_MIP_Limits_CutPasses=0;CPXPARAM_MIP_Limits_CutsFactor=-1;CPXPARAM_MIP_Limits_GomoryCand=200;CPXPARAM_MIP_Limits_GomoryPass=0;CPXPARAM_MIP_Limits_Nodes=9223372036800000000;CPXPARAM_MIP_Limits_ProbeTime=60;CPXPARAM_MIP_Limits_RepairTries=0;CPXPARAM_MIP_Limits_StrongCand=10;CPXPARAM_MIP_Limits_StrongIt=0;CPXPARAM_MIP_OrderType=0;CPXPARAM_MIP_Strategy_BBInterval=7;CPXPARAM_MIP_Strategy_Branch=0;CPXPARAM_MIP_Strategy_Dive=0;CPXPARAM_MIP_Strategy_File=1;CPXPARAM_MIP_Strategy_HeuristicFreq=0;CPXPARAM_MIP_Strategy_LBHeur=0;CPXPARAM_MIP_Strategy_NodeSelect=1;CPXPARAM_MIP_Strategy_Order=1;CPXPARAM_MIP_Strategy_PresolveNode=0;CPXPARAM_MIP_Strategy_Probe=0;CPXPARAM_MIP_Strategy_RINSHeur=0;CPXPARAM_MIP_Strategy_StartAlgorithm=0;CPXPARAM_MIP_Strategy_SubAlgorithm=0;CPXPARAM_MIP_Strategy_VariableSelect=0;CPXPARAM_Network_NetFind=2;CPXPARAM_Network_Pricing=0;CPXPARAM_Parallel=1;CPXPARAM_Preprocessing_Aggregator=-1;CPXPARAM_Preprocessing_BoundStrength=-1;CPXPARAM_Preprocessing_CoeffReduce=-1;CPXPARAM_Preprocessing_Dependency=-1;CPXPARAM_Preprocessing_Dual=0;CPXPARAM_Preprocessing_Fill=10;CPXPARAM_Preprocessing_NumPass=-1;CPXPARAM_Preprocessing_Presolve=1;CPXPARAM_Preprocessing_QPMakePSD=1;CPXPARAM_Preprocessing_Reduce=3;CPXPARAM_Preprocessing_Relax=-1;CPXPARAM_Preprocessing_RepeatPresolve=-1;CPXPARAM_Preprocessing_Symmetry=-1;CPXPARAM_Read_Scale=0;CPXPARAM_Sifting_Algorithm=0;CPXPARAM_Simplex_Crash=1;CPXPARAM_Simplex_DGradient=0;CPXPARAM_Simplex_Limits_Perturbation=0;CPXPARAM_Simplex_Limits_Singularity=10;CPXPARAM_Simplex_PGradient=0;CPXPARAM_Simplex_Pricing=0;CPXPARAM_Simplex_Refactor=0
15678591378326429506,0,CPXPARAM_Advance=1;CPXPARAM_Barrier_Algorithm=0;CPXPARAM_Barrier_ColNonzeros=0;CPXPARAM_Barrier_Crossover=0;CPXPARAM_Barrier_Limits_Corrections=-1;CPXPARAM_Barrier_Ordering=0;CPXPARAM_Barrier_StartAlg=1;CPXPARAM_Emphasis_MIP=5;CPXPARAM_Emphasis_Memory=0;CPXPARAM_Emphasis_Numerical=0;CPXPARAM_Feasopt_Mode=0;CPXPARAM_LPMethod=0;CPXPARAM_MIP_Cuts_Cliques=0;CPXPARAM_MIP_Cuts_Covers=0;CPXPARAM_MIP_Cuts_Disjunctive=0;CPXPARAM_MIP_Cuts_FlowCovers=1;CPXPARAM_MIP_Cuts_GUBCovers=0;CPXPARAM_MIP_Cuts_Gomory=0;CPXPARAM_MIP_Cuts_Implied=0;CPXPARAM_MIP_Cuts_MIRCut=0;CPXPARAM_MIP_Cuts_PathCut=0;CPXPARAM_MIP_Limits_AggForCut=3;CPXPARAM_MIP_Limits_CutPasses=0;CPXPARAM_MIP_Limits_CutsFactor=-1;CPXPARAM_MIP_Limits_GomoryCand=200;CPXPARAM_MIP_Limits_GomoryPass=0;CPXPARAM_MIP_Limits_Nodes=9223372036800000000;CPXPARAM_MIP_Limits_ProbeTime=1e+75;CPXPARAM_MIP_Limits_RepairTries=0;CPXPARAM_MIP_Limits_StrongCand=10;CPXPARAM_MIP_Limits_StrongIt=0;CPXPARAM_MIP_OrderType=0;CPXPARAM_MIP_Strategy_BBInterval=7;CPXPARAM_MIP_Strategy_Branch=0;CPXPARAM_MIP_Strategy_Dive=0;CPXPARAM_MIP_Strategy_File=1;CPXPARAM_MIP_Strategy_HeuristicFreq=0;CPXPARAM_MIP_Strategy_LBHeur=0;CPXPARAM_MIP_Strategy_NodeSelect=1;CPXPARAM_MIP_Strategy_Order=1;CPXPARAM_MIP_Strategy_PresolveNode=0;CPXPARAM_MIP_Strategy_Probe=0;CPXPARAM_MIP_Strategy_RINSHeur=0;CPXPARAM_MIP_Strategy_StartAlgorithm=0;CPXPARAM_MIP_Strategy_SubAlgorithm=0;CPXPARAM_MIP_Strategy_VariableSelect=0;CPXPARAM_Network_NetFind=2;CPXPARAM_Network_Pricing=0;CPXPARAM_Parallel=1;CPXPARAM_Preprocessing_Aggregator=-1;CPXPARAM_Preprocessing_BoundStrength=-1;CPXPARAM_Preprocessing_CoeffReduce=-1;CPXPARAM_Preprocessing_Dependency=-1;CPXPARAM_Preprocessing_Dual=0;CPXPARAM_Preprocessing_Fill=10;CPXPARAM_Preprocessing_NumPass=-1;CPXPARAM_Preprocessing_Presolve=1;CPXPARAM_Preprocessing_QPMakePSD=1;CPXPARAM_Preprocessing_Reduce=2;CPXPARAM_Preprocessing_Relax=-1;CPXPARAM_Preprocessing_RepeatPresolve=-1;CPXPARAM_Preprocessing_Symmetry=-1;CPXPARAM_Read_Scale=0;CPXPARAM_Sifting_Algorithm=0;CPXPARAM_Simplex_Crash=1;CPXPARAM_Simplex_DGradient=0;CPXPARAM_Simplex_Limits_Perturbation=0;CPXPARAM_Simplex_Limits_Singularity=10;CPXPARAM_Simplex_PGradient=0;CPXPARAM_Simplex_Pricing=0;CPXPARAM_Simplex_Refactor=0
1495361650005185081,0,CPXPARAM_Advance=1;CPXPARAM_Barrier_Algorithm=0;CPXPARAM_Barrier_ColNonzeros=0;CPXPARAM_Barrier_Crossover=0;CPXPARAM_Barrier_Limits_Corrections=-1;CPXPARAM_Barrier_Ordering=0;CPXPARAM_Barrier_StartAlg=1;CPXPARAM_Emphasis_MIP=5;CPXPARAM_Emphasis_Memory=0;CPXPARAM_Emphasis_Numerical=0;CPXPARAM_Feasopt_Mode=0;CPXPARAM_LPMethod=0;CPXPARAM_MIP_Cuts_Cliques=0;CPXPARAM_MIP_Cuts_Covers=0;CPXPARAM_MIP_Cuts_Disjunctive=0;CPXPARAM_MIP_Cuts_FlowCovers=1;CPXPARAM_MIP_Cuts_GUBCovers=0;CPXPARAM_MIP_Cuts_Gomory=0;CPXPARAM_MIP_Cuts_Implied=0;CPXPARAM_MIP_Cuts_MIRCut=0;CPXPARAM_MIP_Cuts_PathCut=0;CPXPARAM_MIP_Limits_AggForCut=3;CPXPARAM_MIP_Limits_CutPasses=0;CPXPARAM_MIP_Limits_CutsFactor=-1;CPXPARAM_MIP_Limits_GomoryCand=200;CPXPARAM_MIP_Limits_GomoryPass=0;CPXPARAM_MIP_Limits_Nodes=9223372036800000000;CPXPARAM_MIP_Limits_ProbeTime=120;CPXPARAM_MIP_Limits_RepairTries=0;CPXPARAM_MIP_Limits_StrongCand=10;CPXPARAM_MIP_Limits_StrongIt=0;CPXPARAM_MIP_OrderType=0;CPXPARAM_MIP_Strategy_BBInterval=7;CPXPARAM_MIP_Strategy_Branch=0;CPXPARAM_MIP_Strategy_Dive=0;CPXPARAM_MIP_Strategy_File=1;CPXPARAM_MIP_Strategy_HeuristicFreq=0;CPXPARAM_MIP_Strategy_LBHeur=0;CPXPARAM_MIP_Strategy_NodeSelect=1;CPXPARAM_MIP_Strategy_Order=1;CPXPARAM_MIP_Strategy_PresolveNode=0;CPXPARAM_MIP_Strategy_Probe=0;CPXPARAM_MIP_Strategy_RINSHeur=0;CPXPARAM_MIP_Strategy_StartAlgorithm=0;CPXPARAM_MIP_Strategy_SubAlgorithm=0;CPXPARAM_MIP_Strategy_VariableSelect=0;CPXPARAM_Network_NetFind=2;CPXPARAM_Network_Pricing=0;CPXPARAM_Parallel=1;CPXPARAM_Preprocessing_Aggregator=-1;CPXPARAM_Preprocessing_BoundStrength=-1;CPXPARAM_Preprocessing_CoeffReduce=-1;CPXPARAM_Preprocessing_Dependency=-1;CPXPARAM_Preprocessing_Dual=0;CPXPARAM_Preprocessing_Fill=10;CPXPARAM_Preprocessing_NumPass=-1;CPXPARAM_Preprocessing_Presolve=1;CPXPARAM_Preprocessing_QPMakePSD=1;CPXPARAM_Preprocessing_Reduce=3;CPXPARAM_Preprocessing_Relax=-1;CPXPARAM_Preprocessing_RepeatPresolve=-1;CPXPARAM_Preprocessing_Symmetry=-1;CPXPARAM_Read_Scale=0;CPXPARAM_Sifting_Algorithm=0;CPXPARAM_Simplex_Crash=1;CPXPARAM_Simplex_DGradient=0;CPXPARAM_Simplex_Limits_Perturbation=0;CPXPARAM_Simplex_Limits_Singularity=10;CPXPARAM_Simplex_PGradient=0;CPXPARAM_Simplex_Pricing=0;CPXPARAM_Simplex_Refactor=0
12014517792101002388,0,CPXPARAM_Advance=1;CPXPARAM_Barrier_Algorithm=0;CPXPARAM_Barrier_ColNonzeros=0;CPXPARAM_Barrier_Crossover=0;CPXPARAM_Barrier_Limits_Corrections=-1;CPXPARAM_Barrier_Ordering=0;CPXPARAM_Barrier_StartAlg=1;CPXPARAM_Emphasis_MIP=5;CPXPARAM_Emphasis_Memory=0;CPXPARAM_Emphasis_Numerical=0;CPXPARAM_Feasopt_Mode=0;CPXPARAM_LPMethod=0;CPXPARAM_MIP_Cuts_Cliques=0;CPXPARAM_MIP_Cuts_Covers=0;CPXPARAM_MIP_Cuts_Disjunctive=0;CPXPARAM_MIP_Cuts_FlowCovers=1;CPXPARAM_MIP_Cuts_GUBCovers=0;CPXPARAM_MIP_Cuts_Gomory=0;CPXPARAM_MIP_Cuts_Implied=0;CPXPARAM_MIP_Cuts_MIRCut=0;CPXPARAM_MIP_Cuts_PathCut=0;CPXPARAM_MIP_Limits_AggForCut=3;CPXPARAM_MIP_Limits_CutPasses=0;CPXPARAM_MIP_Limits_CutsFactor=-1;CPXPARAM_MIP_Limits_GomoryCand=200;CPXPARAM_MIP_Limits_GomoryPass=0;CPXPARAM_MIP_Limits_Nodes=9223372036800000000;CPXPARAM_MIP_Limits_ProbeTime=1e+75;CPXPARAM_MIP_Limits_RepairTries=0;CPXPARAM_MIP_Limits_StrongCand=10;CPXPARAM_MIP_Limits_StrongIt=0;CPXPARAM_MIP_OrderType=0;CPXPARAM_MIP_Strategy_BBInterval=7;CPXPARAM_MIP_Strategy_Branch=0;CPXPARAM_MIP_Strategy_Dive=0;CPXPARAM_MIP_Strategy_File=1;CPXPARAM_MIP_Strategy_HeuristicFreq=0;CPXPARAM_MIP_Strategy_LBHeur=0;CPXPARAM_MIP_Strategy_NodeSelect=1;CPXPARAM_MIP_Strategy_Order=1;CPXPARAM_MIP_Strategy_PresolveNode=0;CPXPARAM_MIP_Strategy_Probe=0;CPXPARAM_MIP_Strategy_RINSHeur=0;CPXPARAM_MIP_Strategy_StartAlgorithm=0;CPXPARAM_MIP_Strategy_SubAlgorithm=0;CPXPARAM_MIP_Strategy_VariableSelect=0;CPXPARAM_Network_NetFind=2;CPXPARAM_Network_Pricing=0;CPXPARAM_Parallel=1;CPXPARAM_Preprocessing_Aggregator=-1;CPXPARAM_Preprocessing_BoundStrength=-1;CPXPARAM_Preprocessing_CoeffReduce=-1;CPXPARAM_Preprocessing_Dependency=3;CPXPARAM_Preprocessing_Dual=0;CPXPARAM_Preprocessing_Fill=10;CPXPARAM_Preprocessing_NumPass=-1;CPXPARAM_Preprocessing_Presolve=1;CPXPARAM_Preprocessing_QPMakePSD=1;CPXPARAM_Preprocessing_Reduce=3;CPXPARAM_Preprocessing_Relax=-1;CPXPARAM_Preprocessing_RepeatPresolve=-1;CPXPARAM_Preprocessing_Symmetry=-1;CPXPARAM_Read_Scale=0;CPXPARAM_Sifting_Algorithm=0;CPXPARAM_Simplex_Crash=1;CPXPARAM_Simplex_DGradient=0;CPXPARAM_Simplex_Limits_Perturbation=0;CPXPARAM_Simplex_Limits_Singularity=10;CPXPARAM_Simplex_PGradient=0;CPXPARAM_Simplex_Pricing=0;CPXPARAM_Simplex_Refactor=0
15257086194759395275,0,CPXPARAM_Advance=1;CPXPARAM_Barrier_Algorithm=0;CPXPARAM_Barrier_ColNonzeros=0;CPXPARAM_Barrier_Crossover=0;CPXPARAM_Barrier_Limits_Corrections=-1;CPXPARAM_Barrier_Ordering=0;CPXPARAM_Barrier_StartAlg=1;CPXPARAM_Emphasis_MIP=5;CPXPARAM_Emphasis_Memory=0;CPXPARAM_Emphasis_Numerical=0;CPXPARAM_Feasopt_Mode=0;CPXPARAM_LPMethod=0;CPXPARAM_MIP_Cuts_Cliques=0;CPXPARAM_MIP_Cuts_Covers=0;CPXPARAM_MIP_Cuts_Disjunctive=0;CPXPARAM_MIP_Cuts_FlowCovers=1;CPXPARAM_MIP_Cuts_GUBCovers=0;CPXPARAM_MIP_Cuts_Gomory=0;CPXPARAM_MIP_Cuts_Implied=0;CPXPARAM_MIP_Cuts_MIRCut=0;CPXPARAM_MIP_Cuts_PathCut=0;CPXPARAM_MIP_Limits_AggForCut=3;CPXPARAM_MIP_Limits_CutPasses=0;CPXPARAM_MIP_Limits_CutsFactor=-1;CPXPARAM_MIP_Limits_GomoryCand=200;CPXPARAM_MIP_Limits_GomoryPass=0;CPXPARAM_MIP_Limits_Nodes=9223372036800000000;CPXPARAM_MIP_Limits_ProbeTime=1e+75;CPXPARAM_MIP_Limits_RepairTries=0;CPXPARAM_MIP_Limits_StrongCand=10;CPXPARAM_MIP_Limits_StrongIt=0;CPXPARAM_MIP_OrderType=0;CPXPARAM_MIP_Strategy_BBInterval=7;CPXPARAM_MIP_Strategy_Branch=0;CPXPARAM_MIP_Strategy_Dive=0;CPXPARAM_MIP_Strategy_File=1;CPXPARAM_MIP_Strategy_HeuristicFreq=100;CPXPARAM_MIP_Strategy_LBHeur=0;CPXPARAM_MIP_Strategy_NodeSelect=1;CPXPARAM_MIP_Strategy_Order=1;CPXPARAM_MIP_Strategy_PresolveNode=0;CPXPARAM_MIP_Strategy_Probe=0;CPXPARAM_MIP_Strategy_RINSHeur=0;CPXPARAM_MIP_Strategy_StartAlgorithm=0;CPXPARAM_MIP_Strategy_SubAlgorithm=0;CPXPARAM_MIP_Strategy_VariableSelect=0;CPXPARAM_Network_NetFind=2;CPXPARAM_Network_Pricing=0;CPXPARAM_Parallel=1;CPXPARAM_Preprocessing_Aggregator=-1;CPXPARAM_Preprocessing_BoundStrength=-1;CPXPARAM_Preprocessing_CoeffReduce=-1;CPXPARAM_Preprocessing_Dependency=-1;CPXPARAM_Preprocessing_Dual=0;CPXPARAM_Preprocessing_Fill=10;CPXPARAM_Preprocessing_NumPass=-1;CPXPARAM_Preprocessing_Presolve=1;CPXPARAM_Preprocessing_QPMakePSD=1;CPXPARAM_Preprocessing_Reduce=3;CPXPARAM_Preprocessing_Relax=-1;CPXPARAM_Preprocessing_RepeatPresolve=-1;CPXPARAM_Preprocessing_Symmetry=-1;CPXPARAM_Read_Scale=0;CPXPARAM_Sifting_Algorithm=0;CPXPARAM_Simplex_Crash=1;CPXPARAM_Simplex_DGradient=0;CPXPARAM_Simplex_Limits_Perturbation=0;CPXPARAM_Simplex_Limits_Singularity=10;CPXPARAM_Simplex_PGradient=0;CPXPARAM_Simplex_Pricing=0;CPXPARAM_Simplex_Refactor=0
13661489740016289706,0,CPXPARAM_Advance=1;CPXPARAM_Barrier_Algorithm=0;CPXPARAM_Barrier_ColNonzeros=0;CPXPARAM_Barrier_Crossover=0;CPXPARAM_Barrier_Limits_Corrections=-1;CPXPARAM_Barrier_Ordering=0;CPXPARAM_Barrier_StartAlg=1;CPXPARAM_Emphasis_MIP=5;CPXPARAM_Emphasis_Memory=0;CPXPARAM_Emphasis_Numerical=0;CPXPARAM_Feasopt_Mode=0;CPXPARAM_LPMethod=0;CPXPARAM_MIP_Cuts_Cliques=0;CPXPARAM_MIP_Cuts_Covers=0;CPXPARAM_MIP_Cuts_Disjunctive=2;CPXPARAM_MIP_Cuts_FlowCovers=-1;CPXPARAM_MIP_Cuts_GUBCovers=2;CPXPARAM_MIP_Cuts_Gomory=0;CPXPARAM_MIP_Cuts_Implied=1;CPXPARAM_MIP_Cuts_MIRCut=-1;CPXPARAM_MIP_Cuts_PathCut=2;CPXPARAM_MIP_Limits_AggForCut=3;CPXPARAM_MIP_Limits_CutPasses=0;CPXPARAM_MIP_Limits_CutsFactor=-1;CPXPARAM_MIP_Limits_GomoryCand=200;CPXPARAM_MIP_Limits_GomoryPass=0;CPXPARAM_MIP_Limits_Nodes=9223372036800000000;CPXPARAM_MIP_Limits_ProbeTime=1e+75;CPXPARAM_MIP_Limits_RepairTries=0;CPXPARAM_MIP_Limits_StrongCand=10;CPXPARAM_MIP_Limits_StrongIt=0;CPXPARAM_MIP_OrderType=0;CPXPARAM_MIP_Strategy_BBInterval=7;CPXPARAM_MIP_Strategy_Branch=0;CPXPARAM_MIP_Strategy_Dive=0;CPXPARAM_MIP_Strategy_File=1;CPXPARAM_MIP_Strategy_HeuristicFreq=0;CPXPARAM_MIP_Strategy_LBHeur=0;CPXPARAM_MIP_Strategy_NodeSelect=1;CPXPARAM_MIP_Strategy_Order=1;CPXPARAM_MIP_Strategy_PresolveNode=0;CPXPARAM_MIP_Strategy_Probe=0;CPXPARAM_MIP_Strategy_RINSHeur=0;CPXPARAM_MIP_Strategy_StartAlgorithm=0;CPXPARAM_MIP_Strategy_SubAlgorithm=0;CPXPARAM_MIP_Strategy_VariableSelect=0;CPXPARAM_Network_NetFind=2;CPXPARAM_Network_Pricing=0;CPXPARAM_Parallel=1;CPXPARAM_Preprocessing_Aggregator=-1;CPXPARAM_Preprocessing_BoundStrength=-1;CPXPARAM_Preprocessing_CoeffReduce=-1;CPXPARAM_Preprocessing_Dependency=-1;CPXPARAM_Preprocessing_Dual=0;CPXPARAM_Preprocessing_Fill=10;CPXPARAM_Preprocessing_NumPass=-1;CPXPARAM_Preprocessing_Presolve=1;CPXPARAM_Preprocessing_QPMakePSD=1;CPXPARAM_Preprocessing_Reduce=3;CPXPARAM_Preprocessing_Relax=-1;CPXPARAM_Preprocessing_RepeatPresolve=-1;CPXPARAM_Preprocessing_Symmetry=-1;CPXPARAM_Read_Scale=0;CPXPARAM_Sifting_Algorithm=0;CPXPARAM_Simplex_Crash=1;CPXPARAM_Simplex_DGradient=0;CPXPARAM_Simplex_Limits_Perturbation=0;CPXPARAM_Simplex_Limits_Singularity=10;CPXPARAM_Simplex_PGradient=0;CPXPARAM_Simplex_Pricing=0;CPXPARAM_Simplex_Refactor=0
11540874467784231755,0,CPXPARAM_Advance=1;CPXPARAM_Barrier_Algorithm=0;CPXPARAM_Barrier_ColNonzeros=0;CPXPARAM_Barrier_Crossover=0;CPXPARAM_Barrier_Limits_Corrections=-1;CPXPARAM_Barrier_Ordering=0;CPXPARAM_Barrier_StartAlg=1;CPXPARAM_Emphasis_MIP=5;CPXPARAM_Emphasis_Memory=0;CPXPARAM_Emphasis_Numerical=0;CPXPARAM_Feasopt_Mode=0;CPXPARAM_LPMethod=0;CPXPARAM_MIP_Cuts_Cliques=0;CPXPARAM_MIP_Cuts_Covers=0;CPXPARAM_MIP_Cuts_Disjunctive=0;CPXPARAM_MIP_Cuts_FlowCovers=1;CPXPARAM_MIP_Cuts_GUBCovers=0;CPXPARAM_MIP_Cuts_Gomory=0;CPXPARAM_MIP_Cuts_Implied=0;CPXPARAM_MIP_Cuts_MIRCut=0;CPXPARAM_MIP_Cuts_PathCut=0;CPXPARAM_MIP_Limits_AggForCut=3;CPXPARAM_MIP_Limits_CutPasses=0;CPXPARAM_MIP_Limits_CutsFactor=-1;CPXPARAM_MIP_Limits_GomoryCand=200;CPXPARAM_MIP_Limits_GomoryPass=0;CPXPARAM_MIP_Limits_Nodes=9223372036800000000;CPXPARAM_MIP_Limits_ProbeTime=1e+75;CPXPARAM_MIP_Limits_RepairTries=0;CPXPARAM_MIP_Limits_StrongCand=10;CPXPARAM_MIP_Limits_StrongIt=0;CPXPARAM_MIP_OrderType=0;CPXPARAM_MIP_Strategy_BBInterval=7;CPXPARAM_MIP_Strategy_Branch=0;CPXPARAM_MIP_Strategy_Dive=0;CPXPARAM_MIP_Strategy_File=1;CPXPARAM_MIP_Strategy_HeuristicFreq=0;CPXPARAM_MIP_Strategy_LBHeur=0;CPXPARAM_MIP_Strategy_NodeSelect=1;CPXPARAM_MIP_Strategy_Order=1;CPXPARAM_MIP_Strategy_PresolveNode=0;CPXPARAM_MIP_Strategy_Probe=0;CPXPARAM_MIP_Strategy_RINSHeur=0;CPXPARAM_MIP_Strategy_StartAlgorithm=1;CPXPARAM_MIP_Strategy_SubAlgorithm=0;CPXPARAM_MIP_Strategy_VariableSelect=0;CPXPARAM_Network_NetFind=2;CPXPARAM_Network_Pricing=0;CPXPARAM_Parallel=1;CPXPARAM_Preprocessing_Aggregator=-1;CPXPARAM_Preprocessing_BoundStrength=-1;CPXPARAM_Preprocessing_CoeffReduce=-1;CPXPARAM_Preprocessing_Dependency=-1;CPXPARAM_Preprocessing_Dual=0;CPXPARAM_Preprocessing_Fill=10;CPXPARAM_Preprocessing_NumPass=-1;CPXPARAM_Preprocessing_Presolve=1;CPXPARAM_Preprocessing_QPMakePSD=1;CPXPARAM_Preprocessing_Reduce=3;CPXPARAM_Preprocessing_Relax=-1;CPXPARAM_Preprocessing_RepeatPresolve=-1;CPXPARAM_Preprocessing_Symmetry=-1;CPXPARAM_Read_Scale=0;CPXPARAM_Sifting_Algorithm=0;CPXPARAM_Simplex_Crash=1;CPXPARAM_Simplex_DGradient=0;CPXPARAM_Simplex_Limits_Perturbation=0;CPXPARAM_Simplex_Limits_Singularity=10;CPXPARAM_Simplex_PGradient=0;CPXPARAM_Simplex_Pricing=0;CPXPARAM_Simplex_Refactor=0
14662779378821778813,0,CPXPARAM_Advance=1;CPXPARAM_Barrier_Algorithm=0;CPXPARAM_Barrier_ColNonzeros=0;CPXPARAM_Barrier_Crossover=0;CPXPARAM_Barrier_Limits_Corrections=-1;CPXPARAM_Barrier_Ordering=0;CPXPARAM_Barrier_StartAlg=1;CPXPARAM_Emphasis_MIP=5;CPXPARAM_Emphasis_Memory=0;CPXPARAM_Emphasis_Numerical=0;CPXPARAM_Feasopt_Mode=0;CPXPARAM_LPMethod=0;CPXPARAM_MIP_Cuts_Cliques=0;CPXPARAM_MIP_Cuts_Covers=0;CPXPARAM_MIP_Cuts_Disjunctive=0;CPXPARAM_MIP_Cuts_FlowCovers=1;CPXPARAM_MIP_Cuts_GUBCovers=0;CPXPARAM_MIP_Cuts_Gomory=0;CPXPARAM_MIP_Cuts_Implied=0;CPXPARAM_MIP_Cuts_MIRCut=0;CPXPARAM_MIP_Cuts_PathCut=0;CPXPARAM_MIP_Limits_AggForCut=3;CPXPARAM_MIP_Limits_CutPasses=0;CPXPARAM_MIP_Limits_CutsFactor=-1;CPXPARAM_MIP_Limits_GomoryCand=200;CPXPARAM_MIP_Limits_GomoryPass=0;CPXPARAM_MIP_Limits_Nodes=9223372036800000000;CPXPARAM_MIP_Limits_ProbeTime=1e+75;CPXPARAM_MIP_Limits_RepairTries=0;CPXPARAM_MIP_Limits_StrongCand=10;CPXPARAM_MIP_Limits_StrongIt=0;CPXPARAM_MIP_OrderType=3;CPXPARAM_MIP_Strategy_BBInterval=7;CPXPARAM_MIP_Strategy_Branch=0;CPXPARAM_MIP_Strategy_Dive=0;CPXPARAM_MIP_Strategy_File=1;CPXPARAM_MIP_Strategy_HeuristicFreq=0;CPXPARAM_MIP_Strategy_LBHeur=0;CPXPARAM_MIP_Strategy_NodeSelect=1;CPXPARAM_MIP_Strategy_Order=1;CPXPARAM_MIP_Strategy_PresolveNode=0;CPXPARAM_MIP_Strategy_Probe=0;CPXPARAM_MIP_Strategy_RINSHeur=0;CPXPARAM_MIP_Strategy_StartAlgorithm=0;CPXPARAM_MIP_Strategy_SubAlgorithm=0;CPXPARAM_MIP_Strategy_VariableSelect=0;CPXPARAM_Network_NetFind=2;CPXPARAM_Network_Pricing=0;CPXPARAM_Parallel=1;CPXPARAM_Preprocessing_Aggregator=-1;CPXPARAM_Preprocessing_BoundStrength=-1;CPXPARAM_Preprocessing_CoeffReduce=-1;CPXPARAM_Preprocessing_Dependency=-1;CPXPARAM_Preprocessing_Dual=0;CPXPARAM_Preprocessing_Fill=10;CPXPARAM_Preprocessing_NumPass=-1;CPXPARAM_Preprocessing_Presolve=1;CPXPARAM_Preprocessing_QPMakePSD=1;CPXPARAM_Preprocessing_Reduce=3;CPXPARAM_Preprocessing_Relax=-1;CPXPARAM_Preprocessing_RepeatPresolve=-1;CPXPARAM_Preprocessing_Symmetry=-1;CPXPARAM_Read_Scale=0;CPXPARAM_Sifting_Algorithm=0;CPXPARAM_Simplex_Crash=1;CPXPARAM_Simplex_DGradient=0;CPXPARAM_Simplex_Limits_Perturbation=0;CPXPARAM_Simplex_Limits_Singularity=10;CPXPARAM_Simplex_PGradient=0;CPXPARAM_Simplex_Pricing=0;CPXPARAM_Simplex_Refactor=0
5283487089192296200,0,CPXPARAM_Advance=1;CPXPARAM_Barrier_Algorithm=0;CPXPARAM_Barrier_ColNonzeros=0;CPXPARAM_Barrier_Crossover=0;CPXPARAM_Barrier_Limits_Corrections=-1;CPXPARAM_Barrier_Ordering=0;CPXPARAM_Barrier_StartAlg=1;CPXPARAM_Emphasis_MIP=5;CPXPARAM_Emphasis_Memory=0;CPXPARAM_Emphasis_Numerical=0;CPXPARAM_Feasopt_Mode=0;CPXPARAM_LPMethod=0;CPXPARAM_MIP_Cuts_Cliques=0;CPXPARAM_MIP_Cuts_Covers=0;CPXPARAM_MIP_Cuts_Disjunctive=0;CPXPARAM_MIP_Cuts_FlowCovers=1;CPXPARAM_MIP_Cuts_GUBCovers=0;CPXPARAM_MIP_Cuts_Gomory=0;CPXPARAM_MIP_Cuts_Implied=0;CPXPARAM_MIP_Cuts_MIRCut=0;CPXPARAM_MIP_Cuts_PathCut=0;CPXPARAM_MIP_Limits_AggForCut=3;CPXPARAM_MIP_Limits_CutPasses=0;CPXPARAM_MIP_Limits_CutsFactor=-1;CPXPARAM_MIP_Limits_GomoryCand=200;CPXPARAM_MIP_Limits_GomoryPass=0;CPXPARAM_MIP_Limits_Nodes=9223372036800000000;CPXPARAM_MIP_Limits_ProbeTime=240;CPXPARAM_MIP_Limits_RepairTries=0;CPXPARAM_MIP_Limits_StrongCand=10;CPXPARAM_MIP_Limits_StrongIt=0;CPXPARAM_MIP_OrderType=0;CPXPARAM_MIP_Strategy_BBInterval=7;CPXPARAM_MIP_Strategy_Branch=0;CPXPARAM_MIP_Strategy_Dive=0;CPXPARAM_MIP_Strategy_File=1;CPXPARAM_MIP_Strategy_HeuristicFreq=0;CPXPARAM_MIP_Strategy_LBHeur=0;CPXPARAM_MIP_Strategy_NodeSelect=1;CPXPARAM_MIP_Strategy_Order=1;CPXPARAM_MIP_Strategy_PresolveNode=0;CPXPARAM_MIP_Strategy_Probe=0;CPXPARAM_MIP_Strategy_RINSHeur=0;CPXPARAM_MIP_Strategy_StartAlgorithm=0;CPXPARAM_MIP_Strategy_SubAlgorithm=0;CPXPARAM_MIP_Strategy_VariableSelect=0;CPXPARAM_Network_NetFind=2;CPXPARAM_Network_Pricing=0;CPXPARAM_Parallel=1;CPXPARAM_Preprocessing_Aggregator=-1;CPXPARAM_Preprocessing_BoundStrength=-1;CPXPARAM_Preprocessing_CoeffReduce=-1;CPXPARAM_Preprocessing_Dependency=-1;CPXPARAM_Preprocessing_Dual=0;CPXPARAM_Preprocessing_Fill=10;CPXPARAM_Preprocessing_NumPass=-1;CPXPARAM_Preprocessing_Presolve=1;CPXPARAM_Preprocessing_QPMakePSD=1;CPXPARAM_Preprocessing_Reduce=3;CPXPARAM_Preprocessing_Relax=-1;CPXPARAM_Preprocessing_RepeatPresolve=-1;CPXPARAM_Preprocessing_Symmetry=-1;CPXPARAM_Read_Scale=0;CPXPARAM_Sifting_Algorithm=0;CPXPARAM_Simplex_Crash=1;CPXPARAM_Simplex_DGradient=0;CPXPARAM_Simplex_Limits_Perturbation=0;CPXPARAM_Simplex_Limits_Singularity=10;CPXPARAM_Simplex_PGradient=0;CPXPARAM_Simplex_Pricing=0;CPXPARAM_Simplex_Refactor=0
15166510341731800902,0,CPXPARAM_Advance=1;CPXPARAM_Barrier_Algorithm=0;CPXPARAM_Barrier_ColNonzeros=0;CPXPARAM_Barrier_Crossover=0;CPXPARAM_Barrier_Limits_Corrections=-1;CPXPARAM_Barrier_Ordering=0;CPXPARAM_Barrier_StartAlg=1;CPXPARAM_Emphasis_MIP=1;CPXPARAM_Emphasis_Memory=0;CPXPARAM_Emphasis_Numerical=0;CPXPARAM_Feasopt_Mode=0;CPXPARAM_LPMethod=0;CPXPARAM_MIP_Cuts_Cliques=2;CPXPARAM_MIP_Cuts_Covers=0;CPXPARAM_MIP_Cuts_Disjunctive=0;CPXPARAM_MIP_Cuts_FlowCovers=-1;CPXPARAM_MIP_Cuts_GUBCovers=2;CPXPARAM_MIP_Cuts_Gomory=2;CPXPARAM_MIP_Cuts_Implied=-1;CPXPARAM_MIP_Cuts_MIRCut=2;CPXPARAM_MIP_Cuts_PathCut=2;CPXPARAM_MIP_Limits_AggForCut=3;CPXPARAM_MIP_Limits_CutPasses=0;CPXPARAM_MIP_Limits_CutsFactor=-1;CPXPARAM_MIP_Limits_GomoryCand=100;CPXPARAM_MIP_Limits_GomoryPass=0;CPXPARAM_MIP_Limits_Nodes=9223372036800000000;CPXPARAM_MIP_Limits_ProbeTime=1e+75;CPXPARAM_MIP_Limits_RepairTries=0;CPXPARAM_MIP_Limits_StrongCand=10;CPXPARAM_MIP_Limits_StrongIt=0;CPXPARAM_MIP_OrderType=0;CPXPARAM_MIP_Strategy_BBInterval=7;CPXPARAM_MIP_Strategy_Branch=0;CPXPARAM_MIP_Strategy_Dive=0;CPXPARAM_MIP_Strategy_File=1;CPXPARAM_MIP_Strategy_HeuristicFreq=0;CPXPARAM_MIP_Strategy_LBHeur=0;CPXPARAM_MIP_Strategy_NodeSelect=1;CPXPARAM_MIP_Strategy_Order=1;CPXPARAM_MIP_Strategy_PresolveNode=0;CPXPARAM_MIP_Strategy_Probe=0;CPXPARAM_MIP_Strategy_RINSHeur=0;CPXPARAM_MIP_Strategy_StartAlgorithm=0;CPXPARAM_MIP_Strategy_SubAlgorithm=0;CPXPARAM_MIP_Strategy_VariableSelect=0;CPXPARAM_Network_NetFind=2;CPXPARAM_Network_Pricing=0;CPXPARAM_Parallel=1;CPXPARAM_Preprocessing_Aggregator=-1;CPXPARAM_Preprocessing_BoundStrength=-1;CPXPARAM_Preprocessing_CoeffReduce=-1;CPXPARAM_Preprocessing_Dependency=-1;CPXPARAM_Preprocessing_Dual=-1;CPXPARAM_Preprocessing_Fill=10;CPXPARAM_Preprocessing_NumPass=-1;CPXPARAM_Preprocessing_Presolve=1;CPXPARAM_Preprocessing_QPMakePSD=1;CPXPARAM_Preprocessing_Reduce=3;CPXPARAM_Preprocessing_Relax=-1;CPXPARAM_Preprocessing_RepeatPresolve=-1;CPXPARAM_Preprocessing_Symmetry=-1;CPXPARAM_Read_Scale=0;CPXPARAM_Sifting_Algorithm=0;CPXPARAM_Simplex_Crash=1;CPXPARAM_Simplex_DGradient=0;CPXPARAM_Simplex_Limits_Perturbation=0;CPXPARAM_Simplex_Limits_Singularity=10;CPXPARAM_Simplex_PGradient=2;CPXPARAM_Simplex_Pricing=0;CPXPARAM_Simplex_Refactor=0
1770900580827900102,0,CPXPARAM_Advance=1;CPXPARAM_Barrier_Algorithm=0;CPXPARAM_Barrier_ColNonzeros=0;CPXPARAM_Barrier_Crossover=0;CPXPARAM_Barrier_Limits_Corrections=-1;CPXPARAM_Barrier_Ordering=0;CPXPARAM_Barrier_StartAlg=1;CPXPARAM_Emphasis_MIP=5;CPXPARAM_Emphasis_Memory=0;CPXPARAM_Emphasis_Numerical=0;CPXPARAM_Feasopt_Mode=0;CPXPARAM_LPMethod=0;CPXPARAM_MIP_Cuts_Cliques=0;CPXPARAM_MIP_Cuts_Covers=0;CPXPARAM_MIP_Cuts_Disjunctive=0;CPXPARAM_MIP_Cuts_FlowCovers=1;CPXPARAM_MIP_Cuts_GUBCovers=0;CPXPARAM_MIP_Cuts_Gomory=0;CPXPARAM_MIP_Cuts_Implied=0;CPXPARAM_MIP_Cuts_MIRCut=0;CPXPARAM_MIP_Cuts_PathCut=0;CPXPARAM_MIP_Limits_AggForCut=3;CPXPARAM_MIP_Limits_CutPasses=0;CPXPARAM_MIP_Limits_CutsFactor=16;CPXPARAM_MIP_Limits_GomoryCand=200;CPXPARAM_MIP_Limits_GomoryPass=0;CPXPARAM_MIP_Limits_Nodes=9223372036800000000;CPXPARAM_MIP_Limits_ProbeTime=1e+75;CPXPARAM_MIP_Limits_RepairTries=0;CPXPARAM_MIP_Limits_StrongCand=10;CPXPARAM_MIP_Limits_StrongIt=0;CPXPARAM_MIP_OrderType=0;CPXPARAM_MIP_Strategy_BBInterval=7;CPXPARAM_MIP_Strategy_Branch=0;CPXPARAM_MIP_Strategy_Dive=0;CPXPARAM_MIP_Strategy_File=1;CPXPARAM_MIP_Strategy_HeuristicFreq=0;CPXPARAM_MIP_Strategy_LBHeur=0;CPXPARAM_MIP_Strategy_NodeSelect=1;CPXPARAM_MIP_Strategy_Order=1;CPXPARAM_MIP_Strategy_PresolveNode=0;CPXPARAM_MIP_Strategy_Probe=0;CPXPARAM_MIP_Strategy_RINSHeur=0;CPXPARAM_MIP_Strategy_StartAlgorithm=0;CPXPARAM_MIP_Strategy_SubAlgorithm=0;CPXPARAM_MIP_Strategy_VariableSelect=0;CPXPARAM_Network_NetFind=2;CPXPARAM_Network_Pricing=0;CPXPARAM_Parallel=1;CPXPARAM_Preprocessing_Aggregator=-1;CPXPARAM_Preprocessing_BoundStrength=-1;CPXPARAM_Preprocessing_CoeffReduce=-1;CPXPARAM_Preprocessing_Dependency=-1;CPXPARAM_Preprocessing_Dual=0;CPXPARAM_Preprocessing_Fill=10;CPXPARAM_Preprocessing_NumPass=-1;CPXPARAM_Preprocessing_Presolve=1;CPXPARAM_Preprocessing_QPMakePSD=1;CPXPARAM_Preprocessing_Reduce=3;CPXPARAM_Preprocessing_Relax=-1;CPXPARAM_Preprocessing_RepeatPresolve=-1;CPXPARAM_Preprocessing_Symmetry=-1;CPXPARAM_Read_Scale=0;CPXPARAM_Sifting_Algorithm=0;CPXPARAM_Simplex_Crash=1;CPXPARAM_Simplex_DGradient=0;CPXPARAM_Simplex_Limits_Perturbation=0;CPXPARAM_Simplex_Limits_Singularity=10;CPXPARAM_Simplex_PGradient=0;CPXPARAM_Simplex_Pricing=0;CPXPARAM_Simplex_Refactor=0
13304666149763774198,0,CPXPARAM_Advance=1;CPXPARAM_Barrier_Algorithm=0;CPXPARAM_Barrier_ColNonzeros=0;CPXPARAM_Barrier_Crossover=0;CPXPARAM_Barrier_Limits_Corrections=-1;CPXPARAM_Barrier_Ordering=0;CPXPARAM_Barrier_StartAlg=1;CPXPARAM_Emphasis_MIP=5;CPXPARAM_Emphasis_Memory=0;CPXPARAM_Emphasis_Numerical=0;CPXPARAM_Feasopt_Mode=0;CPXPARAM_LPMethod=0;CPXPARAM_MIP_Cuts_Cliques=0;CPXPARAM_MIP_Cuts_Covers=0;CPXPARAM_MIP_Cuts_Disjunctive=0;CPXPARAM_MIP_Cuts_FlowCovers=1;CPXPARAM_MIP_Cuts_GUBCovers=0;CPXPARAM_MIP_Cuts_Gomory=0;CPXPARAM_MIP_Cuts_Implied=0;CPXPARAM_MIP_Cuts_MIRCut=0;CPXPARAM_MIP_Cuts_PathCut=0;CPXPARAM_MIP_Limits_AggForCut=3;CPXPARAM_MIP_Limits_CutPasses=0;CPXPARAM_MIP_Limits_CutsFactor=-1;CPXPARAM_MIP_Limits_GomoryCand=200;CPXPARAM_MIP_Limits_GomoryPass=0;CPXPARAM_MIP_Limits_Nodes=9223372036800000000;CPXPARAM_MIP_Limits_ProbeTime=1e+75;CPXPARAM_MIP_Limits_RepairTries=0;CPXPARAM_MIP_Limits_StrongCand=10;CPXPARAM_MIP_Limits_StrongIt=0;CPXPARAM_MIP_OrderType=0;CPXPARAM_MIP_Strategy_BBInterval=7;CPXPARAM_MIP_Strategy_Branch=0;CPXPARAM_MIP_Strategy_Dive=0;CPXPARAM_MIP_Strategy_File=1;CPXPARAM_MIP_Strategy_HeuristicFreq=0;CPXPARAM_MIP_Strategy_LBHeur=0;CPXPARAM_MIP_Strategy_NodeSelect=1;CPXPARAM_MIP_Strategy_Order=1;CPXPARAM_MIP_Strategy_PresolveNode=0;CPXPARAM_MIP_Strategy_Probe=0;CPXPARAM_MIP_Strategy_RINSHeur=60;CPXPARAM_MIP_Strategy_StartAlgorithm=0;CPXPARAM_MIP_Strategy_SubAlgorithm=0;CPXPARAM_MIP_Strategy_VariableSelect=0;CPXPARAM_Network_NetFind=2;CPXPARAM_Network_Pricing=0;CPXPARAM_Parallel=1;CPXPARAM_Preprocessing_Aggregator=-1;CPXPARAM_Preprocessing_BoundStrength=-1;CPXPARAM_Preprocessing_CoeffReduce=-1;CPXPARAM_Preprocessing_Dependency=-1;CPXPARAM_Preprocessing_Dual=0;CPXPARAM_Preprocessing_Fill=10;CPXPARAM_Preprocessing_NumPass=-1;CPXPARAM_Preprocessing_Presolve=1;CPXPARAM_Preprocessing_QPMakePSD=1;CPXPARAM_Preprocessing_Reduce=3;CPXPARAM_Preprocessing_Relax=-1;CPXPARAM_Preprocessing_RepeatPresolve=-1;CPXPARAM_Preprocessing_Symmetry=-1;CPXPARAM_Read_Scale=0;CPXPARAM_Sifting_Algorithm=0;CPXPARAM_Simplex_Crash=1;CPXPARAM_Simplex_DGradient=0;CPXPARAM_Simplex_Limits_Perturbation=0;CPXPARAM_Simplex_Limits_Singularity=10;CPXPARAM_Simplex_PGradient=0;CPXPARAM_Simplex_Pricing=0;CPXPARAM_Simplex_Refactor=0
2242405968072782326,0,CPXPARAM_Advance=1;CPXPARAM_Barrier_Algorithm=0;CPXPARAM_Barrier_ColNonzeros=0;CPXPARAM_Barrier_Crossover=0;CPXPARAM_Barrier_Limits_Corrections=-1;CPXPARAM_Barrier_Ordering=0;CPXPARAM_Barrier_StartAlg=1;CPXPARAM_Emphasis_MIP=5;CPXPARAM_Emphasis_Memory=0;CPXPARAM_Emphasis_Numerical=0;CPXPARAM_Feasopt_Mode=0;CPXPARAM_LPMethod=0;CPXPARAM_MIP_Cuts_Cliques=0;CPXPARAM_MIP_Cuts_Covers=0;CPXPARAM_MIP_Cuts_Disjunctive=0;CPXPARAM_MIP_Cuts_FlowCovers=1;CPXPARAM_MIP_Cuts_GUBCovers=0;CPXPARAM_MIP_Cuts_Gomory=0;CPXPARAM_MIP_Cuts_Implied=0;CPXPARAM_MIP_Cuts_MIRCut=0;CPXPARAM_MIP_Cuts_PathCut=0;CPXPARAM_MIP_Limits_AggForCut=3;CPXPARAM_MIP_Limits_CutPasses=0;CPXPARAM_MIP_Limits_CutsFactor=-1;CPXPARAM_MIP_Limits_GomoryCand=200;CPXPARAM_MIP_Limits_GomoryPass=0;CPXPARAM_MIP_Limits_Nodes=9223372036800000000;CPXPARAM_MIP_Limits_ProbeTime=1e+75;CPXPARAM_MIP_Limits_RepairTries=0;CPXPARAM_MIP_Limits_StrongCand=10;CPXPARAM_MIP_Limits_StrongIt=0;CPXPARAM_MIP_OrderType=0;CPXPARAM_MIP_Strategy_BBInterval=7;CPXPARAM_MIP_Strategy_Branch=0;CPXPARAM_MIP_Strategy_Dive=0;CPXPARAM_MIP_Strategy_File=1;CPXPARAM_MIP_Strategy_HeuristicFreq=0;CPXPARAM_MIP_Strategy_LBHeur=0;CPXPARAM_MIP_Strategy_NodeSelect=1;CPXPARAM_MIP_Strategy_Order=1;CPXPARAM_MIP_Strategy_PresolveNode=0;CPXPARAM_MIP_Strategy_Probe=0;CPXPARAM_MIP_Strategy_RINSHeur=0;CPXPARAM_MIP_Strategy_StartAlgorithm=0;CPXPARAM_MIP_Strategy_SubAlgorithm=0;CPXPARAM_MIP_Strategy_VariableSelect=0;CPXPARAM_Network_NetFind=2;CPXPARAM_Network_Pricing=0;CPXPARAM_Parallel=1;CPXPARAM_Preprocessing_Aggregator=-1;CPXPARAM_Preprocessing_BoundStrength=-1;CPXPARAM_Preprocessing_CoeffReduce=-1;CPXPARAM_Preprocessing_Dependency=-1;CPXPARAM_Preprocessing_Dual=0;CPXPARAM_Preprocessing_Fill=10;CPXPARAM_Preprocessing_NumPass=-1;CPXPARAM_Preprocessing_Presolve=1;CPXPARAM_Preprocessing_QPMakePSD=1;CPXPARAM_Preprocessing_Reduce=3;CPXPARAM_Preprocessing_Relax=-1;CPXPARAM_Preprocessing_RepeatPresolve=-1;CPXPARAM_Preprocessing_Symmetry=-1;CPXPARAM_Read_Scale=0;CPXPARAM_Sifting_Algorithm=0;CPXPARAM_Simplex_Crash=1;CPXPARAM_Simplex_DGradient=3;CPXPARAM_Simplex_Limits_Perturbation=0;CPXPARAM_Simplex_Limits_Singularity=10;CPXPARAM_Simplex_PGradient=0;CPXPARAM_Simplex_Pricing=0;CPXPARAM_Simplex_Refactor=0
15040925391482875781,0,CPXPARAM_Advance=1;CPXPARAM_Barrier_Algorithm=0;CPXPARAM_Barrier_ColNonzeros=0;CPXPARAM_Barrier_Crossover=0;CPXPARAM_Barrier_Limits_Corrections=-1;CPXPARAM_Barrier_Ordering=0;CPXPARAM_Barrier_StartAlg=1;CPXPARAM_Emphasis_MIP=5;CPXPARAM_Emphasis_Memory=0;CPXPARAM_Emphasis_Numerical=0;CPXPARAM_Feasopt_Mode=0;CPXPARAM_LPMethod=0;CPXPARAM_MIP_Cuts_Cliques=0;CPXPARAM_MIP_Cuts_Covers=0;CPXPARAM_MIP_Cuts_Disjunctive=0;CPXPARAM_MIP_Cuts_FlowCovers=1;CPXPARAM_MIP_Cuts_GUBCovers=0;CPXPARAM_MIP_Cuts_Gomory=0;CPXPARAM_MIP_Cuts_Implied=0;CPXPARAM_MIP_Cuts_MIRCut=0;CPXPARAM_MIP_Cuts_PathCut=0;CPXPARAM_MIP_Limits_AggForCut=3;CPXPARAM_MIP_Limits_CutPasses=0;CPXPARAM_MIP_Limits_CutsFactor=-1;CPXPARAM_MIP_Limits_GomoryCand=200;CPXPARAM_MIP_Limits_GomoryPass=0;CPXPARAM_MIP_Limits_Nodes=9223372036800000000;CPXPARAM_MIP_Limits_ProbeTime=1e+75;CPXPARAM_MIP_Limits_RepairTries=0;CPXPARAM_MIP_Limits_StrongCand=10;CPXPARAM_MIP_Limits_StrongIt=0;CPXPARAM_MIP_OrderType=0;CPXPARAM_MIP_Strategy_BBInterval=7;CPXPARAM_MIP_Strategy_Branch=0;CPXPARAM_MIP_Strategy_Dive=0;CPXPARAM_MIP_Strategy_File=1;CPXPARAM_MIP_Strategy_HeuristicFreq=-1;CPXPARAM_MIP_Strategy_LBHeur=0;CPXPARAM_MIP_Strategy_NodeSelect=1;CPXPARAM_MIP_Strategy_Order=1;CPXPARAM_MIP_Strategy_PresolveNode=0;CPXPARAM_MIP_Strategy_Probe=0;CPXPARAM_MIP_Strategy_RINSHeur=0;CPXPARAM_MIP_Strategy_StartAlgorithm=0;CPXPARAM_MIP_Strategy_SubAlgorithm=0;CPXPARAM_MIP_Strategy_VariableSelect=0;CPXPARAM_Network_NetFind=2;CPXPARAM_Network_Pricing=0;CPXPARAM_Parallel=1;CPXPARAM_Preprocessing_Aggregator=-1;CPXPARAM_Preprocessing_BoundStrength=-1;CPXPARAM_Preprocessing_CoeffReduce=-1;CPXPARAM_Preprocessing_Dependency=-1;CPXPARAM_Preprocessing_Dual=0;CPXPARAM_Preprocessing_Fill=10;CPXPARAM_Preprocessing_NumPass=-1;CPXPARAM_Preprocessing_Presolve=1;CPXPARAM_Preprocessing_QPMakePSD=1;CPXPARAM_Preprocessing_Reduce=3;CPXPARAM_Preprocessing_Relax=-1;CPXPARAM_Preprocessing_RepeatPresolve=-1;CPXPARAM_Preprocessing_Symmetry=-1;CPXPARAM_Read_Scale=0;CPXPARAM_Sifting_Algorithm=0;CPXPARAM_Simplex_Crash=1;CPXPARAM_Simplex_DGradient=0;CPXPARAM_Simplex_Limits_Perturbation=0;CPXPARAM_Simplex_Limits_Singularity=10;CPXPARAM_Simplex_PGradient=0;CPXPARAM_Simplex_Pricing=0;CPXPARAM_Simplex_Refactor=0
13191040289244903258,0,CPXPARAM_Advance=1;CPXPARAM_Barrier_Algorithm=0;CPXPARAM_Barrier_ColNonzeros=0;CPXPARAM_Barrier_Crossover=0;CPXPARAM_Barrier_Limits_Corrections=-1;CPXPARAM_Barrier_Ordering=0;CPXPARAM_Barrier_StartAlg=1;CPXPARAM_Emphasis_MIP=5;CPXPARAM_Emphasis_Memory=0;CPXPARAM_Emphasis_Numerical=0;CPXPARAM_Feasopt_Mode=0;CPXPARAM_LPMethod=0;CPXPARAM_MIP_Cuts_Cliques=0;CPXPARAM_MIP_Cuts_Covers=0;CPXPARAM_MIP_Cuts_Disjunctive=0;CPXPARAM_MIP_Cuts_FlowCovers=1;CPXPARAM_MIP_Cuts_GUBCovers=0;CPXPARAM_MIP_Cuts_Gomory=0;CPXPARAM_MIP_Cuts_Implied=0;CPXPARAM_MIP_Cuts_MIRCut=0;CPXPARAM_MIP_Cuts_PathCut=0;CPXPARAM_MIP_Limits_AggForCut=3;CPXPARAM_MIP_Limits_CutPasses=0;CPXPARAM_MIP_Limits_CutsFactor=-1;CPXPARAM_MIP_Limits_GomoryCand=200;CPXPARAM_MIP_Limits_GomoryPass=0;CPXPARAM_MIP_Limits_Nodes=9223372036800000000;CPXPARAM_MIP_Limits_ProbeTime=1e+75;CPXPARAM_MIP_Limits_RepairTries=0;CPXPARAM_MIP_Limits_StrongCand=10;CPXPARAM_MIP_Limits_StrongIt=0;CPXPARAM_MIP_OrderType=0;CPXPARAM_MIP_Strategy_BBInterval=2;CPXPARAM_MIP_Strategy_Branch=0;CPXPARAM_MIP_Strategy_Dive=0;CPXPARAM_MIP_Strategy_File=1;CPXPARAM_MIP_Strategy_HeuristicFreq=0;CPXPARAM_MIP_Strategy_LBHeur=0;CPXPARAM_MIP_Strategy_NodeSelect=1;CPXPARAM_MIP_Strategy_Order=1;CPXPARAM_MIP_Strategy_PresolveNode=0;CPXPARAM_MIP_Strategy_Probe=0;CPXPARAM_MIP_Strategy_RINSHeur=0;CPXPARAM_MIP_Strategy_StartAlgorithm=0;CPXPARAM_MIP_Strategy_SubAlgorithm=0;CPXPARAM_MIP_Strategy_VariableSelect=0;CPXPARAM_Network_NetFind=2;CPXPARAM_Network_Pricing=0;CPXPARAM_Parallel=1;CPXPARAM_Preprocessing_Aggregator=-1;CPXPARAM_Preprocessing_BoundStrength=-1;CPXPARAM_Preprocessing_CoeffReduce=-1;CPXPARAM_Preprocessing_Dependency=-1;CPXPARAM_Preprocessing_Dual=0;CPXPARAM_Preprocessing_Fill=10;CPXPARAM_Preprocessing_NumPass=-1;CPXPARAM_Preprocessing_Presolve=1;CPXPARAM_Preprocessing_QPMakePSD=1;CPXPARAM_Preprocessing_Reduce=3;CPXPARAM_Preprocessing_Relax=-1;CPXPARAM_Preprocessing_RepeatPresolve=-1;CPXPARAM_Preprocessing_Symmetry=-1;CPXPARAM_Read_Scale=0;CPXPARAM_Sifting_Algorithm=0;CPXPARAM_Simplex_Crash=1;CPXPARAM_Simplex_DGradient=0;CPXPARAM_Simplex_Limits_Perturbation=0;CPXPARAM_Simplex_Limits_Singularity=10;CPXPARAM_Simplex_PGradient=0;CPXPARAM_Simplex_Pricing=0;CPXPARAM_Simplex_Refactor=0
14596218015075232009,0,CPXPARAM_Advance=1;CPXPARAM_Barrier_Algorithm=0;CPXPARAM_Barrier_ColNonzeros=0;CPXPARAM_Barrier_Crossover=0;CPXPARAM_Barrier_Limits_Corrections=-1;CPXPARAM_Barrier_Ordering=0;CPXPARAM_Barrier_StartAlg=1;CPXPARAM_Emphasis_MIP=5;CPXPARAM_Emphasis_Memory=0;CPXPARAM_Emphasis_Numerical=0;CPXPARAM_Feasopt_Mode=0;CPXPARAM_LPMethod=0;CPXPARAM_MIP_Cuts_Cliques=0;CPXPARAM_MIP_Cuts_Covers=0;CPXPARAM_MIP_Cuts_Disjunctive=0;CPXPARAM_MIP_Cuts_FlowCovers=1;CPXPARAM_MIP_Cuts_GUBCovers=0;CPXPARAM_MIP_Cuts_Gomory=0;CPXPARAM_MIP_Cuts_Implied=0;CPXPARAM_MIP_Cuts_MIRCut=0;CPXPARAM_MIP_Cuts_PathCut=0;CPXPARAM_MIP_Limits_AggForCut=3;CPXPARAM_MIP_Limits_CutPasses=0;CPXPARAM_MIP_Limits_CutsFactor=-1;CPXPARAM_MIP_Limits_GomoryCand=200;CPXPARAM_MIP_Limits_GomoryPass=0;CPXPARAM_MIP_Limits_Nodes=9223372036800000000;CPXPARAM_MIP_Limits_ProbeTime=1e+75;CPXPARAM_MIP_Limits_RepairTries=0;CPXPARAM_MIP_Limits_StrongCand=10;CPXPARAM_MIP_Limits_StrongIt=0;CPXPARAM_MIP_OrderType=0;CPXPARAM_MIP_Strategy_BBInterval=7;CPXPARAM_MIP_Strategy_Branch=0;CPXPARAM_MIP_Strategy_Dive=0;CPXPARAM_MIP_Strategy_File=1;CPXPARAM_MIP_Strategy_HeuristicFreq=0;CPXPARAM_MIP_Strategy_LBHeur=0;CPXPARAM_MIP_Strategy_NodeSelect=1;CPXPARAM_MIP_Strategy_Order=1;CPXPARAM_MIP_Strategy_PresolveNode=0;CPXPARAM_MIP_Strategy_Probe=0;CPXPARAM_MIP_Strategy_RINSHeur=100;CPXPARAM_MIP_Strategy_StartAlgorithm=0;CPXPARAM_MIP_Strategy_SubAlgorithm=0;CPXPARAM_MIP_Strategy_VariableSelect=0;CPXPARAM_Network_NetFind=2;CPXPARAM_Network_Pricing=0;CPXPARAM_Parallel=1;CPXPARAM_Preprocessing_Aggregator=-1;CPXPARAM_Preprocessing_BoundStrength=-1;CPXPARAM_Preprocessing_CoeffReduce=-1;CPXPARAM_Preprocessing_Dependency=-1;CPXPARAM_Preprocessing_Dual=0;CPXPARAM_Preprocessing_Fill=10;CPXPARAM_Preprocessing_NumPass=-1;CPXPARAM_Preprocessing_Presolve=1;CPXPARAM_Preprocessing_QPMakePSD=1;CPXPARAM_Preprocessing_Reduce=3;CPXPARAM_Preprocessing_Relax=-1;CPXPARAM_Preprocessing_RepeatPresolve=-1;CPXPARAM_Preprocessing_Symmetry=-1;CPXPARAM_Read_Scale=0;CPXPARAM_Sifting_Algorithm=0;CPXPARAM_Simplex_Crash=1;CPXPARAM_Simplex_DGradient=0;CPXPARAM_Simplex_Limits_Perturbation=0;CPXPARAM_Simplex_Limits_Singularity=10;CPXPARAM_Simplex_PGradient=0;CPXPARAM_Simplex_Pricing=0;CPXPARAM_Simplex_Refactor=0
8043459004425527832,0,CPXPARAM_Advance=1;CPXPARAM_Barrier_Algorithm=0;CPXPARAM_Barrier_ColNonzeros=0;CPXPARAM_Barrier_Crossover=0;CPXPARAM_Barrier_Limits_Corrections=-1;CPXPARAM_Barrier_Ordering=0;CPXPARAM_Barrier_StartAlg=1;CPXPARAM_Emphasis_MIP=5;CPXPARAM_Emphasis_Memory=0;CPXPARAM_Emphasis_Numerical=0;CPXPARAM_Feasopt_Mode=0;CPXPARAM_LPMethod=0;CPXPARAM_MIP_Cuts_Cliques=0;CPXPARAM_MIP_Cuts_Covers=0;CPXPARAM_MIP_Cuts_Disjunctive=0;CPXPARAM_MIP_Cuts_FlowCovers=1;CPXPARAM_MIP_Cuts_GUBCovers=0;CPXPARAM_MIP_Cuts_Gomory=0;CPXPARAM_MIP_Cuts_Implied=0;CPXPARAM_MIP_Cuts_MIRCut=0;CPXPARAM_MIP_Cuts_PathCut=0;CPXPARAM_MIP_Limits_AggForCut=3;CPXPARAM_MIP_Limits_CutPasses=0;CPXPARAM_MIP_Limits_CutsFactor=-1;CPXPARAM_MIP_Limits_GomoryCand=200;CPXPARAM_MIP_Limits_GomoryPass=0;CPXPARAM_MIP_Limits_Nodes=9223372036800000000;CPXPARAM_MIP_Limits_ProbeTime=2;CPXPARAM_MIP_Limits_RepairTries=0;CPXPARAM_MIP_Limits_StrongCand=10;CPXPARAM_MIP_Limits_StrongIt=0;CPXPARAM_MIP_OrderType=0;CPXPARAM_MIP_Strategy_BBInterval=7;CPXPARAM_MIP_Strategy_Branch=0;CPXPARAM_MIP_Strategy_Dive=0;CPXPARAM_MIP_Strategy_File=1;CPXPARAM_MIP_Strategy_HeuristicFreq=0;CPXPARAM_MIP_Strategy_LBHeur=0;CPXPARAM_MIP_Strategy_NodeSelect=1;CPXPARAM_MIP_Strategy_Order=1;CPXPARAM_MIP_Strategy_PresolveNode=0;CPXPARAM_MIP_Strategy_Probe=0;CPXPARAM_MIP_Strategy_RINSHeur=0;CPXPARAM_MIP_Strategy_StartAlgorithm=0;CPXPARAM_MIP_Strategy_SubAlgorithm=0;CPXPARAM_MIP_Strategy_VariableSelect=0;CPXPARAM_Network_NetFind=2;CPXPARAM_Network_Pricing=0;CPXPARAM_Parallel=1;CPXPARAM_Preprocessing_Aggregator=-1;CPXPARAM_Preprocessing_BoundStrength=-1;CPXPARAM_Preprocessing_CoeffReduce=-1;CPXPARAM_Preprocessing_Dependency=-1;CPXPARAM_Preprocessing_Dual=0;CPXPARAM_Preprocessing_Fill=10;CPXPARAM_Preprocessing_NumPass=-1;CPXPARAM_Preprocessing_Presolve=1;CPXPARAM_Preprocessing_QPMakePSD=1;CPXPARAM_Preprocessing_Reduce=3;CPXPARAM_Preprocessing_Relax=-1;CPXPARAM_Preprocessing_RepeatPresolve=-1;CPXPARAM_Preprocessing_Symmetry=-1;CPXPARAM_Read_Scale=0;CPXPARAM_Sifting_Algorithm=0;CPXPARAM_Simplex_Crash=1;CPXPARAM_Simplex_DGradient=0;CPXPARAM_Simplex_Limits_Perturbation=0;CPXPARAM_Simplex_Limits_Singularity=10;CPXPARAM_Simplex_PGradient=0;CPXPARAM_Simplex_Pricing=0;CPXPARAM_Simplex_Refactor=0
13650441712107064797,0,CPXPARAM_Advance=1;CPXPARAM_Barrier_Algorithm=0;CPXPARAM_Barrier_ColNonzeros=0;CPXPARAM_Barrier_Crossover=0;CPXPARAM_Barrier_Limits_Corrections=-1;CPXPARAM_Barrier_Ordering=0;CPXPARAM_Barrier_StartAlg=1;CPXPARAM_Emphasis_MIP=5;CPXPARAM_Emphasis_Memory=0;CPXPARAM_Emphasis_Numerical=0;CPXPARAM_Feasopt_Mode=0;CPXPARAM_LPMethod=0;CPXPARAM_MIP_Cuts_Cliques=0;CPXPARAM_MIP_Cuts_Covers=0;CPXPARAM_MIP_Cuts_Disjunctive=0;CPXPARAM_MIP_Cuts_FlowCovers=1;CPXPARAM_MIP_Cuts_GUBCovers=0;CPXPARAM_MIP_Cuts_Gomory=0;CPXPARAM_MIP_Cuts_Implied=0;CPXPARAM_MIP_Cuts_MIRCut=0;CPXPARAM_MIP_Cuts_PathCut=0;CPXPARAM_MIP_Limits_AggForCut=3;CPXPARAM_MIP_Limits_CutPasses=0;CPXPARAM_MIP_Limits_CutsFactor=-1;CPXPARAM_MIP_Limits_GomoryCand=200;CPXPARAM_MIP_Limits_GomoryPass=0;CPXPARAM_MIP_Limits_Nodes=9223372036800000000;CPXPARAM_MIP_Limits_ProbeTime=1e+75;CPXPARAM_MIP_Limits_RepairTries=0;CPXPARAM_MIP_Limits_StrongCand=10;CPXPARAM_MIP_Limits_StrongIt=0;CPXPARAM_MIP_OrderType=0;CPXPARAM_MIP_Strategy_BBInterval=7;CPXPARAM_MIP_Strategy_Branch=0;CPXPARAM_MIP_Strategy_Dive=0;CPXPARAM_MIP_Strategy_File=1;CPXPARAM_MIP_Strategy_HeuristicFreq=0;CPXPARAM_MIP_Strategy_LBHeur=0;CPXPARAM_MIP_Strategy_NodeSelect=1;CPXPARAM_MIP_Strategy_Order=1;CPXPARAM_MIP_Strategy_PresolveNode=0;CPXPARAM_MIP_Strategy_Probe=0;CPXPARAM_MIP_Strategy_RINSHeur=0;CPXPARAM_MIP_Strategy_StartAlgorithm=4;CPXPARAM_MIP_Strategy_SubAlgorithm=0;CPXPARAM_MIP_Strategy_VariableSelect=0;CPXPARAM_Network_NetFind=2;CPXPARAM_Network_Pricing=0;CPXPARAM_Parallel=1;CPXPARAM_Preprocessing_Aggregator=-1;CPXPARAM_Preprocessing_BoundStrength=-1;CPXPARAM_Preprocessing_CoeffReduce=-1;CPXPARAM_Preprocessing_Dependency=-1;CPXPARAM_Preprocessing_Dual=0;CPXPARAM_Preprocessing_Fill=10;CPXPARAM_Preprocessing_NumPass=-1;CPXPARAM_Preprocessing_Presolve=1;CPXPARAM_Preprocessing_QPMakePSD=1;CPXPARAM_Preprocessing_Reduce=3;CPXPARAM_Preprocessing_Relax=-1;CPXPARAM_Preprocessing_RepeatPresolve=-1;CPXPARAM_Preprocessing_Symmetry=-1;CPXPARAM_Read_Scale=0;CPXPARAM_Sifting_Algorithm=0;CPXPARAM_Simplex_Crash=1;CPXPARAM_Simplex_DGradient=0;CPXPARAM_Simplex_Limits_Perturbation=0;CPXPARAM_Simplex_Limits_Singularity=10;CPXPARAM_Simplex_PGradient=0;CPXPARAM_Simplex_Pricing=0;CPXPARAM_Simplex_Refactor=0
16100722938921155736,0,CPXPARAM_Advance=1;CPXPARAM_Barrier_Algorithm=0;CPXPARAM_Barrier_ColNonzeros=0;CPXPARAM_Barrier_Crossover=0;CPXPARAM_Barrier_Limits_Corrections=-1;CPXPARAM_Barrier_Ordering=0;CPXPARAM_Barrier_StartAlg=1;CPXPARAM_Emphasis_MIP=5;CPXPARAM_Emphasis_Memory=0;CPXPARAM_Emphasis_Numerical=0;CPXPARAM_Feasopt_Mode=0;CPXPARAM_LPMethod=0;CPXPARAM_MIP_Cuts_Cliques=0;CPXPARAM_MIP_Cuts_Covers=0;CPXPARAM_MIP_Cuts_Disjunctive=0;CPXPARAM_MIP_Cuts_FlowCovers=1;CPXPARAM_MIP_Cuts_GUBCovers=0;CPXPARAM_MIP_Cuts_Gomory=0;CPXPARAM_MIP_Cuts_Implied=0;CPXPARAM_MIP_Cuts_MIRCut=0;CPXPARAM_MIP_Cuts_PathCut=0;CPXPARAM_MIP_Limits_AggForCut=3;CPXPARAM_MIP_Limits_CutPasses=0;CPXPARAM_MIP_Limits_CutsFactor=-1;CPXPARAM_MIP_Limits_GomoryCand=200;CPXPARAM_MIP_Limits_GomoryPass=0;CPXPARAM_MIP_Limits_Nodes=9223372036800000000;CPXPARAM_MIP_Limits_ProbeTime=1e+75;CPXPARAM_MIP_Limits_RepairTries=0;CPXPARAM_MIP_Limits_StrongCand=10;CPXPARAM_MIP_Limits_StrongIt=0;CPXPARAM_MIP_OrderType=0;CPXPARAM_MIP_Strategy_BBInterval=0;CPXPARAM_MIP_Strategy_Branch=0;CPXPARAM_MIP_Strategy_Dive=0;CPXPARAM_MIP_Strategy_File=1;CPXPARAM_MIP_Strategy_HeuristicFreq=0;CPXPARAM_MIP_Strategy_LBHeur=0;CPXPARAM_MIP_Strategy_NodeSelect=1;CPXPARAM_MIP_Strategy_Order=1;CPXPARAM_MIP_Strategy_PresolveNode=0;CPXPARAM_MIP_Strategy_Probe=0;CPXPARAM_MIP_Strategy_RINSHeur=0;CPXPARAM_MIP_Strategy_StartAlgorithm=0;CPXPARAM_MIP_Strategy_SubAlgorithm=0;CPXPARAM_MIP_Strategy_VariableSelect=0;CPXPARAM_Network_NetFind=2;CPXPARAM_Network_Pricing=0;CPXPARAM_Parallel=1;CPXPARAM_Preprocessing_Aggregator=-1;CPXPARAM_Preprocessing_BoundStrength=-1;CPXPARAM_Preprocessing_CoeffReduce=-1;CPXPARAM_Preprocessing_Dependency=-1;CPXPARAM_Preprocessing_Dual=0;CPXPARAM_Preprocessing_Fill=10;CPXPARAM_Preprocessing_NumPass=-1;CPXPARAM_Preprocessing_Presolve=1;CPXPARAM_Preprocessing_QPMakePSD=1;CPXPARAM_Preprocessing_Reduce=3;CPXPARAM_Preprocessing_Relax=-1;CPXPARAM_Preprocessing_RepeatPresolve=-1;CPXPARAM_Preprocessing_Symmetry=-1;CPXPARAM_Read_Scale=0;CPXPARAM_Sifting_Algorithm=0;CPXPARAM_Simplex_Crash=1;CPXPARAM_Simplex_DGradient=0;CPXPARAM_Simplex_Limits_Perturbation=0;CPXPARAM_Simplex_Limits_Singularity=10;CPXPARAM_Simplex_PGradient=0;CPXPARAM_Simplex_Pricing=0;CPXPARAM_Simplex_Refactor=0
14829370697421319350,0,CPXPARAM_Advance=1;CPXPARAM_Barrier_Algorithm=0;CPXPARAM_Barrier_ColNonzeros=0;CPXPARAM_Barrier_Crossover=0;CPXPARAM_Barrier_Limits_Corrections=-1;CPXPARAM_Barrier_Ordering=0;CPXPARAM_Barrier_StartAlg=1;CPXPARAM_Emphasis_MIP=5;CPXPARAM_Emphasis_Memory=0;CPXPARAM_Emphasis_Numerical=0;CPXPARAM_Feasopt_Mode=0;CPXPARAM_LPMethod=0;CPXPARAM_MIP_Cuts_Cliques=0;CPXPARAM_MIP_Cuts_Covers=0;CPXPARAM_MIP_Cuts_Disjunctive=0;CPXPARAM_MIP_Cuts_FlowCovers=1;CPXPARAM_MIP_Cuts_GUBCovers=0;CPXPARAM_MIP_Cuts_Gomory=0;CPXPARAM_MIP_Cuts_Implied=0;CPXPARAM_MIP_Cuts_MIRCut=0;CPXPARAM_MIP_Cuts_PathCut=0;CPXPARAM_MIP_Limits_AggForCut=3;CPXPARAM_MIP_Limits_CutPasses=0;CPXPARAM_MIP_Limits_CutsFactor=-1;CPXPARAM_MIP_Limits_GomoryCand=200;CPXPARAM_MIP_Limits_GomoryPass=0;CPXPARAM_MIP_Limits_Nodes=9223372036800000000;CPXPARAM_MIP_Limits_ProbeTime=1e+75;CPXPARAM_MIP_Limits_RepairTries=0;CPXPARAM_MIP_Limits_StrongCand=10;CPXPARAM_MIP_Limits_StrongIt=0;CPXPARAM_MIP_OrderType=0;CPXPARAM_MIP_Strategy_BBInterval=4;CPXPARAM_MIP_Strategy_Branch=0;CPXPARAM_MIP_Strategy_Dive=0;CPXPARAM_MIP_Strategy_File=1;CPXPARAM_MIP_Strategy_HeuristicFreq=0;CPXPARAM_MIP_Strategy_LBHeur=0;CPXPARAM_MIP_Strategy_NodeSelect=1;CPXPARAM_MIP_Strategy_Order=1;CPXPARAM_MIP_Strategy_PresolveNode=0;CPXPARAM_MIP_Strategy_Probe=0;CPXPARAM_MIP_Strategy_RINSHeur=0;CPXPARAM_MIP_Strategy_StartAlgorithm=0;CPXPARAM_MIP_Strategy_SubAlgorithm=0;CPXPARAM_MIP_Strategy_VariableSelect=0;CPXPARAM_Network_NetFind=2;CPXPARAM_Network_Pricing=0;CPXPARAM_Parallel=1;CPXPARAM_Preprocessing_Aggregator=-1;CPXPARAM_Preprocessing_BoundStrength=-1;CPXPARAM_Preprocessing_CoeffReduce=-1;CPXPARAM_Preprocessing_Dependency=-1;CPXPARAM_Preprocessing_Dual=0;CPXPARAM_Preprocessing_Fill=10;CPXPARAM_Preprocessing_NumPass=-1;CPXPARAM_Preprocessing_Presolve=1;CPXPARAM_Preprocessing_QPMakePSD=1;CPXPARAM_Preprocessing_Reduce=3;CPXPARAM_Preprocessing_Relax=-1;CPXPARAM_Preprocessing_RepeatPresolve=-1;CPXPARAM_Preprocessing_Symmetry=-1;CPXPARAM_Read_Scale=0;CPXPARAM_Sifting_Algorithm=0;CPXPARAM_Simplex_Crash=1;CPXPARAM_Simplex_DGradient=0;CPXPARAM_Simplex_Limits_Perturbation=0;CPXPARAM_Simplex_Limits_Singularity=10;CPXPARAM_Simplex_PGradient=0;CPXPARAM_Simplex_Pricing=0;CPXPARAM_Simplex_Refactor=0
596740057909423416,0,CPXPARAM_Advance=1;CPXPARAM_Barrier_Algorithm=0;CPXPARAM_Barrier_ColNonzeros=0;CPXPARAM_Barrier_Crossover=0;CPXPARAM_Barrier_Limits_Corrections=-1;CPXPARAM_Barrier_Ordering=0;CPXPARAM_Barrier_StartAlg=1;CPXPARAM_Emphasis_MIP=5;CPXPARAM_Emphasis_Memory=0;CPXPARAM_Emphasis_Numerical=0;CPXPARAM_Feasopt_Mode=0;CPXPARAM_LPMethod=0;CPXPARAM_MIP_Cuts_Cliques=0;CPXPARAM_MIP_Cuts_Covers=0;CPXPARAM_MIP_Cuts_Disjunctive=0;CPXPARAM_MIP_Cuts_FlowCovers=1;CPXPARAM_MIP_Cuts_GUBCovers=0;CPXPARAM_MIP_Cuts_Gomory=0;CPXPARAM_MIP_Cuts_Implied=0;CPXPARAM_MIP_Cuts_MIRCut=0;CPXPARAM_MIP_Cuts_PathCut=0;CPXPARAM_MIP_Limits_AggForCut=3;CPXPARAM_MIP_Limits_CutPasses=0;CPXPARAM_MIP_Limits_CutsFactor=-1;CPXPARAM_MIP_Limits_GomoryCand=200;CPXPARAM_MIP_Limits_GomoryPass=0;CPXPARAM_MIP_Limits_Nodes=9223372036800000000;CPXPARAM_MIP_Limits_ProbeTime=1e+75;CPXPARAM_MIP_Limits_RepairTries=0;CPXPARAM_MIP_Limits_StrongCand=10;CPXPARAM_MIP_Limits_StrongIt=0;CPXPARAM_MIP_OrderType=0;CPXPARAM_MIP_Strategy_BBInterval=10;CPXPARAM_MIP_Strategy_Branch=0;CPXPARAM_MIP_Strategy_Dive=0;CPXPARAM_MIP_Strategy_File=1;CPXPARAM_MIP_Strategy_HeuristicFreq=0;CPXPARAM_MIP_Strategy_LBHeur=0;CPXPARAM_MIP_Strategy_NodeSelect=1;CPXPARAM_MIP_Strategy_Order=1;CPXPARAM_MIP_Strategy_PresolveNode=0;CPXPARAM_MIP_Strategy_Probe=0;CPXPARAM_MIP_Strategy_RINSHeur=0;CPXPARAM_MIP_Strategy_StartAlgorithm=0;CPXPARAM_MIP_Strategy_SubAlgorithm=0;CPXPARAM_MIP_Strategy_VariableSelect=0;CPXPARAM_Network_NetFind=2;CPXPARAM_Network_Pricing=0;CPXPARAM_Parallel=1;CPXPARAM_Preprocessing_Aggregator=-1;CPXPARAM_Preprocessing_BoundStrength=-1;CPXPARAM_Preprocessing_CoeffReduce=-1;CPXPARAM_Preprocessing_Dependency=-1;CPXPARAM_Preprocessing_Dual=0;CPXPARAM_Preprocessing_Fill=10;CPXPARAM_Preprocessing_NumPass=-1;CPXPARAM_Preprocessing_Presolve=1;CPXPARAM_Preprocessing_QPMakePSD=1;CPXPARAM_Preprocessing_Reduce=3;CPXPARAM_Preprocessing_Relax=-1;CPXPARAM_Preprocessing_RepeatPresolve=-1;CPXPARAM_Preprocessing_Symmetry=-1;CPXPARAM_Read_Scale=0;CPXPARAM_Sifting_Algorithm=0;CPXPARAM_Simplex_Crash=1;CPXPARAM_Simplex_DGradient=0;CPXPARAM_Simplex_Limits_Perturbation=0;CPXPARAM_Simplex_Limits_Singularity=10;CPXPARAM_Simplex_PGradient=0;CPXPARAM_Simplex_Pricing=0;CPXPARAM_Simplex_Refactor=0
9111915604962281883,0,CPXPARAM_Advance=1;CPXPARAM_Barrier_Algorithm=0;CPXPARAM_Barrier_ColNonzeros=0;CPXPARAM_Barrier_Crossover=0;CPXPARAM_Barrier_Limits_Corrections=-1;CPXPARAM_Barrier_Ordering=0;CPXPARAM_Barrier_StartAlg=1;CPXPARAM_Emphasis_MIP=5;CPXPARAM_Emphasis_Memory=0;CPXPARAM_Emphasis_Numerical=0;CPXPARAM_Feasopt_Mode=0;CPXPARAM_LPMethod=0;CPXPARAM_MIP_Cuts_Cliques=0;CPXPARAM_MIP_Cuts_Covers=0;CPXPARAM_MIP_Cuts_Disjunctive=0;CPXPARAM_MIP_Cuts_FlowCovers=1;CPXPARAM_MIP_Cuts_GUBCovers=0;CPXPARAM_MIP_Cuts_Gomory=0;CPXPARAM_MIP_Cuts_Implied=0;CPXPARAM_MIP_Cuts_MIRCut=0;CPXPARAM_MIP_Cuts_PathCut=0;CPXPARAM_MIP_Limits_AggForCut=3;CPXPARAM_MIP_Limits_CutPasses=0;CPXPARAM_MIP_Limits_CutsFactor=-1;CPXPARAM_MIP_Limits_GomoryCand=200;CPXPARAM_MIP_Limits_GomoryPass=0;CPXPARAM_MIP_Limits_Nodes=9223372036800000000;CPXPARAM_MIP_Limits_ProbeTime=1e+75;CPXPARAM_MIP_Limits_RepairTries=0;CPXPARAM_MIP_Limits_StrongCand=10;CPXPARAM_MIP_Limits_StrongIt=0;CPXPARAM_MIP_OrderType=0;CPXPARAM_MIP_Strategy_BBInterval=7;CPXPARAM_MIP_Strategy_Branch=1;CPXPARAM_MIP_Strategy_Dive=0;CPXPARAM_MIP_Strategy_File=1;CPXPARAM_MIP_Strategy_HeuristicFreq=0;CPXPARAM_MIP_Strategy_LBHeur=0;CPXPARAM_MIP_Strategy_NodeSelect=1;CPXPARAM_MIP_Strategy_Order=1;CPXPARAM_MIP_Strategy_PresolveNode=0;CPXPARAM_MIP_Strategy_Probe=0;CPXPARAM_MIP_Strategy_RINSHeur=0;CPXPARAM_MIP_Strategy_StartAlgorithm=0;CPXPARAM_MIP_Strategy_SubAlgorithm=0;CPXPARAM_MIP_Strategy_VariableSelect=0;CPXPARAM_Network_NetFind=2;CPXPARAM_Network_Pricing=0;CPXPARAM_Parallel=1;CPXPARAM_Preprocessing_Aggregator=-1;CPXPARAM_Preprocessing_BoundStrength=-1;CPXPARAM_Preprocessing_CoeffReduce=-1;CPXPARAM_Preprocessing_Dependency=-1;CPXPARAM_Preprocessing_Dual=0;CPXPARAM_Preprocessing_Fill=10;CPXPARAM_Preprocessing_NumPass=-1;CPXPARAM_Preprocessing_Presolve=1;CPXPARAM_Preprocessing_QPMakePSD=1;CPXPARAM_Preprocessing_Reduce=3;CPXPARAM_Preprocessing_Relax=-1;CPXPARAM_Preprocessing_RepeatPresolve=-1;CPXPARAM_Preprocessing_Symmetry=-1;CPXPARAM_Read_Scale=0;CPXPARAM_Sifting_Algorithm=0;CPXPARAM_Simplex_Crash=1;CPXPARAM_Simplex_DGradient=0;CPXPARAM_Simplex_Limits_Perturbation=0;CPXPARAM_Simplex_Limits_Singularity=10;CPXPARAM_Simplex_PGradient=0;CPXPARAM_Simplex_Pricing=0;CPXPARAM_Simplex_Refactor=0
12082767730186704530,0,CPXPARAM_Advance=1;CPXPARAM_Barrier_Algorithm=0;CPXPARAM_Barrier_ColNonzeros=0;CPXPARAM_Barrier_Crossover=0;CPXPARAM_Barrier_Limits_Corrections=-1;CPXPARAM_Barrier_Ordering=0;CPXPARAM_Barrier_StartAlg=1;CPXPARAM_Emphasis_MIP=1;CPXPARAM_Emphasis_Memory=0;CPXPARAM_Emphasis_Numerical=0;CPXPARAM_Feasopt_Mode=0;CPXPARAM_LPMethod=0;CPXPARAM_MIP_Cuts_Cliques=-1;CPXPARAM_MIP_Cuts_Covers=0;CPXPARAM_MIP_Cuts_Disjunctive=2;CPXPARAM_MIP_Cuts_FlowCovers=0;CPXPARAM_MIP_Cuts_GUBCovers=0;CPXPARAM_MIP_Cuts_Gomory=1;CPXPARAM_MIP_Cuts_Implied=1;CPXPARAM_MIP_Cuts_MIRCut=2;CPXPARAM_MIP_Cuts_PathCut=-1;CPXPARAM_MIP_Limits_AggForCut=3;CPXPARAM_MIP_Limits_CutPasses=0;CPXPARAM_MIP_Limits_CutsFactor=-1;CPXPARAM_MIP_Limits_GomoryCand=800;CPXPARAM_MIP_Limits_GomoryPass=0;CPXPARAM_MIP_Limits_Nodes=9223372036800000000;CPXPARAM_MIP_Limits_ProbeTime=1e+75;CPXPARAM_MIP_Limits_RepairTries=0;CPXPARAM_MIP_Limits_StrongCand=10;CPXPARAM_MIP_Limits_StrongIt=0;CPXPARAM_MIP_OrderType=0;CPXPARAM_MIP_Strategy_BBInterval=7;CPXPARAM_MIP_Strategy_Branch=0;CPXPARAM_MIP_Strategy_Dive=0;CPXPARAM_MIP_Strategy_File=1;CPXPARAM_MIP_Strategy_HeuristicFreq=0;CPXPARAM_MIP_Strategy_LBHeur=0;CPXPARAM_MIP_Strategy_NodeSelect=1;CPXPARAM_MIP_Strategy_Order=1;CPXPARAM_MIP_Strategy_PresolveNode=0;CPXPARAM_MIP_Strategy_Probe=3;CPXPARAM_MIP_Strategy_RINSHeur=0;CPXPARAM_MIP_Strategy_StartAlgorithm=0;CPXPARAM_MIP_Strategy_SubAlgorithm=0;CPXPARAM_MIP_Strategy_VariableSelect=0;CPXPARAM_Network_NetFind=2;CPXPARAM_Network_Pricing=0;CPXPARAM_Parallel=1;CPXPARAM_Preprocessing_Aggregator=-1;CPXPARAM_Preprocessing_BoundStrength=-1;CPXPARAM_Preprocessing_CoeffReduce=-1;CPXPARAM_Preprocessing_Dependency=-1;CPXPARAM_Preprocessing_Dual=1;CPXPARAM_Preprocessing_Fill=10;CPXPARAM_Preprocessing_NumPass=-1;CPXPARAM_Preprocessing_Presolve=1;CPXPARAM_Preprocessing_QPMakePSD=1;CPXPARAM_Preprocessing_Reduce=3;CPXPARAM_Preprocessing_Relax=-1;CPXPARAM_Preprocessing_RepeatPresolve=-1;CPXPARAM_Preprocessing_Symmetry=-1;CPXPARAM_Read_Scale=0;CPXPARAM_Sifting_Algorithm=0;CPXPARAM_Simplex_Crash=1;CPXPARAM_Simplex_DGradient=0;CPXPARAM_Simplex_Limits_Perturbation=0;CPXPARAM_Simplex_Limits_Singularity=10;CPXPARAM_Simplex_PGradient=0;CPXPARAM_Simplex_Pricing=0;CPXPARAM_Simplex_Refactor=0
13016201221914167575,0,CPXPARAM_Advance=1;CPXPARAM_Barrier_Algorithm=0;CPXPARAM_Barrier_ColNonzeros=0;CPXPARAM_Barrier_Crossover=0;CPXPARAM_Barrier_Limits_Corrections=-1;CPXPARAM_Barrier_Ordering=0;CPXPARAM_Barrier_StartAlg=1;CPXPARAM_Emphasis_MIP=5;CPXPARAM_Emphasis_Memory=0;CPXPARAM_Emphasis_Numerical=0;CPXPARAM_Feasopt_Mode=0;CPXPARAM_LPMethod=0;CPXPARAM_MIP_Cuts_Cliques=0;CPXPARAM_MIP_Cuts_Covers=0;CPXPARAM_MIP_Cuts_Disjunctive=1;CPXPARAM_MIP_Cuts_FlowCovers=1;CPXPARAM_MIP_Cuts_GUBCovers=0;CPXPARAM_MIP_Cuts_Gomory=0;CPXPARAM_MIP_Cuts_Implied=0;CPXPARAM_MIP_Cuts_MIRCut=0;CPXPARAM_MIP_Cuts_PathCut=0;CPXPARAM_MIP_Limits_AggForCut=3;CPXPARAM_MIP_Limits_CutPasses=0;CPXPARAM_MIP_Limits_CutsFactor=-1;CPXPARAM_MIP_Limits_GomoryCand=200;CPXPARAM_MIP_Limits_GomoryPass=0;CPXPARAM_MIP_Limits_Nodes=9223372036800000000;CPXPARAM_MIP_Limits_ProbeTime=1e+75;CPXPARAM_MIP_Limits_RepairTries=0;CPXPARAM_MIP_Limits_StrongCand=10;CPXPARAM_MIP_Limits_StrongIt=0;CPXPARAM_MIP_OrderType=0;CPXPARAM_MIP_Strategy_BBInterval=7;CPXPARAM_MIP_Strategy_Branch=0;CPXPARAM_MIP_Strategy_Dive=0;CPXPARAM_MIP_Strategy_File=1;CPXPARAM_MIP_Strategy_HeuristicFreq=0;CPXPARAM_MIP_Strategy_LBHeur=0;CPXPARAM_MIP_Strategy_NodeSelect=1;CPXPARAM_MIP_Strategy_Order=1;CPXPARAM_MIP_Strategy_PresolveNode=0;CPXPARAM_MIP_Strategy_Probe=0;CPXPARAM_MIP_Strategy_RINSHeur=0;CPXPARAM_MIP_Strategy_StartAlgorithm=0;CPXPARAM_MIP_Strategy_SubAlgorithm=0;CPXPARAM_MIP_Strategy_VariableSelect=0;CPXPARAM_Network_NetFind=2;CPXPARAM_Network_Pricing=0;CPXPARAM_Parallel=1;CPXPARAM_Preprocessing_Aggregator=-1;CPXPARAM_Preprocessing_BoundStrength=-1;CPXPARAM_Preprocessing_CoeffReduce=-1;CPXPARAM_Preprocessing_Dependency=-1;CPXPARAM_Preprocessing_Dual=0;CPXPARAM_Preprocessing_Fill=10;CPXPARAM_Preprocessing_NumPass=-1;CPXPARAM_Preprocessing_Presolve=1;CPXPARAM_Preprocessing_QPMakePSD=1;CPXPARAM_Preprocessing_Reduce=3;CPXPARAM_Preprocessing_Relax=-1;CPXPARAM_Preprocessing_RepeatPresolve=-1;CPXPARAM_Preprocessing_Symmetry=-1;CPXPARAM_Read_Scale=0;CPXPARAM_Sifting_Algorithm=0;CPXPARAM_Simplex_Crash=1;CPXPARAM_Simplex_DGradient=0;CPXPARAM_Simplex_Limits_Perturbation=0;CPXPARAM_Simplex_Limits_Singularity=10;CPXPARAM_Simplex_PGradient=0;CPXPARAM_Simplex_Pricing=0;CPXPARAM_Simplex_Refactor=0
4618743978602799737,0,CPXPARAM_Advance=1;CPXPARAM_Barrier_Algorithm=0;CPXPARAM_Barrier_ColNonzeros=0;CPXPARAM_Barrier_Crossover=0;CPXPARAM_Barrier_Limits_Corrections=-1;CPXPARAM_Barrier_Ordering=0;CPXPARAM_Barrier_StartAlg=1;CPXPARAM_Emphasis_MIP=5;CPXPARAM_Emphasis_Memory=0;CPXPARAM_Emphasis_Numerical=0;CPXPARAM_Feasopt_Mode=0;CPXPARAM_LPMethod=0;CPXPARAM_MIP_Cuts_Cliques=0;CPXPARAM_MIP_Cuts_Covers=0;CPXPARAM_MIP_Cuts_Disjunctive=0;CPXPARAM_MIP_Cuts_FlowCovers=1;CPXPARAM_MIP_Cuts_GUBCovers=0;CPXPARAM_MIP_Cuts_Gomory=0;CPXPARAM_MIP_Cuts_Implied=0;CPXPARAM_MIP_Cuts_MIRCut=0;CPXPARAM_MIP_Cuts_PathCut=0;CPXPARAM_MIP_Limits_AggForCut=3;CPXPARAM_MIP_Limits_CutPasses=0;CPXPARAM_MIP_Limits_CutsFactor=1;CPXPARAM_MIP_Limits_GomoryCand=200;CPXPARAM_MIP_Limits_GomoryPass=0;CPXPARAM_MIP_Limits_Nodes=9223372036800000000;CPXPARAM_MIP_Limits_ProbeTime=1e+75;CPXPARAM_MIP_Limits_RepairTries=0;CPXPARAM_MIP_Limits_StrongCand=10;CPXPARAM_MIP_Limits_StrongIt=0;CPXPARAM_MIP_OrderType=0;CPXPARAM_MIP_Strategy_BBInterval=7;CPXPARAM_MIP_Strategy_Branch=0;CPXPARAM_MIP_Strategy_Dive=0;CPXPARAM_MIP_Strategy_File=1;CPXPARAM_MIP_Strategy_HeuristicFreq=0;CPXPARAM_MIP_Strategy_LBHeur=0;CPXPARAM_MIP_Strategy_NodeSelect=1;CPXPARAM_MIP_Strategy_Order=1;CPXPARAM_MIP_Strategy_PresolveNode=0;CPXPARAM_MIP_Strategy_Probe=0;CPXPARAM_MIP_Strategy_RINSHeur=0;CPXPARAM_MIP_Strategy_StartAlgorithm=0;CPXPARAM_MIP_Strategy_SubAlgorithm=0;CPXPARAM_MIP_Strategy_VariableSelect=0;CPXPARAM_Network_NetFind=2;CPXPARAM_Network_Pricing=0;CPXPARAM_Parallel=1;CPXPARAM_Preprocessing_Aggregator=-1;CPXPARAM_Preprocessing_BoundStrength=-1;CPXPARAM_Preprocessing_CoeffReduce=-1;CPXPARAM_Preprocessing_Dependency=-1;CPXPARAM_Preprocessing_Dual=0;CPXPARAM_Preprocessing_Fill=10;CPXPARAM_Preprocessing_NumPass=-1;CPXPARAM_Preprocessing_Presolve=1;CPXPARAM_Preprocessing_QPMakePSD=1;CPXPARAM_Preprocessing_Reduce=3;CPXPARAM_Preprocessing_Relax=-1;CPXPARAM_Preprocessing_RepeatPresolve=-1;CPXPARAM_Preprocessing_Symmetry=-1;CPXPARAM_Read_Scale=0;CPXPARAM_Sifting_Algorithm=0;CPXPARAM_Simplex_Crash=1;CPXPARAM_Simplex_DGradient=0;CPXPARAM_Simplex_Limits_Perturbation=0;CPXPARAM_Simplex_Limits_Singularity=10;CPXPARAM_Simplex_PGradient=0;CPXPARAM_Simplex_Pricing=0;CPXPARAM_Simplex_Refactor=0
16773837050398425745,0,CPXPARAM_Advance=1;CPXPARAM_Barrier_Algorithm=0;CPXPARAM_Barrier_ColNonzeros=0;CPXPARAM_Barrier_Crossover=0;CPXPARAM_Barrier_Limits_Corrections=-1;CPXPARAM_Barrier_Ordering=0;CPXPARAM_Barrier_StartAlg=1;CPXPARAM_Emphasis_MIP=5;CPXPARAM_Emphasis_Memory=0;CPXPARAM_Emphasis_Numerical=0;CPXPARAM_Feasopt_Mode=0;CPXPARAM_LPMethod=0;CPXPARAM_MIP_Cuts_Cliques=0;CPXPARAM_MIP_Cuts_Covers=0;CPXPARAM_MIP_Cuts_Disjunctive=0;CPXPARAM_MIP_Cuts_FlowCovers=1;CPXPARAM_MIP_Cuts_GUBCovers=0;CPXPARAM_MIP_Cuts_Gomory=0;CPXPARAM_MIP_Cuts_Implied=0;CPXPARAM_MIP_Cuts_MIRCut=0;CPXPARAM_MIP_Cuts_PathCut=0;CPXPARAM_MIP_Limits_AggForCut=3;CPXPARAM_MIP_Limits_CutPasses=0;CPXPARAM_MIP_Limits_CutsFactor=-1;CPXPARAM_MIP_Limits_GomoryCand=200;CPXPARAM_MIP_Limits_GomoryPass=0;CPXPARAM_MIP_Limits_Nodes=9223372036800000000;CPXPARAM_MIP_Limits_ProbeTime=1e+75;CPXPARAM_MIP_Limits_RepairTries=0;CPXPARAM_MIP_Limits_StrongCand=10;CPXPARAM_MIP_Limits_StrongIt=0;CPXPARAM_MIP_OrderType=0;CPXPARAM_MIP_Strategy_BBInterval=7;CPXPARAM_MIP_Strategy_Branch=0;CPXPARAM_MIP_Strategy_Dive=0;CPXPARAM_MIP_Strategy_File=1;CPXPARAM_MIP_Strategy_HeuristicFreq=0;CPXPARAM_MIP_Strategy_LBHeur=0;CPXPARAM_MIP_Strategy_NodeSelect=1;CPXPARAM_MIP_Strategy_Order=1;CPXPARAM_MIP_Strategy_PresolveNode=0;CPXPARAM_MIP_Strategy_Probe=0;CPXPARAM_MIP_Strategy_RINSHeur=0;CPXPARAM_MIP_Strategy_StartAlgorithm=0;CPXPARAM_MIP_Strategy_SubAlgorithm=4;CPXPARAM_MIP_Strategy_VariableSelect=0;CPXPARAM_Network_NetFind=2;CPXPARAM_Network_Pricing=0;CPXPARAM_Parallel=1;CPXPARAM_Preprocessing_Aggregator=-1;CPXPARAM_Preprocessing_BoundStrength=-1;CPXPARAM_Preprocessing_CoeffReduce=-1;CPXPARAM_Preprocessing_Dependency=-1;CPXPARAM_Preprocessing_Dual=0;CPXPARAM_Preprocessing_Fill=10;CPXPARAM_Preprocessing_NumPass=-1;CPXPARAM_Preprocessing_Presolve=1;CPXPARAM_Preprocessing_QPMakePSD=1;CPXPARAM_Preprocessing_Reduce=3;CPXPARAM_Preprocessing_Relax=-1;CPXPARAM_Preprocessing_RepeatPresolve=-1;CPXPARAM_Preprocessing_Symmetry=-1;CPXPARAM_Read_Scale=0;CPXPARAM_Sifting_Algorithm=0;CPXPARAM_Simplex_Crash=1;CPXPARAM_Simplex_DGradient=0;CPXPARAM_Simplex_Limits_Perturbation=0;CPXPARAM_Simplex_Limits_Singularity=10;CPXPARAM_Simplex_PGradient=0;CPXPARAM_Simplex_Pricing=0;CPXPARAM_Simplex_Refactor=0
13198182165604925781,0,CPXPARAM_Advance=1;CPXPARAM_Barrier_Algorithm=0;CPXPARAM_Barrier_ColNonzeros=0;CPXPARAM_Barrier_Crossover=0;CPXPARAM_Barrier_Limits_Corrections=-1;CPXPARAM_Barrier_Ordering=0;CPXPARAM_Barrier_StartAlg=1;CPXPARAM_Emphasis_MIP=5;CPXPARAM_Emphasis_Memory=0;CPXPARAM_Emphasis_Numerical=0;CPXPARAM_Feasopt_Mode=0;CPXPARAM_LPMethod=0;CPXPARAM_MIP_Cuts_Cliques=0;CPXPARAM_MIP_Cuts_Covers=0;CPXPARAM_MIP_Cuts_Disjunctive=0;CPXPARAM_MIP_Cuts_FlowCovers=1;CPXPARAM_MIP_Cuts_GUBCovers=0;CPXPARAM_MIP_Cuts_Gomory=0;CPXPARAM_MIP_Cuts_Implied=0;CPXPARAM_MIP_Cuts_MIRCut=0;CPXPARAM_MIP_Cuts_PathCut=0;CPXPARAM_MIP_Limits_AggForCut=3;CPXPARAM_MIP_Limits_CutPasses=0;CPXPARAM_MIP_Limits_CutsFactor=4;CPXPARAM_MIP_Limits_GomoryCand=200;CPXPARAM_MIP_Limits_GomoryPass=0;CPXPARAM_MIP_Limits_Nodes=9223372036800000000;CPXPARAM_MIP_Limits_ProbeTime=1e+75;CPXPARAM_MIP_Limits_RepairTries=0;CPXPARAM_MIP_Limits_StrongCand=10;CPXPARAM_MIP_Limits_StrongIt=0;CPXPARAM_MIP_OrderType=0;CPXPARAM_MIP_Strategy_BBInterval=7;CPXPARAM_MIP_Strategy_Branch=0;CPXPARAM_MIP_Strategy_Dive=0;CPXPARAM_MIP_Strategy_File=1;CPXPARAM_MIP_Strategy_HeuristicFreq=0;CPXPARAM_MIP_Strategy_LBHeur=0;CPXPARAM_MIP_Strategy_NodeSelect=1;CPXPARAM_MIP_Strategy_Order=1;CPXPARAM_MIP_Strategy_PresolveNode=0;CPXPARAM_MIP_Strategy_Probe=0;CPXPARAM_MIP_Strategy_RINSHeur=0;CPXPARAM_MIP_Strategy_StartAlgorithm=0;CPXPARAM_MIP_Strategy_SubAlgorithm=0;CPXPARAM_MIP_Strategy_VariableSelect=0;CPXPARAM_Network_NetFind=2;CPXPARAM_Network_Pricing=0;CPXPARAM_Parallel=1;CPXPARAM_Preprocessing_Aggregator=-1;CPXPARAM_Preprocessing_BoundStrength=-1;CPXPARAM_Preprocessing_CoeffReduce=-1;CPXPARAM_Preprocessing_Dependency=-1;CPXPARAM_Preprocessing_Dual=0;CPXPARAM_Preprocessing_Fill=10;CPXPARAM_Preprocessing_NumPass=-1;CPXPARAM_Preprocessing_Presolve=1;CPXPARAM_Preprocessing_QPMakePSD=1;CPXPARAM_Preprocessing_Reduce=3;CPXPARAM_Preprocessing_Relax=-1;CPXPARAM_Preprocessing_RepeatPresolve=-1;CPXPARAM_Preprocessing_Symmetry=-1;CPXPARAM_Read_Scale=0;CPXPARAM_Sifting_Algorithm=0;CPXPARAM_Simplex_Crash=1;CPXPARAM_Simplex_DGradient=0;CPXPARAM_Simplex_Limits_Perturbation=0;CPXPARAM_Simplex_Limits_Singularity=10;CPXPARAM_Simplex_PGradient=0;CPXPARAM_Simplex_Pricing=0;CPXPARAM_Simplex_Refactor=0
8353944633752904005,0,CPXPARAM_Advance=1;CPXPARAM_Barrier_Algorithm=0;CPXPARAM_Barrier_ColNonzeros=0;CPXPARAM_Barrier_Crossover=0;CPXPARAM_Barrier_Limits_Corrections=-1;CPXPARAM_Barrier_Ordering=0;CPXPARAM_Barrier_StartAlg=1;CPXPARAM_Emphasis_MIP=5;CPXPARAM_Emphasis_Memory=0;CPXPARAM_Emphasis_Numerical=0;CPXPARAM_Feasopt_Mode=0;CPXPARAM_LPMethod=0;CPXPARAM_MIP_Cuts_Cliques=3;CPXPARAM_MIP_Cuts_Covers=0;CPXPARAM_MIP_Cuts_Disjunctive=0;CPXPARAM_MIP_Cuts_FlowCovers=1;CPXPARAM_MIP_Cuts_GUBCovers=0;CPXPARAM_MIP_Cuts_Gomory=0;CPXPARAM_MIP_Cuts_Implied=0;CPXPARAM_MIP_Cuts_MIRCut=0;CPXPARAM_MIP_Cuts_PathCut=0;CPXPARAM_MIP_Limits_AggForCut=3;CPXPARAM_MIP_Limits_CutPasses=0;CPXPARAM_MIP_Limits_CutsFactor=-1;CPXPARAM_MIP_Limits_GomoryCand=200;CPXPARAM_MIP_Limits_GomoryPass=0;CPXPARAM_MIP_Limits_Nodes=9223372036800000000;CPXPARAM_MIP_Limits_ProbeTime=1e+75;CPXPARAM_MIP_Limits_RepairTries=0;CPXPARAM_MIP_Limits_StrongCand=10;CPXPARAM_MIP_Limits_StrongIt=0;CPXPARAM_MIP_OrderType=0;CPXPARAM_MIP_Strategy_BBInterval=7;CPXPARAM_MIP_Strategy_Branch=0;CPXPARAM_MIP_Strategy_Dive=0;CPXPARAM_MIP_Strategy_File=1;CPXPARAM_MIP_Strategy_HeuristicFreq=0;CPXPARAM_MIP_Strategy_LBHeur=0;CPXPARAM_MIP_Strategy_NodeSelect=1;CPXPARAM_MIP_Strategy_Order=1;CPXPARAM_MIP_Strategy_PresolveNode=0;CPXPARAM_MIP_Strategy_Probe=0;CPXPARAM_MIP_Strategy_RINSHeur=0;CPXPARAM_MIP_Strategy_StartAlgorithm=0;CPXPARAM_MIP_Strategy_SubAlgorithm=0;CPXPARAM_MIP_Strategy_VariableSelect=0;CPXPARAM_Network_NetFind=2;CPXPARAM_Network_Pricing=0;CPXPARAM_Parallel=1;CPXPARAM_Preprocessing_Aggregator=-1;CPXPARAM_Preprocessing_BoundStrength=-1;CPXPARAM_Preprocessing_CoeffReduce=-1;CPXPARAM_Preprocessing_Dependency=-1;CPXPARAM_Preprocessing_Dual=0;CPXPARAM_Preprocessing_Fill=10;CPXPARAM_Preprocessing_NumPass=-1;CPXPARAM_Preprocessing_Presolve=1;CPXPARAM_Preprocessing_QPMakePSD=1;CPXPARAM_Preprocessing_Reduce=3;CPXPARAM_Preprocessing_Relax=-1;CPXPARAM_Preprocessing_RepeatPresolve=-1;CPXPARAM_Preprocessing_Symmetry=-1;CPXPARAM_Read_Scale=0;CPXPARAM_Sifting_Algorithm=0;CPXPARAM_Simplex_Crash=1;CPXPARAM_Simplex_DGradient=0;CPXPARAM_Simplex_Limits_Perturbation=0;CPXPARAM_Simplex_Limits_Singularity=10;CPXPARAM_Simplex_PGradient=0;CPXPARAM_Simplex_Pricing=0;CPXPARAM_Simplex_Refactor=0
1595652620250044497,0,CPXPARAM_Advance=1;CPXPARAM_Barrier_Algorithm=0;CPXPARAM_Barrier_ColNonzeros=0;CPXPARAM_Barrier_Crossover=0;CPXPARAM_Barrier_Limits_Corrections=-1;CPXPARAM_Barrier_Ordering=0;CPXPARAM_Barrier_StartAlg=1;CPXPARAM_Emphasis_MIP=5;CPXPARAM_Emphasis_Memory=0;CPXPARAM_Emphasis_Numerical=0;CPXPARAM_Feasopt_Mode=0;CPXPARAM_LPMethod=0;CPXPARAM_MIP_Cuts_Cliques=-1;CPXPARAM_MIP_Cuts_Covers=0;CPXPARAM_MIP_Cuts_Disjunctive=1;CPXPARAM_MIP_Cuts_FlowCovers=-1;CPXPARAM_MIP_Cuts_GUBCovers=0;CPXPARAM_MIP_Cuts_Gomory=-1;CPXPARAM_MIP_Cuts_Implied=0;CPXPARAM_MIP_Cuts_MIRCut=2;CPXPARAM_MIP_Cuts_PathCut=-1;CPXPARAM_MIP_Limits_AggForCut=3;CPXPARAM_MIP_Limits_CutPasses=0;CPXPARAM_MIP_Limits_CutsFactor=-1;CPXPARAM_MIP_Limits_GomoryCand=200;CPXPARAM_MIP_Limits_GomoryPass=0;CPXPARAM_MIP_Limits_Nodes=9223372036800000000;CPXPARAM_MIP_Limits_ProbeTime=1e+75;CPXPARAM_MIP_Limits_RepairTries=0;CPXPARAM_MIP_Limits_StrongCand=10;CPXPARAM_MIP_Limits_StrongIt=0;CPXPARAM_MIP_OrderType=0;CPXPARAM_MIP_Strategy_BBInterval=7;CPXPARAM_MIP_Strategy_Branch=0;CPXPARAM_MIP_Strategy_Dive=0;CPXPARAM_MIP_Strategy_File=1;CPXPARAM_MIP_Strategy_HeuristicFreq=0;CPXPARAM_MIP_Strategy_LBHeur=0;CPXPARAM_MIP_Strategy_NodeSelect=1;CPXPARAM_MIP_Strategy_Order=1;CPXPARAM_MIP_Strategy_PresolveNode=0;CPXPARAM_MIP_Strategy_Probe=3;CPXPARAM_MIP_Strategy_RINSHeur=0;CPXPARAM_MIP_Strategy_StartAlgorithm=0;CPXPARAM_MIP_Strategy_SubAlgorithm=0;CPXPARAM_MIP_Strategy_VariableSelect=0;CPXPARAM_Network_NetFind=2;CPXPARAM_Network_Pricing=0;CPXPARAM_Parallel=1;CPXPARAM_Preprocessing_Aggregator=-1;CPXPARAM_Preprocessing_BoundStrength=-1;CPXPARAM_Preprocessing_CoeffReduce=-1;CPXPARAM_Preprocessing_Dependency=-1;CPXPARAM_Preprocessing_Dual=0;CPXPARAM_Preprocessing_Fill=10;CPXPARAM_Preprocessing_NumPass=-1;CPXPARAM_Preprocessing_Presolve=1;CPXPARAM_Preprocessing_QPMakePSD=1;CPXPARAM_Preprocessing_Reduce=3;CPXPARAM_Preprocessing_Relax=-1;CPXPARAM_Preprocessing_RepeatPresolve=-1;CPXPARAM_Preprocessing_Symmetry=-1;CPXPARAM_Read_Scale=0;CPXPARAM_Sifting_Algorithm=0;CPXPARAM_Simplex_Crash=1;CPXPARAM_Simplex_DGradient=0;CPXPARAM_Simplex_Limits_Perturbation=0;CPXPARAM_Simplex_Limits_Singularity=10;CPXPARAM_Simplex_PGradient=0;CPXPARAM_Simplex_Pricing=0;CPXPARAM_Simplex_Refactor=0
17424681751949378241,0,CPXPARAM_Advance=1;CPXPARAM_Barrier_Algorithm=0;CPXPARAM_Barrier_ColNonzeros=0;CPXPARAM_Barrier_Crossover=0;CPXPARAM_Barrier_Limits_Corrections=-1;CPXPARAM_Barrier_Ordering=0;CPXPARAM_Barrier_StartAlg=1;CPXPARAM_Emphasis_MIP=5;CPXPARAM_Emphasis_Memory=0;CPXPARAM_Emphasis_Numerical=0;CPXPARAM_Feasopt_Mode=0;CPXPARAM_LPMethod=0;CPXPARAM_MIP_Cuts_Cliques=0;CPXPARAM_MIP_Cuts_Covers=0;CPXPARAM_MIP_Cuts_Disjunctive=0;CPXPARAM_MIP_Cuts_FlowCovers=1;CPXPARAM_MIP_Cuts_GUBCovers=0;CPXPARAM_MIP_Cuts_Gomory=0;CPXPARAM_MIP_Cuts_Implied=0;CPXPARAM_MIP_Cuts_MIRCut=0;CPXPARAM_MIP_Cuts_PathCut=0;CPXPARAM_MIP_Limits_AggForCut=3;CPXPARAM_MIP_Limits_CutPasses=0;CPXPARAM_MIP_Limits_CutsFactor=-1;CPXPARAM_MIP_Limits_GomoryCand=200;CPXPARAM_MIP_Limits_GomoryPass=0;CPXPARAM_MIP_Limits_Nodes=9223372036800000000;CPXPARAM_MIP_Limits_ProbeTime=1e+75;CPXPARAM_MIP_Limits_RepairTries=0;CPXPARAM_MIP_Limits_StrongCand=10;CPXPARAM_MIP_Limits_StrongIt=0;CPXPARAM_MIP_OrderType=0;CPXPARAM_MIP_Strategy_BBInterval=7;CPXPARAM_MIP_Strategy_Branch=0;CPXPARAM_MIP_Strategy_Dive=0;CPXPARAM_MIP_Strategy_File=1;CPXPARAM_MIP_Strategy_HeuristicFreq=0;CPXPARAM_MIP_Strategy_LBHeur=0;CPXPARAM_MIP_Strategy_NodeSelect=1;CPXPARAM_MIP_Strategy_Order=1;CPXPARAM_MIP_Strategy_PresolveNode=2;CPXPARAM_MIP_Strategy_Probe=0;CPXPARAM_MIP_Strategy_RINSHeur=0;CPXPARAM_MIP_Strategy_StartAlgorithm=0;CPXPARAM_MIP_Strategy_SubAlgorithm=0;CPXPARAM_MIP_Strategy_VariableSelect=0;CPXPARAM_Network_NetFind=2;CPXPARAM_Network_Pricing=0;CPXPARAM_Parallel=1;CPXPARAM_Preprocessing_Aggregator=-1;CPXPARAM_Preprocessing_BoundStrength=-1;CPXPARAM_Preprocessing_CoeffReduce=-1;CPXPARAM_Preprocessing_Dependency=-1;CPXPARAM_Preprocessing_Dual=0;CPXPARAM_Preprocessing_Fill=10;CPXPARAM_Preprocessing_NumPass=-1;CPXPARAM_Preprocessing_Presolve=1;CPXPARAM_Preprocessing_QPMakePSD=1;CPXPARAM_Preprocessing_Reduce=3;CPXPARAM_Preprocessing_Relax=-1;CPXPARAM_Preprocessing_RepeatPresolve=-1;CPXPARAM_Preprocessing_Symmetry=-1;CPXPARAM_Read_Scale=0;CPXPARAM_Sifting_Algorithm=0;CPXPARAM_Simplex_Crash=1;CPXPARAM_Simplex_DGradient=0;CPXPARAM_Simplex_Limits_Perturbation=0;CPXPARAM_Simplex_Limits_Singularity=10;CPXPARAM_Simplex_PGradient=0;CPXPARAM_Simplex_Pricing=0;CPXPARAM_Simplex_Refactor=0
10247364498106902033,0,CPXPARAM_Advance=1;CPXPARAM_Barrier_Algorithm=0;CPXPARAM_Barrier_ColNonzeros=0;CPXPARAM_Barrier_Crossover=0;CPXPARAM_Barrier_Limits_Corrections=-1;CPXPARAM_Barrier_Ordering=0;CPXPARAM_Barrier_StartAlg=1;CPXPARAM_Emphasis_MIP=5;CPXPARAM_Emphasis_Memory=0;CPXPARAM_Emphasis_Numerical=0;CPXPARAM_Feasopt_Mode=0;CPXPARAM_LPMethod=0;CPXPARAM_MIP_Cuts_Cliques=0;CPXPARAM_MIP_Cuts_Covers=0;CPXPARAM_MIP_Cuts_Disjunctive=0;CPXPARAM_MIP_Cuts_FlowCovers=1;CPXPARAM_MIP_Cuts_GUBCovers=0;CPXPARAM_MIP_Cuts_Gomory=0;CPXPARAM_MIP_Cuts_Implied=0;CPXPARAM_MIP_Cuts_MIRCut=0;CPXPARAM_MIP_Cuts_PathCut=0;CPXPARAM_MIP_Limits_AggForCut=3;CPXPARAM_MIP_Limits_CutPasses=0;CPXPARAM_MIP_Limits_CutsFactor=-1;CPXPARAM_MIP_Limits_GomoryCand=200;CPXPARAM_MIP_Limits_GomoryPass=0;CPXPARAM_MIP_Limits_Nodes=9223372036800000000;CPXPARAM_MIP_Limits_ProbeTime=1e+75;CPXPARAM_MIP_Limits_RepairTries=0;CPXPARAM_MIP_Limits_StrongCand=10;CPXPARAM_MIP_Limits_StrongIt=0;CPXPARAM_MIP_OrderType=0;CPXPARAM_MIP_Strategy_BBInterval=7;CPXPARAM_MIP_Strategy_Branch=0;CPXPARAM_MIP_Strategy_Dive=0;CPXPARAM_MIP_Strategy_File=1;CPXPARAM_MIP_Strategy_HeuristicFreq=0;CPXPARAM_MIP_Strategy_LBHeur=0;CPXPARAM_MIP_Strategy_NodeSelect=1;CPXPARAM_MIP_Strategy_Order=1;CPXPARAM_MIP_Strategy_PresolveNode=0;CPXPARAM_MIP_Strategy_Probe=0;CPXPARAM_MIP_Strategy_RINSHeur=0;CPXPARAM_MIP_Strategy_StartAlgorithm=0;CPXPARAM_MIP_Strategy_SubAlgorithm=2;CPXPARAM_MIP_Strategy_VariableSelect=0;CPXPARAM_Network_NetFind=2;CPXPARAM_Network_Pricing=0;CPXPARAM_Parallel=1;CPXPARAM_Preprocessing_Aggregator=-1;CPXPARAM_Preprocessing_BoundStrength=-1;CPXPARAM_Preprocessing_CoeffReduce=-1;CPXPARAM_Preprocessing_Dependency=-1;CPXPARAM_Preprocessing_Dual=0;CPXPARAM_Preprocessing_Fill=10;CPXPARAM_Preprocessing_NumPass=-1;CPXPARAM_Preprocessing_Presolve=1;CPXPARAM_Preprocessing_QPMakePSD=1;CPXPARAM_Preprocessing_Reduce=3;CPXPARAM_Preprocessing_Relax=-1;CPXPARAM_Preprocessing_RepeatPresolve=-1;CPXPARAM_Preprocessing_Symmetry=-1;CPXPARAM_Read_Scale=0;CPXPARAM_Sifting_Algorithm=0;CPXPARAM_Simplex_Crash=1;CPXPARAM_Simplex_DGradient=0;CPXPARAM_Simplex_Limits_Perturbation=0;CPXPARAM_Simplex_Limits_Singularity=10;CPXPARAM_Simplex_PGradient=0;CPXPARAM_Simplex_Pricing=0;CPXPARAM_Simplex_Refactor=0
2845132426296131549,0,CPXPARAM_Advance=1;CPXPARAM_Barrier_Algorithm=0;CPXPARAM_Barrier_ColNonzeros=0;CPXPARAM_Barrier_Crossover=0;CPXPARAM_Barrier_Limits_Corrections=-1;CPXPARAM_Barrier_Ordering=0;CPXPARAM_Barrier_StartAlg=1;CPXPARAM_Emphasis_MIP=5;CPXPARAM_Emphasis_Memory=0;CPXPARAM_Emphasis_Numerical=0;CPXPARAM_Feasopt_Mode=0;CPXPARAM_LPMethod=0;CPXPARAM_MIP_Cuts_Cliques=-1;CPXPARAM_MIP_Cuts_Covers=0;CPXPARAM_MIP_Cuts_Disjunctive=1;CPXPARAM_MIP_Cuts_FlowCovers=-1;CPXPARAM_MIP_Cuts_GUBCovers=0;CPXPARAM_MIP_Cuts_Gomory=1;CPXPARAM_MIP_Cuts_Implied=0;CPXPARAM_MIP_Cuts_MIRCut=2;CPXPARAM_MIP_Cuts_PathCut=-1;CPXPARAM_MIP_Limits_AggForCut=3;CPXPARAM_MIP_Limits_CutPasses=0;CPXPARAM_MIP_Limits_CutsFactor=-1;CPXPARAM_MIP_Limits_GomoryCand=200;CPXPARAM_MIP_Limits_GomoryPass=0;CPXPARAM_MIP_Limits_Nodes=9223372036800000000;CPXPARAM_MIP_Limits_ProbeTime=1e+75;CPXPARAM_MIP_Limits_RepairTries=0;CPXPARAM_MIP_Limits_StrongCand=10;CPXPARAM_MIP_Limits_StrongIt=0;CPXPARAM_MIP_OrderType=0;CPXPARAM_MIP_Strategy_BBInterval=7;CPXPARAM_MIP_Strategy_Branch=0;CPXPARAM_MIP_Strategy_Dive=0;CPXPARAM_MIP_Strategy_File=1;CPXPARAM_MIP_Strategy_HeuristicFreq=0;CPXPARAM_MIP_Strategy_LBHeur=0;CPXPARAM_MIP_Strategy_NodeSelect=1;CPXPARAM_MIP_Strategy_Order=1;CPXPARAM_MIP_Strategy_PresolveNode=0;CPXPARAM_MIP_Strategy_Probe=3;CPXPARAM_MIP_Strategy_RINSHeur=0;CPXPARAM_MIP_Strategy_StartAlgorithm=0;CPXPARAM_MIP_Strategy_SubAlgorithm=0;CPXPARAM_MIP_Strategy_VariableSelect=0;CPXPARAM_Network_NetFind=2;CPXPARAM_Network_Pricing=0;CPXPARAM_Parallel=1;CPXPARAM_Preprocessing_Aggregator=-1;CPXPARAM_Preprocessing_BoundStrength=-1;CPXPARAM_Preprocessing_CoeffReduce=-1;CPXPARAM_Preprocessing_Dependency=-1;CPXPARAM_Preprocessing_Dual=0;CPXPARAM_Preprocessing_Fill=10;CPXPARAM_Preprocessing_NumPass=-1;CPXPARAM_Preprocessing_Presolve=1;CPXPARAM_Preprocessing_QPMakePSD=1;CPXPARAM_Preprocessing_Reduce=3;CPXPARAM_Preprocessing_Relax=-1;CPXPARAM_Preprocessing_RepeatPresolve=-1;CPXPARAM_Preprocessing_Symmetry=-1;CPXPARAM_Read_Scale=0;CPXPARAM_Sifting_Algorithm=0;CPXPARAM_Simplex_Crash=1;CPXPARAM_Simplex_DGradient=0;CPXPARAM_Simplex_Limits_Perturbation=0;CPXPARAM_Simplex_Limits_Singularity=10;CPXPARAM_Simplex_PGradient=0;CPXPARAM_Simplex_Pricing=0;CPXPARAM_Simplex_Refactor=0
14232109264792123898,0,CPXPARAM_Advance=1;CPXPARAM_Barrier_Algorithm=0;CPXPARAM_Barrier_ColNonzeros=0;CPXPARAM_Barrier_Crossover=0;CPXPARAM_Barrier_Limits_Corrections=-1;CPXPARAM_Barrier_Ordering=0;CPXPARAM_Barrier_StartAlg=1;CPXPARAM_Emphasis_MIP=5;CPXPARAM_Emphasis_Memory=0;CPXPARAM_Emphasis_Numerical=0;CPXPARAM_Feasopt_Mode=0;CPXPARAM_LPMethod=0;CPXPARAM_MIP_Cuts_Cliques=-1;CPXPARAM_MIP_Cuts_Covers=0;CPXPARAM_MIP_Cuts_Disjunctive=2;CPXPARAM_MIP_Cuts_FlowCovers=-1;CPXPARAM_MIP_Cuts_GUBCovers=0;CPXPARAM_MIP_Cuts_Gomory=-1;CPXPARAM_MIP_Cuts_Implied=0;CPXPARAM_MIP_Cuts_MIRCut=2;CPXPARAM_MIP_Cuts_PathCut=-1;CPXPARAM_MIP_Limits_AggForCut=3;CPXPARAM_MIP_Limits_CutPasses=0;CPXPARAM_MIP_Limits_CutsFactor=-1;CPXPARAM_MIP_Limits_GomoryCand=200;CPXPARAM_MIP_Limits_GomoryPass=0;CPXPARAM_MIP_Limits_Nodes=9223372036800000000;CPXPARAM_MIP_Limits_ProbeTime=1e+75;CPXPARAM_MIP_Limits_RepairTries=0;CPXPARAM_MIP_Limits_StrongCand=10;CPXPARAM_MIP_Limits_StrongIt=0;CPXPARAM_MIP_OrderType=0;CPXPARAM_MIP_Strategy_BBInterval=7;CPXPARAM_MIP_Strategy_Branch=0;CPXPARAM_MIP_Strategy_Dive=0;CPXPARAM_MIP_Strategy_File=1;CPXPARAM_MIP_Strategy_HeuristicFreq=0;CPXPARAM_MIP_Strategy_LBHeur=0;CPXPARAM_MIP_Strategy_NodeSelect=1;CPXPARAM_MIP_Strategy_Order=1;CPXPARAM_MIP_Strategy_PresolveNode=0;CPXPARAM_MIP_Strategy_Probe=3;CPXPARAM_MIP_Strategy_RINSHeur=0;CPXPARAM_MIP_Strategy_StartAlgorithm=0;CPXPARAM_MIP_Strategy_SubAlgorithm=0;CPXPARAM_MIP_Strategy_VariableSelect=0;CPXPARAM_Network_NetFind=2;CPXPARAM_Network_Pricing=0;CPXPARAM_Parallel=1;CPXPARAM_Preprocessing_Aggregator=-1;CPXPARAM_Preprocessing_BoundStrength=-1;CPXPARAM_Preprocessing_CoeffReduce=-1;CPXPARAM_Preprocessing_Dependency=-1;CPXPARAM_Preprocessing_Dual=0;CPXPARAM_Preprocessing_Fill=10;CPXPARAM_Preprocessing_NumPass=-1;CPXPARAM_Preprocessing_Presolve=1;CPXPARAM_Preprocessing_QPMakePSD=1;CPXPARAM_Preprocessing_Reduce=3;CPXPARAM_Preprocessing_Relax=-1;CPXPARAM_Preprocessing_RepeatPresolve=-1;CPXPARAM_Preprocessing_Symmetry=-1;CPXPARAM_Read_Scale=0;CPXPARAM_Sifting_Algorithm=0;CPXPARAM_Simplex_Crash=1;CPXPARAM_Simplex_DGradient=0;CPXPARAM_Simplex_Limits_Perturbation=0;CPXPARAM_Simplex_Limits_Singularity=10;CPXPARAM_Simplex_PGradient=0;CPXPARAM_Simplex_Pricing=0;CPXPARAM_Simplex_Refactor=0
15240041678802833301,0,CPXPARAM_Advance=1;CPXPARAM_Barrier_Algorithm=0;CPXPARAM_Barrier_ColNonzeros=0;CPXPARAM_Barrier_Crossover=0;CPXPARAM_Barrier_Limits_Corrections=-1;CPXPARAM_Barrier_Ordering=0;CPXPARAM_Barrier_StartAlg=1;CPXPARAM_Emphasis_MIP=5;CPXPARAM_Emphasis_Memory=0;CPXPARAM_Emphasis_Numerical=0;CPXPARAM_Feasopt_Mode=0;CPXPARAM_LPMethod=0;CPXPARAM_MIP_Cuts_Cliques=0;CPXPARAM_MIP_Cuts_Covers=0;CPXPARAM_MIP_Cuts_Disjunctive=0;CPXPARAM_MIP_Cuts_FlowCovers=1;CPXPARAM_MIP_Cuts_GUBCovers=0;CPXPARAM_MIP_Cuts_Gomory=0;CPXPARAM_MIP_Cuts_Implied=0;CPXPARAM_MIP_Cuts_MIRCut=0;CPXPARAM_MIP_Cuts_PathCut=0;CPXPARAM_MIP_Limits_AggForCut=3;CPXPARAM_MIP_Limits_CutPasses=0;CPXPARAM_MIP_Limits_CutsFactor=-1;CPXPARAM_MIP_Limits_GomoryCand=200;CPXPARAM_MIP_Limits_GomoryPass=0;CPXPARAM_MIP_Limits_Nodes=9223372036800000000;CPXPARAM_MIP_Limits_ProbeTime=1e+75;CPXPARAM_MIP_Limits_RepairTries=0;CPXPARAM_MIP_Limits_StrongCand=10;CPXPARAM_MIP_Limits_StrongIt=0;CPXPARAM_MIP_OrderType=0;CPXPARAM_MIP_Strategy_BBInterval=7;CPXPARAM_MIP_Strategy_Branch=-1;CPXPARAM_MIP_Strategy_Dive=0;CPXPARAM_MIP_Strategy_File=1;CPXPARAM_MIP_Strategy_HeuristicFreq=0;CPXPARAM_MIP_Strategy_LBHeur=0;CPXPARAM_MIP_Strategy_NodeSelect=1;CPXPARAM_MIP_Strategy_Order=1;CPXPARAM_MIP_Strategy_PresolveNode=0;CPXPARAM_MIP_Strategy_Probe=0;CPXPARAM_MIP_Strategy_RINSHeur=0;CPXPARAM_MIP_Strategy_StartAlgorithm=0;CPXPARAM_MIP_Strategy_SubAlgorithm=0;CPXPARAM_MIP_Strategy_VariableSelect=0;CPXPARAM_Network_NetFind=2;CPXPARAM_Network_Pricing=0;CPXPARAM_Parallel=1;CPXPARAM_Preprocessing_Aggregator=-1;CPXPARAM_Preprocessing_BoundStrength=-1;CPXPARAM_Preprocessing_CoeffReduce=-1;CPXPARAM_Preprocessing_Dependency=-1;CPXPARAM_Preprocessing_Dual=0;CPXPARAM_Preprocessing_Fill=10;CPXPARAM_Preprocessing_NumPass=-1;CPXPARAM_Preprocessing_Presolve=1;CPXPARAM_Preprocessing_QPMakePSD=1;CPXPARAM_Preprocessing_Reduce=3;CPXPARAM_Preprocessing_Relax=-1;CPXPARAM_Preprocessing_RepeatPresolve=-1;CPXPARAM_Preprocessing_Symmetry=-1;CPXPARAM_Read_Scale=0;CPXPARAM_Sifting_Algorithm=0;CPXPARAM_Simplex_Crash=1;CPXPARAM_Simplex_DGradient=0;CPXPARAM_Simplex_Limits_Perturbation=0;CPXPARAM_Simplex_Limits_Singularity=10;CPXPARAM_Simplex_PGradient=0;CPXPARAM_Simplex_Pricing=0;CPXPARAM_Simplex_Refactor=0
9559047498021645301,0,CPXPARAM_Advance=1;CPXPARAM_Barrier_Algorithm=0;CPXPARAM_Barrier_ColNonzeros=0;CPXPARAM_Barrier_Crossover=0;CPXPARAM_Barrier_Limits_Corrections=-1;CPXPARAM_Barrier_Ordering=0;CPXPARAM_Barrier_StartAlg=1;CPXPARAM_Emphasis_MIP=5;CPXPARAM_Emphasis_Memory=0;CPXPARAM_Emphasis_Numerical=0;CPXPARAM_Feasopt_Mode=0;CPXPARAM_LPMethod=0;CPXPARAM_MIP_Cuts_Cliques=0;CPXPARAM_MIP_Cuts_Covers=0;CPXPARAM_MIP_Cuts_Disjunctive=0;CPXPARAM_MIP_Cuts_FlowCovers=1;CPXPARAM_MIP_Cuts_GUBCovers=0;CPXPARAM_MIP_Cuts_Gomory=0;CPXPARAM_MIP_Cuts_Implied=0;CPXPARAM_MIP_Cuts_MIRCut=0;CPXPARAM_MIP_Cuts_PathCut=0;CPXPARAM_MIP_Limits_AggForCut=3;CPXPARAM_MIP_Limits_CutPasses=0;CPXPARAM_MIP_Limits_CutsFactor=-1;CPXPARAM_MIP_Limits_GomoryCand=200;CPXPARAM_MIP_Limits_GomoryPass=0;CPXPARAM_MIP_Limits_Nodes=9223372036800000000;CPXPARAM_MIP_Limits_ProbeTime=1e+75;CPXPARAM_MIP_Limits_RepairTries=0;CPXPARAM_MIP_Limits_StrongCand=10;CPXPARAM_MIP_Limits_StrongIt=0;CPXPARAM_MIP_OrderType=0;CPXPARAM_MIP_Strategy_BBInterval=7;CPXPARAM_MIP_Strategy_Branch=0;CPXPARAM_MIP_Strategy_Dive=0;CPXPARAM_MIP_Strategy_File=1;CPXPARAM_MIP_Strategy_HeuristicFreq=0;CPXPARAM_MIP_Strategy_LBHeur=0;CPXPARAM_MIP_Strategy_NodeSelect=1;CPXPARAM_MIP_Strategy_Order=1;CPXPARAM_MIP_Strategy_PresolveNode=3;CPXPARAM_MIP_Strategy_Probe=0;CPXPARAM_MIP_Strategy_RINSHeur=0;CPXPARAM_MIP_Strategy_StartAlgorithm=0;CPXPARAM_MIP_Strategy_SubAlgorithm=0;CPXPARAM_MIP_Strategy_VariableSelect=0;CPXPARAM_Network_NetFind=2;CPXPARAM_Network_Pricing=0;CPXPARAM_Parallel=1;CPXPARAM_Preprocessing_Aggregator=-1;CPXPARAM_Preprocessing_BoundStrength=-1;CPXPARAM_Preprocessing_CoeffReduce=-1;CPXPARAM_Preprocessing_Dependency=-1;CPXPARAM_Preprocessing_Dual=0;CPXPARAM_Preprocessing_Fill=10;CPXPARAM_Preprocessing_NumPass=-1;CPXPARAM_Preprocessing_Presolve=1;CPXPARAM_Preprocessing_QPMakePSD=1;CPXPARAM_Preprocessing_Reduce=3;CPXPARAM_Preprocessing_Relax=-1;CPXPARAM_Preprocessing_RepeatPresolve=-1;CPXPARAM_Preprocessing_Symmetry=-1;CPXPARAM_Read_Scale=0;CPXPARAM_Sifting_Algorithm=0;CPXPARAM_Simplex_Crash=1;CPXPARAM_Simplex_DGradient=0;CPXPARAM_Simplex_Limits_Perturbation=0;CPXPARAM_Simplex_Limits_Singularity=10;CPXPARAM_Simplex_PGradient=0;CPXPARAM_Simplex_Pricing=0;CPXPARAM_Simplex_Refactor=0
5824024332882323233,0,CPXPARAM_Advance=1;CPXPARAM_Barrier_Algorithm=0;CPXPARAM_Barrier_ColNonzeros=0;CPXPARAM_Barrier_Crossover=0;CPXPARAM_Barrier_Limits_Corrections=-1;CPXPARAM_Barrier_Ordering=0;CPXPARAM_Barrier_StartAlg=1;CPXPARAM_Emphasis_MIP=5;CPXPARAM_Emphasis_Memory=0;CPXPARAM_Emphasis_Numerical=0;CPXPARAM_Feasopt_Mode=0;CPXPARAM_LPMethod=0;CPXPARAM_MIP_Cuts_Cliques=0;CPXPARAM_MIP_Cuts_Covers=0;CPXPARAM_MIP_Cuts_Disjunctive=0;CPXPARAM_MIP_Cuts_FlowCovers=1;CPXPARAM_MIP_Cuts_GUBCovers=0;CPXPARAM_MIP_Cuts_Gomory=0;CPXPARAM_MIP_Cuts_Implied=0;CPXPARAM_MIP_Cuts_MIRCut=0;CPXPARAM_MIP_Cuts_PathCut=0;CPXPARAM_MIP_Limits_AggForCut=3;CPXPARAM_MIP_Limits_CutPasses=0;CPXPARAM_MIP_Limits_CutsFactor=-1;CPXPARAM_MIP_Limits_GomoryCand=200;CPXPARAM_MIP_Limits_GomoryPass=0;CPXPARAM_MIP_Limits_Nodes=9223372036800000000;CPXPARAM_MIP_Limits_ProbeTime=1e+75;CPXPARAM_MIP_Limits_RepairTries=0;CPXPARAM_MIP_Limits_StrongCand=10;CPXPARAM_MIP_Limits_StrongIt=0;CPXPARAM_MIP_OrderType=0;CPXPARAM_MIP_Strategy_BBInterval=7;CPXPARAM_MIP_Strategy_Branch=0;CPXPARAM_MIP_Strategy_Dive=0;CPXPARAM_MIP_Strategy_File=1;CPXPARAM_MIP_Strategy_HeuristicFreq=0;CPXPARAM_MIP_Strategy_LBHeur=0;CPXPARAM_MIP_Strategy_NodeSelect=1;CPXPARAM_MIP_Strategy_Order=1;CPXPARAM_MIP_Strategy_PresolveNode=0;CPXPARAM_MIP_Strategy_Probe=0;CPXPARAM_MIP_Strategy_RINSHeur=0;CPXPARAM_MIP_Strategy_StartAlgorithm=0;CPXPARAM_MIP_Strategy_SubAlgorithm=0;CPXPARAM_MIP_Strategy_VariableSelect=0;CPXPARAM_Network_NetFind=2;CPXPARAM_Network_Pricing=0;CPXPARAM_Parallel=1;CPXPARAM_Preprocessing_Aggregator=-1;CPXPARAM_Preprocessing_BoundStrength=-1;CPXPARAM_Preprocessing_CoeffReduce=-1;CPXPARAM_Preprocessing_Dependency=-1;CPXPARAM_Preprocessing_Dual=0;CPXPARAM_Preprocessing_Fill=10;CPXPARAM_Preprocessing_NumPass=-1;CPXPARAM_Preprocessing_Presolve=1;CPXPARAM_Preprocessing_QPMakePSD=1;CPXPARAM_Preprocessing_Reduce=3;CPXPARAM_Preprocessing_Relax=-1;CPXPARAM_Preprocessing_RepeatPresolve=-1;CPXPARAM_Preprocessing_Symmetry=0;CPXPARAM_Read_Scale=0;CPXPARAM_Sifting_Algorithm=0;CPXPARAM_Simplex_Crash=1;CPXPARAM_Simplex_DGradient=0;CPXPARAM_Simplex_Limits_Perturbation=0;CPXPARAM_Simplex_Limits_Singularity=10;CPXPARAM_Simplex_PGradient=0;CPXPARAM_Simplex_Pricing=0;CPXPARAM_Simplex_Refactor=0
2823934824078185206,0,CPXPARAM_Advance=1;CPXPARAM_Barrier_Algorithm=0;CPXPARAM_Barrier_ColNonzeros=0;CPXPARAM_Barrier_Crossover=0;CPXPARAM_Barrier_Limits_Corrections=-1;CPXPARAM_Barrier_Ordering=0;CPXPARAM_Barrier_StartAlg=1;CPXPARAM_Emphasis_MIP=0;CPXPARAM_Emphasis_Memory=0;CPXPARAM_Emphasis_Numerical=0;CPXPARAM_Feasopt_Mode=0;CPXPARAM_LPMethod=0;CPXPARAM_MIP_Cuts_Cliques=0;CPXPARAM_MIP_Cuts_Covers=0;CPXPARAM_MIP_Cuts_Disjunctive=0;CPXPARAM_MIP_Cuts_FlowCovers=0;CPXPARAM_MIP_Cuts_GUBCovers=0;CPXPARAM_MIP_Cuts_Gomory=1;CPXPARAM_MIP_Cuts_Implied=0;CPXPARAM_MIP_Cuts_MIRCut=0;CPXPARAM_MIP_Cuts_PathCut=0;CPXPARAM_MIP_Limits_AggForCut=3;CPXPARAM_MIP_Limits_CutPasses=0;CPXPARAM_MIP_Limits_CutsFactor=-1;CPXPARAM_MIP_Limits_GomoryCand=200;CPXPARAM_MIP_Limits_GomoryPass=0;CPXPARAM_MIP_Limits_Nodes=9223372036800000000;CPXPARAM_MIP_Limits_ProbeTime=1e+75;CPXPARAM_MIP_Limits_RepairTries=0;CPXPARAM_MIP_Limits_StrongCand=10;CPXPARAM_MIP_Limits_StrongIt=0;CPXPARAM_MIP_OrderType=0;CPXPARAM_MIP_Strategy_BBInterval=7;CPXPARAM_MIP_Strategy_Branch=0;CPXPARAM_MIP_Strategy_Dive=0;CPXPARAM_MIP_Strategy_File=1;CPXPARAM_MIP_Strategy_HeuristicFreq=0;CPXPARAM_MIP_Strategy_LBHeur=0;CPXPARAM_MIP_Strategy_NodeSelect=1;CPXPARAM_MIP_Strategy_Order=1;CPXPARAM_MIP_Strategy_PresolveNode=0;CPXPARAM_MIP_Strategy_Probe=0;CPXPARAM_MIP_Strategy_RINSHeur=0;CPXPARAM_MIP_Strategy_StartAlgorithm=0;CPXPARAM_MIP_Strategy_SubAlgorithm=0;CPXPARAM_MIP_Strategy_VariableSelect=0;CPXPARAM_Network_NetFind=2;CPXPARAM_Network_Pricing=0;CPXPARAM_Parallel=1;CPXPARAM_Preprocessing_Aggregator=-1;CPXPARAM_Preprocessing_BoundStrength=-1;CPXPARAM_Preprocessing_CoeffReduce=-1;CPXPARAM_Preprocessing_Dependency=-1;CPXPARAM_Preprocessing_Dual=0;CPXPARAM_Preprocessing_Fill=10;CPXPARAM_Preprocessing_NumPass=-1;CPXPARAM_Preprocessing_Presolve=1;CPXPARAM_Preprocessing_QPMakePSD=1;CPXPARAM_Preprocessing_Reduce=3;CPXPARAM_Preprocessing_Relax=-1;CPXPARAM_Preprocessing_RepeatPresolve=-1;CPXPARAM_Preprocessing_Symmetry=-1;CPXPARAM_Read_Scale=0;CPXPARAM_Sifting_Algorithm=0;CPXPARAM_Simplex_Crash=1;CPXPARAM_Simplex_DGradient=0;CPXPARAM_Simplex_Limits_Perturbation=0;CPXPARAM_Simplex_Limits_Singularity=10;CPXPARAM_Simplex_PGradient=0;CPXPARAM_Simplex_Pricing=0;CPXPARAM_Simplex_Refactor=0
17769560387713372912,0,CPXPARAM_Advance=1;CPXPARAM_Barrier_Algorithm=0;CPXPARAM_Barrier_ColNonzeros=0;CPXPARAM_Barrier_Crossover=0;CPXPARAM_Barrier_Limits_Corrections=-1;CPXPARAM_Barrier_Ordering=0;CPXPARAM_Barrier_StartAlg=1;CPXPARAM_Emphasis_MIP=5;CPXPARAM_Emphasis_Memory=0;CPXPARAM_Emphasis_Numerical=0;CPXPARAM_Feasopt_Mode=0;CPXPARAM_LPMethod=0;CPXPARAM_MIP_Cuts_Cliques=0;CPXPARAM_MIP_Cuts_Covers=0;CPXPARAM_MIP_Cuts_Disjunctive=0;CPXPARAM_MIP_Cuts_FlowCovers=1;CPXPARAM_MIP_Cuts_GUBCovers=0;CPXPARAM_MIP_Cuts_Gomory=0;CPXPARAM_MIP_Cuts_Implied=0;CPXPARAM_MIP_Cuts_MIRCut=0;CPXPARAM_MIP_Cuts_PathCut=0;CPXPARAM_MIP_Limits_AggForCut=3;CPXPARAM_MIP_Limits_CutPasses=0;CPXPARAM_MIP_Limits_CutsFactor=-1;CPXPARAM_MIP_Limits_GomoryCand=200;CPXPARAM_MIP_Limits_GomoryPass=0;CPXPARAM_MIP_Limits_Nodes=9223372036800000000;CPXPARAM_MIP_Limits_ProbeTime=1e+75;CPXPARAM_MIP_Limits_RepairTries=0;CPXPARAM_MIP_Limits_StrongCand=10;CPXPARAM_MIP_Limits_StrongIt=0;CPXPARAM_MIP_OrderType=0;CPXPARAM_MIP_Strategy_BBInterval=7;CPXPARAM_MIP_Strategy_Branch=0;CPXPARAM_MIP_Strategy_Dive=0;CPXPARAM_MIP_Strategy_File=1;CPXPARAM_MIP_Strategy_HeuristicFreq=0;CPXPARAM_MIP_Strategy_LBHeur=0;CPXPARAM_MIP_Strategy_NodeSelect=1;CPXPARAM_MIP_Strategy_Order=1;CPXPARAM_MIP_Strategy_PresolveNode=0;CPXPARAM_MIP_Strategy_Probe=0;CPXPARAM_MIP_Strategy_RINSHeur=0;CPXPARAM_MIP_Strategy_StartAlgorithm=0;CPXPARAM_MIP_Strategy_SubAlgorithm=0;CPXPARAM_MIP_Strategy_VariableSelect=0;CPXPARAM_Network_NetFind=2;CPXPARAM_Network_Pricing=0;CPXPARAM_Parallel=1;CPXPARAM_Preprocessing_Aggregator=-1;CPXPARAM_Preprocessing_BoundStrength=-1;CPXPARAM_Preprocessing_CoeffReduce=-1;CPXPARAM_Preprocessing_Dependency=-1;CPXPARAM_Preprocessing_Dual=0;CPXPARAM_Preprocessing_Fill=10;CPXPARAM_Preprocessing_NumPass=-1;CPXPARAM_Preprocessing_Presolve=1;CPXPARAM_Preprocessing_QPMakePSD=1;CPXPARAM_Preprocessing_Reduce=3;CPXPARAM_Preprocessing_Relax=-1;CPXPARAM_Preprocessing_RepeatPresolve=-1;CPXPARAM_Preprocessing_Symmetry=3;CPXPARAM_Read_Scale=0;CPXPARAM_Sifting_Algorithm=0;CPXPARAM_Simplex_Crash=1;CPXPARAM_Simplex_DGradient=0;CPXPARAM_Simplex_Limits_Perturbation=0;CPXPARAM_Simplex_Limits_Singularity=10;CPXPARAM_Simplex_PGradient=0;CPXPARAM_Simplex_Pricing=0;CPXPARAM_Simplex_Refactor=0
1233288749035393350,0,CPXPARAM_Advance=1;CPXPARAM_Barrier_Algorithm=0;CPXPARAM_Barrier_ColNonzeros=0;CPXPARAM_Barrier_Crossover=0;CPXPARAM_Barrier_Limits_Corrections=-1;CPXPARAM_Barrier_Ordering=0;CPXPARAM_Barrier_StartAlg=1;CPXPARAM_Emphasis_MIP=5;CPXPARAM_Emphasis_Memory=0;CPXPARAM_Emphasis_Numerical=0;CPXPARAM_Feasopt_Mode=0;CPXPARAM_LPMethod=0;CPXPARAM_MIP_Cuts_Cliques=0;CPXPARAM_MIP_Cuts_Covers=0;CPXPARAM_MIP_Cuts_Disjunctive=0;CPXPARAM_MIP_Cuts_FlowCovers=1;CPXPARAM_MIP_Cuts_GUBCovers=0;CPXPARAM_MIP_Cuts_Gomory=0;CPXPARAM_MIP_Cuts_Implied=0;CPXPARAM_MIP_Cuts_MIRCut=0;CPXPARAM_MIP_Cuts_PathCut=0;CPXPARAM_MIP_Limits_AggForCut=3;CPXPARAM_MIP_Limits_CutPasses=0;CPXPARAM_MIP_Limits_CutsFactor=-1;CPXPARAM_MIP_Limits_GomoryCand=200;CPXPARAM_MIP_Limits_GomoryPass=0;CPXPARAM_MIP_Limits_Nodes=9223372036800000000;CPXPARAM_MIP_Limits_ProbeTime=1e+75;CPXPARAM_MIP_Limits_RepairTries=0;CPXPARAM_MIP_Limits_StrongCand=10;CPXPARAM_MIP_Limits_StrongIt=0;CPXPARAM_MIP_OrderType=0;CPXPARAM_MIP_Strategy_BBInterval=7;CPXPARAM_MIP_Strategy_Branch=0;CPXPARAM_MIP_Strategy_Dive=0;CPXPARAM_MIP_Strategy_File=1;CPXPARAM_MIP_Strategy_HeuristicFreq=0;CPXPARAM_MIP_Strategy_LBHeur=0;CPXPARAM_MIP_Strategy_NodeSelect=1;CPXPARAM_MIP_Strategy_Order=1;CPXPARAM_MIP_Strategy_PresolveNode=0;CPXPARAM_MIP_Strategy_Probe=0;CPXPARAM_MIP_Strategy_RINSHeur=0;CPXPARAM_MIP_Strategy_StartAlgorithm=0;CPXPARAM_MIP_Strategy_SubAlgorithm=0;CPXPARAM_MIP_Strategy_VariableSelect=0;CPXPARAM_Network_NetFind=2;CPXPARAM_Network_Pricing=0;CPXPARAM_Parallel=1;CPXPARAM_Preprocessing_Aggregator=-1;CPXPARAM_Preprocessing_BoundStrength=-1;CPXPARAM_Preprocessing_CoeffReduce=3;CPXPARAM_Preprocessing_Dependency=-1;CPXPARAM_Preprocessing_Dual=0;CPXPARAM_Preprocessing_Fill=10;CPXPARAM_Preprocessing_NumPass=-1;CPXPARAM_Preprocessing_Presolve=1;CPXPARAM_Preprocessing_QPMakePSD=1;CPXPARAM_Preprocessing_Reduce=3;CPXPARAM_Preprocessing_Relax=-1;CPXPARAM_Preprocessing_RepeatPresolve=-1;CPXPARAM_Preprocessing_Symmetry=-1;CPXPARAM_Read_Scale=0;CPXPARAM_Sifting_Algorithm=0;CPXPARAM_Simplex_Crash=1;CPXPARAM_Simplex_DGradient=0;CPXPARAM_Simplex_Limits_Perturbation=0;CPXPARAM_Simplex_Limits_Singularity=10;CPXPARAM_Simplex_PGradient=0;CPXPARAM_Simplex_Pricing=0;CPXPARAM_Simplex_Refactor=0
5864267489702960776,0,CPXPARAM_Advance=1;CPXPARAM_Barrier_Algorithm=0;CPXPARAM_Barrier_ColNonzeros=0;CPXPARAM_Barrier_Crossover=0;CPXPARAM_Barrier_Limits_Corrections=-1;CPXPARAM_Barrier_Ordering=0;CPXPARAM_Barrier_StartAlg=1;CPXPARAM_Emphasis_MIP=5;CPXPARAM_Emphasis_Memory=0;CPXPARAM_Emphasis_Numerical=0;CPXPARAM_Feasopt_Mode=0;CPXPARAM_LPMethod=0;CPXPARAM_MIP_Cuts_Cliques=-1;CPXPARAM_MIP_Cuts_Covers=0;CPXPARAM_MIP_Cuts_Disjunctive=1;CPXPARAM_MIP_Cuts_FlowCovers=-1;CPXPARAM_MIP_Cuts_GUBCovers=0;CPXPARAM_MIP_Cuts_Gomory=2;CPXPARAM_MIP_Cuts_Implied=0;CPXPARAM_MIP_Cuts_MIRCut=2;CPXPARAM_MIP_Cuts_PathCut=-1;CPXPARAM_MIP_Limits_AggForCut=3;CPXPARAM_MIP_Limits_CutPasses=0;CPXPARAM_MIP_Limits_CutsFactor=-1;CPXPARAM_MIP_Limits_GomoryCand=200;CPXPARAM_MIP_Limits_GomoryPass=0;CPXPARAM_MIP_Limits_Nodes=9223372036800000000;CPXPARAM_MIP_Limits_ProbeTime=1e+75;CPXPARAM_MIP_Limits_RepairTries=0;CPXPARAM_MIP_Limits_StrongCand=10;CPXPARAM_MIP_Limits_StrongIt=0;CPXPARAM_MIP_OrderType=0;CPXPARAM_MIP_Strategy_BBInterval=7;CPXPARAM_MIP_Strategy_Branch=0;CPXPARAM_MIP_Strategy_Dive=0;CPXPARAM_MIP_Strategy_File=1;CPXPARAM_MIP_Strategy_HeuristicFreq=0;CPXPARAM_MIP_Strategy_LBHeur=0;CPXPARAM_MIP_Strategy_NodeSelect=1;CPXPARAM_MIP_Strategy_Order=1;CPXPARAM_MIP_Strategy_PresolveNode=0;CPXPARAM_MIP_Strategy_Probe=3;CPXPARAM_MIP_Strategy_RINSHeur=0;CPXPARAM_MIP_Strategy_StartAlgorithm=0;CPXPARAM_MIP_Strategy_SubAlgorithm=0;CPXPARAM_MIP_Strategy_VariableSelect=0;CPXPARAM_Network_NetFind=2;CPXPARAM_Network_Pricing=0;CPXPARAM_Parallel=1;CPXPARAM_Preprocessing_Aggregator=-1;CPXPARAM_Preprocessing_BoundStrength=-1;CPXPARAM_Preprocessing_CoeffReduce=-1;CPXPARAM_Preprocessing_Dependency=-1;CPXPARAM_Preprocessing_Dual=0;CPXPARAM_Preprocessing_Fill=10;CPXPARAM_Preprocessing_NumPass=-1;CPXPARAM_Preprocessing_Presolve=1;CPXPARAM_Preprocessing_QPMakePSD=1;CPXPARAM_Preprocessing_Reduce=3;CPXPARAM_Preprocessing_Relax=-1;CPXPARAM_Preprocessing_RepeatPresolve=-1;CPXPARAM_Preprocessing_Symmetry=-1;CPXPARAM_Read_Scale=0;CPXPARAM_Sifting_Algorithm=0;CPXPARAM_Simplex_Crash=1;CPXPARAM_Simplex_DGradient=0;CPXPARAM_Simplex_Limits_Perturbation=0;CPXPARAM_Simplex_Limits_Singularity=10;CPXPARAM_Simplex_PGradient=0;CPXPARAM_Simplex_Pricing=0;CPXPARAM_Simplex_Refactor=0
12625795598108563147,0,CPXPARAM_Advance=1;CPXPARAM_Barrier_Algorithm=0;CPXPARAM_Barrier_ColNonzeros=0;CPXPARAM_Barrier_Crossover=0;CPXPARAM_Barrier_Limits_Corrections=-1;CPXPARAM_Barrier_Ordering=0;CPXPARAM_Barrier_StartAlg=1;CPXPARAM_Emphasis_MIP=5;CPXPARAM_Emphasis_Memory=0;CPXPARAM_Emphasis_Numerical=0;CPXPARAM_Feasopt_Mode=0;CPXPARAM_LPMethod=0;CPXPARAM_MIP_Cuts_Cliques=0;CPXPARAM_MIP_Cuts_Covers=0;CPXPARAM_MIP_Cuts_Disjunctive=0;CPXPARAM_MIP_Cuts_FlowCovers=1;CPXPARAM_MIP_Cuts_GUBCovers=0;CPXPARAM_MIP_Cuts_Gomory=0;CPXPARAM_MIP_Cuts_Implied=0;CPXPARAM_MIP_Cuts_MIRCut=0;CPXPARAM_MIP_Cuts_PathCut=0;CPXPARAM_MIP_Limits_AggForCut=3;CPXPARAM_MIP_Limits_CutPasses=0;CPXPARAM_MIP_Limits_CutsFactor=-1;CPXPARAM_MIP_Limits_GomoryCand=200;CPXPARAM_MIP_Limits_GomoryPass=0;CPXPARAM_MIP_Limits_Nodes=9223372036800000000;CPXPARAM_MIP_Limits_ProbeTime=1e+75;CPXPARAM_MIP_Limits_RepairTries=0;CPXPARAM_MIP_Limits_StrongCand=10;CPXPARAM_MIP_Limits_StrongIt=0;CPXPARAM_MIP_OrderType=0;CPXPARAM_MIP_Strategy_BBInterval=7;CPXPARAM_MIP_Strategy_Branch=0;CPXPARAM_MIP_Strategy_Dive=0;CPXPARAM_MIP_Strategy_File=1;CPXPARAM_MIP_Strategy_HeuristicFreq=0;CPXPARAM_MIP_Strategy_LBHeur=0;CPXPARAM_MIP_Strategy_NodeSelect=1;CPXPARAM_MIP_Strategy_Order=1;CPXPARAM_MIP_Strategy_PresolveNode=0;CPXPARAM_MIP_Strategy_Probe=0;CPXPARAM_MIP_Strategy_RINSHeur=0;CPXPARAM_MIP_Strategy_StartAlgorithm=0;CPXPARAM_MIP_Strategy_SubAlgorithm=0;CPXPARAM_MIP_Strategy_VariableSelect=0;CPXPARAM_Network_NetFind=2;CPXPARAM_Network_Pricing=0;CPXPARAM_Parallel=1;CPXPARAM_Preprocessing_Aggregator=-1;CPXPARAM_Preprocessing_BoundStrength=-1;CPXPARAM_Preprocessing_CoeffReduce=-1;CPXPARAM_Preprocessing_Dependency=-1;CPXPARAM_Preprocessing_Dual=0;CPXPARAM_Preprocessing_Fill=10;CPXPARAM_Preprocessing_NumPass=-1;CPXPARAM_Preprocessing_Presolve=1;CPXPARAM_Preprocessing_QPMakePSD=1;CPXPARAM_Preprocessing_Reduce=3;CPXPARAM_Preprocessing_Relax=-1;CPXPARAM_Preprocessing_RepeatPresolve=-1;CPXPARAM_Preprocessing_Symmetry=4;CPXPARAM_Read_Scale=0;CPXPARAM_Sifting_Algorithm=0;CPXPARAM_Simplex_Crash=1;CPXPARAM_Simplex_DGradient=0;CPXPARAM_Simplex_Limits_Perturbation=0;CPXPARAM_Simplex_Limits_Singularity=10;CPXPARAM_Simplex_PGradient=0;CPXPARAM_Simplex_Pricing=0;CPXPARAM_Simplex_Refactor=0
2946318269396157936,0,CPXPARAM_Advance=1;CPXPARAM_Barrier_Algorithm=0;CPXPARAM_Barrier_ColNonzeros=0;CPXPARAM_Barrier_Crossover=0;CPXPARAM_Barrier_Limits_Corrections=-1;CPXPARAM_Barrier_Ordering=0;CPXPARAM_Barrier_StartAlg=1;CPXPARAM_Emphasis_MIP=5;CPXPARAM_Emphasis_Memory=0;CPXPARAM_Emphasis_Numerical=0;CPXPARAM_Feasopt_Mode=0;CPXPARAM_LPMethod=0;CPXPARAM_MIP_Cuts_Cliques=0;CPXPARAM_MIP_Cuts_Covers=0;CPXPARAM_MIP_Cuts_Disjunctive=0;CPXPARAM_MIP_Cuts_FlowCovers=1;CPXPARAM_MIP_Cuts_GUBCovers=0;CPXPARAM_MIP_Cuts_Gomory=0;CPXPARAM_MIP_Cuts_Implied=0;CPXPARAM_MIP_Cuts_MIRCut=0;CPXPARAM_MIP_Cuts_PathCut=0;CPXPARAM_MIP_Limits_AggForCut=3;CPXPARAM_MIP_Limits_CutPasses=0;CPXPARAM_MIP_Limits_CutsFactor=-1;CPXPARAM_MIP_Limits_GomoryCand=200;CPXPARAM_MIP_Limits_GomoryPass=0;CPXPARAM_MIP_Limits_Nodes=9223372036800000000;CPXPARAM_MIP_Limits_ProbeTime=1e+75;CPXPARAM_MIP_Limits_RepairTries=0;CPXPARAM_MIP_Limits_StrongCand=10;CPXPARAM_MIP_Limits_StrongIt=0;CPXPARAM_MIP_OrderType=0;CPXPARAM_MIP_Strategy_BBInterval=7;CPXPARAM_MIP_Strategy_Branch=0;CPXPARAM_MIP_Strategy_Dive=0;CPXPARAM_MIP_Strategy_File=1;CPXPARAM_MIP_Strategy_HeuristicFreq=0;CPXPARAM_MIP_Strategy_LBHeur=0;CPXPARAM_MIP_Strategy_NodeSelect=1;CPXPARAM_MIP_Strategy_Order=1;CPXPARAM_MIP_Strategy_PresolveNode=0;CPXPARAM_MIP_Strategy_Probe=0;CPXPARAM_MIP_Strategy_RINSHeur=0;CPXPARAM_MIP_Strategy_StartAlgorithm=0;CPXPARAM_MIP_Strategy_SubAlgorithm=0;CPXPARAM_MIP_Strategy_VariableSelect=0;CPXPARAM_Network_NetFind=2;CPXPARAM_Network_Pricing=0;CPXPARAM_Parallel=1;CPXPARAM_Preprocessing_Aggregator=-1;CPXPARAM_Preprocessing_BoundStrength=-1;CPXPARAM_Preprocessing_CoeffReduce=-1;CPXPARAM_Preprocessing_Dependency=-1;CPXPARAM_Preprocessing_Dual=0;CPXPARAM_Preprocessing_Fill=10;CPXPARAM_Preprocessing_NumPass=-1;CPXPARAM_Preprocessing_Presolve=1;CPXPARAM_Preprocessing_QPMakePSD=1;CPXPARAM_Preprocessing_Reduce=3;CPXPARAM_Preprocessing_Relax=-1;CPXPARAM_Preprocessing_RepeatPresolve=-1;CPXPARAM_Preprocessing_Symmetry=5;CPXPARAM_Read_Scale=0;CPXPARAM_Sifting_Algorithm=0;CPXPARAM_Simplex_Crash=1;CPXPARAM_Simplex_DGradient=0;CPXPARAM_Simplex_Limits_Perturbation=0;CPXPARAM_Simplex_Limits_Singularity=10;CPXPARAM_Simplex_PGradient=0;CPXPARAM_Simplex_Pricing=0;CPXPARAM_Simplex_Refactor=0
6934927577780261159,0,CPXPARAM_Advance=1;CPXPARAM_Barrier_Algorithm=0;CPXPARAM_Barrier_ColNonzeros=0;CPXPARAM_Barrier_Crossover=0;CPXPARAM_Barrier_Limits_Corrections=-1;CPXPARAM_Barrier_Ordering=0;CPXPARAM_Barrier_StartAlg=1;CPXPARAM_Emphasis_MIP=5;CPXPARAM_Emphasis_Memory=0;CPXPARAM_Emphasis_Numerical=0;CPXPARAM_Feasopt_Mode=0;CPXPARAM_LPMethod=0;CPXPARAM_MIP_Cuts_Cliques=0;CPXPARAM_MIP_Cuts_Covers=0;CPXPARAM_MIP_Cuts_Disjunctive=0;CPXPARAM_MIP_Cuts_FlowCovers=1;CPXPARAM_MIP_Cuts_GUBCovers=0;CPXPARAM_MIP_Cuts_Gomory=0;CPXPARAM_MIP_Cuts_Implied=0;CPXPARAM_MIP_Cuts_MIRCut=0;CPXPARAM_MIP_Cuts_PathCut=0;CPXPARAM_MIP_Limits_AggForCut=3;CPXPARAM_MIP_Limits_CutPasses=0;CPXPARAM_MIP_Limits_CutsFactor=-1;CPXPARAM_MIP_Limits_GomoryCand=200;CPXPARAM_MIP_Limits_GomoryPass=0;CPXPARAM_MIP_Limits_Nodes=9223372036800000000;CPXPARAM_MIP_Limits_ProbeTime=1e+75;CPXPARAM_MIP_Limits_RepairTries=0;CPXPARAM_MIP_Limits_StrongCand=10;CPXPARAM_MIP_Limits_StrongIt=0;CPXPARAM_MIP_OrderType=0;CPXPARAM_MIP_Strategy_BBInterval=7;CPXPARAM_MIP_Strategy_Branch=0;CPXPARAM_MIP_Strategy_Dive=0;CPXPARAM_MIP_Strategy_File=1;CPXPARAM_MIP_Strategy_HeuristicFreq=500;CPXPARAM_MIP_Strategy_LBHeur=0;CPXPARAM_MIP_Strategy_NodeSelect=1;CPXPARAM_MIP_Strategy_Order=1;CPXPARAM_MIP_Strategy_PresolveNode=0;CPXPARAM_MIP_Strategy_Probe=0;CPXPARAM_MIP_Strategy_RINSHeur=0;CPXPARAM_MIP_Strategy_StartAlgorithm=0;CPXPARAM_MIP_Strategy_SubAlgorithm=0;CPXPARAM_MIP_Strategy_VariableSelect=0;CPXPARAM_Network_NetFind=2;CPXPARAM_Network_Pricing=0;CPXPARAM_Parallel=1;CPXPARAM_Preprocessing_Aggregator=-1;CPXPARAM_Preprocessing_BoundStrength=-1;CPXPARAM_Preprocessing_CoeffReduce=-1;CPXPARAM_Preprocessing_Dependency=-1;CPXPARAM_Preprocessing_Dual=0;CPXPARAM_Preprocessing_Fill=10;CPXPARAM_Preprocessing_NumPass=-1;CPXPARAM_Preprocessing_Presolve=1;CPXPARAM_Preprocessing_QPMakePSD=1;CPXPARAM_Preprocessing_Reduce=3;CPXPARAM_Preprocessing_Relax=-1;CPXPARAM_Preprocessing_RepeatPresolve=-1;CPXPARAM_Preprocessing_Symmetry=-1;CPXPARAM_Read_Scale=0;CPXPARAM_Sifting_Algorithm=0;CPXPARAM_Simplex_Crash=1;CPXPARAM_Simplex_DGradient=0;CPXPARAM_Simplex_Limits_Perturbation=0;CPXPARAM_Simplex_Limits_Singularity=10;CPXPARAM_Simplex_PGradient=0;CPXPARAM_Simplex_Pricing=0;CPXPARAM_Simplex_Refactor=0
14502169659990802212,0,CPXPARAM_Advance=1;CPXPARAM_Barrier_Algorithm=0;CPXPARAM_Barrier_ColNonzeros=0;CPXPARAM_Barrier_Crossover=0;CPXPARAM_Barrier_Limits_Corrections=-1;CPXPARAM_Barrier_Ordering=0;CPXPARAM_Barrier_StartAlg=1;CPXPARAM_Emphasis_MIP=5;CPXPARAM_Emphasis_Memory=0;CPXPARAM_Emphasis_Numerical=0;CPXPARAM_Feasopt_Mode=0;CPXPARAM_LPMethod=0;CPXPARAM_MIP_Cuts_Cliques=0;CPXPARAM_MIP_Cuts_Covers=0;CPXPARAM_MIP_Cuts_Disjunctive=0;CPXPARAM_MIP_Cuts_FlowCovers=1;CPXPARAM_MIP_Cuts_GUBCovers=1;CPXPARAM_MIP_Cuts_Gomory=0;CPXPARAM_MIP_Cuts_Implied=0;CPXPARAM_MIP_Cuts_MIRCut=0;CPXPARAM_MIP_Cuts_PathCut=0;CPXPARAM_MIP_Limits_AggForCut=3;CPXPARAM_MIP_Limits_CutPasses=0;CPXPARAM_MIP_Limits_CutsFactor=-1;CPXPARAM_MIP_Limits_GomoryCand=200;CPXPARAM_MIP_Limits_GomoryPass=0;CPXPARAM_MIP_Limits_Nodes=9223372036800000000;CPXPARAM_MIP_Limits_ProbeTime=1e+75;CPXPARAM_MIP_Limits_RepairTries=0;CPXPARAM_MIP_Limits_StrongCand=10;CPXPARAM_MIP_Limits_StrongIt=0;CPXPARAM_MIP_OrderType=0;CPXPARAM_MIP_Strategy_BBInterval=7;CPXPARAM_MIP_Strategy_Branch=0;CPXPARAM_MIP_Strategy_Dive=0;CPXPARAM_MIP_Strategy_File=1;CPXPARAM_MIP_Strategy_HeuristicFreq=0;CPXPARAM_MIP_Strategy_LBHeur=0;CPXPARAM_MIP_Strategy_NodeSelect=1;CPXPARAM_MIP_Strategy_Order=1;CPXPARAM_MIP_Strategy_PresolveNode=0;CPXPARAM_MIP_Strategy_Probe=0;CPXPARAM_MIP_Strategy_RINSHeur=0;CPXPARAM_MIP_Strategy_StartAlgorithm=0;CPXPARAM_MIP_Strategy_SubAlgorithm=0;CPXPARAM_MIP_Strategy_VariableSelect=0;CPXPARAM_Network_NetFind=2;CPXPARAM_Network_Pricing=0;CPXPARAM_Parallel=1;CPXPARAM_Preprocessing_Aggregator=-1;CPXPARAM_Preprocessing_BoundStrength=-1;CPXPARAM_Preprocessing_CoeffReduce=-1;CPXPARAM_Preprocessing_Dependency=-1;CPXPARAM_Preprocessing_Dual=0;CPXPARAM_Preprocessing_Fill=10;CPXPARAM_Preprocessing_NumPass=-1;CPXPARAM_Preprocessing_Presolve=1;CPXPARAM_Preprocessing_QPMakePSD=1;CPXPARAM_Preprocessing_Reduce=3;CPXPARAM_Preprocessing_Relax=-1;CPXPARAM_Preprocessing_RepeatPresolve=-1;CPXPARAM_Preprocessing_Symmetry=-1;CPXPARAM_Read_Scale=0;CPXPARAM_Sifting_Algorithm=0;CPXPARAM_Simplex_Crash=1;CPXPARAM_Simplex_DGradient=0;CPXPARAM_Simplex_Limits_Perturbation=0;CPXPARAM_Simplex_Limits_Singularity=10;CPXPARAM_Simplex_PGradient=0;CPXPARAM_Simplex_Pricing=0;CPXPARAM_Simplex_Refactor=0
12808030363972572810,0,CPXPARAM_Advance=1;CPXPARAM_Barrier_Algorithm=0;CPXPARAM_Barrier_ColNonzeros=0;CPXPARAM_Barrier_Crossover=0;CPXPARAM_Barrier_Limits_Corrections=-1;CPXPARAM_Barrier_Ordering=0;CPXPARAM_Barrier_StartAlg=1;CPXPARAM_Emphasis_MIP=5;CPXPARAM_Emphasis_Memory=0;CPXPARAM_Emphasis_Numerical=0;CPXPARAM_Feasopt_Mode=0;CPXPARAM_LPMethod=0;CPXPARAM_MIP_Cuts_Cliques=0;CPXPARAM_MIP_Cuts_Covers=0;CPXPARAM_MIP_Cuts_Disjunctive=0;CPXPARAM_MIP_Cuts_FlowCovers=1;CPXPARAM_MIP_Cuts_GUBCovers=0;CPXPARAM_MIP_Cuts_Gomory=0;CPXPARAM_MIP_Cuts_Implied=0;CPXPARAM_MIP_Cuts_MIRCut=0;CPXPARAM_MIP_Cuts_PathCut=0;CPXPARAM_MIP_Limits_AggForCut=3;CPXPARAM_MIP_Limits_CutPasses=0;CPXPARAM_MIP_Limits_CutsFactor=-1;CPXPARAM_MIP_Limits_GomoryCand=200;CPXPARAM_MIP_Limits_GomoryPass=0;CPXPARAM_MIP_Limits_Nodes=9223372036800000000;CPXPARAM_MIP_Limits_ProbeTime=1e+75;CPXPARAM_MIP_Limits_RepairTries=0;CPXPARAM_MIP_Limits_StrongCand=10;CPXPARAM_MIP_Limits_StrongIt=0;CPXPARAM_MIP_OrderType=0;CPXPARAM_MIP_Strategy_BBInterval=7;CPXPARAM_MIP_Strategy_Branch=0;CPXPARAM_MIP_Strategy_Dive=0;CPXPARAM_MIP_Strategy_File=1;CPXPARAM_MIP_Strategy_HeuristicFreq=0;CPXPARAM_MIP_Strategy_LBHeur=0;CPXPARAM_MIP_Strategy_NodeSelect=1;CPXPARAM_MIP_Strategy_Order=1;CPXPARAM_MIP_Strategy_PresolveNode=0;CPXPARAM_MIP_Strategy_Probe=0;CPXPARAM_MIP_Strategy_RINSHeur=40;CPXPARAM_MIP_Strategy_StartAlgorithm=0;CPXPARAM_MIP_Strategy_SubAlgorithm=0;CPXPARAM_MIP_Strategy_VariableSelect=0;CPXPARAM_Network_NetFind=2;CPXPARAM_Network_Pricing=0;CPXPARAM_Parallel=1;CPXPARAM_Preprocessing_Aggregator=-1;CPXPARAM_Preprocessing_BoundStrength=-1;CPXPARAM_Preprocessing_CoeffReduce=-1;CPXPARAM_Preprocessing_Dependency=-1;CPXPARAM_Preprocessing_Dual=0;CPXPARAM_Preprocessing_Fill=10;CPXPARAM_Preprocessing_NumPass=-1;CPXPARAM_Preprocessing_Presolve=1;CPXPARAM_Preprocessing_QPMakePSD=1;CPXPARAM_Preprocessing_Reduce=3;CPXPARAM_Preprocessing_Relax=-1;CPXPARAM_Preprocessing_RepeatPresolve=-1;CPXPARAM_Preprocessing_Symmetry=-1;CPXPARAM_Read_Scale=0;CPXPARAM_Sifting_Algorithm=0;CPXPARAM_Simplex_Crash=1;CPXPARAM_Simplex_DGradient=0;CPXPARAM_Simplex_Limits_Perturbation=0;CPXPARAM_Simplex_Limits_Singularity=10;CPXPARAM_Simplex_PGradient=0;CPXPARAM_Simplex_Pricing=0;CPXPARAM_Simplex_Refactor=0
1546585511560842267,0,CPXPARAM_Advance=1;CPXPARAM_Barrier_Algorithm=0;CPXPARAM_Barrier_ColNonzeros=0;CPXPARAM_Barrier_Crossover=0;CPXPARAM_Barrier_Limits_Corrections=-1;CPXPARAM_Barrier_Ordering=0;CPXPARAM_Barrier_StartAlg=1;CPXPARAM_Emphasis_MIP=5;CPXPARAM_Emphasis_Memory=0;CPXPARAM_Emphasis_Numerical=0;CPXPARAM_Feasopt_Mode=0;CPXPARAM_LPMethod=0;CPXPARAM_MIP_Cuts_Cliques=0;CPXPARAM_MIP_Cuts_Covers=0;CPXPARAM_MIP_Cuts_Disjunctive=0;CPXPARAM_MIP_Cuts_FlowCovers=1;CPXPARAM_MIP_Cuts_GUBCovers=0;CPXPARAM_MIP_Cuts_Gomory=0;CPXPARAM_MIP_Cuts_Implied=0;CPXPARAM_MIP_Cuts_MIRCut=0;CPXPARAM_MIP_Cuts_PathCut=0;CPXPARAM_MIP_Limits_AggForCut=3;CPXPARAM_MIP_Limits_CutPasses=0;CPXPARAM_MIP_Limits_CutsFactor=-1;CPXPARAM_MIP_Limits_GomoryCand=200;CPXPARAM_MIP_Limits_GomoryPass=0;CPXPARAM_MIP_Limits_Nodes=9223372036800000000;CPXPARAM_MIP_Limits_ProbeTime=1e+75;CPXPARAM_MIP_Limits_RepairTries=0;CPXPARAM_MIP_Limits_StrongCand=10;CPXPARAM_MIP_Limits_StrongIt=0;CPXPARAM_MIP_OrderType=0;CPXPARAM_MIP_Strategy_BBInterval=7;CPXPARAM_MIP_Strategy_Branch=0;CPXPARAM_MIP_Strategy_Dive=0;CPXPARAM_MIP_Strategy_File=1;CPXPARAM_MIP_Strategy_HeuristicFreq=0;CPXPARAM_MIP_Strategy_LBHeur=0;CPXPARAM_MIP_Strategy_NodeSelect=1;CPXPARAM_MIP_Strategy_Order=1;CPXPARAM_MIP_Strategy_PresolveNode=0;CPXPARAM_MIP_Strategy_Probe=0;CPXPARAM_MIP_Strategy_RINSHeur=500;CPXPARAM_MIP_Strategy_StartAlgorithm=0;CPXPARAM_MIP_Strategy_SubAlgorithm=0;CPXPARAM_MIP_Strategy_VariableSelect=0;CPXPARAM_Network_NetFind=2;CPXPARAM_Network_Pricing=0;CPXPARAM_Parallel=1;CPXPARAM_Preprocessing_Aggregator=-1;CPXPARAM_Preprocessing_BoundStrength=-1;CPXPARAM_Preprocessing_CoeffReduce=-1;CPXPARAM_Preprocessing_Dependency=-1;CPXPARAM_Preprocessing_Dual=0;CPXPARAM_Preprocessing_Fill=10;CPXPARAM_Preprocessing_NumPass=-1;CPXPARAM_Preprocessing_Presolve=1;CPXPARAM_Preprocessing_QPMakePSD=1;CPXPARAM_Preprocessing_Reduce=3;CPXPARAM_Preprocessing_Relax=-1;CPXPARAM_Preprocessing_RepeatPresolve=-1;CPXPARAM_Preprocessing_Symmetry=-1;CPXPARAM_Read_Scale=0;CPXPARAM_Sifting_Algorithm=0;CPXPARAM_Simplex_Crash=1;CPXPARAM_Simplex_DGradient=0;CPXPARAM_Simplex_Limits_Perturbation=0;CPXPARAM_Simplex_Limits_Singularity=10;CPXPARAM_Simplex_PGradient=0;CPXPARAM_Simplex_Pricing=0;CPXPARAM_Simplex_Refactor=0
13209943294405220969,0,CPXPARAM_Advance=1;CPXPARAM_Barrier_Algorithm=0;CPXPARAM_Barrier_ColNonzeros=0;CPXPARAM_Barrier_Crossover=0;CPXPARAM_Barrier_Limits_Corrections=-1;CPXPARAM_Barrier_Ordering=0;CPXPARAM_Barrier_StartAlg=1;CPXPARAM_Emphasis_MIP=5;CPXPARAM_Emphasis_Memory=0;CPXPARAM_Emphasis_Numerical=0;CPXPARAM_Feasopt_Mode=0;CPXPARAM_LPMethod=0;CPXPARAM_MIP_Cuts_Cliques=0;CPXPARAM_MIP_Cuts_Covers=0;CPXPARAM_MIP_Cuts_Disjunctive=0;CPXPARAM_MIP_Cuts_FlowCovers=1;CPXPARAM_MIP_Cuts_GUBCovers=0;CPXPARAM_MIP_Cuts_Gomory=0;CPXPARAM_MIP_Cuts_Implied=0;CPXPARAM_MIP_Cuts_MIRCut=0;CPXPARAM_MIP_Cuts_PathCut=0;CPXPARAM_MIP_Limits_AggForCut=3;CPXPARAM_MIP_Limits_CutPasses=0;CPXPARAM_MIP_Limits_CutsFactor=8;CPXPARAM_MIP_Limits_GomoryCand=200;CPXPARAM_MIP_Limits_GomoryPass=0;CPXPARAM_MIP_Limits_Nodes=9223372036800000000;CPXPARAM_MIP_Limits_ProbeTime=1e+75;CPXPARAM_MIP_Limits_RepairTries=0;CPXPARAM_MIP_Limits_StrongCand=10;CPXPARAM_MIP_Limits_StrongIt=0;CPXPARAM_MIP_OrderType=0;CPXPARAM_MIP_Strategy_BBInterval=7;CPXPARAM_MIP_Strategy_Branch=0;CPXPARAM_MIP_Strategy_Dive=0;CPXPARAM_MIP_Strategy_File=1;CPXPARAM_MIP_Strategy_HeuristicFreq=0;CPXPARAM_MIP_Strategy_LBHeur=0;CPXPARAM_MIP_Strategy_NodeSelect=1;CPXPARAM_MIP_Strategy_Order=1;CPXPARAM_MIP_Strategy_PresolveNode=0;CPXPARAM_MIP_Strategy_Probe=0;CPXPARAM_MIP_Strategy_RINSHeur=0;CPXPARAM_MIP_Strategy_StartAlgorithm=0;CPXPARAM_MIP_Strategy_SubAlgorithm=0;CPXPARAM_MIP_Strategy_VariableSelect=0;CPXPARAM_Network_NetFind=2;CPXPARAM_Network_Pricing=0;CPXPARAM_Parallel=1;CPXPARAM_Preprocessing_Aggregator=-1;CPXPARAM_Preprocessing_BoundStrength=-1;CPXPARAM_Preprocessing_CoeffReduce=-1;CPXPARAM_Preprocessing_Dependency=-1;CPXPARAM_Preprocessing_Dual=0;CPXPARAM_Preprocessing_Fill=10;CPXPARAM_Preprocessing_NumPass=-1;CPXPARAM_Preprocessing_Presolve=1;CPXPARAM_Preprocessing_QPMakePSD=1;CPXPARAM_Preprocessing_Reduce=3;CPXPARAM_Preprocessing_Relax=-1;CPXPARAM_Preprocessing_RepeatPresolve=-1;CPXPARAM_Preprocessing_Symmetry=-1;CPXPARAM_Read_Scale=0;CPXPARAM_Sifting_Algorithm=0;CPXPARAM_Simplex_Crash=1;CPXPARAM_Simplex_DGradient=0;CPXPARAM_Simplex_Limits_Perturbation=0;CPXPARAM_Simplex_Limits_Singularity=10;CPXPARAM_Simplex_PGradient=0;CPXPARAM_Simplex_Pricing=0;CPXPARAM_Simplex_Refactor=0
10272970429991974606,0,CPXPARAM_Advance=1;CPXPARAM_Barrier_Algorithm=0;CPXPARAM_Barrier_ColNonzeros=0;CPXPARAM_Barrier_Crossover=0;CPXPARAM_Barrier_Limits_Corrections=-1;CPXPARAM_Barrier_Ordering=0;CPXPARAM_Barrier_StartAlg=1;CPXPARAM_Emphasis_MIP=5;CPXPARAM_Emphasis_Memory=0;CPXPARAM_Emphasis_Numerical=0;CPXPARAM_Feasopt_Mode=0;CPXPARAM_LPMethod=0;CPXPARAM_MIP_Cuts_Cliques=0;CPXPARAM_MIP_Cuts_Covers=0;CPXPARAM_MIP_Cuts_Disjunctive=0;CPXPARAM_MIP_Cuts_FlowCovers=1;CPXPARAM_MIP_Cuts_GUBCovers=0;CPXPARAM_MIP_Cuts_Gomory=0;CPXPARAM_MIP_Cuts_Implied=0;CPXPARAM_MIP_Cuts_MIRCut=0;CPXPARAM_MIP_Cuts_PathCut=0;CPXPARAM_MIP_Limits_AggForCut=3;CPXPARAM_MIP_Limits_CutPasses=0;CPXPARAM_MIP_Limits_CutsFactor=-1;CPXPARAM_MIP_Limits_GomoryCand=200;CPXPARAM_MIP_Limits_GomoryPass=0;CPXPARAM_MIP_Limits_Nodes=9223372036800000000;CPXPARAM_MIP_Limits_ProbeTime=1e+75;CPXPARAM_MIP_Limits_RepairTries=0;CPXPARAM_MIP_Limits_StrongCand=10;CPXPARAM_MIP_Limits_StrongIt=0;CPXPARAM_MIP_OrderType=0;CPXPARAM_MIP_Strategy_BBInterval=7;CPXPARAM_MIP_Strategy_Branch=0;CPXPARAM_MIP_Strategy_Dive=0;CPXPARAM_MIP_Strategy_File=1;CPXPARAM_MIP_Strategy_HeuristicFreq=1000;CPXPARAM_MIP_Strategy_LBHeur=0;CPXPARAM_MIP_Strategy_NodeSelect=1;CPXPARAM_MIP_Strategy_Order=1;CPXPARAM_MIP_Strategy_PresolveNode=0;CPXPARAM_MIP_Strategy_Probe=0;CPXPARAM_MIP_Strategy_RINSHeur=0;CPXPARAM_MIP_Strategy_StartAlgorithm=0;CPXPARAM_MIP_Strategy_SubAlgorithm=0;CPXPARAM_MIP_Strategy_VariableSelect=0;CPXPARAM_Network_NetFind=2;CPXPARAM_Network_Pricing=0;CPXPARAM_Parallel=1;CPXPARAM_Preprocessing_Aggregator=-1;CPXPARAM_Preprocessing_BoundStrength=-1;CPXPARAM_Preprocessing_CoeffReduce=-1;CPXPARAM_Preprocessing_Dependency=-1;CPXPARAM_Preprocessing_Dual=0;CPXPARAM_Preprocessing_Fill=10;CPXPARAM_Preprocessing_NumPass=-1;CPXPARAM_Preprocessing_Presolve=1;CPXPARAM_Preprocessing_QPMakePSD=1;CPXPARAM_Preprocessing_Reduce=3;CPXPARAM_Preprocessing_Relax=-1;CPXPARAM_Preprocessing_RepeatPresolve=-1;CPXPARAM_Preprocessing_Symmetry=-1;CPXPARAM_Read_Scale=0;CPXPARAM_Sifting_Algorithm=0;CPXPARAM_Simplex_Crash=1;CPXPARAM_Simplex_DGradient=0;CPXPARAM_Simplex_Limits_Perturbation=0;CPXPARAM_Simplex_Limits_Singularity=10;CPXPARAM_Simplex_PGradient=0;CPXPARAM_Simplex_Pricing=0;CPXPARAM_Simplex_Refactor=0
